120 -19 5.0530001729320382e+01
114 -18 2.3944887731785229e+02
116 -18 3.8114779677522038e+03
118 -18 9.6467894798939210e+02
120 -18 3.0258155468777491e+04
108 -17 4.2466116474827862e+02
110 -17 1.9702824228380283e+04
112 -17 1.1426921937449709e+05
114 -17 2.8436046144755761e+05
116 -17 9.6296503956476459e+05
118 -17 4.3042714441635471e+05
120 -17 1.5913974884583242e+06
102 -16 3.3821169406114484e+02
104 -16 3.9806227772153303e+04
106 -16 5.5422170983526029e+05
108 -16 2.5589605648027305e+06
110 -16 8.1476309968871679e+06
112 -16 1.7559742583149884e+07
114 -16 2.6241953961876929e+07
116 -16 4.0602349282598391e+07
118 -16 2.2591881277933117e+07
120 -16 3.6867035738956548e+07
96 -15 9.5487476936768772e+01
98 -15 3.9770182385170410e+04
100 -15 1.2415149352620821e+06
102 -15 9.7652997121173963e+06
104 -15 4.2679823096810147e+07
106 -15 1.2613344332130457e+08
108 -15 2.8557538175246567e+08
110 -15 5.0969329079646748e+08
112 -15 7.4918384314400852e+08
114 -15 8.8070410495882535e+08
116 -15 9.9245470066635585e+08
118 -15 5.6633782044883728e+08
120 -15 6.2925124928758657e+08
92 -14 1.8885413745804060e+04
94 -14 1.4286788661081207e+06
96 -14 1.9969298334076449e+07
98 -14 1.2442459604174241e+08
100 -14 5.0186288887882209e+08
102 -14 1.4868190139633121e+09
104 -14 3.4941498808715320e+09
106 -14 6.7165178688229265e+09
108 -14 1.1109193087577332e+10
110 -14 1.5758286427219885e+10
112 -14 1.9264379073617115e+10
114 -14 1.9846612066365200e+10
116 -14 1.8519445585758762e+10
118 -14 1.0505005053721189e+10
120 -14 8.6120379063660583e+09
86 -13 3.5237315305574139e+03
88 -13 7.9832537819171022e+05
90 -13 2.2115820008944545e+07
92 -13 2.1588129340786636e+08
94 -13 1.1992891713108406e+09
96 -13 4.6575238419952326e+09
98 -13 1.3972339966368856e+10
100 -13 3.4200100635557781e+10
102 -13 7.1135471965155472e+10
104 -13 1.2839757272648904e+11
106 -13 2.0338804614341373e+11
108 -13 2.8483323217575250e+11
110 -13 3.5025301534768231e+11
112 -13 3.7644436409624695e+11
114 -13 3.4901286186204041e+11
116 -13 2.8307951311086450e+11
118 -13 1.5532006821722424e+11
120 -13 1.0107052253986305e+11
82 -12 1.9525843569658918e+05
84 -12 1.2573738732407885e+07
86 -12 2.1947378583075494e+08
88 -12 1.7838888104142594e+09
90 -12 9.3231360228285999e+09
92 -12 3.5695654644261276e+10
94 -12 1.0950410636086009e+11
96 -12 2.8016954866517224e+11
98 -12 6.2058943727006775e+11
100 -12 1.2106294825430454e+12
102 -12 2.1004369075722483e+12
104 -12 3.2668937139877217e+12
106 -12 4.5285662743928633e+12
108 -12 5.6546056539206514e+12
110 -12 6.2521643785471836e+12
112 -12 6.0948497994079961e+12
114 -12 5.1492651588358555e+12
116 -12 3.7441910417164810e+12
118 -12 1.9547716500368235e+12
120 -12 1.0480964461563303e+12
76 -11 1.4537930923319253e+04
78 -11 3.2512905702756494e+06
80 -11 1.2260882444573908e+08
82 -11 1.6525238040548992e+09
84 -11 1.2156077387115702e+10
86 -11 6.1017359103226944e+10
88 -11 2.3386884622714883e+11
90 -11 7.3630981964421472e+11
92 -11 1.9682770990832339e+12
94 -11 4.6072342123307598e+12
96 -11 9.5917392267024961e+12
98 -11 1.8062044492886773e+13
100 -11 3.0536537610084387e+13
102 -11 4.6954611823055023e+13
104 -11 6.5392611889142695e+13
106 -11 8.2271145252954188e+13
108 -11 9.3546846408753016e+13
110 -11 9.5075839716596094e+13
112 -11 8.5137696214705266e+13
114 -11 6.6437850795667156e+13
116 -11 4.4015902893750688e+13
118 -11 2.1747896020557855e+13
120 -11 9.8347606860455586e+12
72 -10 2.8776153933529835e+05
74 -10 3.3016374081625581e+07
76 -10 8.9335701261354148e+08
78 -10 1.0191730240502148e+10
80 -10 6.9605991665575882e+10
82 -10 3.4254721744715613e+11
84 -10 1.3300912308773303e+12
86 -10 4.3044323659061826e+12
88 -10 1.1964556821943939e+13
90 -10 2.9612355383800383e+13
92 -10 6.5626787533909672e+13
94 -10 1.3152106981142683e+14
96 -10 2.4043368502967297e+14
98 -10 4.0206116634363212e+14
100 -10 6.1431815709647550e+14
102 -10 8.5940295656039412e+14
104 -10 1.0996290511994938e+15
106 -10 1.2761848143513052e+15
108 -10 1.3426078927356322e+15
110 -10 1.2667469319095925e+15
112 -10 1.0544468921211979e+15
114 -10 7.6610085939768212e+14
116 -10 4.6808966480770931e+14
118 -10 2.1721148238873125e+14
120 -10 8.4833101983192781e+13
66 -9 2.8515107851994344e+03
68 -9 3.2906645189122758e+06
70 -9 2.4486794917337537e+08
72 -9 5.1195795040537405e+09
74 -9 5.1792868312904938e+10
76 -9 3.3805503329879132e+11
78 -9 1.6524375076174148e+12
80 -9 6.4803702480153418e+12
82 -9 2.1622484489084926e+13
84 -9 6.3055431570939500e+13
86 -9 1.6395875565847619e+14
88 -9 3.8561181780280050e+14
90 -9 8.2529880768055450e+14
92 -9 1.6222111214123012e+15
94 -9 2.9144441169125000e+15
96 -9 4.8623802875104460e+15
98 -9 7.4347432206187740e+15
100 -9 1.0503273620311330e+16
102 -9 1.3590687552293638e+16
104 -9 1.6204268058458880e+16
106 -9 1.7531909526258424e+16
108 -9 1.7281588289399600e+16
110 -9 1.5233372364544670e+16
112 -9 1.1891578292196728e+16
114 -9 8.0482695361708720e+15
116 -9 4.5725971020008180e+15
118 -9 1.9940139720210135e+15
120 -9 6.7875990441907550e+14
62 -8 6.4687866463546146e+04
64 -8 2.7513439591458894e+07
66 -8 1.3960959521570299e+09
68 -8 2.3884138833631321e+10
70 -8 2.2034530267597244e+11
72 -8 1.3937045002396743e+12
74 -8 6.7680797606510068e+12
76 -8 2.7126148953419953e+13
78 -8 9.3532418818576938e+13
80 -8 2.8476169392066331e+14
82 -8 7.8052527397885488e+14
84 -8 1.9438659848650425e+15
86 -8 4.4380932401946510e+15
88 -8 9.3207261786437160e+15
90 -8 1.8094126153659244e+16
92 -8 3.2536947319076248e+16
94 -8 5.4137291096947808e+16
96 -8 8.3362602960854096e+16
98 -8 1.1896655328194083e+17
100 -8 1.5688232666834307e+17
102 -8 1.9092528171273414e+17
104 -8 2.1370630340739725e+17
106 -8 2.1805042090120547e+17
108 -8 2.0204054472424947e+17
110 -8 1.6770925942924755e+17
112 -8 1.2312072326105493e+17
114 -8 7.8208133514027872e+16
116 -8 4.1559080734699920e+16
118 -8 1.6958716780161604e+16
120 -8 5.0849494750738990e+15
58 -7 7.5990666029738553e+05
60 -7 1.6562297166547439e+08
62 -7 6.1116391175970278e+09
64 -7 8.8875208863811844e+10
66 -7 7.6033600873199109e+11
68 -7 4.7098895159566963e+12
70 -7 2.3069344701926363e+13
72 -7 9.5056880377329188e+13
74 -7 3.4017760708653794e+14
76 -7 1.0858009169856260e+15
78 -7 3.1435876089433910e+15
80 -7 8.3264345521389660e+15
82 -7 2.0274571120734896e+16
84 -7 4.5671703716905040e+16
86 -7 9.5175066129571168e+16
88 -7 1.8438909267626048e+17
90 -7 3.3181838696770675e+17
92 -7 5.5722088601635334e+17
94 -7 8.6833738007892762e+17
96 -7 1.2568668742120374e+18
98 -7 1.6935531203465359e+18
100 -7 2.1117705739935716e+18
102 -7 2.4293036692714926e+18
104 -7 2.5702079730828652e+18
106 -7 2.4848571818399642e+18
108 -7 2.1740483347507149e+18
110 -7 1.7080503625116933e+18
112 -7 1.1857886581878810e+18
114 -7 7.0942404632472230e+17
116 -7 3.5344486180414522e+17
118 -7 1.3476791658879493e+17
120 -7 3.6093675139856984e+16
54 -6 5.8401176630180273e+06
56 -6 7.2024789673026574e+08
58 -6 2.0078622960304253e+10
60 -6 2.5610802237364316e+11
62 -6 2.1038962188196709e+12
64 -6 1.2863339610459971e+13
66 -6 6.3958337295116602e+13
68 -6 2.7095902283399856e+14
70 -6 1.0137595238561959e+15
72 -6 3.4250046548428320e+15
74 -6 1.0510156365731626e+16
76 -6 2.9683172912224312e+16
78 -6 7.7255347502435216e+16
80 -6 1.8638703175598838e+17
82 -6 4.1901374156095693e+17
84 -6 8.7631779896726464e+17
86 -6 1.7096633156288026e+18
88 -6 3.1173954401505500e+18
90 -6 5.2903029934113362e+18
92 -6 8.3908097534895831e+18
94 -6 1.2422812177988891e+19
96 -6 1.7086276462804607e+19
98 -6 2.1856968624495923e+19
100 -6 2.5901212457713623e+19
102 -6 2.8356920580028465e+19
104 -6 2.8505862867089002e+19
106 -6 2.6186018288135094e+19
108 -6 2.1806311986585174e+19
110 -6 1.6260345056282231e+19
112 -6 1.0687877298533439e+19
114 -6 6.0400335444154931e+18
116 -6 2.8205156555146522e+18
118 -6 1.0101576762102546e+18
120 -6 2.4303822306094480e+17
48 -5 9.2562028536168255e+03
50 -5 2.8319073726753294e+07
52 -5 2.1705440557235093e+09
54 -5 4.8270008399479172e+10
56 -5 5.6176800754124133e+11
58 -5 4.4673946154249756e+12
60 -5 2.7266837598135359e+13
62 -5 1.3894138636335688e+14
64 -5 6.1358170707469075e+14
66 -5 2.4175222351421095e+15
68 -5 8.6383392626379250e+15
70 -5 2.8359657271899736e+16
72 -5 8.5617333363668576e+16
74 -5 2.4005545604997734e+17
76 -5 6.2410821141570957e+17
78 -5 1.5158770438151764e+18
80 -5 3.4362473918059264e+18
82 -5 7.2751690154174024e+18
84 -5 1.4405218234524094e+19
86 -5 2.6688737845392282e+19
88 -5 4.6317843182748991e+19
90 -5 7.5001831707755987e+19
92 -5 1.1370884094528856e+20
94 -5 1.6043553241196043e+20
96 -5 2.1094087773114375e+20
98 -5 2.5766783102870585e+20
100 -5 2.9250067217166077e+20
102 -5 3.0592554565313456e+20
104 -5 2.9381868386792908e+20
106 -5 2.5775613626141068e+20
108 -5 2.0450526722289598e+20
110 -5 1.4510556501321772e+20
112 -5 9.0574038650494763e+19
114 -5 4.8487688675974889e+19
116 -5 2.1344695001104585e+19
118 -5 7.1395005145245880e+18
120 -5 1.5561251695413082e+18
44 -4 1.2637132037945458e+05
46 -4 8.3664219397957191e+07
48 -4 4.4114221898875923e+09
50 -4 8.2942711956395020e+10
52 -4 9.0177394331688330e+11
54 -4 6.9929505140719863e+12
56 -4 4.3291503316971234e+13
58 -4 2.2803827844173481e+14
60 -4 1.0532189773799391e+15
62 -4 4.4001632437465335e+15
64 -4 1.6842588965737702e+16
66 -4 5.9237018039678400e+16
68 -4 1.9334335907625062e+17
70 -4 5.8745900949799360e+17
72 -4 1.6589632443201167e+18
74 -4 4.3778176962463688e+18
76 -4 1.0790932200534624e+19
78 -4 2.4931156677434823e+19
80 -4 5.4020452442755080e+19
82 -4 1.0939648506736737e+20
84 -4 2.0809520153447137e+20
86 -4 3.7027748514388070e+20
88 -4 6.1613485470770633e+20
90 -4 9.5987515543900363e+20
92 -4 1.3943243718224259e+21
94 -4 1.8963537293605507e+21
96 -4 2.3952848479149857e+21
98 -4 2.8175620537860552e+21
100 -4 3.0636830167365588e+21
102 -4 3.0748884252862358e+21
104 -4 2.8279693431092910e+21
106 -4 2.3764991391191794e+21
108 -4 1.8030318222173840e+21
110 -4 1.2222902449379926e+21
112 -4 7.2529483264091829e+20
114 -4 3.6800990517877539e+20
116 -4 1.5296163731983696e+20
118 -4 4.7895536673330790e+19
120 -4 9.5097197701704929e+18
40 -3 5.5555286550310359e+05
42 -3 1.5093965510131982e+08
44 -3 5.9367719770165749e+09
46 -3 9.8185551590196793e+10
48 -3 1.0118920084715013e+12
50 -3 7.7778964237948369e+12
52 -3 4.9088166199537234e+13
54 -3 2.6826754077424422e+14
56 -3 1.3174488096691910e+15
58 -3 5.9016366170490630e+15
60 -3 2.4291312302786512e+16
62 -3 9.2718221835355664e+16
64 -3 3.2885466558064346e+17
66 -3 1.0875291237306312e+18
68 -3 3.3664572163364198e+18
70 -3 9.7399649077473423e+18
72 -3 2.6369606994333213e+19
74 -3 6.6958448452117135e+19
76 -3 1.5921275203628509e+20
78 -3 3.5501462895920330e+20
80 -3 7.4225931993845098e+20
82 -3 1.4555028974668224e+21
84 -3 2.6757786467252631e+21
86 -3 4.6037562347528205e+21
88 -3 7.4189267177474905e+21
90 -3 1.1164499584942556e+22
92 -3 1.5722981935026669e+22
94 -3 2.0609461308667592e+22
96 -3 2.5159698173949163e+22
98 -3 2.8546504899627909e+22
100 -3 2.9961913060260556e+22
102 -3 2.8944391754748220e+22
104 -3 2.5616465864949798e+22
106 -3 2.0607112316156591e+22
108 -3 1.4991153372949582e+22
110 -3 9.7162060049577044e+21
112 -3 5.4999500582782406e+21
114 -3 2.6492694139620095e+21
116 -3 1.0405037702772927e+21
118 -3 3.0622467195005698e+20
120 -3 5.5500917791474287e+19
36 -2 1.0960079496392554e+06
38 -2 1.6379051875487274e+08
40 -2 5.0804717120013733e+09
42 -2 7.6004282186260162e+10
44 -2 7.5375215196601758e+11
46 -2 5.7821964163671846e+12
48 -2 3.7620033469606898e+13
50 -2 2.1651081990697144e+14
52 -2 1.1373340140852655e+15
54 -2 5.5006805802214330e+15
56 -2 2.4655673000358536e+16
58 -2 1.0307064106461850e+17
60 -2 4.0096617561509082e+17
62 -2 1.4594461146093489e+18
64 -2 4.9929336119100396e+18
66 -2 1.5946110399879027e+19
68 -2 4.7829907897365504e+19
70 -2 1.3451792768813710e+20
72 -2 3.5376308908991264e+20
74 -2 8.7567074857131508e+20
76 -2 2.0361317217504264e+21
78 -2 4.4303099779357013e+21
80 -2 9.0380956950880605e+21
82 -2 1.7273285928874959e+22
84 -2 3.0988586122710658e+22
86 -2 5.1932532940394407e+22
88 -2 8.1313431393664235e+22
90 -2 1.1948800363710972e+23
92 -2 1.6288437078185700e+23
94 -2 2.0755552808752656e+23
96 -2 2.4572753813701353e+23
98 -2 2.6952070345230582e+23
100 -2 2.7373628548584239e+23
102 -2 2.5521972523352458e+23
104 -2 2.1764759010110254e+23
106 -2 1.6894480546288232e+23
108 -2 1.1769189370262916e+23
110 -2 7.3067080240836637e+22
112 -2 3.9515007099765162e+22
114 -2 1.8132839597309130e+22
116 -2 6.7481492210846123e+21
118 -2 1.8644881374147867e+21
120 -2 3.1107192780392242e+20
32 -1 1.0866477937516337e+06
34 -1 1.0186210585073632e+08
36 -1 2.6061708249461675e+09
38 -1 3.5823789215997978e+10
40 -1 3.4511933020925183e+11
42 -1 2.6635459233444971e+12
44 -1 1.7988560268314199e+13
46 -1 1.1051785114316850e+14
48 -1 6.2875326918366912e+14
50 -1 3.3358675654560450e+15
52 -1 1.6443753560528316e+16
54 -1 7.6063641761029600e+16
56 -1 3.2855399630809318e+17
58 -1 1.3332644950058522e+18
60 -1 5.0720410795572081e+18
62 -1 1.8123962995292522e+19
64 -1 6.0973072601960587e+19
66 -1 1.9192986728439359e+20
68 -1 5.6718171572430530e+20
70 -1 1.5727396708375735e+21
72 -1 4.0949276787744640e+21
74 -1 9.9835829664178850e+21
76 -1 2.2822714089831418e+22
78 -1 4.8971583343923107e+22
80 -1 9.8310337816422286e+22
82 -1 1.8464661556788500e+23
84 -1 3.2507660837695481e+23
86 -1 5.3373679579589034e+23
88 -1 8.1921683283927091e+23
90 -1 1.1750451984481303e+24
92 -1 1.5643257686585240e+24
94 -1 1.9420133411798494e+24
96 -1 2.2313261788846696e+24
98 -1 2.3837036473699167e+24
100 -1 2.3418705277743856e+24
102 -1 2.1136336246014543e+24
104 -1 1.7439319991878000e+24
106 -1 1.3029989136100251e+24
108 -1 8.7419197083912652e+23
110 -1 5.2046464794544840e+23
112 -1 2.6937794183246301e+23
114 -1 1.1763310281277487e+23
116 -1 4.1559213760818096e+22
118 -1 1.0836723075960652e+22
120 -1 1.6674761142408006e+21
28 0 5.0821149723329814e+05
30 0 3.2428145081450570e+07
32 0 7.0993110328180432e+08
34 0 9.0680123339377136e+09
36 0 8.5061074389505096e+10
38 0 6.6777770632086292e+11
40 0 4.7849958900598643e+12
42 0 3.2207810252628961e+13
44 0 2.0336102165279256e+14
46 0 1.1985713852810618e+15
48 0 6.6156281787656290e+15
50 0 3.4202719637082576e+16
52 0 1.6654489133891456e+17
54 0 7.6274726637343155e+17
56 0 3.2837079594951045e+18
58 0 1.3294694307454194e+19
60 0 5.0607906361298231e+19
62 0 1.8111715696463282e+20
64 0 6.0921387772765602e+20
66 0 1.9185948667412889e+21
68 0 5.6801144806987866e+21
70 0 1.5739609818080332e+22
72 0 4.0885242842658762e+22
74 0 9.9310467471850693e+22
76 0 2.2635849027626147e+23
78 0 4.8214885397145328e+23
80 0 9.5969024905867150e+23
82 0 1.7796119760385002e+24
84 0 3.0892194362105184e+24
86 0 5.0074491352877716e+24
88 0 7.5552154553203874e+24
90 0 1.0603802478157360e+25
92 0 1.3860455329643458e+25
94 0 1.6823488000503386e+25
96 0 1.8911041706037131e+25
98 0 1.9627102639360729e+25
100 0 1.8749739388212044e+25
102 0 1.6429088816173691e+25
104 0 1.3116644656605088e+25
106 0 9.4786469420288490e+24
108 0 6.1400232804040102e+24
110 0 3.5120770632439873e+24
112 0 1.7405059554299260e+24
114 0 7.2718894630352501e+23
116 0 2.4356347908664798e+23
118 0 5.9909788198240810e+22
120 0 8.5612825708708233e+21
22 1 1.7963639774258473e+02
24 1 8.4925010411737458e+04
26 1 4.0926604377785791e+06
28 1 7.7452756829086855e+07
30 1 9.1220136990036583e+08
32 1 8.4032708257232513e+09
34 1 7.0480358097940277e+10
36 1 5.7999726266887634e+11
38 1 4.5375176289988086e+12
40 1 3.3176996845566230e+13
42 1 2.2318250374056019e+14
44 1 1.4102695808364172e+15
46 1 8.3540406240929990e+15
48 1 4.6616935908551952e+16
50 1 2.4558803932562634e+17
52 1 1.2152228740114570e+18
54 1 5.6685555150348759e+18
56 1 2.4871271536759304e+19
58 1 1.0308078020637801e+20
60 1 4.0052214636837654e+20
62 1 1.4624424538424119e+21
64 1 4.9969138417815257e+21
66 1 1.6033619664649213e+22
68 1 4.7945558305195038e+22
70 1 1.3468913690195509e+23
72 1 3.5234756832709704e+23
74 1 8.6372612035963895e+23
76 1 1.9697853737031815e+24
78 1 4.1995036078479257e+24
80 1 8.3457508189054362e+24
82 1 1.5434371574974780e+25
84 1 2.6584379745100895e+25
86 1 4.2644804475055981e+25
88 1 6.3683236334404350e+25
90 1 8.8298895616010260e+25
92 1 1.1338224958156314e+26
94 1 1.3491068981405258e+26
96 1 1.4822906167391490e+26
98 1 1.5056752069205389e+26
100 1 1.4031952323977968e+26
102 1 1.1958029006854137e+26
104 1 9.2685579915545250e+25
106 1 6.4933944737504924e+25
108 1 4.0614441992789815e+25
110 1 2.2361643098541405e+25
112 1 1.0649396343161807e+25
114 1 4.2560105062816479e+24
116 1 1.3591419111949770e+24
118 1 3.1560835989509825e+23
120 1 4.1906190800095694e+22
26 2 1.0363411661313160e+05
28 2 2.6469428733116165e+07
30 2 1.0098778468857247e+09
32 2 1.7852421684694523e+10
34 2 2.1140061631585913e+11
36 2 1.9831398360877671e+12
38 2 1.6358759654928795e+13
40 2 1.2552413881847659e+14
42 2 8.9817991354251525e+14
44 2 5.9852221035648150e+15
46 2 3.7572894604557784e+16
48 2 2.2115309870993254e+17
50 2 1.2164234845914463e+18
52 2 6.3350969551722598e+18
54 2 3.0947170873537565e+19
56 2 1.4193158429701820e+20
58 2 6.1247730255588059e+20
60 2 2.4745997288314739e+21
62 2 9.3871227329667955e+21
64 2 3.3195864990456239e+22
66 2 1.0978357328257762e+23
68 2 3.3886558031834315e+23
70 2 9.7291025440251236e+23
72 2 2.6010806847066151e+24
74 2 6.4779607033170200e+24
76 2 1.4973767378635592e+25
78 2 3.2264221719556563e+25
80 2 6.4410059375881148e+25
82 2 1.1955297269035414e+26
84 2 2.0591158916319767e+26
86 2 3.2920020363596289e+26
88 2 4.8785587557116665e+26
90 2 6.6983138944496421e+26
92 2 8.5078211342044914e+26
94 2 9.9744223138034889e+26
96 2 1.0785926425647644e+27
98 2 1.0722231109331027e+27
100 2 9.7792637911390834e+26
102 2 8.1249226071731290e+26
104 2 6.1351826254852408e+26
106 2 4.1676261803122235e+26
108 2 2.5237192669677043e+26
110 2 1.3432451243939899e+26
112 2 6.1579805997435136e+25
114 2 2.3616789517904495e+25
116 2 7.1827545411749022e+24
118 2 1.5830208869719158e+24
120 2 1.9667905796103861e+23
30 3 2.7059838620050065e+07
32 3 3.6934644380082493e+09
34 3 1.2041324319295174e+11
36 3 2.0217563197880400e+12
38 3 2.3935564317048898e+13
40 3 2.3010073822858212e+14
42 3 1.9246583908337620e+15
44 3 1.4660265220726588e+16
46 3 1.0262967259442038e+17
48 3 6.6538786616011955e+17
50 3 4.0259636504753915e+18
52 3 2.2675425556998169e+19
54 3 1.1945584349143613e+20
56 3 5.8693320259421772e+20
58 3 2.6976369781131706e+21
60 3 1.1599656184280940e+22
62 3 4.6588385756458909e+22
64 3 1.7405182125232513e+23
66 3 6.0364069850131325e+23
68 3 1.9470155684869443e+24
70 3 5.8229567135551481e+24
72 3 1.6119279859204276e+25
74 3 4.1368319834713475e+25
76 3 9.8203829580441653e+25
78 3 2.1567746492487500e+26
80 3 4.3770426429757803e+26
82 3 8.1989307071795696e+26
84 3 1.4221044812724893e+27
86 3 2.2794543531800152e+27
88 3 3.3752564169732403e+27
90 3 4.6149568001387680e+27
92 3 5.8210134183937047e+27
94 3 6.7568653824821217e+27
96 3 7.2149045322173082e+27
98 3 7.0556559818512315e+27
100 3 6.3171508964587961e+27
102 3 5.1433835864492338e+27
104 3 3.7891064406905870e+27
106 3 2.5045291921616272e+27
108 3 1.4721345875275914e+27
110 3 7.5870609262284134e+26
112 3 3.3554029097942835e+26
114 3 1.2361084245170107e+26
116 3 3.6038510611399928e+25
118 3 7.5326476490196631e+24
120 3 8.7868571367535723e+23
34 4 3.4718188533130503e+09
36 4 3.2711643211919543e+11
38 4 9.2241656658148203e+12
40 4 1.4972163629766850e+14
42 4 1.7794951266022430e+15
44 4 1.7433944454939884e+16
46 4 1.4853178104040979e+17
48 4 1.1380312938822336e+18
50 4 7.9651593938099702e+18
52 4 5.1188491125056086e+19
54 4 3.0249739517540460e+20
56 4 1.6595528305206168e+21
58 4 8.3958020344565989e+21
60 4 3.9496016893204199e+22
62 4 1.7188453182254754e+23
64 4 6.9257666747674804e+23
66 4 2.5814777849704778e+24
68 4 8.8537532200030364e+24
70 4 2.8071529616668964e+25
72 4 8.1884525115730441e+25
74 4 2.1994375687922079e+26
76 4 5.4237148149388106e+26
78 4 1.2300572834452430e+27
80 4 2.5666668650369319e+27
82 4 4.9148946407875060e+27
84 4 8.6606484747044911e+27
86 4 1.4045688722598293e+28
88 4 2.0943447531373435e+28
90 4 2.8701008722405458e+28
92 4 3.6106578175140170e+28
94 4 4.1718887640142992e+28
96 4 4.4179513709411431e+28
98 4 4.2729294589370501e+28
100 4 3.7651012077145643e+28
102 4 3.0076769408865536e+28
104 4 2.1693531819039496e+28
106 4 1.4025317376259709e+28
108 4 8.0340906865316002e+27
110 4 4.0190778495124896e+27
112 4 1.7200962595217083e+27
114 4 6.1073236226160915e+26
116 4 1.7064746203905488e+26
118 4 3.3988792518816859e+25
120 4 3.7352476022123102e+24
38 5 3.0757605485634875e+11
40 5 2.0273777078796457e+13
42 5 5.1724674396896175e+14
44 5 8.1576499711142010e+15
46 5 9.7542212851953488e+16
48 5 9.6617520114513856e+17
50 5 8.3954486605724590e+18
52 5 6.5209470765931831e+19
54 5 4.5718646145817307e+20
56 5 2.9214665402313385e+21
58 5 1.7028904566943035e+22
60 5 9.0750981817090905e+22
62 5 4.4323788142676168e+23
64 5 1.9857681635790416e+24
66 5 8.1404025003041848e+24
68 5 3.0574957417094609e+25
70 5 1.0500193979002969e+26
72 5 3.2973879755313661e+26
74 5 9.4296961081706405e+26
76 5 2.4629276993313383e+27
78 5 5.8641489788142379e+27
80 5 1.2749105406899234e+28
82 5 2.5280795362904422e+28
84 5 4.5783854877051759e+28
86 5 7.5747351733851781e+28
88 5 1.1462189598550485e+29
90 5 1.5882870176266555e+29
92 5 2.0112729412445577e+29
94 5 2.3257491277060086e+29
96 5 2.4548477117311411e+29
98 5 2.3569406393562049e+29
100 5 2.0573097839198232e+29
102 5 1.6223515052507617e+29
104 5 1.1513622235622912e+29
106 5 7.2895240742451325e+28
108 5 4.0824611635159714e+28
110 5 1.9868479359167054e+28
112 5 8.2662426991112064e+27
114 5 2.8325195292546060e+27
116 5 7.6151427563573786e+26
118 5 1.4507289881458618e+26
120 5 1.5086152520291386e+25
40 6 3.7102981605701340e+10
42 6 1.8775305804592008e+13
44 6 9.6810937837646462e+14
46 6 2.2600255161856520e+16
48 6 3.4878754601154368e+17
50 6 4.1712666804835476e+18
52 6 4.2146545361581097e+19
54 6 3.7092250770986494e+20
56 6 2.9092695031540304e+21
58 6 2.0426047875532081e+22
60 6 1.2948162792401457e+23
62 6 7.3991422619191427e+23
64 6 3.8323435572458790e+24
66 6 1.7909235956619196e+25
68 6 7.5766914408084608e+25
70 6 2.9038446960328031e+26
72 6 1.0041278129045229e+27
74 6 3.1437658814298673e+27
76 6 8.8868863487708408e+27
78 6 2.2647588559098280e+28
80 6 5.2262348592007776e+28
82 6 1.0900875349467990e+29
84 6 2.0578431826647338e+29
86 6 3.5265328194874588e+29
88 6 5.4775047210847700e+29
90 6 7.7378570907228464e+29
92 6 9.9311304720942631e+29
94 6 1.1587434251486405e+30
96 6 1.2268146994515914e+30
98 6 1.1784975754168837e+30
100 6 1.0232082476417666e+30
102 6 7.9961627410653340e+29
104 6 5.6109235344558705e+29
106 6 3.4959814201441422e+29
108 6 1.9183205785790135e+29
110 6 9.1379235584158954e+28
112 6 3.7026828943190527e+28
114 6 1.2313251653261263e+28
116 6 3.1944436486057227e+27
118 6 5.8296294206776525e+26
120 6 5.7705961114409209e+25
44 7 4.3604192218818770e+12
46 7 8.7030145568656150e+14
48 7 3.6959328577576672e+16
50 7 8.0912547377463987e+17
52 7 1.2160785284901753e+19
54 7 1.4717423695930904e+20
56 7 1.4975425379257937e+21
58 7 1.3368253761242760e+22
60 7 1.0517959482119780e+23
62 7 7.3759619814905414e+23
64 7 4.5961206429750907e+24
66 7 2.5593989827973096e+25
68 7 1.2662465988867952e+26
70 7 5.5943259624695926e+26
72 7 2.2093611152624898e+27
74 7 7.7821091157679731e+27
76 7 2.4449804672201990e+28
78 7 6.8560462348171199e+28
80 7 1.7162532133203668e+29
82 7 3.8415575669508483e+29
84 7 7.6961810771017669e+29
86 7 1.3840902434505279e+30
88 7 2.2391836562132479e+30
90 7 3.2641452481931517e+30
92 7 4.2951704739392376e+30
94 7 5.0973367496760264e+30
96 7 5.4709774371981624e+30
98 7 5.2868599508722931e+30
100 7 4.6000862146111113e+30
102 7 3.5844754011819435e+30
104 7 2.4939184826775078e+30
106 7 1.5382348455885776e+30
108 7 8.3180938290432641e+29
110 7 3.8876711917064755e+29
112 7 1.5386592135997249e+29
114 7 4.9867432203039966e+28
116 7 1.2529710933518638e+28
118 7 2.2051208335856251e+27
120 7 2.0819770502155462e+26
48 8 2.5872424629925162e+14
50 8 3.1912606077818976e+16
52 8 1.1763590850155366e+18
54 8 2.3990011104668680e+19
56 8 3.6059316491029807e+20
58 8 4.3531442466329728e+21
60 8 4.5021418083750764e+22
62 8 4.0358851542708835e+23
64 8 3.1727610675583783e+24
66 8 2.1905979759481660e+25
68 8 1.3283398747712334e+26
70 8 7.0732255111176802e+26
72 8 3.3054773571884804e+27
74 8 1.3577699275046009e+28
76 8 4.9023219362653392e+28
78 8 1.5576342448358513e+29
80 8 4.3480735437593715e+29
82 8 1.0706973801412991e+30
84 8 2.3258791971220340e+30
86 8 4.4872724349480505e+30
88 8 7.6786187867250907e+30
90 8 1.1734838131622281e+31
92 8 1.6019798699030865e+31
94 8 1.9573192998842634e+31
96 8 2.1451278059828638e+31
98 8 2.1052012602967173e+31
100 8 1.8468918152348386e+31
102 8 1.4461082877326938e+31
104 8 1.0058740220586723e+31
106 8 6.1660730084182688e+30
108 8 3.3007201534534876e+30
110 8 1.5200733024962981e+30
112 8 5.9087590858682830e+29
114 8 1.8731650383082636e+29
116 8 4.5796461612374660e+28
118 8 7.7890611149649004e+27
120 8 7.0635382514186667e+26
52 9 1.0794756015520660e+16
54 9 9.9849702064728768e+17
56 9 3.1123715314301198e+19
58 9 6.1781517324519447e+20
60 9 9.1410828354821690e+21
62 9 1.1163561156842699e+23
64 9 1.1569315375606108e+24
66 9 1.0405542159686210e+25
68 9 8.0671910935067286e+25
70 9 5.4174135651982038e+26
72 9 3.1404362967668056e+27
74 9 1.5706964065473197e+28
76 9 6.7864464891826406e+28
78 9 2.5286083546665463e+29
80 9 8.1499178331157773e+29
82 9 2.2745045733251811e+30
84 9 5.5084709925805791e+30
86 9 1.1654527108958268e+31
88 9 2.1574783901054013e+31
90 9 3.5124764123860062e+31
92 9 5.0568925728051146e+31
94 9 6.4525676463616711e+31
96 9 7.3063236890288928e+31
98 9 7.3519329103194396e+31
100 9 6.5700916998609697e+31
102 9 5.2068663934044593e+31
104 9 3.6411466555737632e+31
106 9 2.2338201098978607e+31
108 9 1.1917859832219505e+31
110 9 5.4419309534432482e+30
112 9 2.0873906689082468e+30
114 9 6.4971232814911272e+29
116 9 1.5544354143514132e+29
118 9 2.5680994471952415e+28
120 9 2.2435069141612477e+27
56 10 4.1139500051432851e+17
58 10 2.4905850854267396e+19
60 10 7.2796570691651279e+20
62 10 1.3851994878697095e+22
64 10 2.0521993822025535e+23
66 10 2.5086238853660621e+24
68 10 2.6116723468572617e+25
70 10 2.3158959367567932e+26
72 10 1.7460501169789603e+27
74 10 1.1171464696187035e+28
76 10 6.0453858795939959e+28
78 10 2.7687375111343413e+29
80 10 1.0734842920967947e+30
82 10 3.5241750363181135e+30
84 10 9.8529086864515777e+30
86 10 2.3500301559518331e+31
88 10 4.8288765136298599e+31
90 10 8.5825504568430680e+31
92 10 1.3269850846894157e+32
94 10 1.7942234946679490e+32
96 10 2.1307210284959893e+32
98 10 2.2253387572680742e+32
100 10 2.0462479193871817e+32
102 10 1.6561872415502798e+32
104 10 1.1740359056579466e+32
106 10 7.2685781140758056e+31
108 10 3.8856105350142943e+31
110 10 1.7703328248400799e+31
112 10 6.7340123136538843e+30
114 10 2.0705907071693598e+30
116 10 4.8625156498084763e+29
118 10 7.8546772301717744e+28
120 10 6.6445636829473216e+27
58 11 4.8097555075338608e+16
60 11 1.0641080846830322e+19
62 11 5.5820750336914666e+20
64 11 1.4862642524325551e+22
66 11 2.7866465929966128e+23
68 11 4.1044486801181081e+24
70 11 5.0425938348948039e+25
72 11 5.1810154668628540e+26
74 11 4.4725948610408766e+27
76 11 3.2025634332674247e+28
78 11 1.8969728186956269e+29
80 11 9.3058515126724088e+29
82 11 3.7739642291033868e+30
84 11 1.2683468325686355e+31
86 11 3.5556691788958897e+31
88 11 8.3526032442282583e+31
90 11 1.6627486014037892e+32
92 11 2.8251799843129417e+32
94 11 4.1295798534756733e+32
96 11 5.2247627715464677e+32
98 11 5.7465411736181427e+32
100 11 5.5018844690518349e+32
102 11 4.5988294522719735e+32
104 11 3.3391251228573470e+32
106 11 2.1021645321852306e+32
108 11 1.1346637220265361e+32
110 11 5.1922814073234013e+31
112 11 1.9710727553241255e+31
114 11 6.0206809016010998e+30
116 11 1.3968721745391615e+30
118 11 2.2167522079744936e+29
120 11 1.8274541464514818e+28
62 12 1.6520023742703347e+18
64 12 2.4726343361423252e+20
66 12 1.0868429576488895e+22
68 12 2.7497547576321345e+23
70 12 5.0485938839276185e+24
72 12 7.4857387379020303e+25
74 12 9.0671948362466439e+26
76 12 9.1198158543869271e+27
78 12 7.4356419969949805e+28
80 12 4.8998122345344264e+29
82 12 2.5934081496981948e+30
84 12 1.1081518302992772e+31
86 12 3.8238880170134387e+31
88 12 1.0741044674394601e+32
90 12 2.4743678688446983e+32
92 12 4.7618323494509317e+32
94 12 7.6991618376736408e+32
96 12 1.0583873158950658e+33
98 12 1.2462693830935531e+33
100 12 1.2616835085114318e+33
102 12 1.1015104304519352e+33
104 12 8.2844552481093884e+32
106 12 5.3466768866434047e+32
108 12 2.9429679062279389e+32
110 12 1.3616062561336468e+32
112 12 5.2042438402141099e+31
114 12 1.5871323080722922e+31
116 12 3.6601254901664722e+30
118 12 5.7362621790092457e+29
120 12 4.6411966976109615e+28
66 13 4.6679668326688219e+19
68 13 4.9841608942740570e+21
70 13 1.9166679726291727e+23
72 13 4.5935452748749490e+24
74 13 8.5071566860972583e+25
76 13 1.2385575540398626e+27
78 13 1.4789733954118889e+28
80 13 1.3975098673125510e+29
82 13 1.0396212456562805e+30
84 13 6.0301200109773314e+30
86 13 2.7346382223066760e+31
88 13 9.6987107724705406e+31
90 13 2.7215528164663523e+32
92 13 6.1390053472311890e+32
94 13 1.1334001938836956e+33
96 13 1.7344375510237386e+33
98 13 2.2320178293704549e+33
100 13 2.4282956455977161e+33
102 13 2.2466001566383674e+33
104 13 1.7720015310646055e+33
106 13 1.1865036938586431e+33
108 13 6.7150515089062163e+32
110 13 3.1722892359819332e+32
112 13 1.2278218273622684e+32
114 13 3.7707590518083935e+31
116 13 8.6992820050527429e+30
118 13 1.3537461266655061e+30
120 13 1.0813092928554728e+29
70 14 1.1930070929877890e+21
72 14 8.8515465871154261e+22
74 14 3.0180222551568831e+24
76 14 7.3189007950845596e+25
78 14 1.3081976545349565e+27
80 14 1.9017526547139446e+28
82 14 2.1266583778243103e+29
84 14 1.8228041453065497e+30
86 14 1.1727791527880662e+31
88 14 5.6913395848465180e+31
90 14 2.0783365771009843e+32
92 14 5.8122316128727640e+32
94 14 1.2759871316476780e+33
96 14 2.2464094830878096e+33
98 14 3.2336071280576483e+33
100 14 3.8585585803492281e+33
102 14 3.8481166231224082e+33
104 14 3.2241546550481118e+33
106 14 2.2692695675616798e+33
108 14 1.3349168035597038e+33
110 14 6.4988962297386848e+32
112 14 2.5701055970806904e+32
114 14 8.0102450277076301e+31
116 14 1.8609246415065344e+31
118 14 2.9018612294265728e+30
120 14 2.3028711948142611e+29
72 15 8.7203699706905805e+19
74 15 2.3908677669462630e+22
76 15 1.3515220374122728e+24
78 15 4.6759052904227333e+25
80 15 1.0555353931112993e+27
82 15 1.9258002773757537e+28
84 15 2.6146021112146766e+29
86 15 2.6428913075875013e+30
88 15 1.9173424436115521e+31
90 15 1.0058641648479740e+32
92 15 3.7779706098244039e+32
94 15 1.0469884171654984e+33
96 15 2.2181877046881680e+33
98 15 3.6992792631198513e+33
100 15 4.9641812296652932e+33
102 15 5.4482274963216802e+33
104 15 4.9345662076308887e+33
106 15 3.6977792170636418e+33
108 15 2.2886420214033045e+33
110 15 1.1602215256370873e+33
112 15 4.7358211768117726e+32
114 15 1.5102174207900272e+32
116 15 3.5606288213515149e+31
118 15 5.5936520888920574e+30
120 15 4.4436676600004029e+29
76 16 2.7282856479266607e+21
78 16 3.7137521475496420e+23
80 16 2.1501359610029853e+25
82 16 6.3790099404222882e+26
84 16 1.5144459105249602e+28
86 16 2.5690863365794677e+29
88 16 3.1546712353206333e+30
90 16 2.6349878738780390e+31
92 16 1.5113586464055196e+32
94 16 5.8339377221404571e+32
96 16 1.5921640135459102e+33
98 16 3.2259779254559289e+33
100 16 5.0486620438769880e+33
102 16 6.2557262543983203e+33
104 16 6.2462047347205438e+33
106 16 5.0682655942239412e+33
108 16 3.3477900717046064e+33
110 16 1.7877306140653890e+33
112 16 7.6053641009355793e+32
114 16 2.5027431993578286e+32
116 16 6.0463725067901904e+31
118 16 9.6520052013852136e+30
120 16 7.7230212540438544e+29
80 17 4.6726919377559814e+22
82 17 6.7265593011687874e+24
84 17 2.8061726936120597e+26
86 17 9.1123698909935034e+27
88 17 1.9973703534987103e+29
90 17 3.0859045743072573e+30
92 17 3.0427598001829007e+31
94 17 1.9409791349828366e+32
96 17 7.6716469167436792e+32
98 17 2.0400555497907321e+33
100 17 3.9137385554133424e+33
102 17 5.6793572095690753e+33
104 17 6.4238405199896491e+33
106 17 5.7582537521264690e+33
108 17 4.1215170344656430e+33
110 17 2.3503097940754198e+33
112 17 1.0549887162514063e+33
114 17 3.6225958505233753e+32
116 17 9.0459519041468482e+31
118 17 1.4790009083468881e+31
120 17 1.2004794235150254e+30
84 18 1.2578529067144898e+24
86 18 8.4908749542908815e+25
88 18 4.0916173019157645e+27
90 18 1.2057838088045079e+29
92 18 2.4464201004204512e+30
94 18 2.9395867337371546e+31
96 18 2.1322370480080316e+32
98 18 8.5773642462686609e+32
100 18 2.1951948429576622e+33
102 18 3.9379378627368459e+33
104 18 5.2345743135204858e+33
106 18 5.3237958550789119e+33
108 18 4.2168250662924749e+33
110 18 2.6086088875968588e+33
112 18 1.2503352805032541e+33
114 18 4.5301680153930382e+32
116 18 1.1800065254517413e+32
118 18 1.9960926257531035e+31
120 18 1.6620674211373837e+30
86 19 1.0343611002904894e+23
88 19 1.5855094395840340e+25
90 19 1.3236636348072588e+27
92 19 5.5031345687271736e+28
94 19 1.5541328582637847e+30
96 19 2.3693917088683298e+31
98 19 2.0063048366191766e+32
100 19 8.1203653234239593e+32
102 19 1.9729011247646702e+33
104 19 3.2609355287445078e+33
106 19 3.9101276555903497e+33
108 19 3.5168358970645945e+33
110 19 2.4104302043692282e+33
112 19 1.2540427413948061e+33
114 19 4.8540487877062370e+32
116 19 1.3353076484345683e+32
118 19 2.3541267425676350e+31
120 19 2.0300110158261584e+30
90 20 1.3865659102047743e+24
92 20 2.9150286085534078e+26
94 20 1.8251684848225979e+28
96 20 7.7403842188662270e+29
98 20 1.5745448286333546e+31
100 20 1.6172170836712453e+32
102 20 6.4802407676938106e+32
104 20 1.4693400813826729e+33
106 20 2.1986999193243181e+33
108 20 2.3346819195209324e+33
110 20 1.8189749734799299e+33
112 20 1.0479140521886382e+33
114 20 4.4054877909626588e+32
116 20 1.2939171273439756e+32
118 20 2.4096760865039903e+31
120 20 2.1670615234407179e+30
94 21 3.9008258537489803e+25
96 21 4.1305364134619244e+27
98 21 2.9445396212693557e+29
100 21 8.4817051019999049e+30
102 21 1.1124566822170779e+32
104 21 4.3185549801145388e+32
106 21 8.9554489998267109e+32
108 21 1.1907421405568573e+33
110 21 1.0955053309588385e+33
112 21 7.1766067169187395e+32
114 21 3.3393297162841597e+32
116 21 1.0653352198622980e+32
118 21 2.1200809080361015e+31
120 21 2.0103335563435118e+30
96 22 2.3937309763980458e+24
98 22 5.7030172417469410e+26
100 22 8.1849155416120544e+28
102 22 3.6383426495435142e+30
104 22 6.4867827220669253e+31
106 22 2.3752687645102356e+32
108 22 4.4084199763099586e+32
110 22 5.0830468682234700e+32
112 22 3.9317116827930896e+32
114 22 2.0797725189404231e+32
116 22 7.3403064623163124e+31
118 22 1.5847829244741229e+31
120 22 1.6029510937296828e+30
100 23 3.5940621990274815e+25
102 23 1.5613547431248273e+28
104 23 1.2074134337819870e+30
106 23 3.1701651183476709e+31
108 23 1.0628382569481385e+32
110 23 1.7146120333775174e+32
112 23 1.6633811886491545e+32
114 23 1.0378542542717234e+32
116 23 4.1631506054542913e+31
118 23 9.9275312575349738e+30
120 23 1.0892054448533993e+30
104 24 1.8117710504049787e+27
106 24 2.9712050544498277e+29
108 24 1.2755083032485535e+31
110 24 3.7775612373294790e+31
112 24 5.1325784691136256e+31
114 24 4.0157039528883252e+31
116 24 1.8971675204750706e+31
118 24 5.1321943639629486e+30
120 24 6.2208491088132270e+29
106 25 9.5615110897220238e+25
108 25 5.0877836200510775e+28
110 25 4.1290964544251518e+30
112 25 1.0367855877355737e+31
114 25 1.1368623113458842e+31
116 25 6.7218083431478967e+30
118 25 2.1416465701131489e+30
120 25 2.9410270368423566e+29
110 26 5.3563869543557564e+27
112 26 1.0397480898760313e+30
114 26 2.1110572580934226e+30
116 26 1.7457806726103851e+30
118 26 6.9423146764613339e+29
120 26 1.1226070060717319e+29
112 27 2.6101496895057089e+26
114 27 1.9512792778428109e+29
116 27 2.9842335290227818e+29
118 27 1.6582095778784630e+29
120 27 3.3423307646722975e+28
116 28 2.5461915593530648e+28
118 28 2.6105535428235005e+28
120 28 7.3360242828246359e+27
118 29 2.0583037790868472e+27
120 29 1.0624891897973091e+27
120 30 7.7362633701742598e+25
