168 -29 3.9535088662529199e+02
170 -29 4.8352065710343830e+01
172 -29 1.2346587136674378e+04
162 -28 1.8939650329677622e+03
164 -28 1.9132595442146121e+04
166 -28 1.0206263070707596e+05
168 -28 5.2647176576457079e+05
170 -28 1.6905568293676770e+05
172 -28 1.4420020690487339e+06
156 -27 3.4025001586619701e+03
158 -27 9.7942969674817839e+04
160 -27 8.1996863111239811e+05
162 -27 4.2288496442749891e+06
164 -27 1.1801830214324210e+07
166 -27 2.0399703793537527e+07
168 -27 4.4113761121609628e+07
170 -27 1.9790968355297688e+07
172 -27 5.0295375499881670e+07
150 -26 2.5790123597350648e+03
152 -26 1.9919690747263285e+05
154 -26 3.0402279826265257e+06
156 -26 2.0893986716471143e+07
158 -26 8.6704438426753759e+07
160 -26 2.4468827516833282e+08
162 -26 5.2816649250588316e+08
164 -26 8.9830297547051167e+08
166 -26 1.1156220286156294e+09
168 -26 1.4503148469945698e+09
170 -26 7.3175703907826781e+08
172 -26 1.0084027002262554e+09
144 -25 7.0372571166203852e+02
146 -25 1.9459051203505805e+05
148 -25 5.5707875470668282e+06
150 -25 6.1190284440948226e+07
152 -25 3.5206521766549820e+08
154 -25 1.3578807951439815e+09
156 -25 3.8757006217569366e+09
158 -25 8.5961183200941982e+09
160 -25 1.5836775250094200e+10
162 -25 2.3789759582392860e+10
164 -25 3.0634065464919239e+10
166 -25 3.1302675876211315e+10
168 -25 3.0959545562648163e+10
170 -25 1.5861083977656017e+10
172 -25 1.5145226784627829e+10
140 -24 9.2228835675678012e+04
142 -24 5.4347019748159396e+06
144 -24 1.0184093084653044e+08
146 -24 8.6256474874588442e+08
148 -24 4.5071121698433104e+09
150 -24 1.6799400726267357e+10
152 -24 4.7900930366328186e+10
154 -24 1.1118999712965680e+11
156 -24 2.1697412804610489e+11
158 -24 3.5680262420910718e+11
160 -24 5.1388527368113007e+11
162 -24 6.3182955276421436e+11
164 -24 6.8382108481675842e+11
166 -24 6.1529498320723218e+11
168 -24 5.0726055924975537e+11
170 -24 2.5554051410464426e+11
172 -24 1.8489584919197644e+11
134 -23 1.5977634482699363e+04
136 -23 2.8555287301908247e+06
138 -23 9.7054944804394126e+07
140 -23 1.3133704291837656e+09
142 -23 9.5404642183009529e+09
144 -23 4.6620240738403961e+10
146 -23 1.6986972933739252e+11
148 -23 4.9237190005577386e+11
150 -23 1.1848207034626868e+12
152 -23 2.4203050553920410e+12
154 -23 4.3050597401401880e+12
156 -23 6.7618689120717305e+12
158 -23 9.2971078629041816e+12
160 -23 1.1447209000480824e+13
162 -23 1.2342367449224779e+13
164 -23 1.1794909372906910e+13
166 -23 9.5823952512731699e+12
168 -23 6.8956835229225518e+12
170 -23 3.3301661378447202e+12
172 -23 1.9462987556324844e+12
130 -22 6.9843640865261469e+05
132 -22 5.1604246147486687e+07
134 -22 1.2098698788833833e+09
136 -22 1.3176269817530392e+10
138 -22 8.7022300381034988e+10
140 -22 4.0607962285788440e+11
142 -22 1.4669681005499583e+12
144 -22 4.3024324132839072e+12
146 -22 1.0705344600194254e+13
148 -22 2.3052551534487016e+13
150 -22 4.3493855586059781e+13
152 -22 7.3325419678147781e+13
154 -22 1.1078964670108323e+14
156 -22 1.5046955945312616e+14
158 -22 1.8309397451851747e+14
160 -22 2.0061220629767075e+14
162 -22 1.9509710004218994e+14
164 -22 1.6887918415884850e+14
166 -22 1.2537792507481777e+14
168 -22 8.1125169220496031e+13
170 -22 3.7333353360528062e+13
172 -22 1.8072016982813676e+13
124 -21 5.7999864360564803e+04
126 -21 1.3985401704898339e+07
128 -21 6.4590182827610672e+08
130 -21 1.1535572412682695e+10
132 -21 1.0856871348501675e+11
134 -21 6.6876654982461450e+11
136 -21 3.0451684497525830e+12
138 -21 1.0986040809195281e+13
140 -21 3.2927677101215898e+13
142 -21 8.4627099378906984e+13
144 -21 1.8992315036901162e+14
146 -21 3.7976914880777981e+14
148 -21 6.8171367212949875e+14
150 -21 1.1096117911439515e+15
152 -21 1.6361045578314852e+15
154 -21 2.1931706986607535e+15
156 -21 2.6706250528688750e+15
158 -21 2.9472726982384130e+15
160 -21 2.9461772104791415e+15
162 -21 2.6256743734449135e+15
164 -21 2.0827874640239872e+15
166 -21 1.4336178497232450e+15
168 -21 8.4663112299241525e+14
170 -21 3.6827282769526762e+14
172 -21 1.5182641178296759e+14
118 -20 1.8462660880502290e+02
120 -20 1.5699702493338357e+06
122 -20 1.8035516935424536e+08
124 -20 6.0262072682823410e+09
126 -20 8.9510450399741028e+10
128 -20 7.6112807955760608e+11
130 -20 4.4830880220295566e+12
132 -20 2.0132711028127047e+13
134 -20 7.3273995003537562e+13
136 -20 2.2391822142792681e+14
138 -20 5.9446951710814325e+14
140 -20 1.3946169555967125e+15
142 -20 2.9320236415311140e+15
144 -20 5.5701376557100690e+15
146 -20 9.6282213253115440e+15
148 -20 1.5239928485509898e+16
150 -20 2.2088384307101340e+16
152 -20 2.9387382204192224e+16
154 -20 3.5875011417781476e+16
156 -20 3.9980462327324192e+16
158 -20 4.0713880970660488e+16
160 -20 3.7600490674468344e+16
162 -20 3.1174005573444036e+16
164 -20 2.2922962565182128e+16
166 -20 1.4667512993849108e+16
168 -20 7.9785326667880900e+15
170 -20 3.2749741341461880e+15
172 -20 1.1718564153821365e+15
114 -19 3.6570180041665139e+04
116 -19 2.3054008618456129e+07
118 -19 1.7460526761751826e+09
120 -19 4.5633548840017181e+10
122 -19 5.8747724248274866e+11
124 -19 4.6851448569739102e+12
126 -19 2.6757386235411371e+13
128 -19 1.1944544384264359e+14
130 -19 4.3891208594016800e+14
132 -19 1.3730369313616715e+15
134 -19 3.7708654137974250e+15
136 -19 9.1902977911006460e+15
138 -19 2.0196242153031788e+16
140 -19 4.0419142713359992e+16
142 -19 7.4047507814774272e+16
144 -19 1.2452327168399202e+17
146 -19 1.9326989829610486e+17
148 -19 2.7658708151020822e+17
150 -19 3.6663007155567962e+17
152 -19 4.4868647234537606e+17
154 -19 5.0605325818502144e+17
156 -19 5.2432204317945203e+17
158 -19 4.9685525872968698e+17
160 -19 4.2784428686554515e+17
162 -19 3.3154005010831558e+17
164 -19 2.2828322261266256e+17
166 -19 1.3652495467256816e+17
168 -19 6.9170514148702520e+16
170 -19 2.6665602258287648e+16
172 -19 8.3928291257855870e+15
110 -18 8.3790740425341635e+05
112 -18 2.4029235147998071e+08
114 -18 1.3397309254015415e+10
116 -18 2.9164997796003247e+11
118 -18 3.3884270921766782e+12
120 -18 2.5645732805789562e+13
122 -18 1.4406895989290862e+14
124 -18 6.4369525652484912e+14
126 -18 2.3928171368847845e+15
128 -18 7.6666125054528950e+15
130 -18 2.1637908080260832e+16
132 -18 5.4817671153989000e+16
134 -18 1.2571782354021595e+17
136 -18 2.6352223371942720e+17
138 -18 5.0867207941937920e+17
140 -18 9.0648046784515622e+17
142 -18 1.4944299387760248e+18
144 -18 2.2851031685849119e+18
146 -18 3.2503367784698337e+18
148 -18 4.2972413170454415e+18
150 -18 5.2787157469923215e+18
152 -18 6.0104337791130132e+18
154 -18 6.3298154294237041e+18
156 -18 6.1518326519321108e+18
158 -18 5.4699119891038013e+18
160 -18 4.4260615750198415e+18
162 -18 3.2265385488466340e+18
164 -18 2.0882955319760125e+18
166 -18 1.1729329384912899e+18
168 -18 5.5455811620322138e+17
170 -18 2.0103197490945354e+17
172 -18 5.6333590934577776e+16
104 -17 2.3940885168397781e+03
106 -17 1.0958698286461595e+07
108 -17 1.9516427897282536e+09
110 -17 8.6091545988561829e+10
112 -17 1.6242018120051211e+12
114 -17 1.7435098139926736e+13
116 -17 1.2734257419243097e+14
118 -17 7.0556808058859375e+14
120 -17 3.1574349196258850e+15
122 -17 1.1933890498261808e+16
124 -17 3.9151841920914672e+16
126 -17 1.1399993135817347e+17
128 -17 2.9877882187090419e+17
130 -17 7.1388251711305626e+17
132 -17 1.5631444072814264e+18
134 -17 3.1635484832114708e+18
136 -17 5.9320929006466693e+18
138 -17 1.0327321956984302e+19
140 -17 1.6774302923521460e+19
142 -17 2.5477305784354263e+19
144 -17 3.6067842647417938e+19
146 -17 4.7739729538265391e+19
148 -17 5.8849133453813948e+19
150 -17 6.7739187831543841e+19
152 -17 7.2489510466026422e+19
154 -17 7.1910329635894764e+19
156 -17 6.5662057944657904e+19
158 -17 5.5175073647141962e+19
160 -17 4.2146840949605147e+19
162 -17 2.8982372182525043e+19
164 -17 1.7711737132193423e+19
166 -17 9.3799466485755904e+18
168 -17 4.1611058859056358e+18
170 -17 1.4151931906388749e+18
172 -17 3.5575089839625382e+17
100 -16 6.2961896511609877e+04
102 -16 1.0531447615736005e+08
104 -16 1.3249265235831287e+10
106 -16 4.7696509715826923e+11
108 -16 8.0009787299468594e+12
110 -16 8.0487970276040281e+13
112 -16 5.7267873367743375e+14
114 -16 3.1505998336310380e+15
116 -16 1.4179392638551200e+16
118 -16 5.4338291247400480e+16
120 -16 1.8255232096172195e+17
122 -16 5.4712775596783878e+17
124 -16 1.4877225809509261e+18
126 -16 3.6924771386762317e+18
128 -16 8.4264823208245914e+18
130 -16 1.7835811284544479e+19
132 -16 3.5062697819632300e+19
134 -16 6.4438683560227373e+19
136 -16 1.1061103974798438e+20
138 -16 1.7796388746091882e+20
140 -16 2.6808261806384821e+20
142 -16 3.7926348042717331e+20
144 -16 5.0234120930907960e+20
146 -16 6.2444214541074131e+20
148 -16 7.2579672347608574e+20
150 -16 7.8766507905758973e+20
152 -16 7.9612091783398910e+20
154 -16 7.4598249914822676e+20
156 -16 6.4696835614266609e+20
158 -16 5.1486379370371606e+20
160 -16 3.7298193526915924e+20
162 -16 2.4313738097247119e+20
164 -16 1.4044496591029626e+20
166 -16 7.0199684847537046e+19
168 -16 2.9323114815779004e+19
170 -16 9.3702300926874337e+18
172 -16 2.1231546000947182e+18
96 -15 9.4728886692140787e+05
98 -15 8.1897593803112125e+08
100 -15 7.5589345573276840e+10
102 -15 2.3166816199717134e+12
104 -15 3.5222762126428078e+13
106 -15 3.3681162432308962e+14
108 -15 2.3405237458557220e+15
110 -15 1.2819300693185774e+16
112 -15 5.8150366716501648e+16
114 -15 2.2623809277952714e+17
116 -15 7.7901893866065293e+17
118 -15 2.4086114131125023e+18
120 -15 6.7587567905377044e+18
122 -15 1.7398398868655423e+19
124 -15 4.1400679816582660e+19
126 -15 9.1443509006762918e+19
128 -15 1.8840717451149122e+20
130 -15 3.6312353327618949e+20
132 -15 6.5710163640936366e+20
134 -15 1.1153688049638280e+21
136 -15 1.7837893845780136e+21
138 -15 2.6811767322923038e+21
140 -15 3.7941859958343572e+21
142 -15 5.0478696018538649e+21
144 -15 6.3159226587624568e+21
146 -15 7.4196956415487975e+21
148 -15 8.1613185611414435e+21
150 -15 8.4096939320879035e+21
152 -15 8.0689077892123732e+21
154 -15 7.1977871368248780e+21
156 -15 5.9273109997954154e+21
158 -15 4.4796946993494339e+21
160 -15 3.0840291666351279e+21
162 -15 1.9127488463048988e+21
164 -15 1.0471363770112423e+21
166 -15 4.9567734266439618e+20
168 -15 1.9495872952360668e+20
170 -15 5.8587386427362656e+19
172 -15 1.2084115812751174e+19
92 -14 1.0809485303148909e+07
94 -14 5.2489903280127640e+09
96 -14 3.7935901660574323e+11
98 -14 9.9412757775728906e+12
100 -14 1.3866701129261328e+14
102 -14 1.2678058862962065e+15
104 -14 8.6537671716403980e+15
106 -14 4.7182976439653632e+16
108 -14 2.1627952911590579e+17
110 -14 8.5964984017096243e+17
112 -14 3.0275289821429596e+18
114 -14 9.6262304573414851e+18
116 -14 2.7933247322613936e+19
118 -14 7.4622076275904053e+19
120 -14 1.8452160595816264e+20
122 -14 4.2542879959512836e+20
124 -14 9.1665485572568554e+20
126 -14 1.8555822338285691e+21
128 -14 3.5256442906100263e+21
130 -14 6.3047457213512092e+21
132 -14 1.0639547385554118e+22
134 -14 1.6939271068554887e+22
136 -14 2.5473740105229841e+22
138 -14 3.6125317754219185e+22
140 -14 4.8363846945686262e+22
142 -14 6.1013801945591404e+22
144 -14 7.2525047729849136e+22
146 -14 8.1017304769143566e+22
148 -14 8.4938042781696589e+22
150 -14 8.3353968358323999e+22
152 -14 7.6246389487509269e+22
154 -14 6.4789901494969902e+22
156 -14 5.0931311035021129e+22
158 -14 3.6687711248155285e+22
160 -14 2.4067549007123063e+22
162 -14 1.4186355980620328e+22
164 -14 7.3935856949229959e+21
166 -14 3.3179252088536333e+21
168 -14 1.2320262382870358e+21
170 -14 3.4850161213291817e+20
172 -14 6.5526839510169944e+19
88 -13 9.5056123971574172e+07
90 -13 2.8492357380981033e+10
92 -13 1.6331312967349360e+12
94 -13 3.7548973572707742e+13
96 -13 4.8471413963442075e+14
98 -13 4.2819523844227830e+15
100 -13 2.8754857713514532e+16
102 -13 1.5645682584341834e+17
104 -13 7.2608241034257152e+17
106 -13 2.9373411177664799e+18
108 -13 1.0628979196035848e+19
110 -13 3.4782008218753167e+19
112 -13 1.0431353416356674e+20
114 -13 2.8935081501476336e+20
116 -13 7.4413157190029397e+20
118 -13 1.7879307803090155e+21
120 -13 4.0303169008715285e+21
122 -13 8.5442938844752202e+21
124 -13 1.7042398962975196e+22
126 -13 3.2090795476874940e+22
128 -13 5.7099115959934855e+22
130 -13 9.6080321792127359e+22
132 -13 1.5294885470218065e+23
134 -13 2.3026264415594789e+23
136 -13 3.2844606593143728e+23
138 -13 4.4267431141949659e+23
140 -13 5.6399922610591040e+23
142 -13 6.7739630400768679e+23
144 -13 7.6846903384092225e+23
146 -13 8.2023122663510415e+23
148 -13 8.2180452166475375e+23
150 -13 7.7097053999702223e+23
152 -13 6.7477438823915615e+23
154 -13 5.4810489197025522e+23
156 -13 4.1198573381845986e+23
158 -13 2.8373883487139780e+23
160 -13 1.7762095737423871e+23
162 -13 9.9979510765306218e+22
164 -13 4.9530250263712150e+22
166 -13 2.1110206576023241e+22
168 -13 7.4160701598324983e+21
170 -13 1.9728725052995600e+21
172 -13 3.4009382995457343e+20
82 -12 3.5615589223074137e+04
84 -12 6.5056502976647961e+08
86 -12 1.3030760200048132e+11
88 -12 6.0482293793615518e+12
90 -12 1.2347638183835705e+14
92 -12 1.4944542196259380e+15
94 -12 1.2788552319978604e+16
96 -12 8.5047059419492064e+16
98 -12 4.6499936194911622e+17
100 -12 2.1779754032969283e+18
102 -12 9.0126514735569377e+18
104 -12 3.3399834593174905e+19
106 -12 1.1265948413713711e+20
108 -12 3.5007137633633383e+20
110 -12 1.0037949348761023e+21
112 -12 2.6919640728346579e+21
114 -12 6.7557473394071783e+21
116 -12 1.5900995588043169e+22
118 -12 3.5305694065146330e+22
120 -12 7.3977077251367206e+22
122 -12 1.4644147096669882e+23
124 -12 2.7436041631611707e+23
126 -12 4.8690175371657908e+23
128 -12 8.1966095025855421e+23
130 -12 1.3074774928137355e+24
132 -12 1.9795769096435618e+24
134 -12 2.8402564894126137e+24
136 -12 3.8628550467893273e+24
138 -12 4.9827554145775158e+24
140 -12 6.0653789906565891e+24
142 -12 6.9898251005608631e+24
144 -12 7.5822234148609098e+24
146 -12 7.7502891528683514e+24
148 -12 7.4506148952078194e+24
150 -12 6.7041178108383396e+24
152 -12 5.6228267999355644e+24
154 -12 4.3839837822024404e+24
156 -12 3.1520207439562879e+24
158 -12 2.0808425779447222e+24
160 -12 1.2472194981996868e+24
162 -12 6.6896525305307094e+23
164 -12 3.1599510255503487e+23
166 -12 1.2815522148444193e+23
168 -12 4.2597065688228020e+22
170 -12 1.0683538621267842e+22
172 -12 1.6935086240104060e+21
78 -11 9.3340559060936165e+05
80 -11 3.5446420044054155e+09
82 -11 4.9666751563187146e+11
84 -11 1.9054689339792758e+13
86 -11 3.4945222240913975e+14
88 -11 4.0201609126454970e+15
90 -11 3.3454028811031812e+16
92 -11 2.2065968575893984e+17
94 -11 1.2109372982891246e+18
96 -11 5.7664281245061274e+18
98 -11 2.4319056443364839e+19
100 -11 9.2850147313719411e+19
102 -11 3.2360879796080398e+20
104 -11 1.0400386475575974e+21
106 -11 3.1042037989858854e+21
108 -11 8.6683667112430320e+21
110 -11 2.2713379636281308e+22
112 -11 5.5860981928252861e+22
114 -11 1.3008178544716548e+23
116 -11 2.8607365792889513e+23
118 -11 5.9536043274575991e+23
120 -11 1.1750243721339346e+24
122 -11 2.1993015859374264e+24
124 -11 3.9148814106231442e+24
126 -11 6.6115488379632906e+24
128 -11 1.0602011726911324e+25
130 -11 1.6165163461004229e+25
132 -11 2.3436003064073810e+25
134 -11 3.2172007794794838e+25
136 -11 4.1961454216814715e+25
138 -11 5.1867150565108724e+25
140 -11 6.0665949328703620e+25
142 -11 6.7140656069941396e+25
144 -11 7.0060785089994406e+25
146 -11 6.8906104205382799e+25
148 -11 6.3615840816701923e+25
150 -11 5.4985150088195643e+25
152 -11 4.4324575595849401e+25
154 -11 3.3206714402319526e+25
156 -11 2.2920220749887307e+25
158 -11 1.4500138036746375e+25
160 -11 8.3179220870961554e+24
162 -11 4.2714439143260078e+24
164 -11 1.9271565486799398e+24
166 -11 7.4271645745893877e+23
168 -11 2.3446354539462722e+23
170 -11 5.5437516276626929e+22
172 -11 8.1205636731411051e+21
74 -10 1.0886602453625588e+07
76 -10 1.5240040140863253e+10
78 -10 1.5574660231704902e+12
80 -10 5.0696392327442781e+13
82 -10 8.4777222407039275e+14
84 -10 9.2772235149136980e+15
86 -10 7.5577240667513248e+16
88 -10 4.9531596179162554e+17
90 -10 2.7401196976497992e+18
92 -10 1.3290990316715995e+19
94 -10 5.7486430146153136e+19
96 -10 2.2539141072571394e+20
98 -10 8.1318563888841884e+20
100 -10 2.7092265497122513e+21
102 -10 8.4253149370582680e+21
104 -10 2.4528113866156787e+22
106 -10 6.7098822645381700e+22
108 -10 1.7333994301366027e+23
110 -10 4.2258487102202018e+23
112 -10 9.7701250553793571e+23
114 -10 2.1396194521709547e+24
116 -10 4.4467602908169888e+24
118 -10 8.7975212458704675e+24
120 -10 1.6529234516546276e+25
122 -10 2.9514008843991441e+25
124 -10 5.0219387784154827e+25
126 -10 8.1316624807860642e+25
128 -10 1.2515680652111932e+26
130 -10 1.8335774755162983e+26
132 -10 2.5533109265162298e+26
134 -10 3.3744026939643593e+26
136 -10 4.2391575741589283e+26
138 -10 5.0444452581761196e+26
140 -10 5.6845569160496748e+26
142 -10 6.0579425350958080e+26
144 -10 6.0954765600831841e+26
146 -10 5.7716230479182248e+26
148 -10 5.1362773619498794e+26
150 -10 4.2763866130513642e+26
152 -10 3.3169487829442653e+26
154 -10 2.3888393573031399e+26
156 -10 1.5846142757952569e+26
158 -10 9.6275472758720390e+25
160 -10 5.2968610166296541e+25
162 -10 2.6078041904563633e+25
164 -10 1.1241263787874494e+25
166 -10 4.1315613363183579e+24
168 -10 1.2361244079156960e+24
170 -10 2.7592303024790503e+23
172 -10 3.7391493021732386e+22
70 -9 7.7462042203446522e+07
72 -9 5.1302119240039551e+10
74 -9 3.9680256601696426e+12
76 -9 1.1149975176171198e+14
78 -9 1.7170007480140592e+15
80 -9 1.8055285350461784e+16
82 -9 1.4454915941620163e+17
84 -9 9.4861240692666035e+17
86 -9 5.3131742826977710e+18
88 -9 2.6221476282272072e+19
90 -9 1.1635703225856940e+20
92 -9 4.7073829042058940e+20
94 -9 1.7601127156822599e+21
96 -9 6.1068177667304792e+21
98 -9 1.9793196140098518e+22
100 -9 6.0295631388085276e+22
102 -9 1.7264457085085267e+23
104 -9 4.6746554437525209e+23
106 -9 1.1997770161479488e+24
108 -9 2.9166765746635813e+24
110 -9 6.7324331213567492e+24
112 -9 1.4782184458742007e+25
114 -9 3.0853902854333770e+25
116 -9 6.1321738965018429e+25
118 -9 1.1607887549254168e+26
120 -9 2.0935753498807627e+26
122 -9 3.5957376320490902e+26
124 -9 5.8853419240215912e+26
126 -9 9.1715699679805139e+26
128 -9 1.3605544018373839e+27
130 -9 1.9231008198074134e+27
132 -9 2.5824575282082712e+27
134 -9 3.2988271449706708e+27
136 -9 3.9995495777576935e+27
138 -9 4.5997101329864765e+27
140 -9 5.0051295799442739e+27
142 -9 5.1522520398315305e+27
144 -9 5.0047127555753799e+27
146 -9 4.5769828438693748e+27
148 -9 3.9341883757629196e+27
150 -9 3.1538365974451897e+27
152 -9 2.3615367395510324e+27
154 -9 1.6380730772552242e+27
156 -9 1.0458789769221172e+27
158 -9 6.1066822274519089e+26
160 -9 3.2297914513685281e+26
162 -9 1.5207509536798614e+26
164 -9 6.2765950583797044e+25
166 -9 2.2001969433605646e+25
168 -9 6.2567100978987302e+24
170 -9 1.3195921560308924e+24
172 -9 1.6621498755682294e+23
66 -8 3.5871234750780779e+08
68 -8 1.3389195611849728e+11
70 -8 8.0956696688430488e+12
72 -8 2.0028814093950853e+14
74 -8 2.8830345289222855e+15
76 -8 2.9248635767732076e+16
78 -8 2.3183462573856717e+17
80 -8 1.5231637126399836e+18
82 -8 8.6514454953153024e+18
84 -8 4.3671067714897027e+19
86 -8 1.9949667736346578e+20
88 -8 8.3515782792427261e+20
90 -8 3.2386915913424663e+21
92 -8 1.1709453270763291e+22
94 -8 3.9630787472871190e+22
96 -8 1.2642469161983109e+23
98 -8 3.8042345651507641e+23
100 -8 1.0837018615707918e+24
102 -8 2.9273766042498532e+24
104 -8 7.5054686390635671e+24
106 -8 1.8279549168271373e+25
108 -8 4.2450182166224431e+25
110 -8 9.3777772568005538e+25
112 -8 1.9746512606250492e+26
114 -8 3.9636322526928113e+26
116 -8 7.5814408829827218e+26
118 -8 1.3846086730395682e+27
120 -8 2.4076317508307489e+27
122 -8 3.9973193411504808e+27
124 -8 6.3299128210950892e+27
126 -8 9.5418414259527657e+27
128 -8 1.3706879541091065e+28
130 -8 1.8738216075242756e+28
132 -8 2.4380429881549343e+28
134 -8 3.0155238642270867e+28
136 -8 3.5420429880753666e+28
138 -8 3.9470919822348396e+28
140 -8 4.1598893504632604e+28
142 -8 4.1424388342620257e+28
144 -8 3.8933092858100935e+28
146 -8 3.4467220130750299e+28
148 -8 2.8561575856724090e+28
150 -8 2.2142569894761718e+28
152 -8 1.6007350405350420e+28
154 -8 1.0713645271835704e+28
156 -8 6.5982513172344676e+27
158 -8 3.7080464161296001e+27
160 -8 1.8834251108173920e+27
162 -8 8.5044255257583718e+26
164 -8 3.3586749941384873e+26
166 -8 1.1247567053394483e+26
168 -8 3.0440390483452709e+25
170 -8 6.0648710206828394e+24
172 -8 7.1149314788838191e+23
62 -7 1.1432012077182364e+09
64 -7 2.6678870151352524e+11
66 -7 1.3082319926439146e+13
68 -7 2.8892940300957012e+14
70 -7 3.9283134133972425e+15
72 -7 3.8770864116115696e+16
74 -7 3.0504248548236531e+17
76 -7 2.0178172026554719e+18
78 -7 1.1648476469835096e+19
80 -7 6.0128359286892708e+19
82 -7 2.8357284880793613e+20
84 -7 1.2324330004418443e+21
86 -7 4.9644581220830759e+21
88 -7 1.8775557172780251e+22
90 -7 6.6623687278185194e+22
92 -7 2.2271767933691360e+23
94 -7 7.0613538584465603e+23
96 -7 2.1193782741013687e+24
98 -7 6.0396056433657352e+24
100 -7 1.6375459862562939e+25
102 -7 4.2217534109346151e+25
104 -7 1.0385604355255620e+26
106 -7 2.4355695611031251e+26
108 -7 5.4388259453961538e+26
110 -7 1.1607133072727470e+27
112 -7 2.3638115450170086e+27
114 -7 4.5862383083406556e+27
116 -7 8.5139593250098446e+27
118 -7 1.5055797911845277e+28
120 -7 2.5424685928740124e+28
122 -7 4.0944026872467548e+28
124 -7 6.2930515372568676e+28
126 -7 9.2155945276853737e+28
128 -7 1.2853850919753877e+29
130 -7 1.7076672379102308e+29
132 -7 2.1593934156337042e+29
134 -7 2.5907635115414025e+29
136 -7 2.9513934674944115e+29
138 -7 3.1917451939365560e+29
140 -7 3.2629951825712225e+29
142 -7 3.1532615433726492e+29
144 -7 2.8716421968901881e+29
146 -7 2.4603530004691421e+29
148 -7 1.9766358601455474e+29
150 -7 1.4823198407867126e+29
152 -7 1.0338497974817225e+29
154 -7 6.6808554564618559e+28
156 -7 3.9685986190726418e+28
158 -7 2.1500594247936444e+28
160 -7 1.0497226218806055e+28
162 -7 4.5584149249566490e+27
164 -7 1.7255067358500461e+27
166 -7 5.5188910040710921e+26
168 -7 1.4203522782008833e+26
170 -7 2.6829376444025525e+25
172 -7 2.9347864661645488e+24
58 -6 2.5567771107517996e+09
60 -6 4.0313532868720294e+11
62 -6 1.6473278914719518e+13
64 -6 3.2994350575783488e+14
66 -6 4.2776396766301710e+15
68 -6 4.1289302305015584e+16
70 -6 3.2279712746525952e+17
72 -6 2.1536775793036403e+18
74 -6 1.2677876024421614e+19
76 -6 6.7309949447274193e+19
78 -6 3.2776242837398736e+20
80 -6 1.4789099480039130e+21
82 -6 6.2299871191598681e+21
84 -6 2.4677313923474233e+22
86 -6 9.1931974328793055e+22
88 -6 3.2452439844855733e+23
90 -6 1.0843543206991351e+24
92 -6 3.4365173162336645e+24
94 -6 1.0365572539387300e+25
96 -6 2.9814886782392604e+25
98 -6 8.1623836563134073e+25
100 -6 2.1318410711261498e+26
102 -6 5.3132429486793061e+26
104 -6 1.2646188995878299e+27
106 -6 2.8724365362230557e+27
108 -6 6.2374130962312548e+27
110 -6 1.2918062025793794e+28
112 -6 2.5580469596435629e+28
114 -6 4.8343232093983060e+28
116 -6 8.7269218568312856e+28
118 -6 1.5040544221930975e+29
120 -6 2.4739675845135117e+29
122 -6 3.8834610028313801e+29
124 -6 5.8096552538913489e+29
126 -6 8.2866126630435510e+29
128 -6 1.1262370963182608e+30
130 -6 1.4565101539932386e+30
132 -6 1.7915252099788308e+30
134 -6 2.0923860250367815e+30
136 -6 2.3207968525285822e+30
138 -6 2.4377448871968832e+30
140 -6 2.4229930909028717e+30
142 -6 2.2747166309343700e+30
144 -6 2.0096060928321847e+30
146 -6 1.6701877792223528e+30
148 -6 1.3007458678643325e+30
150 -6 9.4457479987235774e+29
152 -6 6.3807289109112090e+29
154 -6 3.9852160688870157e+29
156 -6 2.2837483369329657e+29
158 -6 1.1926188369154630e+29
160 -6 5.6117107143250726e+28
162 -6 2.3423357945163686e+28
164 -6 8.4995297621082318e+27
166 -6 2.6000230162329773e+27
168 -6 6.3714047058294586e+26
170 -6 1.1393329077462170e+26
172 -6 1.1681949647870546e+25
52 -5 9.3246814891328791e+05
54 -5 4.0092768675405555e+09
56 -5 4.5302080174688525e+11
58 -5 1.5894702745827920e+13
60 -5 2.9192892713210662e+14
62 -5 3.6293379751735990e+15
64 -5 3.4376613679838408e+16
66 -5 2.6807940085670912e+17
68 -5 1.8088359433511357e+18
70 -5 1.0887590025063246e+19
72 -5 5.9574646895566078e+19
74 -5 3.0132623555306232e+20
76 -5 1.4173937658820978e+21
78 -5 6.2596049038836561e+21
80 -5 2.5970765454964557e+22
82 -5 1.0219560952792322e+23
84 -5 3.8007376206073044e+23
86 -5 1.3442641500586853e+24
88 -5 4.5246970117241630e+24
90 -5 1.4500452071534743e+25
92 -5 4.4329866950183170e+25
94 -5 1.2927803115421403e+26
96 -5 3.5987339402181939e+26
98 -5 9.5668325077300382e+26
100 -5 2.4329205150788334e+27
102 -5 5.9073455419638369e+27
104 -5 1.3703069250537460e+28
106 -5 3.0367880136899296e+28
108 -5 6.4366599956372273e+28
110 -5 1.3032891974058540e+29
112 -5 2.5223915921852050e+29
114 -5 4.6616222970220771e+29
116 -5 8.2242219953528852e+29
118 -5 1.3858487300847580e+30
120 -5 2.2272190388168886e+30
122 -5 3.4165153854614828e+30
124 -5 4.9952485975941658e+30
126 -5 6.9586123653642218e+30
128 -5 9.2382116245064709e+30
130 -5 1.1659122928398676e+31
132 -5 1.3994930978117810e+31
134 -5 1.5939516635984949e+31
136 -5 1.7215305552550329e+31
138 -5 1.7606834208786081e+31
140 -5 1.7040470536136015e+31
142 -5 1.5553076553835743e+31
144 -5 1.3355845785593090e+31
146 -5 1.0780087270967075e+31
148 -5 8.1392769037203784e+30
150 -5 5.7323834005668074e+30
152 -5 3.7508749661771717e+30
154 -5 2.2675257335385977e+30
156 -5 1.2572316368701241e+30
158 -5 6.3258694742851891e+29
160 -5 2.8680769949889884e+29
162 -5 1.1521623787271239e+29
164 -5 4.0114895510364690e+28
166 -5 1.1744450693445609e+28
168 -5 2.7460496241615581e+27
170 -5 4.6579707544017425e+26
172 -5 4.4802018543173798e+25
48 -4 3.7389244474412310e+06
50 -4 4.3937452293517170e+09
52 -4 3.7564241740560278e+11
54 -4 1.1476134810645432e+13
56 -4 1.9638641457697188e+14
58 -4 2.3361984532001340e+15
60 -4 2.1797060105414480e+16
62 -4 1.7006368957832928e+17
64 -4 1.1638624794023053e+18
66 -4 7.1830024124303380e+18
68 -4 4.0666652704908116e+19
70 -4 2.1388066645121398e+20
72 -4 1.0527363732340073e+21
74 -4 4.8818238818772121e+21
76 -4 2.1379118764461247e+22
78 -4 8.8768922903538529e+22
80 -4 3.5055389786569547e+23
82 -4 1.3178889916066229e+24
84 -4 4.7156882992726054e+24
86 -4 1.6107496915241118e+25
88 -4 5.2522118076155277e+25
90 -4 1.6365592409550202e+26
92 -4 4.8777043982732886e+26
94 -4 1.3897758269744507e+27
96 -4 3.7814540934849233e+27
98 -4 9.8560660427933788e+27
100 -4 2.4539421036659987e+28
102 -4 5.8417384960509778e+28
104 -4 1.3300161905378041e+29
106 -4 2.8975141211763645e+29
108 -4 6.0300909683053444e+29
110 -4 1.1984940239946562e+30
112 -4 2.2758014900663109e+30
114 -4 4.1260121338061669e+30
116 -4 7.1429937413704384e+30
118 -4 1.1804719312083063e+31
120 -4 1.8610878996619268e+31
122 -4 2.7966434742675504e+31
124 -4 4.0038391116006889e+31
126 -4 5.4603466016346420e+31
128 -4 7.0932805061433596e+31
130 -4 8.7519743643846320e+31
132 -4 1.0266218957418817e+32
134 -4 1.1427992346739961e+32
136 -4 1.2044550795150784e+32
138 -4 1.2018848930554105e+32
140 -4 1.1327960016894832e+32
142 -4 1.0064798353889556e+32
144 -4 8.4228144559699497e+31
146 -4 6.6082420290003653e+31
148 -4 4.8484206355380918e+31
150 -4 3.3163727527748212e+31
152 -4 2.1025780688398569e+31
154 -4 1.2293149841701992e+31
156 -4 6.5923703267377162e+30
158 -4 3.2088497844568990e+30
160 -4 1.4032420355364079e+30
162 -4 5.4226848503152942e+29
164 -4 1.8155366045268752e+29
166 -4 5.0933084907358109e+28
168 -4 1.1373414441360562e+28
170 -4 1.8311288341919147e+27
172 -4 1.6544229144477450e+26
44 -3 6.0331838939726697e+06
46 -3 3.2941307654373016e+09
48 -3 2.2326860187164859e+11
50 -3 6.0188916708888545e+12
52 -3 9.6267825924282125e+13
54 -3 1.1040096970556359e+15
56 -3 1.0163493553038880e+16
58 -3 7.9601052483777584e+16
60 -3 5.5469362619331917e+17
62 -3 3.5232491435259976e+18
64 -3 2.0690433567295934e+19
66 -3 1.1373219179090402e+20
68 -3 5.8796476501588574e+20
70 -3 2.8730544749685815e+21
72 -3 1.3314253104968760e+22
74 -3 5.8733135621805270e+22
76 -3 2.4651853557694375e+23
78 -3 9.8796535423543156e+23
80 -3 3.7813526285214608e+24
82 -3 1.3819312950033937e+25
84 -3 4.8270006692661209e+25
86 -3 1.6150676397536780e+26
88 -3 5.1728096011921116e+26
90 -3 1.5850613522777175e+27
92 -3 4.6486654075303510e+27
94 -3 1.3034189535962808e+28
96 -3 3.4968947637136495e+28
98 -3 8.9812101156211322e+28
100 -3 2.2061456300492803e+29
102 -3 5.1835978367552978e+29
104 -3 1.1639749803049002e+30
106 -3 2.4992097233411497e+30
108 -3 5.1296384856414043e+30
110 -3 1.0051243996118101e+31
112 -3 1.8818623308635515e+31
114 -3 3.3597129351608218e+31
116 -3 5.7230166560903521e+31
118 -3 9.3028876052426949e+31
120 -3 1.4434034385342934e+32
122 -3 2.1310153151153560e+32
124 -3 2.9956498022102503e+32
126 -3 4.0100878434338110e+32
128 -3 5.1029129987593028e+32
130 -3 6.1758813066517001e+32
132 -3 7.0824327860125931e+32
134 -3 7.7129277172878648e+32
136 -3 7.9521061472633982e+32
138 -3 7.7502001547339970e+32
140 -3 7.1298515809680937e+32
142 -3 6.1774310020189870e+32
144 -3 5.0367889745653209e+32
146 -3 3.8452906661438347e+32
148 -3 2.7441085677390396e+32
150 -3 1.8220530855874122e+32
152 -3 1.1215103525993682e+32
154 -3 6.3616461352306888e+31
156 -3 3.3025755396252346e+31
158 -3 1.5534364484926605e+31
160 -3 6.5572915858861683e+30
162 -3 2.4439826311335018e+30
164 -3 7.8646037433543293e+29
166 -3 2.1156048772236224e+29
168 -3 4.5134556941838088e+28
170 -3 6.9142697961132240e+27
172 -3 5.8782699425470056e+26
40 -2 5.2815879545437973e+06
42 -2 1.6572177175035524e+09
44 -2 9.0815644847577850e+10
46 -2 2.1945397740892070e+12
48 -2 3.3082245313901480e+13
50 -2 3.6612629939552056e+14
52 -2 3.3248198530574665e+15
54 -2 2.6274826518896300e+16
56 -2 1.8727023028857491e+17
58 -2 1.2313019580174618e+18
60 -2 7.5406587745917676e+18
62 -2 4.3578675429026980e+19
64 -2 2.3778798906577768e+20
66 -2 1.2308489226067003e+21
68 -2 6.0547357170609464e+21
70 -2 2.8450184655886742e+22
72 -2 1.2791902601097404e+23
74 -2 5.4888998773953434e+23
76 -2 2.2516655686565673e+24
78 -2 8.8458721851065684e+24
80 -2 3.3318190006101274e+25
82 -2 1.2024749507414202e+26
84 -2 4.1539775028484646e+26
86 -2 1.3743737979580166e+27
88 -2 4.3646375726904041e+27
90 -2 1.3245168965010631e+28
92 -2 3.8516821620080266e+28
94 -2 1.0721073586744874e+29
96 -2 2.8539119312575619e+29
98 -2 7.2719424260628155e+29
100 -2 1.7720841356002253e+30
102 -2 4.1264041755933397e+30
104 -2 9.1984300616299066e+30
106 -2 1.9564751628423423e+31
108 -2 3.9724319618946321e+31
110 -2 7.7072349663880972e+31
112 -2 1.4241454233642753e+32
114 -2 2.5162079379728779e+32
116 -2 4.2337101015799907e+32
118 -2 6.7886323745119122e+32
120 -2 1.0376740191854773e+33
122 -2 1.5083169907589025e+33
124 -2 2.0883524751470213e+33
126 -2 2.7480788655439139e+33
128 -2 3.4361468919951235e+33
130 -2 4.0801243309827162e+33
132 -2 4.5934230461914829e+33
134 -2 4.8973082985548544e+33
136 -2 4.9444942346374006e+33
138 -2 4.7117996828598988e+33
140 -2 4.2394314270856987e+33
142 -2 3.5862313807352228e+33
144 -2 2.8500669899500007e+33
146 -2 2.1201835512896409e+33
148 -2 1.4743066679018002e+33
150 -2 9.5203518724079973e+32
152 -2 5.6932303490622827e+32
154 -2 3.1331726730569286e+32
156 -2 1.5759740002382955e+32
158 -2 7.1796334016385227e+31
160 -2 2.9275493158891437e+31
162 -2 1.0513507319289937e+31
164 -2 3.2584074800974124e+30
166 -2 8.4107113991758648e+29
168 -2 1.7187411213246063e+29
170 -2 2.5054696925285014e+28
172 -2 2.0120755100991771e+27
36 -1 2.5989257702067448e+06
38 -1 5.2485486897455472e+08
40 -1 2.4002811067219147e+10
42 -1 5.2189445845982239e+11
44 -1 7.3864844558025752e+12
46 -1 7.9663264758334953e+13
48 -1 7.1737774812130050e+14
50 -1 5.7364992016858440e+15
52 -1 4.2214078049454424e+16
54 -1 2.9026537872819827e+17
56 -1 1.8680435116875814e+18
58 -1 1.1430995811922207e+19
60 -1 6.6183803840184336e+19
62 -1 3.6532513626254049e+20
64 -1 1.9253076140909050e+21
66 -1 9.6968944708410881e+21
68 -1 4.6829576230573118e+22
70 -1 2.1607912037730130e+23
72 -1 9.5707149006915265e+23
74 -1 4.0670359552493766e+24
76 -1 1.6572894005326700e+25
78 -1 6.4779422817319818e+25
80 -1 2.4310747949277248e+26
82 -1 8.7497213640059427e+26
84 -1 3.0191250168793870e+27
86 -1 9.9834508135120679e+27
88 -1 3.1609705195989348e+28
90 -1 9.5875268582910151e+28
92 -1 2.7851716422855151e+29
94 -1 7.7343656533739329e+29
96 -1 2.0589363530396709e+30
98 -1 5.2355600618213504e+30
100 -1 1.2722167884597044e+31
102 -1 2.9522854019868255e+31
104 -1 6.5409155584014585e+31
106 -1 1.3842700547193989e+32
108 -1 2.7944885093604371e+32
110 -1 5.3806740482503166e+32
112 -1 9.8785712313459723e+32
114 -1 1.7285140406327719e+33
116 -1 2.8814846256106146e+33
118 -1 4.5716666078695174e+33
120 -1 6.9064257356776857e+33
122 -1 9.9085500972656336e+33
124 -1 1.3531951627311110e+34
126 -1 1.7545320524794318e+34
128 -1 2.1600656890472564e+34
130 -1 2.5218571232626798e+34
132 -1 2.7895418453630058e+34
134 -1 2.9206318439750389e+34
136 -1 2.8896814437779362e+34
138 -1 2.6981888013663340e+34
140 -1 2.3751072217266121e+34
142 -1 1.9635481714903283e+34
144 -1 1.5238190537849398e+34
146 -1 1.1066636859622030e+34
148 -1 7.4952763906235182e+33
150 -1 4.7134483978354678e+33
152 -1 2.7441146018175977e+33
154 -1 1.4661505128561330e+33
156 -1 7.1528455080003412e+32
158 -1 3.1579770140744042e+32
160 -1 1.2435461706638060e+32
162 -1 4.3145522871591811e+31
164 -1 1.2887331449142200e+31
166 -1 3.1998653816245332e+30
168 -1 6.2647236837893035e+29
170 -1 8.7078178339149929e+28
172 -1 6.6124652410604126e+27
32 0 6.6662608128002810e+05
34 0 9.4887026639137968e+07
36 0 3.6352592652788558e+09
38 0 7.1982635589807266e+10
40 0 9.6032444735354797e+11
42 0 1.0034239533578025e+13
44 0 9.0625219231985328e+13
46 0 7.4721675818835175e+14
48 0 5.7861816951586600e+15
50 0 4.2356196211411032e+16
52 0 2.9250709347589594e+17
54 0 1.9133228807753042e+18
56 0 1.1908136400370092e+19
58 0 7.0845447484341756e+19
60 0 4.0212087741244133e+20
62 0 2.1904123184883693e+21
64 0 1.1441619619114687e+22
66 0 5.7329260619550413e+22
68 0 2.7616347306401582e+23
70 0 1.2770626009484842e+24
72 0 5.6724614307190978e+24
74 0 2.4195417649519004e+25
76 0 9.9098972056548415e+25
78 0 3.8958678919400542e+26
80 0 1.4701985171834652e+27
82 0 5.3210280047467041e+27
84 0 1.8506048986337202e+28
86 0 6.1620504049517786e+28
88 0 1.9656364262827635e+29
90 0 5.9971760871517592e+29
92 0 1.7522651449781333e+30
94 0 4.8954492975346561e+30
96 0 1.3074603978817938e+31
98 0 3.3352621018609799e+31
100 0 8.1211281023696710e+31
102 0 1.8889868125914192e+32
104 0 4.1827249960232896e+32
106 0 8.8487564686804863e+32
108 0 1.7822038566920708e+33
110 0 3.4206368757077451e+33
112 0 6.2536132207268171e+33
114 0 1.0882183167356189e+34
116 0 1.8011634944537449e+34
118 0 2.8351551910909339e+34
120 0 4.2403460957393334e+34
122 0 6.0274673713503803e+34
124 0 8.1299135545428661e+34
126 0 1.0414959787639722e+35
128 0 1.2638782711584718e+35
130 0 1.4549948871318626e+35
132 0 1.5836763263058581e+35
134 0 1.6304927615077470e+35
136 0 1.5838851268090776e+35
138 0 1.4517257573758230e+35
140 0 1.2510553596017412e+35
142 0 1.0130986587546444e+35
144 0 7.6947158197068391e+34
146 0 5.4597756314279148e+34
148 0 3.6080981809024695e+34
150 0 2.2124258665352904e+34
152 0 1.2531417355556383e+34
154 0 6.5091658199076937e+33
156 0 3.0846688656735412e+33
158 0 1.3204909198984014e+33
160 0 5.0411643877406065e+32
162 0 1.6898985927122784e+32
164 0 4.8676023703499429e+31
166 0 1.1630696440350870e+31
168 0 2.1811942647059218e+30
170 0 2.9002878456624445e+29
172 0 2.0884830792004859e+28
28 1 7.0096662785927256e+04
30 1 7.2351374779197397e+06
32 1 2.4008981118388072e+08
34 1 4.2874134618179712e+09
36 1 5.3990314647570206e+10
38 1 5.5694951665290234e+11
40 1 5.2409172694845693e+12
42 1 4.7491017359093945e+13
44 1 4.1068609454640325e+14
46 1 3.3319979055146770e+15
48 1 2.5361028379516736e+16
50 1 1.8217010312245974e+17
52 1 1.2474981019910856e+18
54 1 8.1436990923136737e+18
56 1 5.0798545240304665e+19
58 1 3.0317098139177458e+20
60 1 1.7378491988133623e+21
62 1 9.5465876443104658e+21
64 1 5.0482504727166840e+22
66 1 2.5614360320349044e+23
68 1 1.2524446437593831e+24
70 1 5.8764436642414030e+24
72 1 2.6520770676615880e+25
74 1 1.1491478655046903e+26
76 1 4.7842628976107450e+26
78 1 1.9129135026419281e+27
80 1 7.3436731102304297e+27
82 1 2.7019491276316562e+28
84 1 9.5453270439282430e+28
86 1 3.2215331865797333e+29
88 1 1.0425681501038216e+30
90 1 3.2248246074002671e+30
92 1 9.5427697426405247e+30
94 1 2.6941296722927746e+31
96 1 7.2725233769102391e+31
98 1 1.8716167019996110e+32
100 1 4.5905683725266445e+32
102 1 1.0741194884765384e+33
104 1 2.3926375211274962e+33
106 1 5.0755244824451988e+33
108 1 1.0253400277184067e+34
110 1 1.9701087221253376e+34
112 1 3.5937184676426707e+34
114 1 6.2354719472840613e+34
116 1 1.0291412631110742e+35
118 1 1.6117695127899059e+35
120 1 2.3966682183547820e+35
122 1 3.3795593012062095e+35
124 1 4.5186383323223922e+35
126 1 5.7303763324885020e+35
128 1 6.8774499226327065e+35
130 1 7.8076408332667289e+35
132 1 8.3827530843096966e+35
134 1 8.5030779816736921e+35
136 1 8.1270986276175126e+35
138 1 7.3164207157037104e+35
140 1 6.1915273760708065e+35
142 1 4.9176517788379644e+35
144 1 3.6556916336267697e+35
146 1 2.5364522354398054e+35
148 1 1.6384316508267651e+35
150 1 9.8036692478592850e+34
152 1 5.4103879745785352e+34
154 1 2.7378746141259739e+34
156 1 1.2619895183210659e+34
158 1 5.2413480548038632e+33
160 1 1.9404450792173646e+33
162 1 6.2986905496135295e+32
164 1 1.7508498335415717e+32
166 1 4.0270315016366553e+31
168 1 7.2651713677867884e+30
170 1 9.2252309639905448e+29
172 1 6.3138324198957151e+28
30 2 1.8383480170319301e+04
32 2 1.9204474116501786e+07
34 2 1.5651480594758036e+09
36 2 4.6619109516558876e+10
38 2 8.0610068117731396e+11
40 2 1.0062470865745260e+13
42 2 1.0302087417136764e+14
44 2 9.3531357438998862e+14
46 2 7.9014559764539920e+15
48 2 6.2673698178284240e+16
50 2 4.6998281851857312e+17
52 2 3.3397580041127670e+18
54 2 2.2538097709865488e+19
56 2 1.4541690629873073e+20
58 2 8.9802068115430022e+20
60 2 5.3123211413798445e+21
62 2 3.0125095425388937e+22
64 2 1.6408795336038583e+23
66 2 8.5825417805614349e+23
68 2 4.3156583623051061e+24
70 2 2.0898630019917939e+25
72 2 9.6872906649154443e+25
74 2 4.3248822275393411e+26
76 2 1.8492724247468371e+27
78 2 7.6001191934990111e+27
80 2 2.9938255710101296e+28
82 2 1.1293318905718027e+29
84 2 4.0815732903380096e+29
86 2 1.4111898383021733e+30
88 2 4.6673945589866272e+30
90 2 1.4760349177912202e+31
92 2 4.4510117046535066e+31
94 2 1.2802474812285193e+32
96 2 3.5117246266498260e+32
98 2 9.1780294539708516e+32
100 2 2.2814577046055694e+33
102 2 5.3978682811483796e+33
104 2 1.2144837539724109e+34
106 2 2.5994272323740996e+34
108 2 5.2819431325483770e+34
110 2 1.0189919382728541e+35
112 2 1.8667765254280495e+35
114 2 3.2463035959937557e+35
116 2 5.3504936291789643e+35
118 2 8.3660927798709609e+35
120 2 1.2400316067132295e+36
122 2 1.7417987524213754e+36
124 2 2.3124440262615041e+36
126 2 2.9092731106237245e+36
128 2 3.4576900059476798e+36
130 2 3.8867052237755736e+36
132 2 4.1236273479193274e+36
134 2 4.1272199158441408e+36
136 2 3.8868701459159995e+36
138 2 3.4442859755443243e+36
140 2 2.8664863532256663e+36
142 2 2.2362347114654343e+36
144 2 1.6306500556450192e+36
146 2 1.1082756355278641e+36
148 2 7.0049624333519262e+35
150 2 4.0971819637495388e+35
152 2 2.2072091091542740e+35
154 2 1.0888445129511917e+35
156 2 4.8857251166298067e+34
158 2 1.9732326005383485e+34
160 2 7.0842079391235859e+33
162 2 2.2297665726620467e+33
164 2 5.9934117410307674e+32
166 2 1.3302060049464364e+32
168 2 2.3059000870250651e+31
170 2 2.8058040423117630e+30
172 2 1.8279084131636920e+29
34 3 4.5219557478915220e+06
36 3 2.4507713176336222e+09
38 3 1.5987793485720752e+11
40 3 4.3631166151713970e+12
42 3 7.2956011746832500e+13
44 3 9.0768489407973688e+14
46 3 9.3111100816076220e+15
48 3 8.4310265572636736e+16
50 3 6.9948134737836211e+17
52 3 5.4066829959043768e+18
54 3 3.9429865357014868e+19
56 3 2.7202061552809279e+20
58 3 1.7867114881482755e+21
60 3 1.1191472483298854e+22
62 3 6.6905992573038363e+22
64 3 3.8308801492212064e+23
66 3 2.1036933886815165e+24
68 3 1.1076556255178571e+25
70 3 5.5958525333566844e+25
72 3 2.7127435152283609e+26
74 3 1.2595875747286714e+27
76 3 5.6059699653669291e+27
78 3 2.3944403232933451e+28
80 3 9.7850789093806982e+28
82 3 3.8218255238731921e+29
84 3 1.4300705857752188e+30
86 3 5.1048229773866084e+30
88 3 1.7412429194851019e+31
90 3 5.6620044436719283e+31
92 3 1.7542983616610125e+32
94 3 5.1803040709231934e+32
96 3 1.4541791013834747e+33
98 3 3.8841610816931441e+33
100 3 9.8487065004480853e+33
102 3 2.3716520918868519e+34
104 3 5.4226109651382900e+34
106 3 1.1760105189229031e+35
108 3 2.4175288276064278e+35
110 3 4.7108198908240992e+35
112 3 8.6918619622989135e+35
114 3 1.5207820769570975e+36
116 3 2.5160836621958096e+36
118 3 3.9420888938833591e+36
120 3 5.8402752123877975e+36
122 3 8.1829520815251482e+36
124 3 1.0843560279848497e+37
126 3 1.3568100877297928e+37
128 3 1.6028058922568290e+37
130 3 1.7854959792524892e+37
132 3 1.8768479006163588e+37
134 3 1.8571135316291221e+37
136 3 1.7284328521048714e+37
138 3 1.5101425514048592e+37
140 3 1.2384002473863086e+37
142 3 9.5021396527500466e+36
144 3 6.8072742469490302e+36
146 3 4.5426079467755246e+36
148 3 2.8128540286090899e+36
150 3 1.6103287095266976e+36
152 3 8.4811343309547184e+35
154 3 4.0846504033089719e+35
156 3 1.7857494079596918e+35
158 3 7.0233612752721085e+34
160 3 2.4521560794659659e+34
162 3 7.4805662824932082e+33
164 3 1.9483411567902075e+33
166 3 4.1757649180301377e+32
168 3 6.9734750500778558e+31
170 3 8.1342193405849437e+30
172 3 5.0582975399010295e+29
38 4 6.6009219069281459e+08
40 4 1.8991810049845779e+11
42 4 1.0374735276560959e+13
44 4 2.6118296177922097e+14
46 4 4.2611466192429020e+15
48 4 5.2713306723285808e+16
50 4 5.4269001172415827e+17
52 4 4.9222690559593779e+18
54 4 4.0850825148983517e+19
56 4 3.1388425314202753e+20
58 4 2.2684937633141807e+21
60 4 1.5492597296918432e+22
62 4 1.0040864941866408e+23
64 4 6.1863482431700693e+23
66 4 3.6389207968445060e+24
68 4 2.0438560718986718e+25
70 4 1.0985508528806915e+26
72 4 5.6375476676933714e+26
74 4 2.7697180871007276e+27
76 4 1.3013758607087309e+28
78 4 5.8435450076297597e+28
80 4 2.5054202198258446e+29
82 4 1.0252922108728475e+30
84 4 4.0076257601002576e+30
86 4 1.4921633039674098e+31
88 4 5.3039307311829835e+31
90 4 1.7920109747965798e+32
92 4 5.7545341433713024e+32
94 4 1.7557339133937890e+33
96 4 5.0890232903230827e+33
98 4 1.4001464451821082e+34
100 4 3.6464387484347839e+34
102 4 9.0025812472634365e+34
104 4 2.1037585261439070e+35
106 4 4.6507578385055178e+35
108 4 9.7366598458874385e+35
110 4 1.9267040511946497e+36
112 4 3.6000976500932153e+36
114 4 6.3642680698622925e+36
116 4 1.0622078214024515e+37
118 4 1.6727741925773477e+37
120 4 2.4892355160201755e+37
122 4 3.4961220733117483e+37
124 4 4.6277121022132416e+37
126 4 5.7819022707720920e+37
128 4 6.8029976341754161e+37
130 4 7.5441307362013216e+37
132 4 7.8749180405034083e+37
134 4 7.7233226062472855e+37
136 4 7.1136347577050717e+37
138 4 6.1464654276897342e+37
140 4 4.9736547631003972e+37
142 4 3.7635874275747940e+37
144 4 2.6534023989210409e+37
146 4 1.7409137957751009e+37
148 4 1.0582888453878822e+37
150 4 5.9392364940731947e+36
152 4 3.0632191039382968e+36
154 4 1.4424333252040478e+36
156 4 6.1556308964088261e+35
158 4 2.3607397424505650e+35
160 4 8.0168941631682392e+34
162 4 2.3762662010985311e+34
164 4 5.9978293331828208e+33
166 4 1.2448451477886237e+33
168 4 2.0039948940173630e+32
170 4 2.2474404048734544e+31
172 4 1.3368998686667751e+30
42 5 5.4087072429435860e+10
44 5 1.0327578108898145e+13
46 5 4.7948360523553619e+14
48 5 1.1324314855030344e+16
50 5 1.8003768208624547e+17
52 5 2.2131755476761016e+18
54 5 2.2861210287375446e+19
56 5 2.0886032579077403e+20
58 5 1.7367481232848700e+21
60 5 1.3392343941583561e+22
62 5 9.6682332806484165e+22
64 5 6.5953994685159506e+23
66 5 4.2443212853458091e+24
68 5 2.5999343883020349e+25
70 5 1.5127777430912366e+26
72 5 8.3955420788262580e+26
74 5 4.4321328788977159e+27
76 5 2.2298078280211321e+28
78 5 1.0690501923466160e+29
80 5 4.8811266317774690e+29
82 5 2.1209704784285443e+30
84 5 8.7773989709451390e+30
86 5 3.4517819354730144e+31
88 5 1.2889031833624284e+32
90 5 4.5713010917094204e+32
92 5 1.5385075718489939e+33
94 5 4.9049821609551999e+33
96 5 1.4798877207688456e+34
98 5 4.2277000468337190e+34
100 5 1.1413076085843826e+35
102 5 2.9126016115993273e+35
104 5 7.0076105058910283e+35
106 5 1.5921202566201035e+36
108 5 3.4120430209666476e+36
110 5 6.8990358270100724e+36
112 5 1.3129465972792022e+37
114 5 2.3585643699895016e+37
116 5 3.9864135931979978e+37
118 5 6.3515929058335736e+37
120 5 9.5288612752232668e+37
122 5 1.3457004438552821e+38
124 5 1.7889944707721507e+38
126 5 2.2390419120625418e+38
128 5 2.6346636291654146e+38
130 5 2.9146062743718462e+38
132 5 3.0292994382228727e+38
134 5 2.9540234776500368e+38
136 5 2.7023406520887241e+38
138 5 2.3133516737860302e+38
140 5 1.8519852708164828e+38
142 5 1.3840086629589062e+38
144 5 9.6200797044906080e+37
146 5 6.2181638887595550e+37
148 5 3.7184927608537121e+37
150 5 2.0493475035032254e+37
152 5 1.0366304565768885e+37
154 5 4.7783315730536449e+36
156 5 1.9949765470878231e+36
158 5 7.4642694167813183e+35
160 5 2.4734957893292474e+35
162 5 7.1357274959206092e+34
164 5 1.7479674168224965e+34
166 5 3.5153714162987293e+33
168 5 5.4689016573623733e+32
170 5 5.9059375453443925e+31
172 5 3.3652248456256982e+30
46 6 3.1129526983304360e+12
48 6 4.1639864083409575e+14
50 6 1.6993875089551598e+16
52 6 3.7841157412980787e+17
54 6 5.8685518487714499e+18
56 6 7.1722584664249704e+19
58 6 7.4263112579908619e+20
60 6 6.8352858509046658e+21
62 6 5.7061048483351422e+22
64 6 4.4214002630446958e+23
66 6 3.2056641994918224e+24
68 6 2.1887799545218344e+25
70 6 1.4101792207673688e+26
72 6 8.5918789095361719e+26
74 6 4.9711648089542584e+27
76 6 2.7265975399001259e+28
78 6 1.4190309913722322e+29
80 6 7.0012320110987670e+29
82 6 3.2804790340172376e+30
84 6 1.4567554928181052e+31
86 6 6.1278649343118065e+31
88 6 2.4414817939791979e+32
90 6 9.1988108244111969e+32
92 6 3.2795444225921228e+33
94 6 1.1037970618003797e+34
96 6 3.5062452679237908e+34
98 6 1.0498739516293911e+35
100 6 2.9647223474797752e+35
102 6 7.8817986777558485e+35
104 6 1.9736052627107125e+36
106 6 4.6427333641946644e+36
108 6 1.0274726741257088e+37
110 6 2.1366275408599780e+37
112 6 4.1730796279757095e+37
114 6 7.6597667387451227e+37
116 6 1.3203849887771141e+38
118 6 2.1385965692035035e+38
120 6 3.2520341102083071e+38
122 6 4.6432529347784864e+38
124 6 6.2241394070874843e+38
126 6 7.8328446437390600e+38
128 6 9.2501783878311622e+38
130 6 1.0247152704629586e+39
132 6 1.0639562213450232e+39
134 6 1.0350217013413943e+39
136 6 9.4184839549435262e+38
138 6 8.0142412452986934e+38
140 6 6.3630463008421029e+38
142 6 4.7099631860582795e+38
144 6 3.2377040325285831e+38
146 6 2.0645630913148190e+38
148 6 1.2164551718824907e+38
150 6 6.5969157810379450e+37
152 6 3.2773819343538535e+37
154 6 1.4827404769029406e+37
156 6 6.0658971007983829e+36
158 6 2.2191626072311473e+36
160 6 7.1768343805480787e+35
162 6 2.0187194329951831e+35
164 6 4.8098802590310516e+34
166 6 9.3954028431083599e+33
168 6 1.4156467180100409e+33
170 6 1.4743869896535278e+32
172 6 8.0681652784634952e+30
50 7 1.3147284512127144e+14
52 7 1.3223417179687416e+16
54 7 4.7811503384894106e+17
56 7 1.0121428579732705e+19
58 7 1.5352092471318079e+20
60 7 1.8668952391030596e+21
62 7 1.9394093579135477e+22
64 7 1.7918950138925495e+23
66 7 1.5073967551563621e+24
68 7 1.1767850814833607e+25
70 7 8.5736890224135005e+25
72 7 5.8597335611980701e+26
74 7 3.7767500230875647e+27
76 7 2.2983383583496738e+28
78 7 1.3208322755033693e+29
80 7 7.1641931755938585e+29
82 7 3.6747441529719176e+30
84 7 1.7776225488923094e+31
86 7 8.1239243522492806e+31
88 7 3.5006384018366668e+32
90 7 1.4216589797653487e+33
92 7 5.4357261002669236e+33
94 7 1.9566303990418500e+34
96 7 6.6227021192258447e+34
98 7 2.1035895021713452e+35
100 7 6.2806175758322295e+35
102 7 1.7601261534250790e+36
104 7 4.6190470537677211e+36
106 7 1.1362957672417149e+37
108 7 2.6178119740396430e+37
110 7 5.6498469152734485e+37
112 7 1.1415582649423857e+38
114 7 2.1583214368236944e+38
116 7 3.8170591617543936e+38
118 7 6.3196583908897278e+38
120 7 9.8022906174306595e+38
122 7 1.4232556162630892e+39
124 7 1.9325984451932661e+39
126 7 2.4572613519127984e+39
128 7 2.9247869014137929e+39
130 7 3.2581910745521108e+39
132 7 3.3923925954328811e+39
134 7 3.3013337966673819e+39
136 7 3.0013160708115759e+39
138 7 2.5449474214901318e+39
140 7 2.0110528466227783e+39
142 7 1.4766258511668121e+39
144 7 1.0066257086208464e+39
146 7 6.3492605494857219e+38
148 7 3.6952747843894938e+38
150 7 1.9753012749925084e+38
152 7 9.6624789968548162e+37
154 7 4.3011878783708394e+37
156 7 1.7250805577393868e+37
158 7 6.1865121559494543e+36
160 7 1.9582334198388222e+36
162 7 5.3731868208269182e+35
164 7 1.2489694365778413e+35
166 7 2.3690324860517801e+34
168 7 3.4637464657850173e+33
170 7 3.4884494204047639e+32
172 7 1.8377335087949652e+31
52 8 4.0076247106242627e+12
54 8 4.3092528150182250e+15
56 8 3.3736223983544685e+17
58 8 1.1060586132723319e+19
60 8 2.2316575278793602e+20
62 8 3.3257041334668723e+21
64 8 4.0142388005818081e+22
66 8 4.1724393066468955e+23
68 8 3.8793811585592472e+24
70 8 3.2924787504066144e+25
72 8 2.5827257618818237e+26
74 8 1.8873678364240119e+27
76 8 1.2943403132317889e+28
78 8 8.3540769103965236e+28
80 8 5.0574570349046662e+29
82 8 2.8860065440174667e+30
84 8 1.5476918391585694e+31
86 8 7.8009423124406181e+31
88 8 3.6937229646051254e+32
90 8 1.6406784351463484e+33
92 8 6.8282535724962075e+33
94 8 2.6638422973151457e+34
96 8 9.7341798439676180e+34
98 8 3.3262813507452598e+35
100 8 1.0630376274942193e+36
102 8 3.1721367738065743e+36
104 8 8.8377027864976770e+36
106 8 2.2981551292743336e+37
108 8 5.5715365481649152e+37
110 8 1.2587824933089428e+38
112 8 2.6528227407350223e+38
114 8 5.2090871446879737e+38
116 8 9.5345210318257674e+38
118 8 1.6266412157963231e+39
120 8 2.5883064192508071e+39
122 8 3.8416922931048012e+39
124 8 5.3196254037627092e+39
126 8 6.8711418556419507e+39
128 8 8.2845608017876265e+39
130 8 9.3183868757073880e+39
132 8 9.7726245695581416e+39
134 8 9.5567923240810223e+39
136 8 8.7046395855632402e+39
138 8 7.3769929540771934e+39
140 8 5.8131542592506325e+39
142 8 4.2523025541000301e+39
144 8 2.8809642033664385e+39
146 8 1.8024745507772427e+39
148 8 1.0386977112284979e+39
150 8 5.4899540544738331e+38
152 8 2.6500423127326357e+38
154 8 1.1606684395087832e+38
156 8 4.5832575345321797e+37
158 8 1.6127835130481757e+37
160 8 5.0004705484109553e+36
162 8 1.3432023545971452e+36
164 8 3.0448837987944136e+35
166 8 5.6301884368725085e+34
168 8 7.9975110122773409e+33
170 8 7.8073596260901702e+32
172 8 3.9677973343563865e+31
56 9 2.8040449988669838e+14
58 9 1.1070246738980339e+17
60 9 7.1479321496117135e+18
62 9 2.1419601643721274e+20
64 9 4.1517687553274827e+21
66 9 6.0554185590228602e+22
68 9 7.2771188117465917e+23
70 9 7.5891753964127338e+24
72 9 7.0838412161983213e+25
74 9 6.0362228597584901e+26
76 9 4.7548089621816388e+27
78 9 3.4956314196979632e+28
80 9 2.4023524975011052e+29
82 9 1.5449209556298295e+30
84 9 9.3241598386910608e+30
86 9 5.2639267944540932e+31
88 9 2.7826435297422531e+32
90 9 1.3729930093133438e+33
92 9 6.3228254864741225e+33
94 9 2.7160060653508957e+34
96 9 1.0876979622025351e+35
98 9 4.0523243309247281e+35
100 9 1.4043875984821105e+36
102 9 4.5282015742633005e+36
104 9 1.3557494611829658e+37
106 9 3.7696139314897992e+37
108 9 9.7279223527295758e+37
110 9 2.3269671339240552e+38
112 9 5.1647464760078681e+38
114 9 1.0632802821138424e+39
116 9 2.0318710070433633e+39
118 9 3.6004434740243472e+39
120 9 5.9244707274732289e+39
122 9 9.0650252269186203e+39
124 9 1.2872928081521972e+40
126 9 1.6989285482687074e+40
128 9 2.0858838867769549e+40
130 9 2.3809193483750155e+40
132 9 2.5273611414784080e+40
134 9 2.4931462764882980e+40
136 9 2.2846925552380493e+40
138 9 1.9431929248751054e+40
140 9 1.5334895316657597e+40
142 9 1.1200416163659977e+40
144 9 7.5612521620648252e+39
146 9 4.7082620629612766e+39
148 9 2.6918911796202858e+39
150 9 1.4097670128270833e+39
152 9 6.7290177529995386e+38
154 9 2.9113929884755436e+38
156 9 1.1319158659126026e+38
158 9 3.9196978741263649e+37
160 9 1.1943113308398159e+37
162 9 3.1415108054251569e+36
164 9 6.9718574650745587e+35
166 9 1.2580289909727015e+35
168 9 1.7382193780380782e+34
170 9 1.6465424149509934e+33
172 9 8.0972069617277043e+31
60 10 1.0097442264427112e+16
62 10 2.3408315328409083e+18
64 10 1.2758811861088544e+20
66 10 3.5408461383849974e+21
68 10 6.5751222406545890e+22
70 10 9.4587533575761506e+23
72 10 1.1299531972514549e+25
74 10 1.1804783208614692e+26
76 10 1.1052617571085998e+27
78 10 9.4651044965571520e+27
80 10 7.4950990504826876e+28
82 10 5.5229527190666887e+29
84 10 3.7934964344362779e+30
86 10 2.4320511224290975e+31
88 10 1.4545563896268434e+32
90 10 8.1054231999088472e+32
92 10 4.1964026135344956e+33
94 10 2.0161079265316586e+34
96 10 8.9850118795215980e+34
98 10 3.7108487207830121e+35
100 10 1.4167985422727389e+36
102 10 5.0033756197094892e+36
104 10 1.6323753428556311e+37
106 10 4.9208404788543676e+37
108 10 1.3684704193905310e+38
110 10 3.5091011434542159e+38
112 10 8.2981847805769116e+38
114 10 1.8110896026828662e+39
116 10 3.6471462699931598e+39
118 10 6.7818923714376007e+39
120 10 1.1646511543879318e+40
122 10 1.8481707521984058e+40
124 10 2.7142986828825878e+40
126 10 3.6867423783330906e+40
128 10 4.6362367304027343e+40
130 10 5.4032935840095240e+40
132 10 5.8285711069901726e+40
134 10 5.8279129711326305e+40
136 10 5.3984909958061409e+40
138 10 4.6295943669688503e+40
140 10 3.6689998739099484e+40
142 10 2.6865127267319009e+40
144 10 1.8137320463730088e+40
146 10 1.1263608768025840e+40
148 10 6.4141145030442169e+39
150 10 3.3384939113851957e+39
152 10 1.5801868410222705e+39
154 10 6.7639119569228145e+38
156 10 2.5977412537012110e+38
158 10 8.8713447816882689e+37
160 10 2.6567983469653089e+37
162 10 6.8674321007599669e+36
164 10 1.4930060578229734e+36
166 10 2.6354051089656769e+35
168 10 3.5526702467302199e+34
170 10 3.2750831364621042e+33
172 10 1.5613913444745745e+32
64 11 2.6319590123702698e+17
66 11 4.1341884296013718e+19
68 11 1.9516904701015706e+21
70 11 5.0224980593045953e+22
72 11 9.0549269779193036e+23
74 11 1.2804074825668359e+25
76 11 1.5228850245396839e+26
78 11 1.5881071575389832e+27
80 11 1.4916385428367676e+28
82 11 1.2833121675215957e+29
84 11 1.0194017480956993e+30
86 11 7.5260967496404242e+30
88 11 5.1525401108768609e+31
90 11 3.2819340659292173e+32
92 11 1.9398955884567382e+33
94 11 1.0589555521826153e+34
96 11 5.3422824641770467e+34
98 11 2.4836948825871154e+35
100 11 1.0627237032891034e+36
102 11 4.1788803223911865e+36
104 11 1.5097298283446382e+37
106 11 5.0027983161607699e+37
108 11 1.5217517575854776e+38
110 11 4.2391227366150368e+38
112 11 1.0831011673677259e+39
114 11 2.5364497840354107e+39
116 11 5.4464496927790077e+39
118 11 1.0729813106894329e+40
120 11 1.9413880699111969e+40
122 11 3.2286135108862573e+40
124 11 4.9380154210540099e+40
126 11 6.9533178183573515e+40
128 11 9.0252559531435436e+40
130 11 1.0797285293384021e+41
132 11 1.1926622908153900e+41
134 11 1.2150728505689874e+41
136 11 1.1428607355882015e+41
138 11 9.9194738337289990e+40
140 11 7.9320854136771470e+40
142 11 5.8433230151441971e+40
144 11 3.9582656628096582e+40
146 11 2.4598757973102660e+40
148 11 1.3992186634197639e+40
150 11 7.2593739207335499e+39
152 11 3.4151895133612092e+39
154 11 1.4499629429570904e+39
156 11 5.5165144322574641e+38
158 11 1.8616855026067536e+38
160 11 5.5006231260806039e+37
162 11 1.3993749943661170e+37
164 11 2.9889994920974879e+36
166 11 5.1670736467116441e+35
168 11 6.8095859846883767e+34
170 11 6.1198507005223541e+33
172 11 2.8337536542825240e+32
68 12 5.2761844749822013e+18
70 12 6.2568255609203327e+20
72 12 2.5593255040879209e+22
74 12 6.2449863997103382e+23
76 12 1.0878004075349002e+25
78 12 1.5181962327845837e+26
80 12 1.7945771044459405e+27
82 12 1.8706295787949460e+28
84 12 1.7623565746509514e+29
86 12 1.5223801859020735e+30
88 12 1.2119584565640045e+31
90 12 8.9238845349446016e+31
92 12 6.0818278531320085e+32
94 12 3.8301428655331140e+33
96 12 2.2176539889598530e+34
98 12 1.1806648798735823e+35
100 12 5.7587660300113267e+35
102 12 2.5658230874978536e+36
104 12 1.0439811432740560e+37
106 12 3.8713231660174187e+37
108 12 1.3074893146969660e+38
110 12 4.0234146122332105e+38
112 12 1.1257108428122569e+39
114 12 2.8690419815788530e+39
116 12 6.6561831403783210e+39
118 12 1.4063827421264644e+40
120 12 2.7124832802704187e+40
122 12 4.7717427343904939e+40
124 12 7.6784283890154338e+40
126 12 1.1308267627760475e+41
128 12 1.5257819124538710e+41
130 12 1.8891143056169356e+41
132 12 2.1473469608850414e+41
134 12 2.2431694430934028e+41
136 12 2.1534566792825561e+41
138 12 1.9000654808441465e+41
140 12 1.5405214320253157e+41
142 12 1.1470557938046600e+41
144 12 7.8268168966785184e+40
146 12 4.8874703624996066e+40
148 12 2.7857104433818773e+40
150 12 1.4441427075304946e+40
152 12 6.7785980358094729e+39
154 12 2.8640083995921547e+39
156 12 1.0803821629622301e+39
158 12 3.6140003282037957e+38
160 12 1.0562385436802966e+38
162 12 2.6494871491334267e+37
164 12 5.5682468829981048e+36
166 12 9.4577834116098393e+35
168 12 1.2215364230520203e+35
170 12 1.0721724159695310e+34
172 12 4.8405702235542010e+32
72 13 9.3056278772423229e+19
74 13 7.9820548745922295e+21
76 13 2.9687503308129317e+23
78 13 6.7922853664676330e+24
80 13 1.1552720260955853e+26
82 13 1.5855807250724011e+27
84 13 1.8677493656380311e+28
86 13 1.9470588717578573e+29
88 13 1.8404017318598512e+30
90 13 1.5911062422302316e+31
92 13 1.2659371159996851e+32
94 13 9.2793661773924411e+32
96 13 6.2632157199804185e+33
98 13 3.8730364102627376e+34
100 13 2.1857924336128344e+35
102 13 1.1241090721702572e+36
104 13 5.2445614475365776e+36
106 13 2.2164232545623286e+37
108 13 8.4724269551135585e+37
110 13 2.9257511606024187e+38
112 13 9.1293079511634381e+38
114 13 2.5709117693956482e+39
116 13 6.5417387031353395e+39
118 13 1.5046712722485594e+40
120 13 3.1305155750427978e+40
122 13 5.8996637458355277e+40
124 13 1.0089907920661286e+41
126 13 1.5692655058191623e+41
128 13 2.2208518864648729e+41
130 13 2.8675674717107022e+41
132 13 3.3810521849081590e+41
134 13 3.6443002795764879e+41
136 13 3.5930430841382483e+41
138 13 3.2423888403823025e+41
140 13 2.6765937549891498e+41
142 13 2.0232351781463094e+41
144 13 1.3967199594070983e+41
146 13 8.7954363821380614e+40
148 13 5.0421610322159222e+40
150 13 2.6189126123178197e+40
152 13 1.2297009954411684e+40
154 13 5.1839953696608270e+39
156 13 1.9476972561359202e+39
158 13 6.4669642737642191e+38
160 13 1.8732967514255933e+38
162 13 4.6487656119594183e+37
164 13 9.6425040068275301e+36
166 13 1.6115989121175399e+36
168 13 2.0445385634153667e+35
170 13 1.7593596097073151e+34
172 13 7.7516961774825657e+32
74 14 3.0223063237118623e+18
76 14 1.2532544470593160e+21
78 14 9.0017285196550708e+22
80 14 2.9960675921013445e+24
82 14 6.5872987847674079e+25
84 14 1.0844518045798469e+27
86 14 1.4743480695289741e+28
88 14 1.7285657298401290e+29
90 14 1.8031313904547873e+30
92 14 1.7053023937740153e+31
94 14 1.4759702322208034e+32
96 14 1.1707311637727145e+33
98 14 8.5115917137942431e+33
100 14 5.6454232002417857e+34
102 14 3.4031177791392752e+35
104 14 1.8557962971240443e+36
106 14 9.1092013272361140e+36
108 14 4.0171066218147045e+37
110 14 1.5890488197977081e+38
112 14 5.6299121287828525e+38
114 14 1.7857293601001328e+39
116 14 5.0710212369737450e+39
118 14 1.2891409621598831e+40
120 14 2.9384612833400583e+40
122 14 6.0120240708738878e+40
124 14 1.1073795674663241e+41
126 14 1.8382722303400103e+41
128 14 2.7581215123160767e+41
130 14 3.7466747156257597e+41
132 14 4.6176750274070538e+41
134 14 5.1745916902929071e+41
136 14 5.2745206591454719e+41
138 14 4.8963898589765693e+41
140 14 4.1406200347591353e+41
142 14 3.1906699123879166e+41
144 14 2.2393176699954005e+41
146 14 1.4276211270245551e+41
148 14 8.2537657940321946e+40
150 14 4.3193202353052685e+40
152 14 2.0346455337363274e+40
154 14 8.5854627298277930e+39
156 14 3.2217342794549623e+39
158 14 1.0648362498651162e+39
160 14 3.0637253763109379e+38
162 14 7.5383952380647582e+37
164 14 1.5462627581170635e+37
166 14 2.5521248435914026e+36
168 14 3.1879163848647753e+35
170 14 2.6923192991932261e+34
172 14 1.1617199301076235e+33
78 15 5.8503725534159151e+19
80 15 1.5016660966813456e+22
82 15 8.7463805188186864e+23
84 15 2.7148737850797006e+25
86 15 5.6511128400565933e+26
88 15 9.1303288027270365e+27
90 15 1.2268994598353081e+29
92 15 1.4320764462103359e+30
94 15 1.4957153346060001e+31
96 15 1.4165045474658077e+32
98 15 1.2226426075570805e+33
100 15 9.6342581824050858e+33
102 15 6.8944658308463196e+34
104 15 4.4641830330873959e+35
106 15 2.5941686848700409e+36
108 15 1.3478618343390866e+37
110 15 6.2331551856843435e+37
112 15 2.5609383679503901e+38
114 15 9.3411647633763325e+38
116 15 3.0189210169967791e+39
118 15 8.6555334379344489e+39
120 15 2.2002089402363497e+40
122 15 4.9674306158065491e+40
124 15 9.9982508845111444e+40
126 15 1.7957288982697202e+41
128 15 2.8895190050981518e+41
130 15 4.1748101932172699e+41
132 15 5.4327031746527251e+41
134 15 6.3778770131061862e+41
136 15 6.7701188957265469e+41
138 15 6.5085192141479588e+41
140 15 5.6719179450906601e+41
142 15 4.4827198717609247e+41
144 15 3.2100455640488391e+41
146 15 2.0813439541267529e+41
148 15 1.2200808872684615e+41
150 15 6.4447635781900355e+40
152 15 3.0582511751816877e+40
154 15 1.2966249724844377e+40
156 15 4.8703953848446723e+39
158 15 1.6088781828854622e+39
160 15 4.6116718249090922e+38
162 15 1.1279315167732356e+38
164 15 2.2937856758594056e+37
166 15 3.7430815699518735e+36
168 15 4.6180700492267534e+35
170 15 3.8390359717887445e+34
172 15 1.6256477266702601e+33
82 16 9.5172493499816241e+20
84 16 1.4845505353058829e+23
86 16 7.6588522607067924e+24
88 16 2.1743929586269759e+26
90 16 4.3623403388988992e+27
92 16 6.8976511180092651e+28
94 16 9.1947215028948702e+29
96 16 1.0711963675520702e+31
98 16 1.1193432334817186e+32
100 16 1.0582120430806800e+33
102 16 9.0802820453553360e+33
104 16 7.0599674355398972e+34
106 16 4.9338227633083310e+35
108 16 3.0784624740609174e+36
110 16 1.7018982864874460e+37
112 16 8.3089963271561377e+37
114 16 3.5641092105917941e+38
116 16 1.3425139920710679e+39
118 16 4.4312720413167837e+39
120 16 1.2834876626683100e+40
122 16 3.2615838910849770e+40
124 16 7.2979441101523551e+40
126 16 1.4417460105179775e+41
128 16 2.5211166678233857e+41
130 16 3.9228739732124519e+41
132 16 5.4454286973965745e+41
134 16 6.7632329105653927e+41
136 16 7.5417011316720838e+41
138 16 7.5647559742378286e+41
140 16 6.8372814010533161e+41
142 16 5.5734577617237906e+41
144 16 4.0971889643808690e+41
146 16 2.7163990114991161e+41
148 16 1.6208008290803357e+41
150 16 8.6880931314210107e+40
152 16 4.1642588858820535e+40
154 16 1.7782832423090878e+40
156 16 6.7147196182549830e+39
158 16 2.2223743974395787e+39
160 16 6.3665696452219594e+38
162 16 1.5519619686219412e+38
164 16 3.1382201987029635e+37
166 16 5.0807281586264030e+36
168 16 6.1939706362611786e+35
170 16 5.0837603479936137e+34
172 16 2.1166549861900914e+33
86 17 1.0672604484020099e+22
88 17 1.3344388020241941e+24
90 17 5.8993918343028252e+25
92 17 1.5686241774302318e+27
94 17 3.0341359322175150e+28
96 17 4.7282721216393219e+29
98 17 6.2383968914241384e+30
100 17 7.2705475952380273e+31
102 17 7.5840844093419039e+32
104 17 7.1375305803329810e+33
106 17 6.0649425046830597e+34
108 17 4.6083675731237885e+35
110 17 3.1078845576143048e+36
112 17 1.8424995701949071e+37
114 17 9.5359712426336428e+37
116 17 4.2917351269401615e+38
118 17 1.6746997955032213e+39
120 17 5.6603505040969185e+39
122 17 1.6577476674978082e+40
124 17 4.2140098736055355e+40
126 17 9.3245914353795397e+40
128 17 1.8043736724124778e+41
130 17 3.0671866051770039e+41
132 17 4.6025569911145390e+41
134 17 6.1186476489437993e+41
136 17 7.2346980613466938e+41
138 17 7.6366667449928995e+41
140 17 7.2140730170352278e+41
142 17 6.1045709221062822e+41
144 17 4.6346768438974638e+41
146 17 3.1567787764827438e+41
148 17 1.9279951339777584e+41
150 17 1.0520704970116574e+41
152 17 5.1210485532539556e+40
154 17 2.2112536982024544e+40
156 17 8.4147215921295132e+39
158 17 2.8002259613870925e+39
160 17 8.0383634143220662e+38
162 17 1.9577765364368382e+38
164 17 3.9497236578766568e+37
166 17 6.3541940442491634e+36
168 17 7.6847936596440659e+35
170 17 6.2424446673951677e+34
172 17 2.5614162956511627e+33
90 18 1.1455083536174195e+23
92 18 1.0356757987419596e+25
94 18 4.0622439342516818e+26
96 18 1.0181532815247567e+28
98 18 1.9231885211953438e+29
100 18 2.9313907140975448e+30
102 18 3.8662347248925114e+31
104 18 4.4884974738871184e+32
106 18 4.6709628763969648e+33
108 18 4.3662076402465903e+34
110 18 3.6341777992017033e+35
112 18 2.6686696591889606e+36
114 18 1.7070686486483991e+37
116 18 9.4409948770184249e+37
118 18 4.4790742379308222e+38
120 18 1.8182376965548081e+39
122 18 6.3037232671305582e+39
124 18 1.8700713137388327e+40
126 18 4.7498301103187903e+40
128 18 1.0384884705502038e+41
130 18 1.9650372703558041e+41
132 18 3.2361701199074768e+41
134 18 4.6681621566584546e+41
136 18 5.9226256922240510e+41
138 18 6.6437720811479580e+41
140 18 6.6141198120355125e+41
142 18 5.8588831780575912e+41
144 18 4.6240770766476705e+41
146 18 3.2553764309875043e+41
148 18 2.0438718587461153e+41
150 18 1.1419070798253913e+41
152 18 5.6624397065304172e+40
154 18 2.4817084629689306e+40
156 18 9.5613362266886345e+39
158 18 3.2064583663814981e+39
160 18 9.2569858161300653e+38
162 18 2.2599282721477360e+38
164 18 4.5557540053154440e+37
166 18 7.3117111810752768e+36
168 18 8.7937008997951810e+35
170 18 7.0782409339290178e+34
172 18 2.8743429450575622e+33
92 19 2.1618183336896991e+21
94 19 1.0026377500823833e+24
96 19 7.0513048574733151e+25
98 19 2.5115186807725258e+27
100 19 6.0621898748030927e+28
102 19 1.0995077883063749e+30
104 19 1.6724948979661366e+31
106 19 2.1878149464992540e+32
108 19 2.5422821559635202e+33
110 19 2.6304357746564252e+34
112 19 2.4154498165504959e+35
114 19 1.9462700307790671e+36
116 19 1.3552693229895910e+37
118 19 8.0538638580842005e+37
120 19 4.0590398675357718e+38
122 19 1.7219602791489180e+39
124 19 6.1427930012227867e+39
126 19 1.8455428091132812e+40
128 19 4.6829920882689961e+40
130 19 1.0093821908529853e+41
132 19 1.8620743856810302e+41
134 19 2.9613271656867472e+41
136 19 4.0904048843075572e+41
138 19 4.9385336467899351e+41
140 19 5.2333020305365820e+41
142 19 4.8936214125067890e+41
144 19 4.0451328664819856e+41
146 19 2.9619159234684081e+41
148 19 1.9229802615384481e+41
150 19 1.1051041070628559e+41
152 19 5.6126445780992171e+40
154 19 2.5094625967509327e+40
156 19 9.8152057474131787e+39
158 19 3.3327655382136246e+39
160 19 9.6932561922721628e+38
162 19 2.3814024713446191e+38
164 19 4.8143531907374530e+37
166 19 7.7224093038815876e+36
168 19 9.2575975578926858e+35
170 19 7.4080356053825161e+34
172 19 2.9786870526386122e+33
96 20 3.5171410482557924e+22
98 20 7.1991486636874934e+24
100 20 4.2631525262502467e+26
102 20 1.4393124814135837e+28
104 20 3.2307839656483899e+29
106 20 5.8215126952645019e+30
108 20 8.7333602725071145e+31
110 20 1.1441695249243673e+33
112 20 1.3230784923167254e+34
114 20 1.3524676378862659e+35
116 20 1.2055335100126488e+36
118 20 9.2159955690313380e+36
120 20 5.9408051987421604e+37
122 20 3.1961829824181299e+38
124 20 1.4245687380614638e+39
126 20 5.2454924261188783e+39
128 20 1.5980953077134309e+40
130 20 4.0434887112272787e+40
132 20 8.5706701372825462e+40
134 20 1.5359733596379794e+41
136 20 2.3502060726461580e+41
138 20 3.0961028511646605e+41
140 20 3.5384496319827561e+41
142 20 3.5280571786543361e+41
144 20 3.0816784228664733e+41
146 20 2.3664920405250335e+41
148 20 1.5991256379958191e+41
150 20 9.5117149303652702e+40
152 20 4.9705042609006440e+40
154 20 2.2759833751636333e+40
156 20 9.0784875422247955e+39
158 20 3.1303635166703506e+39
160 20 9.2192634458965727e+38
162 20 2.2823809518159305e+38
164 20 4.6420389189423329e+37
166 20 7.4627921179420078e+36
168 20 8.9416547067562198e+35
170 20 7.1300551081275971e+34
172 20 2.8531750777476297e+33
100 21 3.1172309335244220e+23
102 21 4.4356921188386137e+25
104 21 2.4495044529796220e+27
106 21 7.2383420882514958e+28
108 21 1.6067853251556153e+30
110 21 2.8280951554141660e+31
112 21 4.2396589029049319e+32
114 21 5.5303620364993338e+33
116 21 6.3472271914248232e+34
118 21 6.3155427894434928e+35
120 21 5.3543476146209536e+36
122 21 3.7791766291197838e+37
124 21 2.1899730698304997e+38
126 21 1.0314732669410845e+39
128 21 3.9324502004220503e+39
130 21 1.2145543968560779e+40
132 21 3.0597890849908348e+40
134 21 6.3585148338325528e+40
136 21 1.1029772044375683e+41
138 21 1.6157320097487575e+41
140 21 2.0221453318585571e+41
142 21 2.1773857639895275e+41
144 21 2.0309508328067002e+41
146 21 1.6489927073334609e+41
148 21 1.1687917681508667e+41
150 21 7.2408638627962865e+40
152 21 3.9174114374764096e+40
154 21 1.8466412954685046e+40
156 21 7.5397426342488666e+39
158 21 2.6512668321493859e+39
160 21 7.9336728631915328e+38
162 21 1.9873250174900254e+38
164 21 4.0748565620292343e+37
166 21 6.5902408401303988e+36
168 21 7.9166534726274539e+35
170 21 6.3051292553211006e+34
172 21 2.5148689715402244e+33
104 22 2.0929086272366063e+24
106 22 2.7569563580956291e+26
108 22 1.1839381167625886e+28
110 22 3.4352888446972036e+29
112 22 7.3365329613817493e+30
114 22 1.2826365446182541e+32
116 22 1.9083109678380108e+33
118 22 2.4890474494447489e+34
120 22 2.7908567007699080e+35
122 22 2.6542227863332903e+36
124 22 2.0719535373194178e+37
126 22 1.3063123738825597e+38
128 22 6.5408177955277580e+38
130 22 2.5909288318496573e+39
132 22 8.1205778244426935e+39
134 22 2.0321110467639282e+40
136 22 4.1215405315053231e+40
138 22 6.8881373765509685e+40
140 22 9.6198506927189047e+40
142 22 1.1364234490147300e+41
144 22 1.1466108213329909e+41
146 22 9.9523394546941698e+40
148 22 7.4666422949281603e+40
150 22 4.8528343697376586e+40
152 22 2.7345731039561665e+40
154 22 1.3334289039895436e+40
156 22 5.6066989736425439e+39
158 22 2.0192572097588370e+39
160 22 6.1610023045843390e+38
162 22 1.5678469185133643e+38
164 22 3.2537855531187342e+37
166 22 5.3029463950884557e+36
168 22 6.3961857548066372e+35
170 22 5.1114761033319021e+34
172 22 2.0365765370375118e+33
108 23 1.7498852427296994e+25
110 23 1.3209822778416501e+27
112 23 5.4701497779095273e+28
114 23 1.4924162548438426e+30
116 23 3.1335959688965647e+31
118 23 5.4103882236955183e+32
120 23 8.1252955249827744e+33
122 23 1.0349244349734996e+35
124 23 1.1168506830483488e+36
126 23 9.7730305292459315e+36
128 23 6.7603878808361506e+37
130 23 3.6306747430039470e+38
132 23 1.5024359399718034e+39
134 23 4.7761213231799583e+39
136 23 1.1837168516213727e+40
138 23 2.3337450494886681e+40
140 23 3.7344606991051351e+40
142 23 4.9434183380006320e+40
144 23 5.4857959279787624e+40
146 23 5.1553293974583865e+40
148 23 4.1375592437089732e+40
150 23 2.8461310651566344e+40
152 23 1.6825282433192594e+40
154 23 8.5514731022783845e+39
156 23 3.7197102401878875e+39
158 23 1.3789832964209923e+39
160 23 4.3085680111053177e+38
162 23 1.1176742133913535e+38
164 23 2.3544746486274965e+37
166 23 3.8826654763757800e+36
168 23 4.7208476800181163e+35
170 23 3.7889350517363986e+34
172 23 1.5113699861221666e+33
110 24 4.1967553876068344e+23
112 24 8.7650155478841921e+25
114 24 6.0903775026965399e+27
116 24 2.3137224782572055e+29
118 24 6.0809268631255537e+30
120 24 1.2437052510410846e+32
122 24 2.1813255785356595e+33
124 24 3.2019148820859092e+34
126 24 3.9781061735949149e+35
128 24 3.9484391736657271e+36
130 24 3.0406313404452429e+37
132 24 1.7659047600768354e+38
134 24 7.6589323772684994e+38
136 24 2.4709741235979766e+39
138 24 6.0389446073256883e+39
140 24 1.1510531695513844e+40
142 24 1.7561827478279439e+40
144 24 2.1888640964320590e+40
146 24 2.2652740818224254e+40
148 24 1.9694432614276438e+40
150 24 1.4507426774683331e+40
152 24 9.0801985094121282e+39
154 24 4.8404716910159612e+39
156 24 2.1952060531860856e+39
158 24 8.4104461871332331e+38
160 24 2.7033935791392011e+38
162 24 7.1795931960382455e+37
164 24 1.5406091196570338e+37
166 24 2.5785568262955138e+36
168 24 3.1696942224125806e+35
170 24 2.5614005029500081e+34
172 24 1.0272416886030310e+33
114 25 2.5228314707488905e+24
116 25 4.2091892234944726e+26
118 25 2.6050868971005398e+28
120 25 9.1240709918468422e+29
122 25 2.2840089971249118e+31
124 25 4.8036143207631171e+32
126 25 8.1860711643578765e+33
128 25 1.1893418649731971e+35
130 25 1.3574432093846843e+36
132 25 1.1832127424682117e+37
134 25 7.5186156590052763e+37
136 25 3.4445686149222837e+38
138 25 1.1251075671581944e+39
140 25 2.7001758664253594e+39
142 25 4.9382400602432551e+39
144 25 7.1320416171038782e+39
146 25 8.3120330367755303e+39
148 25 7.9710824317740402e+39
150 25 6.3627625537220863e+39
152 25 4.2656176858935850e+39
154 25 2.4064524866086549e+39
156 25 1.1442991955228874e+39
158 25 4.5676927287192821e+38
160 25 1.5176552366016868e+38
162 25 4.1456700301270929e+37
164 25 9.0977880643448459e+36
166 25 1.5518990175075487e+36
168 25 1.9348896448564028e+35
170 25 1.5794817201763350e+34
172 25 6.3734885534034048e+32
118 26 1.3529554435703793e+25
120 26 1.9694630877426279e+27
122 26 1.0191189806609883e+29
124 26 3.2696883573081460e+30
126 26 8.5462029419241492e+31
128 26 1.7133421489020564e+33
130 26 2.9597945547956130e+34
132 26 3.9577746491144920e+35
134 26 3.9675200866201192e+36
136 26 2.7929851796621452e+37
138 26 1.3640156136902548e+38
140 26 4.5057948475357559e+38
142 26 1.0541597370431900e+39
144 26 1.8401489071751929e+39
146 26 2.4930802699662627e+39
148 26 2.6973801841168886e+39
150 26 2.3765783990909758e+39
152 26 1.7270042072360376e+39
154 26 1.0427981839995668e+39
156 26 5.2485165739733310e+38
158 26 2.1968812378994668e+38
160 26 7.5966345989347359e+37
162 26 2.1432548598367406e+37
164 26 4.8344394472460372e+36
166 26 8.4330087733212009e+35
168 26 1.0698783801842455e+35
170 26 8.8627938652690107e+33
172 26 3.6045853226144749e+32
122 27 8.5413469242946593e+25
124 27 7.9630327032979439e+27
126 27 3.5075526839329524e+29
128 27 1.2121130078848533e+31
130 27 2.8956831679231047e+32
132 27 6.0890257714332530e+33
134 27 9.7051667973417143e+34
136 27 1.1404022464442131e+36
138 27 9.0579510432870411e+36
140 27 4.7609154144923385e+37
142 27 1.5838750251963968e+38
144 27 3.5892005754886504e+38
146 27 5.9218566679939975e+38
148 27 7.4699713195243693e+38
150 27 7.4363015238329966e+38
152 27 5.9657400474560250e+38
154 27 3.9055763009483035e+38
156 27 2.1027652015390592e+38
158 27 9.3107911126720848e+37
160 27 3.3758213287828983e+37
162 27 9.8997411772324264e+36
164 27 2.3059479473058215e+36
166 27 4.1269091005854588e+35
168 27 5.3486903580209938e+34
170 27 4.5035367060117103e+33
172 27 1.8573394198946327e+32
124 28 1.4413248849636289e+24
126 28 3.8713892575950391e+26
128 28 2.6603833517985963e+28
130 28 1.3366634429875882e+30
132 28 3.8912031250201328e+31
134 28 1.0226043656536531e+33
136 28 1.9769315685874294e+34
138 28 2.7996788080065867e+35
140 28 2.5491836105721738e+36
142 28 1.4616875596217017e+37
144 28 4.8760173722991627e+37
146 28 1.0598767566480998e+38
148 28 1.6379859321646141e+38
150 28 1.9055659733039006e+38
152 28 1.7294872914915611e+38
154 28 1.2508631295285990e+38
156 28 7.2960049787664851e+37
158 28 3.4533651008307474e+37
160 28 1.3225272637194027e+37
162 28 4.0620028937883526e+36
164 28 9.8299296918995473e+35
166 28 1.8155652534762310e+35
168 28 2.4160205864157250e+34
170 28 2.0758391296945313e+33
172 28 8.7022604878738120e+31
128 29 8.7705389365263369e+24
130 29 1.2693448235011845e+27
132 29 1.1050375290827555e+29
134 29 4.0581389735813740e+30
136 29 1.3771110146412505e+32
138 29 3.3091185297647013e+33
140 29 5.8056647546231203e+34
142 29 6.1978301149780478e+35
144 29 3.9472376309730348e+36
146 29 1.3102362032953454e+37
148 29 2.7022814194997717e+37
150 29 3.8747816801497481e+37
152 29 4.1125122254079219e+37
154 29 3.3632941509088245e+37
156 29 2.1678483269375526e+37
158 29 1.1113402685452175e+37
160 29 4.5474687074491255e+36
162 29 1.4738944282478352e+36
164 29 3.7339699437321764e+35
166 29 7.1490313679807870e+34
168 29 9.8115163036261473e+33
170 29 8.6349050194074569e+32
172 29 3.6878040614242974e+31
132 30 2.8766911804252218e+25
134 30 6.4529679291090701e+27
136 30 3.1548306301454932e+29
138 30 1.4604411394818940e+31
140 30 4.4746719831253551e+32
142 30 1.0050343289143590e+34
144 30 1.2968737166979596e+35
146 30 9.3657942910753495e+35
148 30 3.0584215824189893e+36
150 30 5.9168007184725467e+36
152 30 7.7685110215601011e+36
154 30 7.4467530199103001e+36
156 30 5.4267131740421710e+36
158 30 3.0672248347226370e+36
160 30 1.3582141412852789e+36
162 30 4.7010073521524184e+35
164 30 1.2558600641076659e+35
166 30 2.5138258850660722e+34
168 30 3.5745568355447115e+33
170 30 3.2397109351888857e+32
172 30 1.4166878241585029e+31
136 31 2.3570585328876185e+26
138 31 1.7310442994724324e+28
140 31 1.1942597324003837e+30
142 31 4.7757297960213869e+31
144 31 1.4368341846925866e+33
146 31 2.3085242039181409e+34
148 31 1.9447504585742083e+35
150 31 6.1631635792941923e+35
152 31 1.1024872029409095e+36
154 31 1.3110051690801170e+36
156 31 1.1186645065614706e+36
158 31 7.1525520314347773e+35
160 31 3.4936071110273487e+35
162 31 1.3072034520851409e+35
164 31 3.7226679232387234e+34
166 31 7.8453253856568595e+33
168 31 1.1637235405137548e+33
170 31 1.0926482999766742e+32
172 31 4.9155925684240017e+30
138 32 4.0449381346090152e+24
140 32 5.9866876882174380e+26
142 32 7.2347654320660605e+28
144 32 3.9240657818095595e+30
146 32 1.6690269455716700e+32
148 32 3.4588377563370403e+33
150 32 3.5161941436426556e+34
152 32 1.0628644194997195e+35
154 32 1.7339684949271607e+35
156 32 1.8382926450877713e+35
158 32 1.3783795501542052e+35
160 32 7.5956412711605253e+34
162 32 3.1287911280771226e+34
164 32 9.6143304766464245e+33
166 32 2.1577379558495649e+33
168 32 3.3677498824090122e+32
170 32 3.2996762903021193e+31
172 32 1.5331814633937548e+30
142 33 9.8240564136948906e+24
144 33 3.0783009072756316e+27
146 33 2.3616165911373139e+29
148 33 1.5360669619227170e+31
150 33 4.3061193250179273e+32
152 33 5.4966557784563466e+33
154 33 1.5553284968768072e+34
156 33 2.2755774424622893e+34
158 33 2.1196880914069554e+34
160 33 1.3689806916034720e+34
162 33 6.3591309202587322e+33
164 33 2.1466159733904003e+33
166 33 5.1982463222037376e+32
168 33 8.6290303601031005e+31
170 33 8.8720617365223414e+30
172 33 4.2856764217118539e+29
146 34 8.2075117509501348e+25
148 34 9.8248652951595945e+27
150 34 1.0858530526894320e+30
152 34 4.3780367934215672e+31
154 34 7.3802727941827196e+32
156 34 1.9099016298855136e+33
158 34 2.4597760537899807e+33
160 34 1.9727055784850154e+33
162 34 1.0722165935327599e+33
164 34 4.0791794238297698e+32
166 34 1.0830993961680156e+32
168 34 1.9346361267978503e+31
170 34 2.1090656716749359e+30
172 34 1.0710571251109000e+29
148 35 1.0506489360780245e+24
150 35 2.4912518035359266e+26
152 35 5.6555887632924178e+28
154 35 3.5469619757639427e+30
156 35 8.3978234363072187e+31
158 35 1.9416382587002701e+32
160 35 2.1524618788561135e+32
162 35 1.4523720771670620e+32
164 35 6.4470511489505669e+31
166 35 1.9243554449518630e+31
168 35 3.7638678642561705e+30
170 35 4.4107779496066157e+29
172 35 2.3665487893532781e+28
152 36 2.9096537821372792e+24
154 36 2.0304832717772059e+27
156 36 2.2309512154422972e+29
158 36 7.9750091522417467e+30
160 36 1.6020948266805494e+31
162 36 1.4945523569141114e+31
164 36 8.2164713896205972e+30
166 36 2.8561578795666491e+30
168 36 6.2726272767053861e+29
170 36 8.0260020245856263e+28
172 36 4.6245923514807207e+27
156 37 4.4745608140749179e+25
158 37 1.0427731383260633e+28
160 37 6.1869314709933615e+29
162 37 1.0506363770324044e+30
164 37 7.9724595691147233e+29
166 37 3.4248578710517952e+29
168 37 8.7305454091462821e+28
170 37 1.2506830844978919e+28
172 37 7.8557617745636636e+26
158 38 4.5245891350407321e+23
160 38 3.3910108906150351e+26
162 38 3.8389157653606349e+28
164 38 5.2981956886257515e+28
166 38 3.1320885056115619e+28
168 38 9.8343352043819842e+27
170 38 1.6309203995230700e+27
172 38 1.1448184543905238e+26
162 39 6.7469318114809031e+24
164 39 1.8368548963080176e+27
166 39 1.9698136096392140e+27
168 39 8.4957244988601557e+26
170 39 1.7287879822697251e+26
172 39 1.4016086626172239e+25
164 40 6.2142805296423151e+22
166 40 6.4645295666739006e+25
168 40 5.0517843194381139e+25
170 40 1.4106881625642352e+25
172 40 1.3962293861266801e+24
168 41 1.5672574053071806e+24
170 41 7.9153608405102081e+23
172 41 1.0719259061221403e+23
170 42 2.3069216887506546e+22
172 42 5.6447776849009784e+21
172 43 1.5410247561363833e+20
