276 -54 6.0713288528667686e+17
272 -53 1.0966493083654640e+19
274 -53 1.0027895794101309e+20
268 -52 1.1798726764981109e+20
270 -52 1.8296949540241266e+21
272 -52 7.9433521179274783e+21
264 -51 9.4072217157132222e+20
266 -51 1.9485215402468286e+22
268 -51 1.4583561106678170e+23
270 -51 4.0411926542052781e+23
260 -50 6.0986011229292027e+21
262 -50 1.5394446992939140e+23
264 -50 1.5456427444178316e+24
266 -50 7.4504282839393974e+24
268 -50 1.4895559415933579e+25
256 -49 3.3868363418330005e+22
258 -49 9.8425260918672985e+23
260 -49 1.2050513875535685e+25
262 -49 7.8339859026881240e+25
264 -49 2.7436268192334951e+26
266 -49 4.2268488255360673e+26
252 -48 1.6568031076322547e+23
254 -48 5.3583392310907749e+24
256 -48 7.5809414323517778e+25
258 -48 6.0129895965400895e+26
260 -48 2.8469325538615139e+27
262 -48 7.7572378970946327e+27
264 -48 9.6247687589035656e+27
248 -47 7.2602941201965834e+23
250 -47 2.5601552298106888e+25
252 -47 4.0363609028071328e+26
254 -47 3.7108457165914176e+27
256 -47 2.1480305347725391e+28
258 -47 7.9340572573650976e+28
260 -47 1.7548410143564307e+29
262 -47 1.8140197826864477e+29
244 -46 2.8829817742511121e+24
246 -46 1.0922337279502567e+26
248 -46 1.8774775465883345e+27
250 -46 1.9305868096409830e+28
252 -46 1.2965022811982335e+29
254 -46 5.8810895895034642e+29
256 -46 1.7699739789855686e+30
258 -46 3.2713489452187005e+30
260 -46 2.8836123790720817e+30
240 -45 1.0459599533285110e+25
242 -45 4.2009468634623306e+26
244 -45 7.7754031097697714e+27
246 -45 8.7314579056760037e+28
248 -45 6.5698767941299033e+29
250 -45 3.4628842066322255e+30
252 -45 1.2821984648889377e+31
254 -45 3.2386897719128309e+31
256 -45 5.1315341822983990e+31
258 -45 3.9336872699168020e+31
236 -44 3.4805537228246646e+25
238 -44 1.4691303975713539e+27
240 -44 2.8964059960535753e+28
242 -44 3.4954440335382718e+29
244 -44 2.8847882941141592e+30
246 -44 1.7054155519968824e+31
248 -44 7.3514279035250081e+31
250 -44 2.2934794005578623e+32
252 -44 4.9813426585592607e+32
254 -44 6.8853061323301840e+32
256 -44 4.6645573422291439e+32
232 -43 1.0706668980024503e+26
234 -43 4.7125287719401390e+27
236 -43 9.7721107316602154e+28
238 -43 1.2572128519517527e+30
240 -43 1.1180346329220662e+31
242 -43 7.2553904333187682e+31
244 -43 3.5118957531367739e+32
246 -43 1.2773413544911046e+33
248 -43 3.4327614855101383e+33
250 -43 6.5397237674708745e+33
252 -43 8.0174022477061992e+33
254 -43 4.8533515675550086e+33
228 -42 3.0485083116326246e+26
230 -42 1.3958917622615605e+28
232 -42 3.0162146908445952e+29
234 -42 4.0911585786005167e+30
236 -42 3.8727893828199683e+31
238 -42 2.7157151401088811e+32
240 -42 1.4460066382544618e+33
242 -42 5.9224138395533387e+33
244 -42 1.8565318765033073e+34
246 -42 4.3840571134949413e+34
248 -42 7.4245743288703938e+34
250 -42 8.1769128166467126e+34
252 -42 4.4816036412906306e+34
224 -41 8.0627459842432548e+26
226 -41 3.8077312433490919e+28
228 -41 8.5722643434456483e+29
230 -41 1.2123030302812321e+31
232 -41 1.2148020463122418e+32
234 -41 9.0622919202522964e+32
236 -41 5.2184614978756783e+33
238 -41 2.3530170944277607e+34
240 -41 8.3317118677418154e+34
242 -41 2.2980607610236676e+35
244 -41 4.8371843902937622e+35
246 -41 7.3746460193867952e+35
248 -41 7.3681924223703543e+35
250 -41 3.6902076819398106e+35
218 -40 7.1092844894127863e+21
220 -40 1.9888022811405974e+27
222 -40 9.6558360580605151e+28
224 -40 2.2392232779599217e+30
226 -40 3.2966280480671431e+31
228 -40 3.4580986855496665e+32
230 -40 2.7277276561158056e+33
232 -40 1.6759705953149715e+34
234 -40 8.1782412756511159e+34
236 -40 3.1918327081685790e+35
238 -40 9.9560144272335766e+35
240 -40 2.4541802226593963e+36
242 -40 4.6517625348205189e+36
244 -40 6.4567884938732100e+36
246 -40 5.9179583640901175e+36
248 -40 2.7284540714316207e+36
214 -39 6.4157832795546215e+22
216 -39 4.5719889987420318e+27
218 -39 2.2694861366205657e+29
220 -39 5.4225240854236136e+30
222 -39 8.2478599386646700e+31
224 -39 8.9962246751552298e+32
226 -39 7.4404223069304292e+33
228 -39 4.8379489614169656e+34
230 -39 2.5244085047876743e+35
232 -39 1.0672502055567389e+36
234 -39 3.6782836111382545e+36
236 -39 1.0250971481102584e+37
238 -39 2.2825693081323490e+37
240 -39 3.9453867144096774e+37
242 -39 5.0217070126357885e+37
244 -39 4.2538478564172133e+37
246 -39 1.8210408090686502e+37
210 -38 3.6018318435755985e+23
212 -38 9.8007673728639307e+27
214 -38 4.9676761410492607e+29
216 -38 1.2158858723178758e+31
218 -38 1.9033954676754766e+32
220 -38 2.1484135596472123e+33
222 -38 1.8507810818514848e+34
224 -38 1.2633064990255305e+35
226 -38 6.9853276740397384e+35
228 -38 3.1630263035731671e+36
230 -38 1.1816366975945574e+37
232 -38 3.6412975177226800e+37
234 -38 9.1902634033747668e+37
236 -38 1.8679406010385552e+38
238 -38 2.9716171829967264e+38
240 -38 3.5007538138819539e+38
242 -38 2.7550541269474672e+38
244 -38 1.1016226067615898e+38
206 -37 1.5149109845157528e+24
208 -37 1.9601015581226815e+28
210 -37 1.0119646250335196e+30
212 -37 2.5251621370581294e+31
214 -37 4.0605267052735307e+32
216 -37 4.7231188320435798e+33
218 -37 4.2191564835872223e+34
220 -37 3.0030434835438340e+35
222 -37 1.7429787122517681e+36
224 -37 8.3714326951936674e+36
226 -37 3.3549644790453368e+37
228 -37 1.1230334591907067e+38
230 -37 3.1346594881605475e+38
232 -37 7.2361790451421406e+38
234 -37 1.3552980217608835e+39
236 -37 1.9968366669623989e+39
238 -37 2.1933486389091204e+39
240 -37 1.6148267916374932e+39
242 -37 6.0631006244010204e+38
202 -36 5.1941117718721707e+24
204 -36 3.6687920236782005e+28
206 -36 1.9176685883806535e+30
208 -36 4.8819096133684418e+31
210 -36 8.0153417625474068e+32
212 -36 9.5760887247737595e+33
214 -36 8.8340232186770537e+34
216 -36 6.5200691888853031e+35
218 -36 3.9552991272897683e+36
220 -36 1.9981825227455162e+37
222 -36 8.4947803362420273e+37
224 -36 3.0525552734031651e+38
226 -36 9.2692061038489560e+38
228 -36 2.3696762769455263e+39
230 -36 5.0448020860682387e+39
232 -36 8.7634477783023133e+39
234 -36 1.2053811350734648e+40
236 -36 1.2417732611635380e+40
238 -36 8.6025590664163557e+39
240 -36 3.0461154757319316e+39
198 -35 1.5157854269992391e+25
200 -35 6.4098181318440515e+28
202 -35 3.3912482076108591e+30
204 -35 8.7570045057089623e+31
206 -35 1.4696639001170004e+33
208 -35 1.7958202467702652e+34
210 -35 1.7026495657294253e+35
212 -35 1.2996327519628269e+36
214 -35 8.1814789212257043e+36
216 -35 4.3224679886355322e+37
218 -35 1.9337560060569623e+38
220 -35 7.3820281819158503e+38
222 -35 2.4097727586702449e+39
224 -35 6.7114368643847949e+39
226 -35 1.5834020062418391e+40
228 -35 3.1312394362395007e+40
230 -35 5.0838724003979652e+40
232 -35 6.5666972835387842e+40
234 -35 6.3729875024075607e+40
236 -35 4.1733472555212934e+40
238 -35 1.4022458895171840e+40
194 -34 3.8465076851897800e+25
196 -34 1.0507110939360209e+29
198 -34 5.5905859013905367e+30
200 -34 1.4647925851115746e+32
202 -34 2.4988332101861359e+33
204 -34 3.1204380444332286e+34
206 -34 3.0273222612173959e+35
208 -34 2.3773160286923854e+36
210 -34 1.5476230987766880e+37
212 -34 8.4998649982162753e+37
214 -34 3.9832664694895439e+38
216 -34 1.6024156897760226e+39
218 -34 5.5668596443325277e+39
220 -34 1.6654534061024585e+40
222 -34 4.2842188784358021e+40
224 -34 9.4157331345288569e+40
226 -34 1.7419828713070250e+41
228 -34 2.6581170419192042e+41
230 -34 3.2405564144570086e+41
232 -34 2.9769028580704799e+41
234 -34 1.8508820339830303e+41
236 -34 5.9143302198141846e+40
190 -33 8.6708131873691428e+25
192 -33 1.6084951889904268e+29
194 -33 8.6136721060974527e+30
196 -33 2.2799467973593143e+32
198 -33 3.9475737163264416e+33
200 -33 5.0121047152269558e+34
202 -33 4.9758569902416238e+35
204 -33 4.0084907481182352e+36
206 -33 2.6852164504331288e+37
208 -33 1.5268317519078459e+38
210 -33 7.4474065875816496e+38
212 -33 3.1395847284407583e+39
214 -33 1.1501119151544527e+40
216 -33 3.6646589015863595e+40
218 -33 1.0153342122409982e+41
220 -33 2.4332909853064761e+41
222 -33 5.0062244475538343e+41
224 -33 8.7228927241384048e+41
226 -33 1.2574776826899919e+42
228 -33 1.4521024196009180e+42
230 -33 1.2679401676318917e+42
232 -33 7.5132089496816653e+41
234 -33 2.2947020892000758e+41
186 -32 1.7443985898491893e+26
188 -32 2.3065041903122181e+29
190 -32 1.2367223900738053e+31
192 -32 3.3043876997253846e+32
194 -32 5.7903443723059876e+33
196 -32 7.4642216320498971e+34
198 -32 7.5539189234019292e+35
200 -32 6.2219274907108893e+36
202 -32 4.2832061840295617e+37
204 -32 2.5115377725175856e+38
206 -32 1.2689322631019400e+39
208 -32 5.5729587577941921e+39
210 -32 2.1414250540583488e+40
212 -32 7.2048222335555354e+40
214 -32 2.1268321320745061e+41
216 -32 5.4973764916411219e+41
218 -32 1.2349823474732834e+42
220 -32 2.3929865811904001e+42
222 -32 3.9413763368828462e+42
224 -32 5.3939870064184527e+42
226 -32 5.9296886057562029e+42
228 -32 4.9418381391214201e+42
230 -32 2.7971322741670218e+42
232 -32 8.1869851976201791e+41
182 -31 3.1540556931022687e+26
184 -31 3.0904618318044208e+29
186 -31 1.6565368196890760e+31
188 -31 4.4527487091903234e+32
190 -31 7.8918026411914263e+33
192 -31 1.0320203279457800e+35
194 -31 1.0601884378942039e+36
196 -31 8.9102726015530771e+36
198 -31 6.2829313339833999e+37
200 -31 3.7878035467571302e+38
202 -31 1.9739307686138386e+39
204 -31 9.0012679121797462e+39
206 -31 3.6042574764668578e+40
208 -31 1.2732484050703244e+41
210 -31 3.9743610053188795e+41
212 -31 1.0950986520568911e+42
214 -31 2.6553066650667685e+42
216 -31 5.6261660722508918e+42
218 -31 1.0315598549457193e+43
220 -31 1.6142056691817125e+43
222 -31 2.1056129713728091e+43
224 -31 2.2104926981658571e+43
226 -31 1.7634823047313996e+43
228 -31 9.5757393779919086e+42
230 -31 2.6906627110201471e+42
178 -30 5.1718131803999835e+26
180 -30 3.8728227309538408e+29
182 -30 2.0717613703412980e+31
184 -30 5.5929130422927711e+32
186 -30 9.9851345350532019e+33
188 -30 1.3218477105794452e+35
190 -30 1.3781130363930895e+36
192 -30 1.1791548512743964e+37
194 -30 8.4946486882743823e+37
196 -30 5.2475712315847893e+38
198 -30 2.8130060407525464e+39
200 -30 1.3243490572903079e+40
202 -30 5.5087988669103712e+40
204 -30 2.0304522710223267e+41
206 -30 6.6620557669958536e+41
208 -30 1.9416023649999280e+42
210 -30 5.0247561937903246e+42
212 -30 1.1496593337104932e+43
214 -30 2.3093412054886217e+43
216 -30 4.0275311338428384e+43
218 -30 6.0090742529226824e+43
220 -30 7.4931830748502529e+43
222 -30 7.5362862115618791e+43
224 -30 5.7712260238204323e+43
226 -30 3.0126454609621314e+43
228 -30 8.1503494133247073e+42
174 -29 7.7458833415000656e+26
176 -29 4.5372284213963736e+29
178 -29 2.4092688036319956e+31
180 -29 6.5330710014899045e+32
182 -29 1.1739977763800877e+34
184 -29 1.5681592460148561e+35
186 -29 1.6573876236550484e+36
188 -29 1.4400547808141779e+37
190 -29 1.0569870173425180e+38
192 -29 6.6722949225639597e+38
194 -29 3.6737793331120022e+39
196 -29 1.7797860392800796e+40
198 -29 7.6543735180045622e+40
200 -29 2.9360201722951625e+41
202 -29 1.0056161210986558e+42
204 -29 3.0815974762834503e+42
206 -29 8.4483512944240128e+42
208 -29 2.0655127980769820e+43
210 -29 4.4795040653178835e+43
212 -29 8.5618096701431318e+43
214 -29 1.4256868132710409e+44
216 -29 2.0352214514590858e+44
218 -29 2.4336394663697046e+44
220 -29 2.3535575680153735e+44
222 -29 1.7351251480577620e+44
224 -29 8.7222054459233084e+43
226 -29 2.2787509414892469e+43
170 -28 1.0537387188284653e+27
172 -28 4.9699073565547138e+29
174 -28 2.6166404310370068e+31
176 -28 7.0866476805280088e+32
178 -28 1.2806598354208310e+34
180 -28 1.7260551032113629e+35
182 -28 1.8449379750983153e+36
184 -28 1.6251007522584648e+37
186 -28 1.2134049596426868e+38
188 -28 7.8135116388813047e+38
190 -28 4.3987854700516674e+39
192 -28 2.1900349232273830e+40
194 -28 9.7129750099454991e+40
196 -28 3.8515777841720695e+41
198 -28 1.3727413344997369e+42
200 -28 4.3994534015679756e+42
202 -28 1.2684029762561675e+43
204 -28 3.2871188320811257e+43
206 -28 7.6279922771940179e+43
208 -28 1.5749873468261485e+44
210 -28 2.8764334173054697e+44
212 -28 4.5866426951049426e+44
214 -28 6.2834577872377535e+44
216 -28 7.2316590286049563e+44
218 -28 6.7361068251579626e+44
220 -28 4.7879036102538293e+44
222 -28 2.3262195349384779e+44
224 -28 5.8747356144065807e+43
164 -27 5.9485027465406007e+21
166 -27 1.3089162726518001e+27
168 -27 5.0760191371662816e+29
170 -27 2.6395794036268187e+31
172 -27 7.1482452780221287e+32
174 -27 1.2960633527283581e+34
176 -27 1.7596730670859469e+35
178 -27 1.8993729061896890e+36
180 -27 1.6934143471121826e+37
182 -27 1.2819983932913157e+38
184 -27 8.4060874530115963e+38
186 -27 4.8376893395426354e+39
188 -27 2.4653725426412503e+40
190 -27 1.1235754997620722e+41
192 -27 4.5976296044210861e+41
194 -27 1.6966543951329505e+42
196 -27 5.6625324997151270e+42
198 -27 1.7082551724635681e+43
200 -27 4.6609264650977959e+43
202 -27 1.1468200267606315e+44
204 -27 2.5358936129521727e+44
206 -27 5.0079963886782129e+44
208 -27 8.7681406539239163e+44
210 -27 1.3428809369947874e+45
212 -27 1.7724057052935830e+45
214 -27 1.9654201960054884e+45
216 -27 1.7677117624818517e+45
218 -27 1.2155758281028612e+45
220 -27 5.7126442247813178e+44
222 -27 1.3981716907819005e+44
160 -26 2.7209411057064333e+22
162 -26 1.4905633143403356e+27
164 -26 4.8402947911738976e+29
166 -26 2.4784633085202631e+31
168 -26 6.7033047166267346e+32
170 -26 1.2172551435452543e+34
172 -26 1.6593330153273058e+35
174 -26 1.8063319860574525e+36
176 -26 1.6277717795375616e+37
178 -26 1.2505413613939375e+38
180 -26 8.3263864626283173e+38
182 -26 4.8814560335745571e+39
184 -26 2.5434210624661635e+40
186 -26 1.1873184891714630e+41
188 -26 4.9981417551965195e+41
190 -26 1.9053554254630486e+42
192 -26 6.5898426895830287e+42
194 -26 2.0702981688405633e+43
196 -26 5.9189026581881708e+43
198 -26 1.5337563959729496e+44
200 -26 3.5999414661042341e+44
202 -26 7.6187634423796370e+44
204 -26 1.4439944463244720e+45
206 -26 2.4294932063835399e+45
208 -26 3.5856137424545383e+45
210 -26 4.5660806681101705e+45
212 -26 4.8932232811849586e+45
214 -26 4.2566957377670509e+45
216 -26 2.8356968215226023e+45
218 -26 1.2927765264418706e+45
220 -26 3.0705192361093837e+44
156 -25 7.0794570899792253e+22
158 -25 1.5591262254409900e+27
160 -25 4.2994513721698642e+29
162 -25 2.1643963244832026e+31
164 -25 5.8263317784952673e+32
166 -25 1.0586621324316454e+34
168 -25 1.4495909832265272e+35
170 -25 1.5872906105950905e+36
172 -25 1.4441319392216114e+37
174 -25 1.1219169828950931e+38
176 -25 7.5815132023914003e+38
178 -25 4.5171258609900553e+39
180 -25 2.4013817589163314e+40
182 -25 1.1471912833547329e+41
184 -25 4.9529510828530025e+41
186 -25 1.9424681727754707e+42
188 -25 6.9454749420378267e+42
190 -25 2.2639534466237420e+43
192 -25 6.7427997930779232e+43
194 -25 1.8333463681263152e+44
196 -25 4.5347600849414457e+44
198 -25 1.0199064493427950e+45
200 -25 2.0710120610127119e+45
202 -25 3.7758105731418612e+45
204 -25 6.1225447207704232e+45
206 -25 8.7310419973621175e+45
208 -25 1.0754511245169806e+46
210 -25 1.1165064683137201e+46
212 -25 9.4113097140613635e+45
214 -25 6.0819784047499375e+45
216 -25 2.6930209943719027e+45
218 -25 6.2187243498112197e+44
152 -24 1.3684338989717450e+23
154 -24 1.4926947197682451e+27
156 -24 3.5456616799430479e+29
158 -24 1.7547193843140542e+31
160 -24 4.6910807155720815e+32
162 -24 8.5302424830205994e+33
164 -24 1.1704598653361323e+35
166 -24 1.2871689350335609e+36
168 -24 1.1801923692178475e+37
170 -24 9.2673777927710615e+37
172 -24 6.3404505080305044e+38
174 -24 3.8390975047649332e+39
176 -24 2.0771555019340479e+40
178 -24 1.0129017868283998e+41
180 -24 4.4751707486181572e+41
182 -24 1.8031578638354684e+42
184 -24 6.6376030179844407e+42
186 -24 2.2378116693968593e+43
188 -24 6.9205843345476467e+43
190 -24 1.9614913958798990e+44
192 -24 5.0920374441924068e+44
194 -24 1.2072225761117105e+45
196 -24 2.6062381397556552e+45
198 -24 5.0965852258054226e+45
200 -24 8.9677515687684054e+45
202 -24 1.4059615093157293e+46
204 -24 1.9402598498363747e+46
206 -24 2.3152557147694188e+46
208 -24 2.3314858553826466e+46
210 -24 1.9095085175371872e+46
212 -24 1.1990956534601969e+46
214 -24 5.1641906667292980e+45
216 -24 1.1609063088226202e+45
148 -23 2.1136164978103985e+23
150 -23 1.3110118703223502e+27
152 -23 2.7162671207431248e+29
154 -23 1.3181198996215928e+31
156 -23 3.4952384063953724e+32
158 -23 6.3468833027098531e+33
160 -23 8.7232430599716718e+34
162 -23 9.6417649131590417e+35
164 -23 8.8944506306145777e+36
166 -23 7.0413675950949797e+37
168 -23 4.8720683728845713e+38
170 -23 2.9890154182888032e+39
172 -23 1.6443032822904215e+40
174 -23 8.1627332951210469e+40
176 -23 3.6876898094477764e+41
178 -23 1.5199205634521298e+42
180 -23 5.7543556797408939e+42
182 -23 2.0003441607597443e+43
184 -23 6.3980122905313128e+43
186 -23 1.8852108834093713e+44
188 -23 5.1060315159055891e+44
190 -23 1.2709363571322836e+45
192 -23 2.8962645370459135e+45
194 -23 6.0259981748553128e+45
196 -23 1.1372987307165713e+46
198 -23 1.9358674899838202e+46
200 -23 2.9401250326266272e+46
202 -23 3.9330684654402918e+46
204 -23 4.5563957840247534e+46
206 -23 4.4587171906228600e+46
208 -23 3.5529775202537360e+46
210 -23 2.1710083844093802e+46
212 -23 9.1097412435798509e+45
214 -23 1.9974550173571063e+45
144 -22 2.7318885207965308e+23
146 -22 1.0573188809896655e+27
148 -22 1.9332140565784047e+29
150 -22 9.1708057259467126e+30
152 -22 2.4106904829170333e+32
154 -22 4.3566476027815342e+33
156 -22 5.9920151950660850e+34
158 -22 6.6377582419167850e+35
160 -22 6.1645478662490615e+36
162 -22 4.9120836772439978e+37
164 -22 3.4332188485054164e+38
166 -22 2.1317655173191440e+39
168 -22 1.1896421391679081e+40
170 -22 6.0097216970440327e+40
172 -22 2.7663514332664873e+41
174 -22 1.1670521506462024e+42
176 -22 4.5246389597577580e+42
178 -22 1.6173472851114041e+43
180 -22 5.3361761915127017e+43
182 -22 1.6280821713282259e+44
184 -22 4.5858132435462187e+44
186 -22 1.1922047182951382e+45
188 -22 2.8531718135918006e+45
190 -22 6.2713107470404194e+45
192 -22 1.2603952529142843e+46
194 -22 2.3019586010551018e+46
196 -22 3.7972406251203292e+46
198 -22 5.5951641679473573e+46
200 -22 7.2723681049371085e+46
202 -22 8.1959008045252423e+46
204 -22 7.8028620412271613e+46
206 -22 6.0564132830599113e+46
208 -22 3.6076086892718364e+46
210 -22 1.4771010772760623e+46
212 -22 3.1636949638206029e+45
140 -21 3.0291523268000823e+23
142 -21 7.7944756259338211e+26
144 -21 1.2732062082226746e+29
146 -21 5.8975242477487257e+30
148 -21 1.5348067987707847e+32
150 -21 2.7596026184583832e+33
152 -21 3.7885495349767146e+34
154 -21 4.2042162967797470e+35
156 -21 3.9214098723511621e+36
158 -21 3.1463693222332590e+37
160 -21 2.2162373734147888e+38
162 -21 1.3910654540700711e+39
164 -21 7.8625069528286333e+39
166 -21 4.0322659727237583e+40
168 -21 1.8901184664838718e+41
170 -21 8.1355566812950814e+41
172 -21 3.2283627639465451e+42
174 -21 1.1832569477524198e+43
176 -21 4.0193564029288279e+43
178 -21 1.2649461348852940e+44
180 -21 3.6923876857112463e+44
182 -21 9.9860618854256299e+44
184 -21 2.4975939341102827e+45
186 -21 5.7666231750519126e+45
188 -21 1.2256390092705194e+46
190 -21 2.3846062423751983e+46
192 -21 4.2263003656521041e+46
194 -21 6.7672828242252662e+46
196 -21 9.6941401076735684e+46
198 -21 1.2260446987217693e+47
200 -21 1.3456104604360239e+47
202 -21 1.2489441385783795e+47
204 -21 9.4541365082422517e+46
206 -21 5.4993592654696071e+46
208 -21 2.1992147840505101e+46
210 -21 4.6070106267423783e+45
136 -20 2.9173468335505367e+23
138 -20 5.2667455839625734e+26
140 -20 7.7478467802179734e+28
142 -20 3.4932616959367286e+30
144 -20 8.9942278199600422e+31
146 -20 1.6085068604462334e+33
148 -20 2.2030359305236706e+34
150 -20 2.4478098116521658e+35
152 -20 2.2874921435859522e+36
154 -20 1.8453466333996400e+37
156 -20 1.3091260633260232e+38
158 -20 8.3017250629042503e+38
160 -20 4.7452686523437340e+39
162 -20 2.4661438035782548e+40
164 -20 1.1754763673038432e+41
166 -20 5.1512116645268090e+41
168 -20 2.0861501151824265e+42
170 -20 7.8327773302831912e+42
172 -20 2.7297453794438323e+43
174 -20 8.8515264521731609e+43
176 -20 2.6687526229237608e+44
178 -20 7.4793390039278110e+44
180 -20 1.9479589234000297e+45
182 -20 4.7023297315031712e+45
184 -20 1.0503652059244794e+46
186 -20 2.1626953414976487e+46
188 -20 4.0820841796771024e+46
190 -20 7.0303605907980020e+46
192 -20 1.0948717406214150e+47
194 -20 1.5279167175986071e+47
196 -20 1.8839533524808690e+47
198 -20 2.0159816800073583e+47
200 -20 1.8269587218556211e+47
202 -20 1.3506892922403457e+47
204 -20 7.6800102438799792e+46
206 -20 3.0047518585288097e+46
208 -20 6.1634302786031298e+45
132 -19 2.4623453051502067e+23
134 -19 3.2639312318898537e+26
136 -19 4.3399888513440292e+28
138 -19 1.9073022051719378e+30
140 -19 4.8487439865063067e+31
142 -19 8.6099382816776583e+32
144 -19 1.1761263151074166e+34
146 -19 1.3048592750187916e+35
148 -19 1.2212309566711378e+36
150 -19 9.8941968910959993e+36
152 -19 7.0600215219043428e+37
154 -19 4.5139237671323333e+38
156 -19 2.6039457774120115e+39
158 -19 1.3720981855660219e+40
160 -19 6.6332033201436010e+40
162 -19 2.9570658183152406e+41
164 -19 1.2210250683703002e+42
166 -19 4.6832477347240165e+42
168 -19 1.6724591742277207e+43
170 -19 5.5681220287670097e+43
172 -19 1.7299998301690377e+44
174 -19 5.0127521800326139e+44
176 -19 1.3535960167266596e+45
178 -19 3.4047911666914701e+45
180 -19 7.9574382003338259e+45
182 -19 1.7229999747748349e+46
184 -19 3.4436360022687688e+46
186 -19 6.3229851972086461e+46
188 -19 1.0601504585891545e+47
190 -19 1.6084526443602242e+47
192 -19 2.1884737477535144e+47
194 -19 2.6344024514697996e+47
196 -19 2.7535049372847775e+47
198 -19 2.4382094877989252e+47
200 -19 1.7633380120207002e+47
202 -19 9.8131680001437085e+46
204 -19 3.7603433113114968e+46
206 -19 7.5645583241763937e+45
128 -18 1.8369193462992145e+23
130 -18 1.8430081418197428e+26
132 -18 2.2379657766325909e+28
134 -18 9.5728354698585019e+29
136 -18 2.3969269364081585e+31
138 -18 4.2233227675224669e+32
140 -18 5.7386341426016475e+33
142 -18 6.3624289208981335e+34
144 -18 5.9555301603466558e+35
146 -18 4.8424010207012901e+36
148 -18 3.4741973770838286e+37
150 -18 2.2344112265591592e+38
152 -18 1.3018881964152080e+39
154 -18 6.9317094478636086e+39
156 -18 3.3951569377277197e+40
158 -18 1.5370390514290905e+41
160 -18 6.4602009902654035e+41
162 -18 2.5270373337596120e+42
164 -18 9.2299805765026221e+42
166 -18 3.1481710717622689e+43
168 -18 1.0048778907293130e+44
170 -18 3.0039979568053909e+44
172 -18 8.3897874237813356e+44
174 -18 2.1896294912689529e+45
176 -18 5.3332323540359180e+45
178 -18 1.2090217592141214e+46
180 -18 2.5436062237293965e+46
182 -18 4.9469063703748910e+46
184 -18 8.8473435190047115e+46
186 -18 1.4460615291859815e+47
188 -18 2.1415267839485375e+47
190 -18 2.8463280794445765e+47
192 -18 3.3475700325945878e+47
194 -18 3.4227018366400813e+47
196 -18 2.9663717817531440e+47
198 -18 2.1011052961293954e+47
200 -18 1.1450935203991462e+47
202 -18 4.3045263359724195e+46
204 -18 8.5028229923718919e+45
124 -17 1.2141138100803067e+23
126 -17 9.4998842872497921e+25
128 -17 1.0602350833363210e+28
130 -17 4.4005611049562870e+29
132 -17 1.0855871839788904e+31
134 -17 1.8952985410846026e+32
136 -17 2.5593481482972576e+33
138 -17 2.8292528964842511e+34
140 -17 2.6498374650852577e+35
142 -17 2.1567987238878901e+36
144 -17 1.5535700566476090e+37
146 -17 1.0042910993256058e+38
148 -17 5.9015730458786497e+38
150 -17 3.1747484792996753e+39
152 -17 1.5727429134661776e+40
154 -17 7.2171321726640292e+40
156 -17 3.0836020155708836e+41
158 -17 1.2286633437758229e+42
160 -17 4.5767317379704633e+42
162 -17 1.5978690791856963e+43
164 -17 5.2326352860310673e+43
166 -17 1.6079080305065301e+44
168 -17 4.6340069713661154e+44
170 -17 1.2519316740418934e+45
172 -17 3.1663568321177385e+45
174 -17 7.4847687052769623e+45
176 -17 1.6486395695517965e+46
178 -17 3.3780447253358789e+46
180 -17 6.4022808853644042e+46
182 -17 1.1173015644347667e+47
184 -17 1.7827646472413410e+47
186 -17 2.5804312356654129e+47
188 -17 3.3541948842308500e+47
190 -17 3.8613238168283473e+47
192 -17 3.8660768881487898e+47
194 -17 3.2834107233095298e+47
196 -17 2.2798198829460014e+47
198 -17 1.2190440833524860e+47
200 -17 4.4987897039538999e+46
202 -17 8.7376884102320785e+45
120 -16 7.1462508869087929e+22
122 -16 4.4564261457241695e+25
124 -16 4.5899955492127313e+27
126 -16 1.8508772785254684e+29
128 -16 4.4913838105023405e+30
130 -16 7.7570434663266581e+31
132 -16 1.0413149214731904e+33
134 -16 1.1452927133874484e+34
136 -16 1.0702450509638985e+35
138 -16 8.7205991500057110e+35
140 -16 6.3018148845669073e+36
142 -16 4.0979973222141664e+37
144 -16 2.4213249516316376e+38
146 -16 1.3132745869730561e+39
148 -16 6.5787828831156708e+39
150 -16 3.0584995561770825e+40
152 -16 1.3249730371849210e+41
154 -16 5.3663907820442835e+41
156 -16 2.0388082704822647e+42
158 -16 7.2654463542569058e+42
160 -16 2.4364407581825925e+43
162 -16 7.6834844106098848e+43
164 -16 2.2792091950583569e+44
166 -16 6.3542521625316866e+44
168 -16 1.6647269896280371e+45
170 -16 4.0881918463504061e+45
172 -16 9.3976784548707609e+45
174 -16 2.0179296119967045e+46
176 -16 4.0308654031030223e+46
178 -16 7.4565707518495908e+46
180 -16 1.2716159543901348e+47
182 -16 1.9837939424344208e+47
184 -16 2.8111098694928543e+47
186 -16 3.5778863495360105e+47
188 -16 4.0360539622123386e+47
190 -16 3.9606157891021422e+47
192 -16 3.3004147669073540e+47
194 -16 2.2493348920149196e+47
196 -16 1.1813039084932607e+47
198 -16 4.2872836032267799e+46
200 -16 8.2014118905554119e+45
116 -15 3.7346734734353413e+22
118 -15 1.9019419854435921e+25
120 -15 1.8085532075106369e+27
122 -15 7.0957157719136513e+28
124 -15 1.6917601034405201e+30
126 -15 2.8866335487363827e+31
128 -15 3.8404875415722934e+32
130 -15 4.2053129001939410e+33
132 -15 3.9205338500957402e+34
134 -15 3.1917406164737856e+35
136 -15 2.3103261601407017e+36
138 -15 1.5081050578601984e+37
140 -15 8.9692932512185665e+37
142 -15 4.8989224067678920e+38
144 -15 2.4755669663910358e+39
146 -15 1.1646000234218458e+40
148 -15 5.1140058164637791e+40
150 -15 2.1050361314584086e+41
152 -15 8.1300800314392445e+41
154 -15 2.9549784778382858e+42
156 -15 1.0120821023311572e+43
158 -15 3.2701271806315888e+43
160 -15 9.9590596187468907e+43
162 -15 2.8598461035747047e+44
164 -15 7.7410750815751001e+44
166 -15 1.9694647151924648e+45
168 -15 4.7081711951505070e+45
170 -15 1.0554189589977025e+46
172 -15 2.2107309364175957e+46
174 -15 4.3113928769317309e+46
176 -15 7.8025435644378317e+46
178 -15 1.3021930409086421e+47
180 -15 1.9890597410054250e+47
182 -15 2.7615943781275531e+47
184 -15 3.4456799044530854e+47
186 -15 3.8138484460343742e+47
188 -15 3.6742342529497119e+47
190 -15 3.0075507622835824e+47
192 -15 2.0147236799947540e+47
194 -15 1.0408123769814734e+47
196 -15 3.7202815341955929e+46
198 -15 7.0132717372458357e+45
110 -14 2.6456811852605325e+17
112 -14 1.7350855184749716e+22
114 -14 7.3498910598234012e+24
116 -14 6.4874684031356880e+26
118 -14 2.4637392474252144e+28
120 -14 5.7711656055509025e+29
122 -14 9.7263339120144262e+30
124 -14 1.2838391698122344e+32
126 -14 1.3957994765268494e+33
128 -14 1.2974183120529996e+34
130 -14 1.0544257212918305e+35
132 -14 7.6401770030571392e+35
134 -14 4.9954938357300418e+36
136 -14 2.9858815675010631e+37
138 -14 1.6409821642428742e+38
140 -14 8.3678424225142777e+38
142 -14 3.9752591054017066e+39
144 -14 1.7668642648257280e+40
146 -14 7.3729691163949148e+40
148 -14 2.8955108623560812e+41
150 -14 1.0721083612651786e+42
152 -14 3.7462001030349356e+42
154 -14 1.2370634475848313e+43
156 -14 3.8625577724129190e+43
158 -14 1.1401476121447777e+44
160 -14 3.1778715526893732e+44
162 -14 8.3613153454423256e+44
164 -14 2.0721495631990249e+45
166 -14 4.8333866010771043e+45
168 -14 1.0573787322312083e+46
170 -14 2.1649628118692791e+46
172 -14 4.1297847330365360e+46
174 -14 7.3175190456923327e+46
176 -14 1.1962714772933437e+47
178 -14 1.7925997231832599e+47
180 -14 2.4415556998011928e+47
182 -14 2.9907692514139876e+47
184 -14 3.2515138096372947e+47
186 -14 3.0799990575793944e+47
188 -14 2.4786993446400449e+47
190 -14 1.6337933542279106e+47
192 -14 8.3155266516669293e+46
194 -14 2.9303737314831141e+46
196 -14 5.4575471455321533e+45
106 -13 2.8959102361689376e+17
108 -13 7.1671100103212044e+21
110 -13 2.5611545038036616e+24
112 -13 2.1070903948786696e+26
114 -13 7.7415824339034927e+27
116 -13 1.7800011791918491e+29
118 -13 2.9599868348768402e+30
120 -13 3.8655061378403400e+31
122 -13 4.1744204645407369e+32
124 -13 3.8597491729471475e+33
126 -13 3.1289777512845749e+34
128 -13 2.2657856586280506e+35
130 -13 1.4846232155403331e+36
132 -13 8.9017429096153668e+36
134 -13 4.9206138132286123e+37
136 -13 2.5281620354532963e+38
138 -13 1.2120981528466755e+39
140 -13 5.4473361344870114e+39
142 -13 2.3017188787569177e+40
144 -13 9.1772650015427626e+40
146 -13 3.4561955840823043e+41
148 -13 1.2310657223970401e+42
150 -13 4.1502793606924741e+42
152 -13 1.3252077929628543e+43
154 -13 4.0119668873203380e+43
156 -13 1.1501201293738975e+44
158 -13 3.1194793425421211e+44
160 -13 7.9963833190967407e+44
162 -13 1.9339747751077466e+45
164 -13 4.4052824566663290e+45
166 -13 9.4330611875990725e+45
168 -13 1.8902226728150135e+46
170 -13 3.5331072652131321e+46
172 -13 6.1376725034326597e+46
174 -13 9.8453972897156339e+46
176 -13 1.4489777809924141e+47
178 -13 1.9382541961195541e+47
180 -13 2.3336498980186335e+47
182 -13 2.4960830007950657e+47
184 -13 2.3255948529035166e+47
186 -13 1.8435850683411252e+47
188 -13 1.1971029130334138e+47
190 -13 6.0118489546894973e+46
192 -13 2.0913792769418202e+46
194 -13 3.8505695128864292e+45
102 -12 2.3358586785709360e+17
104 -12 2.6246795670697563e+21
106 -12 8.0115138471412421e+23
108 -12 6.1603519701521915e+25
110 -12 2.1944626336700461e+27
112 -12 4.9363393210660018e+28
114 -12 8.0803685994857443e+29
116 -12 1.0447851728649725e+31
118 -12 1.1186794580868082e+32
120 -12 1.0278826074101939e+33
122 -12 8.3069415034714582e+33
124 -12 6.0048395688889367e+34
126 -12 3.9375101812719982e+35
128 -12 2.3670306464755642e+36
130 -12 1.3144276508499354e+37
132 -12 6.7951940277145898e+37
134 -12 3.2858880647106485e+38
136 -12 1.4910254295308860e+39
138 -12 6.3772075695366174e+39
140 -12 2.5769433006210927e+40
142 -12 9.8546015869465507e+40
144 -12 3.5735345512630117e+41
146 -12 1.2291332293330188e+42
148 -12 4.0118474538635979e+42
150 -12 1.2433600140724107e+43
152 -12 3.6562710278059406e+43
154 -12 1.0205294056935127e+44
156 -12 2.6983558829062816e+44
158 -12 6.7565720878403363e+44
160 -12 1.5984460242899540e+45
162 -12 3.5627304487226186e+45
164 -12 7.4673430904914625e+45
166 -12 1.4679814317818232e+46
168 -12 2.6934568654068051e+46
170 -12 4.5932070063926464e+46
172 -12 7.2372227313085177e+46
174 -12 1.0470143384045990e+47
176 -12 1.3778356544044645e+47
178 -12 1.6331689695673069e+47
180 -12 1.7189114015694649e+47
182 -12 1.5790891387570583e+47
184 -12 1.2337721665038847e+47
186 -12 7.9100981312419488e+46
188 -12 3.9208448757014751e+46
190 -12 1.3491122498728897e+46
192 -12 2.4612732014528427e+45
98 -11 1.3494242508370066e+17
100 -11 8.5075007840314012e+20
102 -11 2.2419563383981965e+23
104 -11 1.6154499533130213e+25
106 -11 5.5636103054918937e+26
108 -11 1.2240693229350576e+28
110 -11 1.9750871706850980e+29
112 -11 2.5191885387921498e+30
114 -11 2.6751662108765102e+31
116 -11 2.4425296924999763e+32
118 -11 1.9634085539527573e+33
120 -11 1.4164157691773268e+34
122 -11 9.2843795096919217e+34
124 -11 5.5859112186001082e+35
126 -11 3.1136995403561057e+36
128 -11 1.6190639949020513e+37
130 -11 7.8770119799992077e+37
132 -11 3.6095169731643788e+38
134 -11 1.5612854356695167e+39
136 -11 6.3876741732295394e+39
138 -11 2.4796291464175721e+40
140 -11 9.1363868754520610e+40
142 -11 3.1997996451496909e+41
144 -11 1.0654514448867852e+42
146 -11 3.3779293002595383e+42
148 -11 1.0182706417469731e+43
150 -11 2.9189312446459595e+43
152 -11 7.9480964240813561e+43
154 -11 2.0535967298429400e+44
156 -11 5.0307979198588809e+44
158 -11 1.1659178010626110e+45
160 -11 2.5467836671109509e+45
162 -11 5.2376850016544809e+45
164 -11 1.0111057670472747e+46
166 -11 1.8223666494488326e+46
168 -11 3.0550602201351692e+46
170 -11 4.7374482190572981e+46
172 -11 6.7438360150363702e+46
174 -11 8.7441532663815653e+46
176 -11 1.0215725651021641e+47
178 -11 1.0607231790791218e+47
180 -11 9.6091517211279401e+46
182 -11 7.4160792718773799e+46
184 -11 4.6967843781722112e+46
186 -11 2.3028987220827760e+46
188 -11 7.8459259214094920e+45
190 -11 1.4193667211336586e+45
94 -10 6.2699946795187888e+16
96 -10 2.4273667913974841e+20
98 -10 5.5713803085268858e+22
100 -10 3.7795165689794498e+24
102 -10 1.2567954848156024e+26
104 -10 2.7050261018683648e+27
106 -10 4.2817139839293203e+28
108 -10 5.3919453212861614e+29
110 -10 5.6627328493257613e+30
112 -10 5.1310685944776587e+31
114 -10 4.1040805013632742e+32
116 -10 2.9499288202744801e+33
118 -10 1.9302106687311192e+34
120 -10 1.1634753237815459e+35
122 -10 6.5005993625207670e+35
124 -10 3.3946395989804137e+36
126 -10 1.6639553733800477e+37
128 -10 7.6843107457014018e+37
130 -10 3.3563594258862564e+38
132 -10 1.3893586321801758e+39
134 -10 5.4659290224842492e+39
136 -10 2.0457699753523103e+40
138 -10 7.2920427486529244e+40
140 -10 2.4761966619358892e+41
142 -10 8.0151605822363217e+41
144 -10 2.4731272416243393e+42
146 -10 7.2672104208507460e+42
148 -10 2.0340894841954651e+43
150 -10 5.4175780039650561e+43
152 -10 1.3708043965579325e+44
154 -10 3.2900012720547879e+44
156 -10 7.4763199143551264e+44
158 -10 1.6042651902799042e+45
160 -10 3.2424713638167346e+45
162 -10 6.1536050971548928e+45
164 -10 1.0914278956515615e+46
166 -10 1.8010813770938634e+46
168 -10 2.7521182105274762e+46
170 -10 3.8625016953341668e+46
172 -10 4.9383972409077282e+46
174 -10 5.6936965418758891e+46
176 -10 5.8402780984658825e+46
178 -10 5.2298449673492187e+46
180 -10 3.9883663290547237e+46
182 -10 2.4998259364799681e+46
184 -10 1.2140050350491994e+46
186 -10 4.1012110765617767e+45
188 -10 7.3787644692833598e+44
90 -9 2.3396193793876872e+16
92 -9 6.0391702577121264e+19
94 -9 1.2247880683661013e+22
96 -9 7.8058145134445143e+23
98 -9 2.5082756191220571e+25
100 -9 5.2659910185122459e+26
102 -9 8.1932525129814162e+27
104 -9 1.0153895297091483e+29
106 -9 1.0557419175700154e+30
108 -9 9.4808402050664007e+30
110 -9 7.5331575535036862e+31
112 -9 5.3910072065185229e+32
114 -9 3.5205876529635007e+33
116 -9 2.1203250533460947e+34
118 -9 1.1884910198997494e+35
120 -9 6.2249539899295893e+35
122 -9 3.0689254248033061e+36
124 -9 1.4293829606393290e+37
126 -9 6.2992782933202878e+37
128 -9 2.6369982769238734e+38
130 -9 1.0508605604220811e+39
132 -9 3.9910930900522455e+39
134 -9 1.4451128578776036e+40
136 -9 4.9940829690892991e+40
138 -9 1.6492508113326143e+41
140 -9 5.2018431010629960e+41
142 -9 1.5669026434783913e+42
144 -9 4.5012410107507432e+42
146 -9 1.2337036646225563e+43
148 -9 3.2172270420923832e+43
150 -9 7.9856036030116016e+43
152 -9 1.8815440441293588e+44
154 -9 4.2031522880429400e+44
156 -9 8.8702884116930938e+44
158 -9 1.7648990617784158e+45
160 -9 3.2970316108687388e+45
162 -9 5.7668183903925231e+45
164 -9 9.3842304617493832e+45
166 -9 1.4141524931655702e+46
168 -9 1.9594569843081572e+46
170 -9 2.4750610532635163e+46
172 -9 2.8203833416164113e+46
174 -9 2.8600720392103755e+46
176 -9 2.5344504349630308e+46
178 -9 1.9142678568967920e+46
180 -9 1.1893495067736068e+46
182 -9 5.7299639657309514e+45
184 -9 1.9230864487627875e+45
186 -9 3.4444080178782982e+44
86 -8 7.2252512266384100e+15
88 -8 1.3119337241816715e+19
90 -8 2.3574291570131269e+21
92 -8 1.4147087155382633e+23
94 -8 4.3944411779917421e+24
96 -8 8.9873365783317876e+25
98 -8 1.3709741945709394e+27
100 -8 1.6731119209065608e+28
102 -8 1.7163428994929688e+29
104 -8 1.5269688690771027e+30
106 -8 1.2037951949175759e+31
108 -8 8.5686045951689926e+31
110 -8 5.5842986639861513e+32
112 -8 3.3629229410557743e+33
114 -8 1.8843835975833411e+34
116 -8 9.9126003296657153e+34
118 -8 4.9101142730889650e+35
120 -8 2.3006040036165174e+36
122 -8 1.0237611870247915e+37
124 -8 4.3325257590971016e+37
126 -8 1.7458879026631177e+38
128 -8 6.7266762475553639e+38
130 -8 2.4750481895804681e+39
132 -8 8.7070487170482377e+39
134 -8 2.9309218313572958e+40
136 -8 9.4357336634892044e+40
138 -8 2.9062618697444108e+41
140 -8 8.5616265079702075e+41
142 -8 2.4109590469358011e+42
144 -8 6.4782492010982204e+42
146 -8 1.6598824405297763e+43
148 -8 4.0482062280078028e+43
150 -8 9.3849787712902170e+43
152 -8 2.0627553130752953e+44
154 -8 4.2873400864661429e+44
156 -8 8.4061956739154734e+44
158 -8 1.5497657082160267e+45
160 -8 2.6759794310269628e+45
162 -8 4.3007677669254361e+45
164 -8 6.4030239283541338e+45
166 -8 8.7702538097665233e+45
168 -8 1.0956822480344009e+46
170 -8 1.2358163715460656e+46
172 -8 1.2410814261157685e+46
174 -8 1.0901403002616242e+46
176 -8 8.1708313940544155e+45
178 -8 5.0383895112645688e+45
180 -8 2.4119012517271966e+45
182 -8 8.0633061716036592e+44
184 -8 1.4410130845820185e+44
82 -7 1.8364643885337562e+15
84 -7 2.4539000546513725e+18
86 -7 3.9395660714650842e+20
88 -7 2.2282816744464656e+22
90 -7 6.6772539354564610e+23
92 -7 1.3300044355113693e+25
94 -7 1.9868931743431195e+26
96 -7 2.3878117836086313e+27
98 -7 2.4110304958188699e+28
100 -7 2.1205635347451589e+29
102 -7 1.6591321161362678e+30
104 -7 1.1740770301052503e+31
106 -7 7.6192943728805585e+31
108 -7 4.5788720553416613e+32
110 -7 2.5702867250224605e+33
112 -7 1.3555208377735367e+34
114 -7 6.7487385015829599e+34
116 -7 3.1828406046940009e+35
118 -7 1.4275834888139570e+36
120 -7 6.1031647644989081e+36
122 -7 2.4914657622357887e+37
124 -7 9.7228651815063530e+37
126 -7 3.6320834113590772e+38
128 -7 1.2997423597516714e+39
130 -7 4.4533371480851957e+39
132 -7 1.4639638637044664e+40
134 -7 4.6097557250815660e+40
136 -7 1.3910616408201155e+41
138 -7 4.0192868316442083e+41
140 -7 1.1109751509247445e+42
142 -7 2.9335810663651350e+42
144 -7 7.3954105109488332e+42
146 -7 1.7761091646852485e+43
148 -7 4.0575203302102216e+43
150 -7 8.7946890969340702e+43
152 -7 1.8031873078106252e+44
154 -7 3.4926011670736718e+44
156 -7 6.3650664185570152e+44
158 -7 1.0854099159137880e+45
160 -7 1.7261674392023358e+45
162 -7 2.5440127312490970e+45
164 -7 3.4505277129144562e+45
166 -7 4.2725050674183644e+45
168 -7 4.7767962302520286e+45
170 -7 4.7566754975772675e+45
172 -7 4.1472353383878727e+45
174 -7 3.0900833112393066e+45
176 -7 1.8947429770740549e+45
178 -7 9.0359698366529382e+44
180 -7 3.0110964389516005e+44
182 -7 5.3801530709492284e+43
78 -6 3.8478257453540925e+14
80 -6 3.8966627194535066e+17
82 -6 5.6295764448650453e+19
84 -6 3.0089955549292056e+21
86 -6 8.6885007687087496e+22
88 -6 1.6859199274950899e+24
90 -6 2.4611599184709887e+25
92 -6 2.9051400618117292e+26
94 -6 2.8921349623466913e+27
96 -6 2.5110184538036610e+28
98 -6 1.9460827521104771e+29
100 -6 1.3692409644195480e+30
102 -6 8.8409449103185330e+30
104 -6 5.3063201197597495e+31
106 -6 2.9809065943581314e+32
108 -6 1.5748815530620179e+33
110 -6 7.8724146926837705e+33
112 -6 3.7398274628887242e+34
114 -6 1.6917972383632175e+35
116 -6 7.3028539786995210e+35
118 -6 3.0169662454095383e+36
120 -6 1.1932252721875639e+37
122 -6 4.5219012245057964e+37
124 -6 1.6446104724059140e+38
126 -6 5.7465311086895954e+38
128 -6 1.9253644418088455e+39
130 -6 6.1996171707630100e+39
132 -6 1.9144156581851855e+40
134 -6 5.6725461259965066e+40
136 -6 1.6109070914378133e+41
138 -6 4.3813734099392831e+41
140 -6 1.1399899037919766e+42
142 -6 2.8319646690151210e+42
144 -6 6.7093443782969862e+42
146 -6 1.5134423307234861e+43
148 -6 3.2403754820022839e+43
150 -6 6.5742435606465927e+43
152 -6 1.2593265734983520e+44
154 -6 2.2689073199683810e+44
156 -6 3.8363133121093264e+44
158 -6 6.0436352044145257e+44
160 -6 8.8281648361810091e+44
162 -6 1.1879936451495787e+45
164 -6 1.4591709979329886e+45
166 -6 1.6208144370682597e+45
168 -6 1.6044915161555223e+45
170 -6 1.3916037355239623e+45
172 -6 1.0312424046581224e+45
174 -6 6.2992089602490685e+44
176 -6 2.9993573161946478e+44
178 -6 9.9898227612387291e+43
180 -6 1.7886594326305773e+43
74 -5 6.5746104389033188e+13
76 -5 5.2063963940974896e+16
78 -5 6.7887317032693084e+18
80 -5 3.4325084244392149e+20
82 -5 9.5555237721649667e+21
84 -5 1.8000447987634232e+23
86 -5 2.5673502191059202e+24
88 -5 2.9682450041460769e+25
90 -5 2.9089733786950709e+26
92 -5 2.4935835324794227e+27
94 -5 1.9118873844151484e+28
96 -5 1.3355664135339542e+29
98 -5 8.5917676838201376e+29
100 -5 5.1484580046964344e+30
102 -5 2.8917892026381152e+31
104 -5 1.5334336897144292e+32
106 -5 7.7038429913877478e+32
108 -5 3.6835972428885261e+33
110 -5 1.6799517804918075e+34
112 -5 7.3248870293190649e+34
114 -5 3.0622405226468908e+35
116 -5 1.2281366136378476e+36
118 -5 4.7289284148691283e+36
120 -5 1.7487308466843724e+37
122 -5 6.2219082551725887e+37
124 -5 2.1260423093051674e+38
126 -5 6.9877110847279444e+38
128 -5 2.2097757879577521e+39
130 -5 6.7114215227096971e+39
132 -5 1.9584096500326534e+40
134 -5 5.4770580468999311e+40
136 -5 1.4703344632495972e+41
138 -5 3.7733176878891528e+41
140 -5 9.2661927218761362e+41
142 -5 2.1699482701167578e+42
144 -5 4.8408464226684570e+42
146 -5 1.0267263334118653e+43
148 -5 2.0627969423231361e+43
150 -5 3.9170822383816046e+43
152 -5 7.0021761659099761e+43
154 -5 1.1735086398511081e+44
156 -5 1.8367680757207006e+44
158 -5 2.6637009031242622e+44
160 -5 3.5624014009982403e+44
162 -5 4.3507896449815348e+44
164 -5 4.8074629648534374e+44
166 -5 4.7393874528608374e+44
168 -5 4.0953521391803089e+44
170 -5 3.0275109105135057e+44
172 -5 1.8479261395245104e+44
174 -5 8.7955155425660894e+43
176 -5 2.9331660816947692e+43
178 -5 5.2759970011049013e+42
70 -4 9.0346852158793535e+12
72 -4 5.7329644895016910e+15
74 -4 6.7833988064950387e+17
76 -4 3.2355899081303962e+19
78 -4 8.6734972938955902e+20
80 -4 1.5861370843395174e+22
82 -4 2.2081998572491958e+23
84 -4 2.4973703489415078e+24
86 -4 2.4043641942199643e+25
88 -4 2.0341807566483634e+26
90 -4 1.5434171402085608e+27
92 -4 1.0688436186852367e+28
94 -4 6.8536906929932621e+28
96 -4 4.0992188058072039e+29
98 -4 2.3075143464924292e+30
100 -4 1.2283397479631994e+31
102 -4 6.2087027040490667e+31
104 -4 2.9926401515169819e+32
106 -4 1.3774266354683754e+33
108 -4 6.0743097856848643e+33
110 -4 2.5707075308955405e+34
112 -4 1.0457152183147077e+35
114 -4 4.0924921055826663e+35
116 -4 1.5397944624359107e+36
118 -4 5.5773828827531365e+36
120 -4 1.9474601217924698e+37
122 -4 6.5439740797148789e+37
124 -4 2.1176908824127029e+38
126 -4 6.5922017671305555e+38
128 -4 1.9744495645649236e+39
130 -4 5.6853386907859687e+39
132 -4 1.5721365472227403e+40
134 -4 4.1706531051850357e+40
136 -4 1.0590669780850952e+41
138 -4 2.5753084997982622e+41
140 -4 5.9783322457841605e+41
142 -4 1.3220220644500548e+42
144 -4 2.7820231396460900e+42
146 -4 5.5456310212716458e+42
148 -4 1.0464501813287809e+43
150 -4 1.8578488689652417e+43
152 -4 3.0941843902400346e+43
154 -4 4.8142517610651206e+43
156 -4 6.9552216342379358e+43
158 -4 9.2583431110077578e+43
160 -4 1.1269738624071633e+44
162 -4 1.2417902533099524e+44
164 -4 1.2213783598469043e+44
166 -4 1.0541079165573504e+44
168 -4 7.7888448388617054e+43
170 -4 4.7559751966246101e+43
172 -4 2.2682602739173989e+43
174 -4 7.5947630533315161e+42
176 -4 1.3756238682650681e+42
66 -3 9.6836069592681055e+11
68 -3 5.0546717905729981e+14
70 -3 5.4417028722886912e+16
72 -3 2.4540418765259310e+18
74 -3 6.3142656116290118e+19
76 -3 1.1217852149109901e+21
78 -3 1.5196061161432164e+22
80 -3 1.6812542787606364e+23
82 -3 1.5893035215862794e+24
84 -3 1.3236928547564201e+25
86 -3 9.9554005274613958e+25
88 -3 6.8466437202756591e+26
90 -3 4.3754000262356826e+27
92 -3 2.6204052523734178e+28
94 -3 1.4781164608397953e+29
96 -3 7.9120903085557123e+29
98 -3 4.0299251283348298e+30
100 -3 1.9600487616964735e+31
102 -3 9.1252997867452415e+31
104 -3 4.0803393032538612e+32
106 -3 1.7517900292888154e+33
108 -3 7.2365134553154636e+33
110 -3 2.8805549450940021e+34
112 -3 1.1044254052291179e+35
114 -3 4.0853873470719827e+35
116 -3 1.4556426687575242e+36
118 -3 5.0074646953439817e+36
120 -3 1.6592832388762447e+37
122 -3 5.3012938961330551e+37
124 -3 1.6315496437036398e+38
126 -3 4.8342845783911738e+38
128 -3 1.3785434586182819e+39
130 -3 3.7797686376926812e+39
132 -3 9.9307547996288576e+39
134 -3 2.5030244765188682e+40
136 -3 6.0423706708681071e+40
138 -3 1.3929138396390390e+41
140 -3 3.0632130427963770e+41
142 -3 6.4027236815069101e+41
144 -3 1.2703434190502592e+42
146 -3 2.3840191101203291e+42
148 -3 4.2169791652565444e+42
150 -3 6.9981605723771079e+42
152 -3 1.0854662054019619e+43
154 -3 1.5633085935941425e+43
156 -3 2.0761374940029410e+43
158 -3 2.5251655208477826e+43
160 -3 2.7796322193143293e+43
162 -3 2.7328836731245262e+43
164 -3 2.3608763285415135e+43
166 -3 1.7474103209340515e+43
168 -3 1.0704279368404576e+43
170 -3 5.1298193054941656e+42
172 -3 1.7300610761065759e+42
174 -3 3.1636477976954845e+41
60 -2 1.3116919511320735e+06
62 -2 7.9105673622050964e+10
64 -2 3.4154297364718359e+13
66 -2 3.3721784906540535e+15
68 -2 1.4353535094132259e+17
70 -2 3.5451230051497277e+18
72 -2 6.0931373005327729e+19
74 -2 8.0304608320835695e+20
76 -2 8.6824274070388972e+21
78 -2 8.0509514897017117e+22
80 -2 6.6160579384191940e+23
82 -2 4.9310400186311749e+24
84 -2 3.3824735129762559e+25
86 -2 2.1587990134782598e+26
88 -2 1.2976742633923410e+27
90 -2 7.3686646474301218e+27
92 -2 3.9775505584580294e+28
94 -2 2.0501903398432815e+29
96 -2 1.0101587753894222e+30
98 -2 4.7726997546264153e+30
100 -2 2.1672055646348326e+31
102 -2 9.4732586461000131e+31
104 -2 3.9855964957582554e+32
106 -2 1.6179959342857922e+33
108 -2 6.3418547676397688e+33
110 -2 2.3972233077217825e+34
112 -2 8.7488628813708614e+34
114 -2 3.0826516319107350e+35
116 -2 1.0488081472174652e+36
118 -2 3.4416510469888953e+36
120 -2 1.0893806484312938e+37
122 -2 3.3256294911468317e+37
124 -2 9.7811250841027214e+37
126 -2 2.7700640417368730e+38
128 -2 7.5414241210349899e+38
130 -2 1.9725682126537589e+39
132 -2 4.9495446876944358e+39
134 -2 1.1887667605438338e+40
136 -2 2.7262137914211697e+40
138 -2 5.9720401018424360e+40
140 -2 1.2449871728594832e+41
142 -2 2.4647871932182931e+41
144 -2 4.6109526525716427e+41
146 -2 8.1422244265690812e+41
148 -2 1.3502607604106980e+42
150 -2 2.0910569257433550e+42
152 -2 3.0102189200186257e+42
154 -2 4.0007612223071077e+42
156 -2 4.8663934329060620e+42
158 -2 5.3649053821896085e+42
160 -2 5.2893537456900077e+42
162 -2 4.5811686479771212e+42
164 -2 3.4069259016510887e+42
166 -2 2.0998761515277050e+42
168 -2 1.0130805210866435e+42
170 -2 3.4464836267570211e+41
172 -2 6.3935862515519368e+40
56 -1 2.4952743493039793e+05
58 -1 4.5899532457214518e+09
60 -1 1.6687756673389194e+12
62 -1 1.5099652729262669e+14
64 -1 6.0817544188676550e+15
66 -1 1.4391814037069603e+17
68 -1 2.3828780026390958e+18
70 -1 3.0525393903413936e+19
72 -1 3.2229670134133549e+20
74 -1 2.9404001151360099e+21
76 -1 2.3872135558077163e+22
78 -1 1.7727851567951442e+23
80 -1 1.2179039386332380e+24
82 -1 7.8358113057379209e+24
84 -1 4.7529824963747143e+25
86 -1 2.7331275769100462e+26
88 -1 1.5006623572383609e+27
90 -1 7.8697070666686107e+27
92 -1 3.9532341468179744e+28
94 -1 1.9073952049085803e+29
96 -1 8.8525791653865308e+29
98 -1 3.9525748631737376e+30
100 -1 1.7029017631934361e+31
102 -1 7.0849457689523324e+31
104 -1 2.8436843468716546e+32
106 -1 1.1041115814668684e+33
108 -1 4.1370229065170446e+33
110 -1 1.4978851349695358e+34
112 -1 5.2419989963343094e+34
114 -1 1.7718942901395444e+35
116 -1 5.7838537165179556e+35
118 -1 1.8213857458419306e+36
120 -1 5.5401721375390648e+36
122 -1 1.6225810232208690e+37
124 -1 4.5768926725146178e+37
126 -1 1.2423390319042571e+38
128 -1 3.2418582622536773e+38
130 -1 8.1144760540900183e+38
132 -1 1.9456500333536468e+39
134 -1 4.4599060130688037e+39
136 -1 9.7592556037727231e+39
138 -1 2.0321402020746705e+40
140 -1 4.0220018465192171e+40
142 -1 7.5296915350436190e+40
144 -1 1.3307119573036607e+41
146 -1 2.2082055164330475e+41
148 -1 3.4247920428045278e+41
150 -1 4.9410523831980478e+41
152 -1 6.5868241169733571e+41
154 -1 8.0416381610666987e+41
156 -1 8.9019527725666827e+41
158 -1 8.8157759764509276e+41
160 -1 7.6829013791724767e+41
162 -1 5.7540190373927699e+41
164 -1 3.5730836486844667e+41
166 -1 1.7405851138539396e+41
168 -1 5.9987082161890849e+40
170 -1 1.1316370795188388e+40
52 0 1.9172492369961554e+04
54 0 1.6961298424656028e+08
56 0 5.2130680814284897e+10
58 0 4.3410947883225513e+12
60 0 1.6548033521343694e+14
62 0 3.7505672215530350e+15
64 0 5.9795943785851880e+16
66 0 7.4305101945619597e+17
68 0 7.6834166238798131e+18
70 0 6.9200544614879175e+19
72 0 5.6121721553292434e+20
74 0 4.1903371937652980e+21
76 0 2.9246395410613361e+22
78 0 1.9230534585889589e+23
80 0 1.1954835006325912e+24
82 0 7.0767845836304964e+24
84 0 3.9981419725876408e+25
86 0 2.1586010191862391e+26
88 0 1.1179471591990590e+27
90 0 5.5629513036008627e+27
92 0 2.6616293489243746e+28
94 0 1.2260220990018199e+29
96 0 5.4502879581017391e+29
98 0 2.3371693600194495e+30
100 0 9.6882376108307901e+30
102 0 3.8762026443748442e+31
104 0 1.5000772373250017e+32
106 0 5.6137296878562592e+32
108 0 2.0290296966319211e+33
110 0 7.0940355924783203e+33
112 0 2.3943883745320368e+34
114 0 7.8110819779443184e+34
116 0 2.4597933635491225e+35
118 0 7.4745218503579933e+35
120 0 2.1903209720860343e+36
122 0 6.1772129598978110e+36
124 0 1.6793192614506427e+37
126 0 4.3841640777378356e+37
128 0 1.0982264332285427e+38
130 0 2.6372458453196216e+38
132 0 6.0571764083912510e+38
134 0 1.3275335234348704e+39
136 0 2.7721741095720024e+39
138 0 5.4969865909517791e+39
140 0 1.0324335402326875e+40
142 0 1.8304626158772478e+40
144 0 3.0495387845598957e+40
146 0 4.7517698884576678e+40
148 0 6.8908742041507857e+40
150 0 9.2308234951172322e+40
152 0 1.1333800772629736e+41
154 0 1.2631984145217636e+41
156 0 1.2604655805525037e+41
158 0 1.1084922032130442e+41
160 0 8.3743790596540856e+40
162 0 5.2587380617588821e+40
164 0 2.5962005549187461e+40
166 0 9.0827598565045592e+39
168 0 1.7490580356810427e+39
48 1 5.9756933088350183e+02
50 1 2.9813046622495055e+06
52 1 7.8257810442689943e+08
54 1 6.0031201560550491e+10
56 1 2.1629495469503599e+12
58 1 4.7005534626120578e+13
60 1 7.2336222502426475e+14
62 1 8.7182954983433390e+15
64 1 8.8979112117192480e+16
66 1 8.1144289657639373e+17
68 1 6.8049132394445292e+18
70 1 5.3511863688814313e+19
72 1 3.9600185369537544e+20
74 1 2.7719819358567877e+21
76 1 1.8315058743188944e+22
78 1 1.1481616824638442e+23
80 1 6.8531996811226739e+23
82 1 3.8996148899000754e+24
84 1 2.1247070688886444e+25
86 1 1.1083022400592724e+26
88 1 5.5604688944022910e+26
90 1 2.6818306054928405e+27
92 1 1.2465050866843283e+28
94 1 5.5759012177699895e+28
96 1 2.4073296989027585e+29
98 1 1.0042437024809137e+30
100 1 4.0406066638505774e+30
102 1 1.5734631593966535e+31
104 1 5.9183699019487073e+31
106 1 2.1513993067565731e+32
108 1 7.5488405864025729e+32
110 1 2.5632304005081530e+33
112 1 8.4006354584433509e+33
114 1 2.6579094782198252e+34
116 1 8.1148502830802955e+34
118 1 2.3880593745613509e+35
120 1 6.7706251689630117e+35
122 1 1.8465236605283565e+36
124 1 4.8463719672849113e+36
126 1 1.2201392730144946e+37
128 1 2.9435679385670509e+37
130 1 6.7940759999665507e+37
132 1 1.4973102757416943e+38
134 1 3.1411021484527687e+38
136 1 6.2677538601815876e+38
138 1 1.1837779178862086e+39
140 1 2.1105290634573481e+39
142 1 3.5404175711157790e+39
144 1 5.5563794398571426e+39
146 1 8.1185838156940754e+39
148 1 1.0960833732711564e+40
150 1 1.3577754426321421e+40
152 1 1.5278800808443637e+40
154 1 1.5407449626211188e+40
156 1 1.3694064846463864e+40
158 1 1.0483430726755395e+40
160 1 6.6719752264915574e+39
162 1 3.3466213196876903e+39
164 1 1.1929743110792133e+39
166 1 2.3550210148564576e+38
52 2 3.4608916473207355e+04
54 2 1.0177941166825573e+08
56 2 2.2501003906775009e+10
58 2 1.5778840537248438e+12
60 2 5.4375831883755789e+13
62 2 1.1458281041863292e+15
64 2 1.7198051546325584e+16
66 2 2.0226215536535616e+17
68 2 1.9840043939000420e+18
70 2 1.7079770553980367e+19
72 2 1.3257406176890955e+20
74 2 9.4821659026446982e+20
76 2 6.3391676436591369e+21
78 2 3.9950180361378690e+22
80 2 2.3857067893729241e+23
82 2 1.3567369477064724e+24
84 2 7.3440645177132741e+24
86 2 3.8067656541563885e+25
88 2 1.8905203135977782e+26
90 2 9.0136682476999611e+26
92 2 4.1276928738666418e+27
94 2 1.8220564903603084e+28
96 2 7.7384103601628941e+28
98 2 3.1740651256618703e+29
100 2 1.2530803464039878e+30
102 2 4.7875962770192585e+30
104 2 1.7631938207023764e+31
106 2 6.2681109897854491e+31
108 2 2.1526614513999667e+32
110 2 7.1362233486063241e+32
112 2 2.2818469979309395e+33
114 2 7.0330506683983487e+33
116 2 2.0897805512247584e+34
118 2 5.9779699979670545e+34
120 2 1.6469020308194826e+35
122 2 4.3535934831253652e+35
124 2 1.1055374108098341e+36
126 2 2.6904892298286334e+36
128 2 6.2649064281973770e+36
130 2 1.3919797429128703e+37
132 2 2.9480515851430241e+37
134 2 5.9311440093889118e+37
136 2 1.1305558343914638e+38
138 2 2.0346352082177884e+38
140 2 3.4441866225276220e+38
142 2 5.4613770187794940e+38
144 2 8.0601669155258708e+38
146 2 1.1005524979538554e+39
148 2 1.3798439675718102e+39
150 2 1.5719089563183144e+39
152 2 1.6048991406168504e+39
154 2 1.4469029535650430e+39
156 2 1.1237903119126518e+39
158 2 7.2755749387706176e+38
160 2 3.7220951975421288e+38
162 2 1.3556460957318199e+38
164 2 2.7501225392725411e+37
56 3 9.2334620505882916e+05
58 3 1.6536354539935064e+09
60 3 2.9911873307471405e+11
62 3 1.8703596901013965e+13
64 3 6.0731859081395875e+14
66 3 1.2321697538970584e+16
68 3 1.7942293256119510e+17
70 3 2.0522529185597386e+18
72 3 1.9549546048245031e+19
74 3 1.6178428539283050e+20
76 3 1.1965903257931693e+21
78 3 8.0986809904353960e+21
80 3 5.0822232142119474e+22
82 3 2.9928094822482568e+23
84 3 1.6660914580821317e+24
86 3 8.8065533862826261e+24
88 3 4.4196684062681537e+25
90 3 2.1236911469760745e+26
92 3 9.7635435201723556e+26
94 3 4.3061218765166410e+27
96 3 1.8226595544759779e+28
98 3 7.4191770929844418e+28
100 3 2.9077721659608652e+29
102 3 1.0981499686067103e+30
104 3 3.9967988821070953e+30
106 3 1.4011732774323259e+31
108 3 4.7335314807245232e+31
110 3 1.5399304120496361e+32
112 3 4.8279036677127846e+32
114 3 1.4568395241775049e+33
116 3 4.2325299842237765e+33
118 3 1.1823482337804450e+34
120 3 3.1687528388839586e+34
122 3 8.1503172709073985e+34
124 3 2.0083037455196211e+35
126 3 4.7336563075932374e+35
128 3 1.0649340342328361e+36
130 3 2.2832980767297937e+36
132 3 4.6492790479611300e+36
134 3 8.9705112776216967e+36
136 3 1.6347728661420698e+37
138 3 2.8023896725948576e+37
140 3 4.5025647847570579e+37
142 3 6.7305848125835280e+37
144 3 9.3216419914997116e+37
146 3 1.1849712467899876e+38
148 3 1.3700278056997581e+38
150 3 1.4228117762257488e+38
152 3 1.3032491598511362e+38
154 3 1.0312370592811543e+38
156 3 6.8087028386381638e+37
158 3 3.5595615699535115e+37
160 3 1.3290896336809143e+37
162 3 2.7876362935654139e+36
60 4 1.4278688828813426e+07
62 4 1.6534605670400066e+10
64 4 2.4397641919381021e+12
66 4 1.3328726655154425e+14
68 4 4.0047176305740970e+15
70 4 7.7463444487623968e+16
72 4 1.0885205824010941e+18
74 4 1.2051348872882930e+19
76 4 1.1099229034902117e+20
78 4 8.8308241931977648e+20
80 4 6.2764238261572222e+21
82 4 4.0562654827542376e+22
84 4 2.4145557476628457e+23
86 4 1.3445650973946462e+24
88 4 7.0415134799085378e+24
90 4 3.4857845024303939e+25
92 4 1.6419284450512190e+26
94 4 7.3533204118265017e+26
96 4 3.1534742511646521e+27
98 4 1.2931765247755480e+28
100 4 5.0811720563694493e+28
102 4 1.9147559785076613e+29
104 4 6.9304846811339044e+29
106 4 2.4115349645039915e+30
108 4 8.0670929899477333e+30
110 4 2.5936282422389142e+31
112 4 8.0156699654976382e+31
114 4 2.3797176597299722e+32
116 4 6.7820377383933900e+32
118 4 1.8549524015481858e+33
120 4 4.8617522183896992e+33
122 4 1.2190972508238195e+34
124 4 2.9226884409132800e+34
126 4 6.6837067404247413e+34
128 4 1.4546657119329467e+35
130 4 3.0084922903796950e+35
132 4 5.8986372650723735e+35
134 4 1.0922050811533729e+36
136 4 1.9019088029032361e+36
138 4 3.1053823504930107e+36
140 4 4.7171907809816692e+36
142 4 6.6424208066493925e+36
144 4 8.5927694017743797e+36
146 4 1.0112991090365644e+37
148 4 1.0700696525292919e+37
150 4 9.9921961689956732e+36
152 4 8.0799687418874241e+36
154 4 5.4536876417537196e+36
156 4 2.9235973986070051e+36
158 4 1.1240652444618098e+36
160 4 2.4447936152964156e+35
64 5 1.4286234931864443e+08
66 5 1.0873277092299110e+11
68 5 1.3457311048165730e+13
70 5 6.4022029098641488e+14
72 5 1.7550823513626104e+16
74 5 3.2002594382421933e+17
76 5 4.2998516899821809e+18
78 5 4.5664982664224186e+19
80 5 4.0490979082550365e+20
82 5 3.1010827384488974e+21
84 5 2.1120883898914481e+22
86 5 1.3035099556913534e+23
88 5 7.4020499679135446e+23
90 5 3.8981622971239805e+24
92 5 1.9269889002277644e+25
94 5 8.9769143487095448e+25
96 5 3.9564257726558575e+26
98 5 1.6606843341008338e+27
100 5 6.6213980382318220e+27
102 5 2.5261067936195150e+28
104 5 9.1931031668690175e+28
106 5 3.2038809941141379e+29
108 5 1.0698300163306681e+30
110 5 3.4230762095011402e+30
112 5 1.0479039538476557e+31
114 5 3.0760555621010376e+31
116 5 8.6421696039323673e+31
118 5 2.3208920903982110e+32
120 5 5.9613415427528013e+32
122 5 1.4635088851308115e+33
124 5 3.4182030984981079e+33
126 5 7.6039257857881766e+33
128 5 1.6067342879479328e+34
130 5 3.2110437053362554e+34
132 5 6.0554589329787912e+34
134 5 1.0750589490358908e+35
136 5 1.7891585615793365e+35
138 5 2.7731503612132804e+35
140 5 3.9777192790585899e+35
142 5 5.2526964768090302e+35
144 5 6.3039909092444575e+35
146 5 6.8210621494236299e+35
148 5 6.5183087878947767e+35
150 5 5.3946726136297754e+35
152 5 3.7384614901983018e+35
154 5 2.0624179512427294e+35
156 5 8.1701138894701711e+34
158 5 1.8528295353479450e+34
68 6 9.7980576991485488e+08
70 6 4.9466622128088177e+11
72 6 5.2165142303540875e+13
74 6 2.1695079318585200e+15
76 6 5.4129717620030032e+16
78 6 9.2284768838462976e+17
80 6 1.1728172709238419e+19
82 6 1.1910075439907340e+20
84 6 1.0091918180956959e+21
86 6 7.4070669208774047e+21
88 6 4.8176771071988038e+22
90 6 2.8307352573387154e+23
92 6 1.5224766740099839e+24
94 6 7.5888818395575809e+24
96 6 3.5358619545903941e+25
98 6 1.5454909485813347e+26
100 6 6.3787203538535563e+26
102 6 2.4969064075943924e+27
104 6 9.2669095658143762e+27
106 6 3.2662062320741585e+28
108 6 1.0981276895024714e+29
110 6 3.5168298460329307e+29
112 6 1.0773766931313876e+30
114 6 3.1423302584270445e+30
116 6 8.7621458423149635e+30
118 6 2.3211199337781363e+31
120 6 5.8749484439747689e+31
122 6 1.4125971226741915e+32
124 6 3.2306580921166349e+32
126 6 6.9990652110993733e+32
128 6 1.4356072827335427e+33
130 6 2.7750939871754376e+33
132 6 5.0460408133269295e+33
134 6 8.5816744251122315e+33
136 6 1.3621469042303096e+34
138 6 2.0004730888158105e+34
140 6 2.7025667956118256e+34
142 6 3.3247927937720612e+34
144 6 3.6811299333161593e+34
146 6 3.6085772395247634e+34
148 6 3.0658063112786039e+34
150 6 2.1882691149322611e+34
152 6 1.2435799962481095e+34
154 6 5.1130559175098537e+33
156 6 1.2146184896595854e+33
72 7 4.8318590134332523e+09
74 7 1.5957690094412397e+12
76 7 1.4507523914460678e+14
78 7 5.3475560255830270e+15
80 7 1.2110627135108246e+17
82 7 1.9110724204560095e+18
84 7 2.2910378934345765e+19
86 7 2.1991396428421995e+20
88 7 1.7747084573981383e+21
90 7 1.2367172194320089e+22
92 7 7.6262059801498282e+22
94 7 4.2503602445423030e+23
96 7 2.1599371446733781e+24
98 7 1.0135791954134218e+25
100 7 4.4279331394053883e+25
102 7 1.8128491123118198e+26
104 7 6.9649579698307800e+26
106 7 2.5252038671941203e+27
108 7 8.6524919327848493e+27
110 7 2.8098888702518938e+28
112 7 8.6633582956497680e+28
114 7 2.5350782274366517e+29
116 7 7.0420240008688517e+29
118 7 1.8570609304299444e+30
120 7 4.6431779908830277e+30
122 7 1.1009713473232857e+31
124 7 2.4676961912537873e+31
126 7 5.2241755732328755e+31
128 7 1.0427021704004922e+32
130 7 1.9499738557782728e+32
132 7 3.4176240155939692e+32
134 7 5.5690680078056900e+32
136 7 8.4087997406555358e+32
138 7 1.1672762981920373e+33
140 7 1.4761570398148370e+33
142 7 1.6815822689102988e+33
144 7 1.6974307100052921e+33
146 7 1.4862741065552937e+33
148 7 1.0939051451245598e+33
150 7 6.4418309903832159e+32
152 7 2.7453059566190741e+32
154 7 6.8681177153158781e+31
76 8 1.7597253224480553e+10
78 8 3.7429079760302969e+12
80 8 2.9257165961470025e+14
82 8 9.6916171585906500e+15
84 8 1.9951581648959066e+17
86 8 2.9019668173064443e+18
88 8 3.2456292828118249e+19
90 8 2.9341765971426207e+20
92 8 2.2300528367254134e+21
94 8 1.4681924725169742e+22
96 8 8.5452268134229044e+22
98 8 4.4812988759373485e+23
100 8 2.1400739185440921e+24
102 8 9.3933426421015404e+24
104 8 3.8208457588239680e+25
106 8 1.4498570746189692e+26
108 8 5.1496082969830586e+26
110 8 1.7192550018312056e+27
112 8 5.3998924268515993e+27
114 8 1.5993307207050102e+28
116 8 4.4715183849826181e+28
118 8 1.1799352792450916e+29
120 8 2.9355706229164805e+29
122 8 6.8818289805807676e+29
124 8 1.5214535381779885e+30
126 8 3.1573132452817662e+30
128 8 6.1354601867818604e+30
130 8 1.1144183240901040e+31
132 8 1.8817744517601221e+31
134 8 2.9371986258932688e+31
136 8 4.2082626375442013e+31
138 8 5.4949107263735197e+31
140 8 6.4638625392013984e+31
142 8 6.7387286836107857e+31
144 8 6.1142034048783830e+31
146 8 4.6640217593131669e+31
148 8 2.8504993553406979e+31
150 8 1.2661654073532960e+31
152 8 3.3533926156160418e+30
80 9 4.7215127191139610e+10
82 9 6.5736203206690996e+12
84 9 4.3479760710456812e+14
86 9 1.2900924165815462e+16
88 9 2.4138522150634301e+17
90 9 3.2437960065233848e+18
92 9 3.3617944086852321e+19
94 9 2.8420143370776681e+20
96 9 2.0247921059423369e+21
98 9 1.2466653585431840e+22
100 9 6.7957713970578697e+22
102 9 3.3254515507798205e+23
104 9 1.4754539001821216e+24
106 9 6.0173503190738746e+24
108 9 2.2598427146061456e+25
110 9 7.8810613272412281e+25
112 9 2.5628345911522664e+26
114 9 7.7876854905874108e+26
116 9 2.2160605675286075e+27
118 9 5.8984118942789144e+27
120 9 1.4739461453279766e+28
122 9 3.4465140472104270e+28
124 9 7.5318519320737247e+28
126 9 1.5387232766818225e+29
128 9 2.9259433207837920e+29
130 9 5.1590250025746145e+29
132 9 8.3920823901130684e+29
134 9 1.2535922298594501e+30
136 9 1.7015106285706920e+30
138 9 2.0789090758744646e+30
140 9 2.2523847377069577e+30
142 9 2.1232750217330684e+30
144 9 1.6833439706526428e+30
146 9 1.0747168348076563e+30
148 9 4.9844319055212800e+29
150 9 1.4061750497129604e+29
82 10 1.4722033510743394e+07
84 10 9.3089597406199005e+10
86 10 8.8124843990089082e+12
88 10 4.8138029443411469e+14
90 10 1.2734029556294552e+16
92 10 2.1667591629907248e+17
94 10 2.6594006279441009e+18
96 10 2.5491196626450227e+19
98 10 1.9967176729153687e+20
100 10 1.3214014384874004e+21
102 10 7.5450073834553124e+21
104 10 3.8137349216975995e+22
106 10 1.7277807838506342e+23
108 10 7.0557728503489835e+23
110 10 2.6360136675261376e+24
112 10 9.0629162949889173e+24
114 10 2.8715882695533605e+25
116 10 8.4298826282895511e+25
118 10 2.2938958228010868e+26
120 10 5.7976980320950172e+26
122 10 1.3628086607655655e+27
124 10 2.9694000342370883e+27
126 10 6.0060616201241742e+27
128 10 1.1203053249006729e+28
130 10 1.9261368489661703e+28
132 10 3.0241195106595180e+28
134 10 4.3010066316718845e+28
136 10 5.5128617528600324e+28
138 10 6.2525675968973312e+28
140 10 6.1648206678382888e+28
142 10 5.1200897747966912e+28
144 10 3.4328047867418450e+28
146 10 1.6766345149102121e+28
148 10 5.0684592440586993e+27
86 11 3.7362043481563337e+07
88 11 1.3301319602107858e+11
90 11 9.1121971732887871e+12
92 11 3.9779713366506006e+14
94 11 9.2864951270236860e+15
96 11 1.4259047946171656e+17
98 11 1.6001280547637740e+18
100 11 1.4079797977794290e+19
102 11 1.0109581825056804e+20
104 11 6.1559243862142668e+20
106 11 3.2301465885103405e+21
108 11 1.4942714014816654e+22
110 11 6.1764310627901965e+22
112 11 2.3036306977171321e+23
114 11 7.7755128548754246e+23
116 11 2.3999863859105540e+24
118 11 6.7791726120138176e+24
120 11 1.7601743636888674e+25
122 11 4.2008290394051812e+25
124 11 9.2290530210341726e+25
126 11 1.8593732399938466e+26
128 11 3.4210845281692263e+26
130 11 5.7340595098590537e+26
132 11 8.6818924612428667e+26
134 11 1.1797441960356007e+27
136 11 1.4156110862161191e+27
138 11 1.4752454413784219e+27
140 11 1.2914473190173778e+27
142 11 9.1606716677766569e+26
144 11 4.7345075140231842e+26
146 11 1.5491735418260047e+26
90 12 6.0566664486662440e+07
92 12 1.3560645858029436e+11
94 12 7.1458255884139316e+12
96 12 2.4803027757361772e+14
98 12 5.0316391693697820e+15
100 12 6.8867978609196048e+16
102 12 6.9674101995969485e+17
104 12 5.5657755762197504e+18
106 12 3.6458137947735122e+19
108 12 2.0113358899859659e+20
110 12 9.5845741842779983e+20
112 12 4.0105944181444528e+21
114 12 1.4888701627779126e+22
116 12 4.9555619043149013e+22
118 12 1.4857854991382013e+23
120 12 4.0280432087324071e+23
122 12 9.9046817029371675e+23
124 12 2.2134133061630351e+24
126 12 4.4770701421716167e+24
128 12 8.1903338020105798e+24
130 12 1.3446230778976245e+25
132 12 1.9670237687317683e+25
134 12 2.5330518871510710e+25
136 12 2.8284587962705789e+25
138 12 2.6447018060554105e+25
140 12 2.0070437585303582e+25
142 12 1.1067747306861538e+25
144 12 3.9626963537054284e+24
94 13 4.8626688168455467e+07
96 13 9.7099882641155792e+10
98 13 4.1703674533739648e+12
100 13 1.1504522913935666e+14
102 13 1.9963334857479632e+15
104 13 2.4060299312130616e+16
106 13 2.1692680517335971e+17
108 13 1.5540653406624771e+18
110 13 9.1211700988247736e+18
112 13 4.5024727435748827e+19
114 13 1.9111530644081354e+20
116 13 7.0869559888291483e+20
118 13 2.3197034486108277e+21
120 13 6.7258839172754514e+21
122 13 1.7375716963338410e+22
124 13 4.0053839332337770e+22
126 13 8.2350559427442470e+22
128 13 1.5036943939243131e+23
130 13 2.4326058072931898e+23
132 13 3.4314813776758675e+23
134 13 4.1843705916347852e+23
136 13 4.2454342134380803e+23
138 13 3.5042907031788127e+23
140 13 2.0840915491188165e+23
142 13 8.3261462488223142e+22
98 14 2.5978922913795810e+07
100 14 4.7866058106371262e+10
102 14 1.7461358374615510e+12
104 14 3.8922444059771445e+13
106 14 5.6939795583880512e+14
108 14 5.9495747546324420e+15
110 14 4.7259492778268184e+16
112 14 2.9708069030634362e+17
114 14 1.5320028864260646e+18
116 14 6.6485175366308219e+18
118 14 2.4523254679997133e+19
120 14 7.8201498765960741e+19
122 14 2.1747929423904299e+20
124 14 5.2822294133913603e+20
126 14 1.1200291374722841e+21
128 14 2.0692642805739406e+21
130 14 3.3046397631207398e+21
132 14 4.5113389655626199e+21
134 14 5.0852430944768067e+21
136 14 4.6698914019597951e+21
138 14 3.0511697811945695e+21
140 14 1.3900048148620931e+21
102 15 7.5264717291362258e+06
104 15 1.5987349651821865e+10
106 15 5.0690222534283960e+11
108 15 9.2242526289721406e+12
110 15 1.1373991178823420e+14
112 15 1.0075500234292546e+15
114 15 6.8603115914684010e+15
116 15 3.6996850620956632e+16
118 15 1.6339023459538528e+17
120 15 5.9632698837816000e+17
122 15 1.8514134942103414e+18
124 15 4.8362082496161976e+18
126 15 1.0840374293489478e+19
128 15 2.0406610152106455e+19
130 15 3.2628480541139952e+19
132 15 4.2094486775054377e+19
134 15 4.4560454623082897e+19
136 15 3.2705039386515300e+19
138 15 1.7467954527779889e+19
106 16 1.5203735688971998e+06
108 16 3.5130514169505429e+09
110 16 9.5389497924955856e+10
112 16 1.4501242653899402e+12
114 16 1.4657887745383562e+13
116 16 1.0904268409605833e+14
118 16 6.1367948141923325e+14
120 16 2.7590070332509950e+15
122 16 9.8358977338237720e+15
124 16 2.9168473865720252e+16
126 16 6.9526722486480584e+16
128 16 1.3868123900063997e+17
130 16 2.1550279992924378e+17
132 16 2.7610564941512707e+17
134 16 2.3412416039329552e+17
136 16 1.5455330862170067e+17
110 17 1.6903966690066532e+05
112 17 4.6144305620090801e+08
114 17 1.0941800134246315e+10
116 17 1.3410531365647574e+11
118 17 1.1228351473227715e+12
120 17 6.5459426478062607e+12
122 17 2.9815343524033582e+13
124 17 1.0077053269741245e+14
126 17 2.7952980731024738e+14
128 17 5.6527445456196762e+14
130 17 9.4910933972913275e+14
132 17 9.8172135199068500e+14
134 17 8.5227989331602050e+14
114 18 1.4750783814652779e+04
116 18 3.2581658000399508e+07
118 18 6.1891990915856504e+08
120 18 6.4256651725929899e+09
122 18 3.8679552250924179e+10
124 18 1.8302379559447302e+11
126 18 5.4492313984879761e+11
128 18 1.3892102077554209e+12
130 18 1.8845711971827173e+12
132 18 2.4371127932373350e+12
120 19 6.9353986606529332e+05
122 19 1.3916121639179951e+07
124 19 8.2815726985674948e+07
126 19 4.8060719073096460e+08
128 19 9.4632916316814232e+08
130 19 2.4747639797757959e+09
124 20 1.3682909478957261e+04
126 20 1.7763094700079742e+04
128 20 3.5173436822543788e+05
