200 -35 1.5182915089531849e+25
196 -34 6.9858232459255844e+25
198 -34 9.6714815098772536e+26
192 -33 2.1268629061413786e+26
194 -33 4.4648884336770574e+27
196 -33 2.8921557835578078e+28
188 -32 4.9197995875096925e+26
190 -32 1.3185353238413619e+28
192 -32 1.3256872819290526e+29
194 -32 5.4025662703495024e+29
184 -31 9.3971001996944808e+26
186 -31 2.9401369198593969e+28
188 -31 3.8007340308719149e+29
190 -31 2.4487765714136559e+30
192 -31 7.0994677064004744e+30
180 -30 1.5319081835394794e+27
182 -30 5.3749415518443680e+28
184 -30 8.1534347595269505e+29
186 -30 6.7933766595143454e+30
188 -30 3.1626295844853857e+31
190 -30 7.0063389110692217e+31
176 -29 2.1827516667678316e+27
178 -29 8.3543785567642920e+28
180 -29 1.4230027626269186e+30
182 -29 1.3977180144000679e+31
184 -29 8.4678019009245680e+31
186 -29 3.0499343723848116e+32
188 -29 5.4005548885893058e+32
172 -28 2.7576783362161563e+27
174 -28 1.1284058205568871e+29
176 -28 2.1029096681886313e+30
178 -28 2.3259037562464716e+31
180 -28 1.6680067929870518e+32
182 -28 7.8587662401708831e+32
184 -28 2.2904190035474959e+33
186 -28 3.3576847738023587e+33
168 -27 3.1154242976136588e+27
170 -27 1.3455256584013164e+29
172 -27 2.6871651454347540e+30
174 -27 3.2592984584227594e+31
176 -27 2.6423321868909308e+32
178 -27 1.4787317091993235e+33
180 -27 5.6604712273988438e+33
182 -27 1.3783600019587529e+34
184 -27 1.7130684247664827e+34
164 -26 3.1699073492687002e+27
166 -26 1.4344719503471072e+29
168 -26 3.0256177352492537e+30
170 -26 3.9405576022294649e+31
172 -26 3.5031874911151908e+32
174 -26 2.2231159646398378e+33
176 -26 1.0152007812423347e+34
178 -26 3.2601038673034891e+34
180 -26 6.7861992350698133e+34
182 -26 7.2942069135054954e+34
160 -25 2.9219345173079077e+27
162 -25 1.3710110292814774e+29
164 -25 3.0312305761058291e+30
166 -25 4.1753981934178249e+31
168 -25 3.9977365346712868e+32
170 -25 2.7876207109531087e+33
172 -25 1.4472283144770003e+34
174 -25 5.5588287948895863e+34
176 -25 1.5317631141909546e+35
178 -25 2.7761873023577606e+35
180 -25 2.6213525961805977e+35
156 -24 2.4461784597636728e+27
158 -24 1.1820894429090083e+29
160 -24 2.7119583189356783e+30
162 -24 3.9209493251090804e+31
164 -24 3.9839133014452038e+32
166 -24 2.9940047561421586e+33
168 -24 1.7110868979057335e+34
170 -24 7.4869237842818897e+34
172 -24 2.4751227455761007e+35
174 -24 5.9652868067513663e+35
176 -24 9.5570357070123582e+35
178 -24 8.0357206130970972e+35
152 -23 1.8625379080343381e+27
154 -23 9.2298466741851925e+28
156 -23 2.1861424148344245e+30
158 -23 3.2817170207408238e+31
160 -23 3.5019685183542739e+32
162 -23 2.7978229371838781e+33
164 -23 1.7247151139211278e+34
166 -23 8.3302131943601941e+34
168 -23 3.1438432498452952e+35
170 -23 9.1123939938850647e+35
172 -23 1.9492408636513240e+36
174 -23 2.7954733562194219e+36
176 -23 2.1140389975518962e+36
148 -22 1.2942276991418462e+27
150 -22 6.5464204484039104e+28
152 -22 1.5897301535424875e+30
154 -22 2.4644568905372684e+31
156 -22 2.7334943907161681e+32
158 -22 2.2972558103437211e+33
160 -22 1.5071354948081828e+34
162 -22 7.8722416769948306e+34
164 -22 3.2841222532216507e+35
166 -22 1.0885071719327300e+36
168 -22 2.8070065414438782e+36
170 -22 5.3899660622356592e+36
172 -22 6.9948897069284723e+36
174 -22 4.8087929498204972e+36
142 -21 1.3436392942022643e+22
144 -21 8.1951637796302856e+26
146 -21 4.2151907588105181e+28
148 -21 1.0446542265711636e+30
150 -21 1.6653948024431403e+31
152 -21 1.9079838946428203e+32
154 -21 1.6705599485971035e+33
156 -21 1.1544109757397335e+34
158 -21 6.4152302923107889e+34
160 -21 2.9008194433301472e+35
162 -21 1.0649079674652629e+36
164 -21 3.1446301206022680e+36
166 -21 7.3053871368230988e+36
168 -21 1.2724801808147910e+37
170 -21 1.5078908342781288e+37
172 -21 9.4954787159473580e+36
138 -20 2.2189107654726164e+22
140 -20 4.7499068112610660e+26
142 -20 2.4704382036842928e+28
144 -20 6.2269562473208151e+29
146 -20 1.0150055363084486e+31
148 -20 1.1946392461809742e+32
150 -20 1.0818855281236162e+33
152 -20 7.8031088440308804e+33
154 -20 4.5698635886544516e+34
156 -20 2.2030346827386766e+35
158 -20 8.7700308257732544e+35
160 -20 2.8736062701841484e+36
162 -20 7.6593152480920622e+36
164 -20 1.6174049320235799e+37
166 -20 2.5773371091206259e+37
168 -20 2.8092242520917441e+37
170 -20 1.6322472506029069e+37
134 -19 2.6015658848178055e+22
136 -19 2.5120133783618705e+26
138 -19 1.3175003318292404e+28
140 -19 3.3667154565107952e+29
142 -19 5.5825197783889760e+30
144 -19 6.7311249844431475e+31
146 -19 6.2706182481275658e+32
148 -19 4.6770343767350918e+33
150 -19 2.8635299296506173e+34
152 -19 1.4551103395592514e+35
154 -19 6.1814345882504951e+35
156 -19 2.2018385332007067e+36
158 -19 6.5132470059610551e+36
160 -19 1.5819208558182474e+37
162 -19 3.0630375899631868e+37
164 -19 4.5030827558993109e+37
166 -19 4.5452492202007731e+37
168 -19 2.4501540137049661e+37
130 -18 2.2868082128223226e+22
132 -18 1.2108474554547318e+26
134 -18 6.3855499463297325e+27
136 -18 1.6492631087081487e+29
138 -18 2.7761409483755546e+30
140 -18 3.4104149528303435e+31
142 -18 3.2514431615464799e+32
144 -18 2.4979450894054025e+33
146 -18 1.5848492373998107e+34
148 -18 8.4210711826027522e+34
150 -18 3.7791097020577847e+35
152 -18 1.4380062041439216e+36
154 -18 4.6292047844642484e+36
156 -18 1.2503469072038422e+37
158 -18 2.7879221070264414e+37
160 -18 4.9876567669496780e+37
162 -18 6.8059799105258098e+37
164 -18 6.3965534943419327e+37
166 -18 3.2176264071880714e+37
126 -17 1.6630232142688519e+22
128 -17 5.3240702462165573e+25
130 -17 2.8164980889985643e+27
132 -17 7.3280825583617544e+28
134 -17 1.2458985537700442e+30
136 -17 1.5539234222058444e+31
138 -17 1.5125914889406366e+32
140 -17 1.1910972292566129e+33
142 -17 7.7807777781726722e+33
144 -17 4.2908642949703668e+34
146 -17 2.0142808670671806e+35
148 -17 8.0965691430725492e+35
150 -17 2.7894844272830212e+36
152 -17 8.2076269446419652e+36
154 -17 2.0397909881516468e+37
156 -17 4.2084074478331778e+37
158 -17 7.0032386456987086e+37
160 -17 8.9186962914323885e+37
162 -17 7.8445694900828325e+37
164 -17 3.7038960835638914e+37
122 -16 1.0117089633682422e+22
124 -16 2.1389522105290403e+25
126 -16 1.1264792493605110e+27
128 -16 2.9460894561280566e+28
130 -16 5.0506413765471799e+29
132 -16 6.3730653252087610e+30
134 -16 6.2995286531777470e+31
136 -16 5.0644255401295216e+32
138 -16 3.3927903137609280e+33
140 -16 1.9299002708551631e+34
142 -16 9.4182165103491530e+34
144 -16 3.9634772127261179e+35
146 -16 1.4438742725793765e+36
148 -16 4.5515292856991442e+36
150 -16 1.2331416857259297e+37
152 -16 2.8396631880073093e+37
154 -16 5.4590100495089081e+37
156 -16 8.4961629029656327e+37
158 -16 1.0145818986527058e+38
160 -16 8.3956041672380291e+37
162 -16 3.7356608861741669e+37
118 -15 5.2839635261395095e+21
120 -15 7.7882596616149159e+24
122 -15 4.0891179730981326e+26
124 -15 1.0702464583635766e+28
126 -15 1.8443347915807630e+29
128 -15 2.3484735822668268e+30
130 -15 2.3491690058401353e+31
132 -15 1.9217089213661034e+32
134 -15 1.3148184812205219e+33
136 -15 7.6769707490269874e+33
138 -15 3.8656258902528139e+34
140 -15 1.6920524185528537e+35
142 -15 6.4633631318762137e+35
144 -15 2.1551002070815308e+36
146 -15 6.2673641760176693e+36
148 -15 1.5753554218277733e+37
150 -15 3.3843360533937637e+37
152 -15 6.0949177754437488e+37
154 -15 8.9119219680558518e+37
156 -15 1.0036596908635516e+38
158 -15 7.8411762949703960e+37
160 -15 3.3012168225693826e+37
114 -14 2.3847189682451194e+21
116 -14 2.5732674653564503e+24
118 -14 1.3404924448989977e+26
120 -14 3.5079413551662035e+27
122 -14 6.0599597519778785e+28
124 -14 7.7670184712959254e+29
126 -14 7.8436172212491572e+30
128 -14 6.5012687348083571e+31
130 -14 4.5267679509798131e+32
132 -14 2.7003597358162507e+33
134 -14 1.3969938663589700e+34
136 -14 6.3171883076699989e+34
138 -14 2.5118193800503943e+35
140 -14 8.7894365193227582e+35
142 -14 2.7073123964892909e+36
144 -14 7.3075077382911190e+36
146 -14 1.7163729033524484e+37
148 -14 3.4589852235454309e+37
150 -14 5.8634882262296871e+37
152 -14 8.0899078496055045e+37
154 -14 8.6235277912129578e+37
156 -14 6.3911324111860589e+37
158 -14 2.5548076802821394e+37
110 -13 9.3832480342966311e+20
112 -13 7.6938816411008227e+23
114 -13 3.9625814574909898e+25
116 -13 1.0330953722496099e+27
118 -13 1.7882077987772732e+28
120 -13 2.2988146881890067e+29
122 -13 2.3380430350170089e+30
124 -13 1.9547218983928101e+31
126 -13 1.3808200098140679e+32
128 -13 8.3936103565384618e+32
130 -13 4.4409848503674699e+33
132 -13 2.0646315740412368e+34
134 -13 8.4880455626317877e+34
136 -13 3.0939963590742696e+35
138 -13 1.0009221748458393e+36
140 -13 2.8684919445946363e+36
142 -13 7.2376578110104366e+36
144 -13 1.5961309441434586e+37
146 -13 3.0316651919777549e+37
148 -13 4.8579068394608767e+37
150 -13 6.3573294290603373e+37
152 -13 6.4368689214350219e+37
154 -13 4.5393196997595559e+37
156 -13 1.7294005414770404e+37
106 -12 3.2288418247666074e+20
108 -12 2.0699192205792720e+23
110 -12 1.0519447783194303e+25
112 -12 2.7278047059014887e+26
114 -12 4.7075800262636258e+27
116 -12 6.0707741252040874e+28
118 -12 6.1960568287749203e+29
120 -12 5.2230825782483329e+30
122 -12 3.7293275096979898e+31
124 -12 2.2996865915985964e+32
126 -12 1.2397490243156418e+33
128 -12 5.8996886063446085e+33
130 -12 2.4957468217629247e+34
132 -12 9.4182020430106933e+34
134 -12 3.1767848034301958e+35
136 -12 9.5634061023227191e+35
138 -12 2.5649774957135644e+36
140 -12 6.0849302271266825e+36
142 -12 1.2664641646892771e+37
144 -12 2.2769374791235473e+37
146 -12 3.4656439245546065e+37
148 -12 4.3167039684282731e+37
150 -12 4.1659939416125474e+37
152 -12 2.8061605795743485e+37
154 -12 1.0230874981134848e+37
102 -11 9.7429254423553655e+19
104 -11 4.9974756267769261e+22
106 -11 2.4945097147433488e+24
108 -11 6.4213581903442448e+25
110 -11 1.1047783299327192e+27
112 -11 1.4216982466282359e+28
114 -11 1.4560170728461391e+29
116 -11 1.2334786295401387e+30
118 -11 8.8730871232045775e+30
120 -11 5.5338007953662473e+31
122 -11 3.0313630487023508e+32
124 -11 1.4714195943051459e+33
126 -11 6.3757501806994916e+33
128 -11 2.4765602783388147e+34
130 -11 8.6568990818636352e+34
132 -11 2.7209341275216929e+35
134 -11 7.6780417727304356e+35
136 -11 1.9380611562782813e+36
138 -11 4.3427544155314682e+36
140 -11 8.5747928473153268e+36
142 -11 1.4656540416387332e+37
144 -11 2.1243117174690717e+37
146 -11 2.5273418754311635e+37
148 -11 2.3342316406866446e+37
150 -11 1.5072626525208921e+37
152 -11 5.2772375112466785e+36
98 -10 2.5558286319769530e+19
100 -10 1.0751940554718758e+22
102 -10 5.2705797369635957e+23
104 -10 1.3420057764622397e+25
106 -10 2.2963734419649872e+26
108 -10 2.9456792162676172e+27
110 -10 3.0155464611843993e+28
112 -10 2.5624224222180422e+29
114 -10 1.8550001887754234e+30
116 -10 1.1665140408785772e+31
118 -10 6.4643209609755656e+31
120 -10 3.1913025357080607e+32
122 -10 1.4110753873612687e+33
124 -10 5.6241220899733000e+33
126 -10 2.0248471874601160e+34
128 -10 6.6022547268719150e+34
130 -10 1.9452677087497972e+35
132 -10 5.1722027964905658e+35
134 -10 1.2352753675392165e+36
136 -10 2.6306089033147901e+36
138 -10 4.9390573262219103e+36
140 -10 8.0572770358341902e+36
142 -10 1.1176339625103814e+37
144 -10 1.2739135695824171e+37
146 -10 1.1290720799241130e+37
148 -10 7.0083430772983450e+36
150 -10 2.3654859452328471e+36
94 -9 5.8414776437571604e+18
96 -9 2.0481666701437079e+21
98 -9 9.8385553181665416e+22
100 -9 2.4749766615121396e+24
102 -9 4.1975572714446551e+25
104 -9 5.3634781774234225e+26
106 -9 5.4740397999749886e+27
108 -9 4.6525329019093114e+28
110 -9 3.3803601897878093e+29
112 -9 2.1405001971940339e+30
114 -9 1.1974686351603607e+31
116 -9 5.9839382895072773e+31
118 -9 2.6932690116219143e+32
120 -9 1.0962830912527486e+33
122 -9 4.0516272980196534e+33
124 -9 1.3625283973022064e+34
126 -9 4.1713221502496239e+34
128 -9 1.1599093577284188e+35
130 -9 2.9213575568271390e+35
132 -9 6.6273586419510644e+35
134 -9 1.3457060416812733e+36
136 -9 2.4147856285576858e+36
138 -9 3.7763292288651792e+36
140 -9 5.0248096992432683e+36
142 -9 5.5076473304033431e+36
144 -9 4.7013798141385940e+36
146 -9 2.8177019858828891e+36
148 -9 9.2000223978511236e+35
88 -8 1.4555157153904154e+13
90 -8 1.1529916397783747e+18
92 -8 3.4329942218115960e+20
94 -8 1.6086710155026817e+22
96 -8 3.9980917723261450e+23
98 -8 6.7089841409601153e+24
100 -8 8.5065256193014441e+25
102 -8 8.6487233636655638e+26
104 -8 7.3341974315882284e+27
106 -8 5.3344581262277523e+28
108 -8 3.3904015995102253e+29
110 -8 1.9104815982499088e+30
112 -8 9.6519765158170137e+30
114 -8 4.4049117589302441e+31
116 -8 1.8260779459582227e+32
118 -8 6.9054918902639866e+32
120 -8 2.3835447356097603e+33
122 -8 7.5397145230838946e+33
124 -8 2.1802616452265356e+34
126 -8 5.7524049678550634e+34
128 -8 1.3779083056256849e+35
130 -8 2.9867417810520439e+35
132 -8 5.8042809770908349e+35
134 -8 9.9965533831065465e+35
136 -8 1.5019614456773140e+36
138 -8 1.9255059067348120e+36
140 -8 2.0366288679854292e+36
142 -8 1.6801847408408763e+36
144 -8 9.7473123439673344e+35
146 -8 3.0933350379620879e+35
84 -7 8.1214048222781377e+12
86 -7 1.9585321246289914e+17
88 -7 5.0061069392747856e+19
90 -7 2.2866489089733370e+21
92 -7 5.5899165658905949e+22
94 -7 9.2711758722440732e+23
96 -7 1.1646994420762767e+25
98 -7 1.1769577360045934e+26
100 -7 9.9402913139459766e+26
102 -7 7.2281015322658281e+27
104 -7 4.6027697505471796e+28
106 -7 2.6069187782618456e+29
108 -7 1.3264563810812233e+30
110 -7 6.1273679452685870e+30
112 -7 2.5769528179110300e+31
114 -7 9.9387430474815984e+31
116 -7 3.5171868846780519e+32
118 -7 1.1435857689449069e+33
120 -7 3.4212849821210609e+33
122 -7 9.3996575879216621e+33
124 -7 2.3629945076884066e+34
126 -7 5.4156724669759239e+34
128 -7 1.1251949917091670e+35
130 -7 2.1017633511202272e+35
132 -7 3.4848043122599589e+35
134 -7 5.0519526644791612e+35
136 -7 6.2618237562603134e+35
138 -7 6.4075214122761938e+35
140 -7 5.1297622599511908e+35
142 -7 2.8939130195907650e+35
144 -7 8.9542589212789786e+34
80 -6 2.5397887449759536e+12
82 -6 2.8281890863597984e+16
84 -6 6.2870162602573558e+18
86 -6 2.7910351250719136e+20
88 -6 6.6938422547925434e+21
90 -6 1.0954914334587644e+23
92 -6 1.3599482374225706e+24
94 -6 1.3625571658183294e+25
96 -6 1.1450264506702250e+26
98 -6 8.2933936456899661e+26
100 -6 5.2855898997378670e+27
102 -6 3.0030389779788771e+28
104 -6 1.5384891794077376e+29
106 -6 7.1651238849222644e+29
108 -6 3.0542845307421383e+30
110 -6 1.1973569911459690e+31
112 -6 4.3262538853426103e+31
114 -6 1.4436810978656587e+32
116 -6 4.4487871600767555e+32
118 -6 1.2658893939487165e+33
120 -6 3.3208927502364412e+33
122 -6 8.0013032888152725e+33
124 -6 1.7609801855342860e+34
126 -6 3.5248473187800079e+34
128 -6 6.3497814076776485e+34
130 -6 1.0184668736637198e+35
132 -6 1.4303084393039896e+35
134 -6 1.7196261821257136e+35
136 -6 1.7106841157703256e+35
138 -6 1.3341000846156317e+35
140 -6 7.3458679578384312e+34
142 -6 2.2253955055015096e+34
76 -5 5.5677764499777795e+11
78 -5 3.4242784464551675e+15
80 -5 6.6870265364585318e+17
82 -5 2.8771922160668811e+19
84 -5 6.7634095476747875e+20
86 -5 1.0893350605587472e+22
88 -5 1.3338657902774880e+23
90 -5 1.3221109328920198e+24
92 -5 1.1034522143036626e+25
94 -5 7.9519643469914105e+25
96 -5 5.0573050434112870e+26
98 -5 2.8774150295260782e+27
100 -5 1.4798916481637985e+28
102 -5 6.9485062953898794e+28
104 -5 2.9946797888549477e+29
106 -5 1.1918679320016257e+30
108 -5 4.3853055315346521e+30
110 -5 1.4976279866095110e+31
112 -5 4.7468175641713128e+31
114 -5 1.3955369377727632e+32
116 -5 3.8012292199180736e+32
118 -5 9.5637042172777153e+32
120 -5 2.2186806819531663e+33
122 -5 4.7178458479427799e+33
124 -5 9.1218631560396053e+33
126 -5 1.5933599291662618e+34
128 -5 2.4803953829395114e+34
130 -5 3.3878991442257717e+34
132 -5 3.9688383866126256e+34
134 -5 3.8531986840338395e+34
136 -5 2.9374529751604865e+34
138 -5 1.5866077749452216e+34
140 -5 4.7300829699068386e+33
72 -4 8.9593350957154968e+10
74 -4 3.4059670881275069e+14
76 -4 5.9057904734384000e+16
78 -4 2.4533402444410829e+18
80 -4 5.6450143581143319e+19
82 -4 8.9256272997828041e+20
84 -4 1.0776357594621412e+22
86 -4 1.0540319521384046e+23
88 -4 8.7129354634742435e+23
90 -4 6.2413735650119200e+24
92 -4 3.9526071775265956e+25
94 -4 2.2478703957123598e+26
96 -4 1.1607246266496683e+27
98 -4 5.4869697199218065e+27
100 -4 2.3903233690468901e+28
102 -4 9.6387272213146024e+28
104 -4 3.6089214230470426e+29
106 -4 1.2589190231304110e+30
108 -4 4.0933699822129915e+30
110 -4 1.2401585577482327e+31
112 -4 3.5021191128398381e+31
114 -4 9.1771871196262486e+31
116 -4 2.2301134694774321e+32
118 -4 5.0054003562495685e+32
120 -4 1.0312456331486355e+33
122 -4 1.9399133210293531e+33
124 -4 3.2993791666407011e+33
126 -4 5.0085529932440765e+33
128 -4 6.6784088546897095e+33
130 -4 7.6581074160915326e+33
132 -4 7.2868576732353090e+33
134 -4 5.4573210800844094e+33
136 -4 2.9029624334911740e+33
138 -4 8.5778203137166685e+32
68 -3 1.0686673672080090e+10
70 -3 2.7185387590370867e+13
72 -3 4.1979665965360355e+15
74 -3 1.6878543501197046e+17
76 -3 3.7827104844216151e+18
78 -3 5.8724182858110730e+19
80 -3 6.9671644556640335e+20
82 -3 6.7218221630208522e+21
84 -3 5.4873426418849219e+22
86 -3 3.9032908690334755e+23
88 -3 2.4586761483202969e+24
90 -3 1.3970820168991459e+25
92 -3 7.2323255836248004e+25
94 -3 3.4407730003530052e+26
96 -3 1.5139642672991027e+27
98 -3 6.1939386107267809e+27
100 -3 2.3611884895717860e+28
102 -3 8.4103050028942497e+28
104 -3 2.8037895263405227e+29
106 -3 8.7534003471599154e+29
108 -3 2.5547070263663608e+30
110 -3 6.9618390842721341e+30
112 -3 1.7696574245332648e+31
114 -3 4.1757346272385936e+31
116 -3 9.1176844795085117e+31
118 -3 1.8329847036123081e+32
120 -3 3.3651148065093160e+32
122 -3 5.6002218309423796e+32
124 -3 8.3297467653545412e+32
126 -3 1.0902890666501531e+33
128 -3 1.2281946122353332e+33
130 -3 1.1526435374507243e+33
132 -3 8.5158058523999714e+32
134 -3 4.4838839848426377e+32
136 -3 1.3193062969681744e+32
64 -2 9.2990466249961340e+08
66 -2 1.6706693847452039e+12
68 -2 2.3222162637186366e+14
70 -2 8.9729123715647740e+15
72 -2 1.9594474922617818e+17
74 -2 2.9664427542202578e+18
76 -2 3.4561079735882326e+19
78 -2 3.2835446636959302e+20
80 -2 2.6461504850049253e+21
82 -2 1.8644210685637999e+22
84 -2 1.1707520883641029e+23
86 -2 6.6481601640712662e+23
88 -2 3.4553603460842021e+24
90 -2 1.6564118160828681e+25
92 -2 7.3782285024144939e+25
94 -2 3.0643292755767619e+26
96 -2 1.1925608254731491e+27
98 -2 4.3481529353162128e+27
100 -2 1.4875676423102788e+28
102 -2 4.7891317839560066e+28
104 -2 1.4459379674368858e+29
106 -2 4.1024821839188976e+29
108 -2 1.0882613189877140e+30
110 -2 2.6969098276757301e+30
112 -2 6.2244122789710801e+30
114 -2 1.3311740968810268e+31
116 -2 2.6259457049040084e+31
118 -2 4.7313219209212627e+31
120 -2 7.7418396080922830e+31
122 -2 1.1352939161572996e+32
124 -2 1.4662798237888235e+32
126 -2 1.6323853533559592e+32
128 -2 1.5159929389865567e+32
130 -2 1.1131391148705034e+32
132 -2 5.8333329258432995e+31
134 -2 1.7197548881919969e+31
60 -1 5.5692150206572749e+07
62 -1 7.3759248797838501e+10
64 -1 9.2946462099819551e+12
66 -1 3.4619992624390531e+14
68 -1 7.3370650056699090e+15
70 -1 1.0842199061433685e+17
72 -1 1.2356153546525681e+18
74 -1 1.1527270425580671e+19
76 -1 9.1865615129411355e+19
78 -1 6.4192281716100012e+20
80 -1 4.0183267141974344e+21
82 -1 2.2885702855750293e+22
84 -1 1.2007701256318360e+23
86 -1 5.8243707298128149e+23
88 -1 2.6407279146121011e+24
90 -1 1.1215048892890203e+25
92 -1 4.4672348120249517e+25
94 -1 1.6757970436437039e+26
96 -1 5.9204882648024163e+26
98 -1 1.9711686398363041e+27
100 -1 6.1854967179736025e+27
102 -1 1.8276350724120470e+28
104 -1 5.0799979438472684e+28
106 -1 1.3223451732126546e+29
108 -1 3.2242564980293783e+29
110 -1 7.3256428962090823e+29
112 -1 1.5450213298342172e+30
114 -1 3.0090729023798074e+30
116 -1 5.3633685262516780e+30
118 -1 8.6794474990319381e+30
120 -1 1.2603692547225272e+31
122 -1 1.6161747603361670e+31
124 -1 1.7897290634435212e+31
126 -1 1.6552649655054355e+31
128 -1 1.2124605596537233e+31
130 -1 6.3622025492094775e+30
132 -1 1.8932576523708344e+30
56 0 2.0706349182871045e+06
58 0 2.0987107369881601e+09
60 0 2.4090414020603790e+11
62 0 8.5853624962230732e+12
64 0 1.7645120488000469e+14
66 0 2.5449406040063910e+15
68 0 2.8313935374401568e+16
70 0 2.5995644880357725e+17
72 0 2.0464512571473567e+18
74 0 1.4245294189774690e+19
76 0 8.9846931583975440e+19
78 0 5.1907846086708547e+20
80 0 2.7800592167901384e+21
82 0 1.3864055402711929e+22
84 0 6.4765210386122045e+22
86 0 2.8406595569838795e+23
88 0 1.1742491588458025e+24
90 0 4.5837513297575771e+24
92 0 1.6872575669363816e+25
94 0 5.8623715690263600e+25
96 0 1.9250725531484788e+26
98 0 5.9710767181755953e+26
100 0 1.7446332896714207e+27
102 0 4.7971237511536860e+27
104 0 1.2394854167186244e+28
106 0 2.9999019725419311e+28
108 0 6.7673577099715510e+28
110 0 1.4183062029126265e+29
112 0 2.7462389388048546e+29
114 0 4.8689768996276857e+29
116 0 7.8525036490965297e+29
118 0 1.1372253890676372e+30
120 0 1.4554892882301258e+30
122 0 1.6112338677968948e+30
124 0 1.4925832026265320e+30
126 0 1.0980000174136147e+30
128 0 5.8072565059300765e+29
130 0 1.7560051402293546e+29
52 1 3.6293233444305341e+04
54 1 2.8847117906129591e+07
56 1 3.0077103770952358e+09
58 1 1.0321911007597102e+11
60 1 2.0505433133316453e+12
62 1 2.8674457839332527e+13
64 1 3.1240034605037175e+14
66 1 2.8386019962285595e+15
68 1 2.2474110234594888e+16
70 1 1.6054358899743955e+17
72 1 1.0539239640848127e+18
74 1 6.4238872488807895e+18
76 1 3.6548238165344825e+19
78 1 1.9394289902926797e+20
80 1 9.6400351866776427e+20
82 1 4.5144247647597819e+21
84 1 1.9842790850786232e+22
86 1 8.2216478735650467e+22
88 1 3.2179748218456725e+23
90 1 1.1878354076853478e+24
92 1 4.1460296645946690e+24
94 1 1.3649271252556662e+25
96 1 4.2387035620677476e+25
98 1 1.2419949642280798e+26
100 1 3.4260391216190771e+26
102 1 8.8720331514597192e+26
104 1 2.1507875949542187e+27
106 1 4.8626609647144344e+27
108 1 1.0228215424159052e+28
110 1 1.9847678295492891e+28
112 1 3.5328825081226488e+28
114 1 5.7151229512928138e+28
116 1 8.3077346326005773e+28
118 1 1.0689950440046100e+29
120 1 1.1905880918620411e+29
122 1 1.1110628052322056e+29
124 1 8.2582196553600002e+28
126 1 4.4338984251695570e+28
128 1 1.3732269284291981e+28
56 2 5.4828143713128171e+05
58 2 3.4611018140346289e+08
60 2 3.6221490887298714e+10
62 2 1.1903688741011768e+12
64 2 2.2506975726817875e+13
66 2 2.9755715144124806e+14
68 2 3.0479439944547490e+15
70 2 2.5661681756204048e+16
72 2 1.8600130291288781e+17
74 2 1.1950580205136704e+18
76 2 6.9535431826184294e+18
78 2 3.7132782200482021e+19
80 2 1.8396468015389714e+20
82 2 8.5087405218621240e+20
84 2 3.6699725645704352e+21
86 2 1.4873092598722963e+22
88 2 5.6696504892421917e+22
90 2 2.0319593939181450e+23
92 2 6.8568175702438692e+23
94 2 2.1754096059204852e+24
96 2 6.4923296585691550e+24
98 2 1.8224344566865198e+25
100 2 4.7948498842531465e+25
102 2 1.1797758655819777e+26
104 2 2.7035805191677534e+26
106 2 5.7497945700284667e+26
108 2 1.1289631482189389e+27
110 2 2.0338646322479064e+27
112 2 3.3291158263909900e+27
114 2 4.9001177581312435e+27
116 2 6.3834697226226511e+27
118 2 7.2031045989745850e+27
120 2 6.8169267410692598e+27
122 2 5.1587687256188236e+27
124 2 2.8247288884892440e+27
126 2 9.0407951440157474e+26
60 3 5.0877596872713212e+06
62 3 1.7904345550813851e+09
64 3 1.7817368449696393e+11
66 3 5.5744473198522744e+12
68 3 9.9609455228921234e+13
70 3 1.2398016645285840e+15
72 3 1.1891893331541852e+16
74 3 9.3337965887384144e+16
76 3 6.2563463465616973e+17
78 3 3.6968355291611284e+18
80 3 1.9558370013171159e+19
82 3 9.4196009096134607e+19
84 3 4.1803120596382863e+20
86 3 1.7145363364239392e+21
88 3 6.5498985530460964e+21
90 3 2.3357166261460231e+22
92 3 7.7706986705140912e+22
94 3 2.4239407122508027e+23
96 3 7.0464119287924050e+23
98 3 1.9151761066529101e+24
100 3 4.8511984965386059e+24
102 3 1.1426257562012373e+25
104 3 2.4931201067459990e+25
106 3 5.0075500708243377e+25
108 3 9.2230278198882448e+25
110 3 1.5420039935909741e+26
112 3 2.3138039265115300e+26
114 3 3.0766987782307274e+26
116 3 3.5462333833909713e+26
118 3 3.4333984597225693e+26
120 3 2.6638150431161500e+26
122 3 1.4975559051155089e+26
124 3 4.9952065820272477e+25
64 4 3.1639014574021101e+07
66 4 5.4813277608306408e+09
68 4 4.8019680954616052e+11
70 4 1.4004855296018854e+13
72 4 2.3361489640794225e+14
74 4 2.7135403880129685e+15
76 4 2.4261734844901268e+16
78 4 1.7692099195227712e+17
80 4 1.0966577580734493e+18
82 4 5.9241131891664466e+18
84 4 2.8559014928013246e+19
86 4 1.2414818515155137e+20
88 4 4.9256288106187601e+20
90 4 1.7959598542272562e+21
92 4 6.0406821314422144e+21
94 4 1.8796388450353617e+22
96 4 5.4197725985809778e+22
98 4 1.4475993093482175e+23
100 4 3.5728313768858448e+23
102 4 8.1277086344239640e+23
104 4 1.6950074693959768e+24
106 4 3.2347557487148517e+24
108 4 5.5899455776077770e+24
110 4 8.6657105480708850e+24
112 4 1.1871113732343591e+25
114 4 1.4103160752059154e+25
116 4 1.4095478045214888e+25
118 4 1.1302138242586643e+25
120 4 6.5861010451595596e+24
122 4 2.3056891704766104e+24
66 5 2.7641290774075028e+03
68 5 1.2345611490868485e+08
70 5 1.1592865112484598e+10
72 5 7.9578580005309631e+11
74 5 2.0972836693042699e+13
76 5 3.2313406170225200e+14
78 5 3.4644983859584205e+15
80 5 2.8579073160969680e+16
82 5 1.9135080671660250e+17
84 5 1.0842511298308782e+18
86 5 5.3051087911179674e+18
88 5 2.3025283964584342e+19
90 5 8.9445128958436164e+19
92 5 3.1367533050122083e+20
94 5 1.0026748545872322e+21
96 5 2.9276566560685183e+21
98 5 7.8016711528866854e+21
100 5 1.9010500172486617e+22
102 5 4.2186657602666064e+22
104 5 8.5156331898856851e+22
106 5 1.5472460762181165e+23
108 5 2.5134536933611332e+23
110 5 3.6040625144106891e+23
112 5 4.4694713948667648e+23
114 5 4.6595604808484763e+23
116 5 3.9005641109971034e+23
118 5 2.3742120132077561e+23
120 5 8.8469367238630518e+22
70 6 9.6950248905336721e+03
72 6 2.9541233134883404e+08
74 6 1.7784077266709354e+10
76 6 8.7079753662369226e+11
78 6 1.9930639912447711e+13
80 6 2.7586453436490275e+14
82 6 2.6924619320291620e+15
84 6 2.0167360857913560e+16
86 6 1.2235442066208848e+17
88 6 6.2196606840077722e+17
90 6 2.7205727908019958e+18
92 6 1.0431208463801450e+19
94 6 3.5479487784935809e+19
96 6 1.0779317074385242e+20
98 6 2.9368146619153505e+20
100 6 7.1921519987262934e+20
102 6 1.5819829903990960e+21
104 6 3.1109495980917591e+21
106 6 5.4250771711547555e+21
108 6 8.2917301935851407e+21
110 6 1.0916435375131304e+22
112 6 1.2055235353236996e+22
114 6 1.0689727386337508e+22
116 6 6.8878829159547320e+21
118 6 2.7707388239615953e+21
74 7 3.6653761077755880e+04
76 7 4.2704309883080834e+08
78 7 1.9100032267934509e+10
80 7 6.4900511215299756e+11
82 7 1.2322500759457205e+13
84 7 1.4913800640454944e+14
86 7 1.2917494873879922e+15
88 7 8.6063782266431460e+15
90 7 4.6154253575150448e+16
92 7 2.0628660087697818e+17
94 7 7.8506992955721498e+17
96 7 2.5850482267991316e+18
98 7 7.4415697988625736e+18
100 7 1.8822024474868695e+19
102 7 4.1741358452488331e+19
104 7 8.1026639510320955e+19
106 7 1.3626892024113691e+20
108 7 1.9612225861729134e+20
110 7 2.3435345666006247e+20
112 7 2.2498983918878733e+20
114 7 1.5593280006783395e+20
116 7 6.9121782500182573e+19
78 8 2.8543362180341559e+04
80 8 3.6817214664459914e+08
82 8 1.3357529465815357e+10
84 8 3.2473304588887146e+11
86 8 4.9582292050190078e+12
88 8 5.0790647032830320e+13
90 8 3.7739397454745738e+14
92 8 2.1587500130067262e+15
94 8 9.9487538085560320e+15
96 8 3.7699455134146624e+16
98 8 1.1989553185445762e+17
100 8 3.2311628700381664e+17
102 8 7.4298979522328333e+17
104 8 1.4480749420126408e+18
106 8 2.3772319118648494e+18
108 8 3.1894100206254182e+18
110 8 3.4326425204318618e+18
112 8 2.6316088453695360e+18
114 8 1.3157550359704102e+18
82 9 1.0812930348205686e+04
84 9 1.8817177135774201e+08
86 9 5.6634914261970415e+09
88 9 1.0441368232481258e+11
90 9 1.2514768689547881e+12
92 9 1.0441952861084477e+13
94 9 6.3921452183427148e+13
96 9 3.0317247846472469e+14
98 9 1.1332002623009450e+15
100 9 3.4272548341935340e+15
102 9 8.4282356411042630e+15
104 9 1.6980295856878002e+16
106 9 2.7176931224445884e+16
108 9 3.4418017025784804e+16
110 9 3.0274849586376360e+16
112 9 1.7991962973602042e+16
86 10 1.7366954644515440e+03
88 10 5.4836586513520323e+07
90 10 1.4007062129642763e+09
92 10 1.9570959356243607e+10
94 10 1.8229387328328882e+11
96 10 1.1808991126495784e+12
98 10 5.6661846970006445e+12
100 10 2.0316656205021562e+13
102 10 5.6673704826737789e+13
104 10 1.1903015399351956e+14
106 10 1.9315945833362269e+14
108 10 2.0865739491050134e+14
110 10 1.5699637915774197e+14
90 11 2.8552137511829193e+02
92 11 8.7214424955885597e+06
94 11 1.7692091602243334e+08
96 11 1.8951886252734156e+09
98 11 1.2700957325629122e+10
100 11 6.0439025525787056e+10
102 11 1.9459696024584741e+11
104 11 4.6861696629294092e+11
106 11 6.8593797457668579e+11
108 11 7.3598019514425342e+11
96 12 5.5500571768624440e+05
98 12 8.9543905921413079e+06
100 12 6.1675201491336621e+07
102 12 2.9254668869463748e+08
104 12 6.8909311446172369e+08
106 12 1.3203883359400830e+09
100 13 8.1020974510471260e+03
102 13 4.6692260009101563e+04
104 13 3.7637110350772052e+05
