300 -60 2.0441020799418789e+13
296 -59 5.3702744308222762e+14
298 -59 4.1747674741454720e+15
292 -58 8.1045834489053090e+15
294 -58 1.0702750542140539e+17
296 -58 4.0085382566715654e+17
288 -57 8.8861675219498576e+16
290 -57 1.5982912179342866e+18
292 -57 1.0295997513206721e+19
294 -57 2.4586828852553294e+19
284 -56 7.7046115427424525e+17
286 -56 1.7385557139970816e+19
288 -56 1.5202002892724309e+20
290 -56 6.3341279917297395e+20
292 -56 1.0892127385283320e+21
280 -55 5.7075176946162627e+18
282 -55 1.4981917620161017e+20
284 -55 1.6321000123528986e+21
286 -55 9.2750488949978447e+21
288 -55 2.8231035814657974e+22
290 -55 3.7430234723696779e+22
276 -54 3.7295140065870946e+19
278 -54 1.0977061309871813e+21
280 -54 1.3953676761986220e+22
282 -54 9.8249565490774561e+22
284 -54 4.0858556654603970e+23
286 -54 9.6946802906017892e+23
288 -54 1.0390415382615594e+24
272 -53 2.1935221813614936e+20
274 -53 7.0684391621823908e+21
276 -53 1.0117227792222132e+23
278 -53 8.3309218698114195e+23
280 -53 4.3113509691089884e+24
282 -53 1.3971797262743840e+25
284 -53 2.6902973833139290e+25
286 -53 2.3947155155639894e+25
268 -52 1.1770136343286048e+21
270 -52 4.0770409623810614e+22
272 -52 6.4072640502422892e+23
274 -52 5.9706810571403492e+24
276 -52 3.6109655793719827e+25
278 -52 1.4553081076463561e+26
280 -52 3.8562132511364009e+26
282 -52 6.2054744098690396e+26
284 -52 4.7251917259159651e+26
264 -51 5.8103844128699386e+21
266 -51 2.1462293278779586e+23
268 -51 3.6403333063776258e+24
270 -51 3.7198340999327763e+25
272 -51 2.5377921523332789e+26
274 -51 1.2028998275696991e+27
276 -51 3.9569808626866401e+27
278 -51 8.7974187565284326e+27
280 -51 1.2152890005022198e+28
282 -51 8.0161888710375238e+27
260 -50 2.6401629144943321e+22
262 -50 1.0343434854358348e+24
264 -50 1.8681776738628779e+25
266 -50 2.0673460295760452e+26
268 -50 1.5525158761157734e+27
270 -50 8.3130745077285887e+27
272 -50 3.2216522753571205e+28
274 -50 8.9176915397654914e+28
276 -50 1.7081142614062823e+29
278 -50 2.0539007788678026e+29
280 -50 1.1960871115838400e+29
256 -49 1.1159546900238009e+23
258 -49 4.5918478611953814e+24
260 -49 8.7713862944109195e+25
262 -49 1.0383045608497352e+27
264 -49 8.4478684421297832e+27
266 -49 4.9809549287111223e+28
268 -49 2.1847422365634553e+29
270 -49 7.1098508034905192e+29
272 -49 1.6960938284702588e+30
274 -49 2.8420234727468386e+30
276 -49 3.0360604209577259e+30
278 -49 1.5775228509229213e+30
252 -48 4.4209864612180270e+23
254 -48 1.8856656760052191e+25
256 -48 3.7882204396724297e+26
258 -48 4.7465797038131006e+27
260 -48 4.1329147648121115e+28
262 -48 2.6506221204659392e+29
264 -48 1.2827748470747413e+30
266 -48 4.7326215765556118e+30
268 -48 1.3270555931044430e+31
270 -48 2.7799899963002835e+31
272 -48 4.1437322139842316e+31
274 -48 3.9687539361851493e+31
276 -48 1.8568434040267232e+31
248 -47 1.6343105024234144e+24
250 -47 7.2124712405631732e+25
252 -47 1.5136203622217389e+27
254 -47 1.9895373661013561e+28
256 -47 1.8399629296179213e+29
258 -47 1.2594908815826642e+30
260 -47 6.6334598238471525e+30
262 -47 2.7111533553202976e+31
264 -47 8.6489423243416569e+31
266 -47 2.1320935402048774e+32
268 -47 3.9758138003995352e+32
270 -47 5.3238415033205704e+32
272 -47 4.6202401780278672e+32
274 -47 1.9746416711775290e+32
242 -46 1.0127299957028807e+19
244 -46 5.6513039950029900e+24
246 -46 2.5765635461565436e+26
248 -46 5.5994801514529337e+27
250 -46 7.6864499825401227e+28
252 -46 7.4950357353446995e+29
254 -46 5.4418504053279189e+30
256 -46 3.0714244683324919e+31
258 -46 1.3670240891428475e+32
260 -46 4.8277225287308696e+32
262 -46 1.3564918722525419e+33
264 -46 2.9841166213660668e+33
266 -46 5.0066302528571489e+33
268 -46 6.0897726509711358e+33
270 -46 4.8284633758346740e+33
272 -46 1.8991306959871767e+33
238 -45 1.4642641473934267e+20
240 -45 1.8338684714648574e+25
242 -45 8.6172449759491595e+26
244 -45 1.9297377407825214e+28
246 -45 2.7593501274595661e+29
248 -45 2.8090163841190587e+30
250 -45 2.1453825959898883e+31
252 -45 1.2857379096294621e+32
254 -45 6.1322723827373865e+32
256 -45 2.3649243319984873e+33
258 -45 7.3662898358085007e+33
260 -45 1.8445594566915761e+34
262 -45 3.6589621288008498e+34
264 -45 5.5941604608259753e+34
266 -45 6.2393108508940110e+34
268 -45 4.5628568010929762e+34
270 -45 1.6664137907461075e+34
234 -44 1.2516713650777896e+21
236 -44 5.5967982950086822e+25
238 -44 2.6941560534436810e+27
240 -44 6.2267969878021136e+28
242 -44 9.1739475155372165e+29
244 -44 9.6812627551272259e+30
246 -44 7.7635720235178317e+31
248 -44 4.9047560864253398e+32
250 -44 2.4908975854832910e+33
252 -44 1.0286644239312181e+34
254 -44 3.4970067655461593e+34
256 -44 9.7397750929066355e+34
258 -44 2.2024410272386589e+35
260 -44 3.9875359111183814e+35
262 -44 5.5942986391924815e+35
264 -44 5.7666498612108351e+35
266 -44 3.9235325758858785e+35
268 -44 1.3359317502257708e+35
230 -43 7.9975207186904593e+21
232 -43 1.6075504826762909e+26
234 -43 7.9053330018762241e+27
236 -43 1.8751033475658429e+29
238 -43 2.8483079940078354e+30
240 -43 3.1003804521889756e+31
242 -43 2.5865217732938396e+32
244 -43 1.7104639725061302e+33
246 -43 9.1483823827726486e+33
248 -43 4.0377146920358444e+34
250 -43 1.4758343569509081e+35
252 -43 4.4777608412243211e+35
254 -43 1.1279212992295340e+36
256 -43 2.3324705566946559e+36
258 -43 3.8805053913343351e+36
260 -43 5.0432845704711095e+36
262 -43 4.8450351162675127e+36
264 -43 3.0815479250383035e+36
266 -43 9.8320570062247703e+35
226 -42 4.1789520174458367e+22
228 -42 4.3682302061948877e+26
230 -42 2.1852108959975599e+28
232 -42 5.2865421618837090e+29
234 -42 8.2350549669771060e+30
236 -42 9.2468415870680074e+31
238 -42 7.9737772968055270e+32
240 -42 5.4829058756394673e+33
242 -42 3.0807484703626271e+34
244 -42 1.4311187912311898e+35
246 -42 5.5890333522431611e+35
248 -42 1.8284607740999879e+36
250 -42 5.0341808981870585e+36
252 -42 1.1602924872482789e+37
254 -42 2.2020309312401748e+37
256 -42 3.4035398409618877e+37
258 -42 4.1237991130200952e+37
260 -42 3.7056902197138182e+37
262 -42 2.2175623788283564e+37
264 -42 6.6780863427447674e+36
222 -41 1.8482602050256883e+23
224 -41 1.1166308577778983e+27
226 -41 5.6564466834769658e+28
228 -41 1.3916310599103548e+30
230 -41 2.2191707513050791e+31
232 -41 2.5632716420460507e+32
234 -41 2.2808973451763964e+33
236 -41 1.6246464651669670e+34
238 -41 9.5022052661833380e+34
240 -41 4.6390255930593267e+35
242 -41 1.9124974484194155e+36
244 -41 6.6794777971854388e+36
246 -41 1.9846111964045027e+37
248 -41 4.9974978745037281e+37
250 -41 1.0611045404704092e+38
252 -41 1.8736576330977772e+38
254 -41 2.6999451610696109e+38
256 -41 3.0671428489664757e+38
258 -41 2.6023233230147574e+38
260 -41 1.4670318034699853e+38
262 -41 4.1845520108420021e+37
218 -40 7.1018961108415354e+23
220 -40 2.6887376222464668e+27
222 -40 1.3750232872025838e+29
224 -40 3.4431356081145520e+30
226 -40 5.5944630972165993e+31
228 -40 6.6147285610127091e+32
230 -40 6.0474922184365774e+33
232 -40 4.4545805333107315e+34
234 -40 2.7022902518800825e+35
236 -40 1.3763021462116941e+36
238 -40 5.9522136682701777e+36
240 -40 2.2014776049079483e+37
242 -40 6.9786085600277099e+37
244 -40 1.8999616301401747e+38
246 -40 4.4187881313480994e+38
248 -40 8.7166780714196500e+38
250 -40 1.4394441792357275e+39
252 -40 1.9480771016535760e+39
254 -40 2.0866407220963753e+39
256 -40 1.6724339929294111e+39
258 -40 8.9694948634555912e+38
260 -40 2.4359758928328662e+38
214 -39 2.4308415453721379e+24
216 -39 6.0918284048485905e+27
218 -39 3.1523759535386604e+29
220 -39 7.9919358943817605e+30
222 -39 1.3224032985393455e+32
224 -39 1.5928695202315045e+33
226 -39 1.4933572609712141e+34
228 -39 1.1305449377830942e+35
230 -39 7.0966665804320865e+35
232 -39 3.7581022542095784e+36
234 -39 1.6952686215898429e+37
236 -39 6.5892219381324899e+37
238 -39 2.2140254524297604e+38
240 -39 6.4366995948046087e+38
242 -39 1.6176664232964239e+39
244 -39 3.5004607273027899e+39
246 -39 6.4677590412316243e+39
248 -39 1.0035071174154748e+40
250 -39 1.2835371130964390e+40
252 -39 1.3037127528426548e+40
254 -39 9.9079847058819015e+39
256 -39 5.0702639346856690e+39
258 -39 1.3153919740213971e+39
210 -38 7.5034380607574504e+24
212 -38 1.3003519598718709e+28
214 -38 6.7816184975148603e+29
216 -38 1.7412052991779097e+31
218 -38 2.9192678922272181e+32
220 -38 3.5902875179423416e+33
222 -38 3.4355559770743868e+34
224 -38 2.6665034787901524e+35
226 -38 1.7243193626314765e+36
228 -38 9.4354478348390980e+36
230 -38 4.4335005494972248e+37
232 -38 1.7992408389671010e+38
234 -38 6.3516956280013272e+38
236 -38 1.9588765436392981e+39
238 -38 5.2729730544558133e+39
240 -38 1.2364950908041022e+40
242 -38 2.5042580659384753e+40
244 -38 4.3512039178764758e+40
246 -38 6.3823125708333538e+40
248 -38 7.7451196324963556e+40
250 -38 7.4856849373548067e+40
252 -38 5.4342224019069584e+40
254 -38 2.6562501554748405e+40
256 -38 6.6021853630928898e+39
206 -37 2.0954598620479089e+25
208 -37 2.6171728807208577e+28
210 -37 1.3681176284901695e+30
212 -37 3.5521498523543088e+31
214 -37 6.0350819354702983e+32
216 -37 7.5317571358150441e+33
218 -37 7.3594384146916393e+34
220 -37 5.8472685372208618e+35
222 -37 3.8796814850225639e+36
224 -37 2.1887248319125321e+37
226 -37 1.0645788851255653e+38
228 -37 4.5033907931066000e+38
230 -37 1.6637774861969534e+39
232 -37 5.4021837940074626e+39
234 -37 1.5416895372687713e+40
236 -37 3.8677694545678961e+40
238 -37 8.4966614022701556e+40
240 -37 1.6214945606502605e+41
242 -37 2.6657115814311271e+41
244 -37 3.7205075396235230e+41
246 -37 4.2916493953157419e+41
248 -37 3.9640014769443542e+41
250 -37 2.7561859780446122e+41
252 -37 1.2911069114233482e+41
254 -37 3.0842903019340174e+40
202 -36 5.3196880029699217e+25
204 -36 4.9629729182238141e+28
206 -36 2.5967862964517261e+30
208 -36 6.7688708180392809e+31
210 -36 1.1640887189106528e+33
212 -36 1.4750890118021268e+34
214 -36 1.4702567732534694e+35
216 -36 1.1909089574224640e+36
218 -36 8.0874618907733783e+36
220 -36 4.7013304972071520e+37
222 -36 2.3560659334764932e+38
224 -36 1.0337323910406774e+39
226 -36 3.9789910558605396e+39
228 -36 1.3532776605683519e+40
230 -36 4.0727610565450396e+40
232 -36 1.0844138970812943e+41
234 -36 2.5561721575845940e+41
236 -36 5.2947118939550759e+41
238 -36 9.5636119807732724e+41
240 -36 1.4941477586761036e+42
242 -36 1.9860404400745948e+42
244 -36 2.1932925789684724e+42
246 -36 1.9406484565718609e+42
248 -36 1.2955931270073329e+42
250 -36 5.8423802377741600e+41
252 -36 1.3440513134069886e+41
198 -35 1.2371477453121224e+26
200 -35 8.8615551132395335e+28
202 -35 4.6141493070314520e+30
204 -35 1.2117505909881453e+32
206 -35 2.1009710101412550e+33
208 -35 2.7003086110991274e+34
210 -35 2.7307632095723409e+35
212 -35 2.2576976925740029e+36
214 -35 1.5664086941358024e+37
216 -35 9.3182179389522231e+37
218 -35 4.8225783906351210e+38
220 -35 2.1807593771795013e+39
222 -35 8.7198994929992342e+39
224 -35 3.0930421019906745e+40
226 -35 9.7526364250232158e+40
228 -35 2.7427651960983289e+41
230 -35 6.8639192665697320e+41
232 -35 1.5244723978395657e+42
234 -35 2.9953852781113544e+42
236 -35 5.1470230753861337e+42
238 -35 7.6824017576268064e+42
240 -35 9.7614166683254659e+42
242 -35 1.0344189623479460e+43
244 -35 8.7960949213642410e+42
246 -35 5.6510586790574255e+42
248 -35 2.4570216739016269e+42
250 -35 5.4695411780444189e+41
194 -34 2.6399678258247336e+26
196 -34 1.4896522720631677e+29
198 -34 7.7020818774955273e+30
200 -34 2.0334283602745350e+32
202 -34 3.5539524622808797e+33
204 -34 4.6124577870759876e+34
206 -34 4.7257163397290406e+35
208 -34 3.9797197108588958e+36
210 -34 2.8196553388095152e+37
212 -34 1.7140967590896455e+38
214 -34 9.0818860387104318e+38
216 -34 4.2393892930952967e+39
218 -34 1.7511222095143272e+40
220 -34 6.4500372741447684e+40
222 -34 2.1257650626153213e+41
224 -34 6.2715428460439011e+41
226 -34 1.6587062662439113e+42
228 -34 3.9217298228352081e+42
230 -34 8.2681174812085473e+42
232 -34 1.5440957234263232e+43
234 -34 2.5377725124590733e+43
236 -34 3.6274471139805162e+43
238 -34 4.4238560475645802e+43
240 -34 4.5106052393625637e+43
242 -34 3.6948408949877452e+43
244 -34 2.2917971433034646e+43
246 -34 9.6467463466728797e+42
248 -34 2.0744665476766714e+42
188 -33 1.3965503837132006e+21
190 -33 5.1811543029529126e+26
192 -33 2.3495668843917098e+29
194 -33 1.2094737628648076e+31
196 -33 3.1921753949338524e+32
198 -33 5.6232946533544500e+33
200 -33 7.3613928334279653e+34
202 -33 7.6461608375664296e+35
204 -33 6.5327673681825189e+36
206 -33 4.7064724362780529e+37
208 -33 2.9214750904054997e+38
210 -33 1.5873507240513147e+39
212 -33 7.5969110761903302e+39
214 -33 3.2422715219057408e+40
216 -33 1.2346611311417120e+41
218 -33 4.2317047882031793e+41
220 -33 1.3031621101133761e+42
222 -33 3.6167584305459562e+42
224 -33 9.0409335759045413e+42
226 -33 2.0313672013802035e+43
228 -33 4.0791124127310555e+43
230 -33 7.2824952467574142e+43
232 -33 1.1481826517039306e+44
234 -33 1.5758061633753806e+44
236 -33 1.8528642340058085e+44
238 -33 1.8206760652977065e+44
240 -33 1.4404873130660084e+44
242 -33 8.6465115713602589e+43
244 -33 3.5235815842800224e+43
246 -33 7.3525871853204875e+42
184 -32 1.0978061222224675e+22
186 -32 9.3503618591938394e+26
188 -32 3.4923669172034561e+29
190 -32 1.7749182498633468e+31
192 -32 4.6923871073914817e+32
194 -32 8.3015108263675312e+33
196 -32 1.0973423031187817e+35
198 -32 1.1501528824925933e+36
200 -32 9.9594199864990696e+36
202 -32 7.2922755159555765e+37
204 -32 4.6164557919607756e+38
206 -32 2.5622514113338975e+39
208 -32 1.2580868490509736e+40
210 -32 5.5156454776625739e+40
212 -32 2.1709510189801880e+41
214 -32 7.6958307241292407e+41
216 -32 2.4685835485104104e+42
218 -32 7.1556548660770203e+42
220 -32 1.8805489987864172e+43
222 -32 4.4679832839355390e+43
224 -32 9.5703841799294978e+43
226 -32 1.8387210982974063e+44
228 -32 3.1498445883995282e+44
230 -32 4.7738395097257111e+44
232 -32 6.3161967209979698e+44
234 -32 7.1657965129475574e+44
236 -32 6.8111342704441026e+44
238 -32 5.2211005098121284e+44
240 -32 3.0387112649429720e+44
242 -32 1.2005765960855216e+44
244 -32 2.4347740353772020e+43
180 -31 4.8965620077529877e+22
182 -31 1.5626919722385362e+27
184 -31 4.8623385739987554e+29
186 -31 2.4473480504836822e+31
188 -31 6.4616918116681420e+32
190 -31 1.1459814469285897e+34
192 -31 1.5241995400443092e+35
194 -31 1.6156380095967305e+36
196 -31 1.4138636743825742e+37
198 -31 1.0505716708890801e+38
200 -31 6.7681767479138836e+38
202 -31 3.8330418166143089e+39
204 -31 1.9228741032085075e+40
206 -31 8.6540127092766989e+40
208 -31 3.5039425908963157e+41
210 -31 1.2848367659060159e+42
212 -31 4.2702589676757406e+42
214 -31 1.2906036540507888e+43
216 -31 3.5444390336874814e+43
218 -31 8.8541709607508822e+43
220 -31 2.0082830616816742e+44
222 -31 4.1135275358834243e+44
224 -31 7.5902637554724915e+44
226 -31 1.2520545047224996e+45
228 -31 1.8293103063092385e+45
230 -31 2.3375733578115050e+45
232 -31 2.5666593448388208e+45
234 -31 2.3640077027786107e+45
236 -31 1.7568253400518376e+45
238 -31 9.9323469103061573e+44
240 -31 3.8152174313807578e+44
242 -31 7.5209342151233323e+43
176 -30 1.5989160499572645e+23
178 -30 2.4036375313353029e+27
180 -30 6.3627062282569898e+29
182 -30 3.1483036966679763e+31
184 -30 8.2994803689245075e+32
186 -30 1.4760841111454355e+34
188 -30 1.9732108568196093e+35
190 -30 2.1075920576496420e+36
192 -30 1.8655284575633773e+37
194 -30 1.4063507480001535e+38
196 -30 9.1962278144399545e+38
198 -30 5.3006195063466976e+39
200 -30 2.7183317947905250e+40
202 -30 1.2516708280368665e+41
204 -30 5.2099247555938591e+41
206 -30 1.9659610853399031e+42
208 -30 6.7521580667045399e+42
210 -30 2.1168780086288901e+43
212 -30 6.0586050381922123e+43
214 -30 1.5848028659389967e+44
216 -30 3.7808126291117715e+44
218 -30 8.2171548334731559e+44
220 -30 1.6173380018375527e+45
222 -30 2.8742459628806002e+45
224 -30 4.5762241710816395e+45
226 -30 6.4609610840672569e+45
228 -30 7.9978845490788735e+45
230 -30 8.5162239394944816e+45
232 -30 7.6124889255433112e+45
234 -30 5.4985813097931392e+45
236 -30 3.0257385215485765e+45
238 -30 1.1304239063988750e+45
240 -30 2.1748580734968338e+44
172 -29 4.1667692459149698e+23
174 -29 3.4147917268116651e+27
176 -29 7.7837927013868388e+29
178 -29 3.7866393771075794e+31
180 -29 9.9486053240094804e+32
182 -29 1.7711537741026256e+34
184 -29 2.3820950329126453e+35
186 -29 2.5615451077625431e+36
188 -29 2.2861385920127914e+37
190 -29 1.7455852304883521e+38
192 -29 1.1590370078856180e+39
194 -29 6.7768450364306014e+39
196 -29 3.5471252298135392e+40
198 -29 1.6700386326686885e+41
200 -29 7.1216047098446370e+41
202 -29 2.7581134959476569e+42
204 -29 9.7765791429415580e+42
206 -29 3.1710189609097225e+43
208 -29 9.4200624703053346e+43
210 -29 2.5713082482386406e+44
212 -29 6.4284724539146176e+44
214 -29 1.4707094956333276e+45
216 -29 3.0693959584291349e+45
218 -29 5.8243990813589793e+45
220 -29 9.9887583109558034e+45
222 -29 1.5379775459668622e+46
224 -29 2.1065976170897949e+46
226 -29 2.5297507985307184e+46
228 -29 2.6169963402930372e+46
230 -29 2.2767323960260949e+46
232 -29 1.6005212896376667e+46
234 -29 8.5811105819314183e+45
236 -29 3.1276115794488477e+45
238 -29 5.8683147765296406e+44
168 -28 9.1375161956887937e+23
170 -28 4.4777781802517487e+27
172 -28 8.9409124140821957e+29
174 -28 4.2691519157067758e+31
176 -28 1.1126312831992065e+33
178 -28 1.9848678248573691e+34
180 -28 2.6710758287020754e+35
182 -28 2.8886472083778384e+36
184 -28 2.6036435839661101e+37
186 -28 2.0092259624134722e+38
188 -28 1.3498912630480306e+39
190 -28 8.0271113226067916e+39
192 -28 4.2739124408428868e+40
194 -28 2.0535860298374073e+41
196 -28 8.9475326687029030e+41
198 -28 3.5595465193945898e+42
200 -28 1.2968014843479057e+43
202 -28 4.3379375558749487e+43
204 -28 1.3350205674865247e+44
206 -28 3.7824203086006610e+44
208 -28 9.8700547103339246e+44
210 -28 2.3689168943774922e+45
212 -28 5.2095034033629132e+45
214 -28 1.0487868715912866e+46
216 -28 1.9233576621862761e+46
218 -28 3.1951691331739690e+46
220 -28 4.7699566274478962e+46
222 -28 6.3447594386963715e+46
224 -28 7.4094566424912440e+46
226 -28 7.4605533989041163e+46
228 -28 6.3189583212430998e+46
230 -28 4.3334156482629931e+46
232 -28 2.2645632046118358e+46
234 -28 8.0653541278265241e+45
236 -28 1.4787934634143885e+45
164 -27 1.7166193026688221e+24
166 -27 5.4399438788908257e+27
168 -27 9.5758247669696529e+29
170 -27 4.4782062193381373e+31
172 -27 1.1609714549203255e+33
174 -27 2.0661098382124697e+34
176 -27 2.7874338327064511e+35
178 -27 3.0263829974189667e+36
180 -27 2.7487463520742690e+37
182 -27 2.1404306575695974e+38
184 -27 1.4560172171906151e+39
186 -27 8.7814592352730422e+39
188 -27 4.7520041512611446e+40
190 -27 2.3236046957192497e+41
192 -27 1.0356439725736070e+42
194 -27 4.2174923251746297e+42
196 -27 1.5771312453154940e+43
198 -27 5.4334976945718254e+43
200 -27 1.7250593775890174e+44
202 -27 5.0653379983496701e+44
204 -27 1.3724570669522310e+45
206 -27 3.4404826189454366e+45
208 -27 7.9438543254886378e+45
210 -27 1.6858693045394528e+46
212 -27 3.2829322397985475e+46
214 -27 5.8285005378671209e+46
216 -27 9.3982120409935206e+46
218 -27 1.3648950177321962e+47
220 -27 1.7640948347508291e+47
222 -27 2.0059095722548596e+47
224 -27 1.9691048944671667e+47
226 -27 1.6282104373265145e+47
228 -27 1.0901860637579667e+47
230 -27 5.5673448275394191e+46
232 -27 1.9377591908278445e+46
234 -27 3.4811493647167119e+45
160 -26 2.8049860973396542e+24
162 -26 6.1222311923577558e+27
164 -26 9.5882055846297157e+29
166 -26 4.3913646292807315e+31
168 -26 1.1266216903530647e+33
170 -26 2.0003357750164776e+34
172 -26 2.7023971653832656e+35
174 -26 2.9476706174895843e+36
176 -26 2.6900720737846257e+37
178 -26 2.1089642180696725e+38
180 -26 1.4533218366240677e+39
182 -26 8.8717845591883017e+39
184 -26 4.8739900674353908e+40
186 -26 2.4259441015787114e+41
188 -26 1.1003782439273366e+42
190 -26 4.5876581636425912e+42
192 -26 1.7568074109177127e+43
194 -26 6.2142906921822182e+43
196 -26 2.0331737796422915e+44
198 -26 6.1656370862150187e+44
200 -26 1.7334050834687647e+45
202 -26 4.5190889982679697e+45
204 -26 1.0897744041130857e+46
206 -26 2.4274738782162262e+46
208 -26 4.9892547932498135e+46
210 -26 9.4168087503462605e+46
212 -26 1.6246351856849324e+47
214 -26 2.5461954903833005e+47
216 -26 3.5968161384875810e+47
218 -26 4.5324132272335563e+47
220 -26 5.0244752401130940e+47
222 -26 4.8124276309356103e+47
224 -26 3.8896885076411339e+47
226 -26 2.5461505180979507e+47
228 -26 1.2724002151939976e+47
230 -26 4.3340389906215624e+46
232 -26 7.6286527024617764e+45
156 -25 4.0627503918223042e+24
158 -25 6.3457516986810023e+27
160 -25 8.9548014197128253e+29
162 -25 3.9942648625358041e+31
164 -25 1.0170105510612624e+33
166 -25 1.7967871890053911e+34
168 -25 2.4289816858076342e+35
170 -25 2.6531142859679615e+36
172 -25 2.4368275680287732e+37
174 -25 1.9260757955370694e+38
176 -25 1.3386437334478896e+39
178 -25 8.2746449866301657e+39
180 -25 4.6040772666047848e+40
182 -25 2.3275492212943818e+41
184 -25 1.0763700608249159e+42
186 -25 4.5762462754392315e+42
188 -25 1.7922917746938703e+43
190 -25 6.4968822436622871e+43
192 -25 2.1870455496787318e+44
194 -25 6.8320069629630613e+44
196 -25 1.9858983496522071e+45
198 -25 5.3666992771462963e+45
200 -25 1.3484960410617634e+46
202 -25 3.1410630414685996e+46
204 -25 6.7821582223314370e+46
206 -25 1.3515588413988526e+47
208 -25 2.4763835587752859e+47
210 -25 4.1554105758671961e+47
212 -25 6.3426993515818994e+47
214 -25 8.7437582052860406e+47
216 -25 1.0749830935703516e+48
218 -25 1.1648834405898872e+48
220 -25 1.0907285535667577e+48
222 -25 8.6158014308506483e+47
224 -25 5.5198709451111101e+47
226 -25 2.7019826894002209e+47
228 -25 9.0227961580505688e+46
230 -25 1.5579226538430755e+46
152 -24 5.2357073695809510e+24
154 -24 6.0646559630167655e+27
156 -24 7.7718033954364698e+29
158 -24 3.3795159938196472e+31
160 -24 8.5036607414806610e+32
162 -24 1.4971278324019676e+34
164 -24 2.0239530528526215e+35
166 -24 2.2152837800210437e+36
168 -24 2.0422909201521769e+37
170 -24 1.6251781530700066e+38
172 -24 1.1380457257476167e+39
174 -24 7.1144717926195388e+39
176 -24 4.0048321882552312e+40
178 -24 2.0570028324946514e+41
180 -24 9.6593358751989646e+41
182 -24 4.1832339060650409e+42
184 -24 1.6767695796026979e+43
186 -24 6.2156531380185549e+43
188 -24 2.1458334530506484e+44
190 -24 6.9007882022685442e+44
192 -24 2.0676656211382493e+45
194 -24 5.7769397821385078e+45
196 -24 1.5063849389496352e+46
198 -24 3.6558252022624428e+46
200 -24 8.2582604867771924e+46
202 -24 1.7285157786019001e+47
204 -24 3.3499072117171203e+47
206 -24 5.9744735878790571e+47
208 -24 9.7677612114575088e+47
210 -24 1.4551733265204468e+48
212 -24 1.9574338337628869e+48
214 -24 2.3542567835985685e+48
216 -24 2.4944998249707764e+48
218 -24 2.2863248540514196e+48
220 -24 1.7682425630616509e+48
222 -24 1.1102445011106382e+48
224 -24 5.3291364368366346e+47
226 -24 1.7463134824685476e+47
228 -24 2.9598202085230222e+46
148 -23 6.0239585981977099e+24
150 -23 5.3614776579312346e+27
152 -23 6.2843253166360714e+29
154 -23 2.6513340164672798e+31
156 -23 6.6046087096055101e+32
158 -23 1.1564656866543658e+34
160 -23 1.5605929955856202e+35
162 -23 1.7082878036141779e+36
164 -23 1.5801716488780640e+37
166 -23 1.2649413596417382e+38
168 -23 8.9180761757142536e+38
170 -23 5.6230486950103219e+39
172 -23 3.2082640142331465e+40
174 -23 1.6678160338862225e+41
176 -23 7.9584618493199901e+41
178 -23 3.5050154812057366e+42
180 -23 1.4315297931332309e+43
182 -23 5.4323198876305577e+43
184 -23 1.9194312233803039e+44
186 -23 6.3324415868913830e+44
188 -23 1.9545130317325854e+45
190 -23 5.6389696879592926e+45
192 -23 1.5200874801578926e+46
194 -23 3.8347352960732942e+46
196 -23 9.0193414003839968e+46
198 -23 1.9779689945890726e+47
200 -23 4.0277398205526312e+47
202 -23 7.5998615209675277e+47
204 -23 1.3218884806990318e+48
206 -23 2.1098245162104786e+48
208 -23 3.0704508340427426e+48
210 -23 4.0381247975896525e+48
212 -23 4.7529542540291029e+48
214 -23 4.9316400278894482e+48
216 -23 4.4304681148362133e+48
218 -23 3.3587156792082885e+48
220 -23 2.0701018712754096e+48
222 -23 9.7453522003882694e+47
224 -23 3.1380589284409990e+47
226 -23 5.2298307929092144e+46
144 -22 6.2356001183062230e+24
146 -22 4.3675074745859571e+27
148 -22 4.7039416638866311e+29
150 -22 1.9321643498724575e+31
152 -22 4.7475974225993825e+32
154 -22 8.2398653445049247e+33
156 -22 1.1102462220825624e+35
158 -22 1.2169933906618048e+36
160 -22 1.1263638485268532e+37
162 -22 9.0545717983791836e+37
164 -22 6.4374791083071192e+38
166 -22 4.0917963310881667e+39
168 -22 2.3578223572375294e+40
170 -22 1.2410159271782812e+41
172 -22 6.0061076788077530e+41
174 -22 2.6894670639516793e+42
176 -22 1.1178412980750463e+43
178 -22 4.3256557233607632e+43
180 -22 1.5644598869354879e+44
182 -22 5.2917570336200879e+44
184 -22 1.6773601371019094e+45
186 -22 4.9835447424792528e+45
188 -22 1.3873930972174540e+46
190 -22 3.6251063057836072e+46
192 -22 8.8572999814391280e+46
194 -22 2.0254967353642954e+47
196 -22 4.3247261651534379e+47
198 -22 8.5757491286998852e+47
200 -22 1.5779515576796952e+48
202 -22 2.6799697054173967e+48
204 -22 4.1808509771405486e+48
206 -22 5.9580310090895844e+48
208 -22 7.6701931339073495e+48
210 -22 8.8410204438771891e+48
212 -22 9.0015108418805717e+48
214 -22 7.9352366481242006e+48
216 -22 5.9002958733317035e+48
218 -22 3.5721003635566421e+48
220 -22 1.6520745807916803e+48
222 -22 5.2286622384857253e+47
224 -22 8.5883217748311889e+46
140 -21 5.7961676749242109e+24
142 -21 3.2659955675900610e+27
144 -21 3.2480261630345235e+29
146 -21 1.3020082839312376e+31
148 -21 3.1493281097784412e+32
150 -21 5.4248061536081506e+33
152 -21 7.2679999488109684e+34
154 -21 7.9694510974010712e+35
156 -21 7.3989228304454011e+36
158 -21 5.9698137304294275e+37
160 -21 4.2618690032238771e+38
162 -21 2.7310086959893568e+39
164 -21 1.5889441314484551e+40
166 -21 8.4581263358583096e+40
168 -21 4.1463160810156099e+41
170 -21 1.8853822814729666e+42
172 -21 7.9718445536382871e+42
174 -21 3.1417972004557149e+43
176 -21 1.1606924338869688e+44
178 -21 4.0192649888091092e+44
180 -21 1.3062199572520050e+45
182 -21 3.9887851378837273e+45
184 -21 1.1444200635667958e+46
186 -21 3.0874849124998788e+46
188 -21 7.8194777613397859e+46
190 -21 1.8580389867323272e+47
192 -21 4.1346967240953938e+47
194 -21 8.5980208862004597e+47
196 -21 1.6659540770572145e+48
198 -21 2.9967790714473022e+48
200 -21 4.9783462750501269e+48
202 -21 7.6096681149446180e+48
204 -21 1.0618607514757023e+49
206 -21 1.3409766407541635e+49
208 -21 1.5154494267436758e+49
210 -21 1.5136712019826985e+49
212 -21 1.3104582621581544e+49
214 -21 9.5782643784613915e+48
216 -21 5.6942281114006045e+48
218 -21 2.5923063551218863e+48
220 -21 8.0717628276556335e+47
222 -21 1.3072942618097684e+47
134 -20 5.3038227179965055e+19
136 -20 4.8757968954535894e+24
138 -20 2.2530672698751998e+27
140 -20 2.0740602433256480e+29
142 -20 8.0827130224220351e+30
144 -20 1.9265750867927237e+32
146 -20 3.2932926021550452e+33
148 -20 4.3850733099175644e+34
150 -20 4.8036444959862254e+35
152 -20 4.4598376855653529e+36
154 -20 3.6071340900768727e+37
156 -20 2.5874893468007492e+38
158 -20 1.6701311213579436e+39
160 -20 9.7940052537850307e+39
162 -20 5.2665787527211387e+40
164 -20 2.6169064403651589e+41
166 -20 1.2058396546368363e+42
168 -20 5.1784127223699913e+42
170 -20 2.0780507733322198e+43
172 -20 7.8300177093680158e+43
174 -20 2.7694810366705623e+44
176 -20 9.2139890445023396e+44
178 -20 2.8866406965225439e+45
180 -20 8.5213852003852039e+45
182 -20 2.3707475397752236e+46
184 -20 6.2062563099566255e+46
186 -20 1.5291326980032358e+47
188 -20 3.5400606109406127e+47
190 -20 7.6817576323449615e+47
192 -20 1.5601736468463990e+48
194 -20 2.9523060313528453e+48
196 -20 5.1980405805637542e+48
198 -20 8.4649444598188640e+48
200 -20 1.2681699306986065e+49
202 -20 1.7353700660702405e+49
204 -20 2.1514070231942726e+49
206 -20 2.3893251710862696e+49
208 -20 2.3429529143223304e+49
210 -20 1.9940557986965060e+49
212 -20 1.4333455008844430e+49
214 -20 8.3893508768005907e+48
216 -20 3.7592283078781665e+48
218 -20 1.1537800628790864e+48
220 -20 1.8418036978385374e+47
130 -19 1.1655528030092086e+20
132 -19 3.7078384216305028e+24
134 -19 1.4255722630604955e+27
136 -19 1.2201972451491084e+29
138 -19 4.6199060352935801e+30
140 -19 1.0834834215289357e+32
142 -19 1.8337907656814191e+33
144 -19 2.4304270300867078e+34
146 -19 2.6525044902771349e+35
148 -19 2.4651353871179240e+36
150 -19 1.9969039196572136e+37
152 -19 1.4389166571033099e+38
154 -19 9.3378282558583893e+38
156 -19 5.5159790320654650e+39
158 -19 2.9952060913369219e+40
160 -19 1.5033546245321617e+41
162 -19 7.0214725531258209e+41
164 -19 3.0597882689148735e+42
166 -19 1.2493309740476762e+43
168 -19 4.7895073980858561e+43
170 -19 1.7285703064949524e+44
172 -19 5.8791328441350273e+44
174 -19 1.8892590241352006e+45
176 -19 5.7227483607942151e+45
178 -19 1.6372914377983138e+46
180 -19 4.4192400577604501e+46
182 -19 1.1267041039172732e+47
184 -19 2.7055368214098306e+47
186 -19 6.1125232303453138e+47
188 -19 1.2966239486177730e+48
190 -19 2.5760984238566412e+48
192 -19 4.7767015169651440e+48
194 -19 8.2402012869288711e+48
196 -19 1.3158911580793939e+49
198 -19 1.9339820715988547e+49
200 -19 2.5991546655815359e+49
202 -19 3.1669670861398299e+49
204 -19 3.4550861858451419e+49
206 -19 3.3362698258518897e+49
208 -19 2.7909581586989526e+49
210 -19 1.9760686384313286e+49
212 -19 1.1389341618034730e+49
214 -19 5.0319658207611808e+48
216 -19 1.5240356193555560e+48
218 -19 2.4010989891842952e+47
126 -18 1.8139355896157418e+20
128 -18 2.5346420679385237e+24
130 -18 8.2822906466703385e+26
132 -18 6.6026621825174319e+28
134 -18 2.4273468841775168e+30
136 -18 5.5947478916736001e+31
138 -18 9.3822782954678088e+32
140 -18 1.2329138984355935e+34
142 -18 1.3404159422121041e+35
144 -18 1.2452305815475033e+36
146 -18 1.0104422752302107e+37
148 -18 7.2955349904575447e+37
150 -18 4.7607488145986396e+38
152 -18 2.8327902253907979e+39
154 -18 1.5506861361341125e+40
156 -18 7.8644402825523020e+40
158 -18 3.7151019440752243e+41
160 -18 1.6425422876748941e+42
162 -18 6.8049495166880381e+42
164 -18 2.6572818683599084e+43
166 -18 9.7614109382231457e+43
168 -18 3.3906937800348328e+44
170 -18 1.1140915429104048e+45
172 -18 3.4606194652693883e+45
174 -18 1.0170224659307598e+46
176 -18 2.8292916947897540e+46
178 -18 7.4369356949141433e+46
180 -18 1.8483154865707207e+47
182 -18 4.3325475572184462e+47
184 -18 9.5715118940114560e+47
186 -18 1.9867813466268958e+48
188 -18 3.8684316237500548e+48
190 -18 7.0320663049349482e+48
192 -18 1.1908674918510499e+49
194 -18 1.8666372046166525e+49
196 -18 2.6967402416098960e+49
198 -18 3.5619381769372338e+49
200 -18 4.2670207529588971e+49
202 -18 4.5831567822088093e+49
204 -18 4.3553382105912898e+49
206 -18 3.5903985971780996e+49
208 -18 2.5045344819593440e+49
210 -18 1.4231136616198802e+49
212 -18 6.2045628602460011e+48
214 -18 1.8556493874216657e+48
216 -18 2.8897299894308799e+47
122 -17 2.0697562771511958e+20
124 -17 1.5638142582373300e+24
126 -17 4.3802494278326844e+26
128 -17 3.2830481134289826e+28
130 -17 1.1694791222250106e+30
132 -17 2.6500192009374156e+31
134 -17 4.3852447496766087e+32
136 -17 5.7271723318015867e+33
138 -17 6.1917182279901763e+34
140 -17 5.7310361197470080e+35
142 -17 4.6559201456301881e+36
144 -17 3.3720849454293532e+37
146 -17 2.2081541720630358e+38
148 -17 1.3223413231081709e+39
150 -17 7.2944950726433290e+39
152 -17 3.7330810341568800e+40
154 -17 1.7832805677073137e+41
156 -17 7.9772172401050245e+41
158 -17 3.3549053146443173e+42
160 -17 1.3297893945317436e+43
162 -17 4.9792840458990477e+43
164 -17 1.7623333434182977e+44
166 -17 5.9148514861311591e+44
168 -17 1.8814253532574843e+45
170 -17 5.6738205587428175e+45
172 -17 1.6208433772753016e+46
174 -17 4.3928917193360863e+46
176 -17 1.1262233113826125e+47
178 -17 2.7355837078407265e+47
180 -17 6.2748770415410513e+47
182 -17 1.3576617624594275e+48
184 -17 2.7611076449552308e+48
186 -17 5.2723186499614263e+48
188 -17 9.4135965525955265e+48
190 -17 1.5654743460661839e+49
192 -17 2.4138425873341007e+49
194 -17 3.4284353401064711e+49
196 -17 4.4578655312345118e+49
198 -17 5.2574395892706110e+49
200 -17 5.5647595380661559e+49
202 -17 5.2087263021036857e+49
204 -17 4.2351670042671778e+49
206 -17 2.9148288147422198e+49
208 -17 1.6344224398656097e+49
210 -17 7.0359047788421272e+48
212 -17 2.0795184532328868e+48
214 -17 3.2086737543599640e+47
118 -16 1.9202796601430678e+20
120 -16 8.6839856423709815e+23
122 -16 2.1105589937514208e+26
124 -16 1.4881057169378192e+28
126 -16 5.1462043048707375e+29
128 -16 1.1430675820564223e+31
130 -16 1.8710939829936647e+32
132 -16 2.4220841446687686e+33
134 -16 2.6037302875740443e+34
136 -16 2.4041114243935033e+35
138 -16 1.9506893081146034e+36
140 -16 1.4146309504410426e+37
142 -16 9.2989517350205248e+37
144 -16 5.5915183747587189e+38
146 -16 3.1072474483576583e+39
148 -16 1.6019876274597322e+40
150 -16 7.7355620471112610e+40
152 -16 3.5006936723416704e+41
154 -16 1.4937396918508708e+42
156 -16 6.0038151411422657e+42
158 -16 2.2859952290482432e+43
160 -16 8.2501685896022370e+43
162 -16 2.8222554225117570e+44
164 -16 9.1800129289770926e+44
166 -16 2.8335807275710785e+45
168 -16 8.3104835137508545e+45
170 -16 2.3154322018121420e+46
172 -16 6.1230846734704172e+46
174 -16 1.5357717736117181e+47
176 -16 3.6480400404711858e+47
178 -16 8.2033516801545421e+47
180 -16 1.7394425672316828e+48
182 -16 3.4741887774983215e+48
184 -16 6.5155199073704129e+48
186 -16 1.1428497394235333e+49
188 -16 1.8714352745653430e+49
190 -16 2.8381031665746330e+49
192 -16 3.9699986519757020e+49
194 -16 5.0833521032159381e+49
196 -16 5.9125659218761877e+49
198 -16 6.1673408864878475e+49
200 -16 5.6945689327452779e+49
202 -16 4.5722341307993974e+49
204 -16 3.1053023319762640e+49
206 -16 1.7202040416215382e+49
208 -16 7.3238806802339838e+48
210 -16 2.1427050573242543e+48
212 -16 3.2781861842352654e+47
114 -15 1.4697780759652557e+20
116 -15 4.3331505050067119e+23
118 -15 9.2772139397837026e+25
120 -15 6.1467063826239721e+27
122 -15 2.0632981310172944e+29
124 -15 4.4963903924461371e+30
126 -15 7.2591068622863778e+31
128 -15 9.3087905233597763e+32
130 -15 9.9512714284443678e+33
132 -15 9.1450979650891627e+34
134 -15 7.4013612382338433e+35
136 -15 5.3696577293792507e+36
138 -15 3.5405356165431423e+37
140 -15 2.1373851078395901e+38
142 -15 1.1938220977444122e+39
144 -15 6.2150619239029393e+39
146 -15 3.0245066973778540e+40
148 -15 1.3838852227810918e+41
150 -15 5.9695799401199874e+41
152 -15 2.4380105600480379e+42
154 -15 9.4280225163228443e+42
156 -15 3.4607928366670785e+43
158 -15 1.2071240336298763e+44
160 -15 4.0046918138317865e+44
162 -15 1.2650963227128050e+45
164 -15 3.8026286285418285e+45
166 -15 1.0873439291785004e+46
168 -15 2.9579627106233129e+46
170 -15 7.6524618757859630e+46
172 -15 1.8809258390550129e+47
174 -15 4.3772153889606694e+47
176 -15 9.6524986459662699e+47
178 -15 2.0108667025819702e+48
180 -15 3.9470954724204746e+48
182 -15 7.2802582140642588e+48
184 -15 1.2571003756252370e+49
186 -15 2.0260782122656422e+49
188 -15 3.0286264041004029e+49
190 -15 4.1769226517169810e+49
192 -15 5.2759220031641794e+49
194 -15 6.0494860101054434e+49
196 -15 6.2308447548188251e+49
198 -15 5.6811777134689715e+49
200 -15 4.5055600208938626e+49
202 -15 3.0255365046668945e+49
204 -15 1.6572239688974128e+49
206 -15 6.9823630381255543e+48
208 -15 2.0238172799988457e+48
210 -15 3.0731574785783914e+47
110 -14 9.5886613053189292e+19
112 -14 1.9501096829592337e+23
114 -14 3.6930735085133983e+25
116 -14 2.3048212155641117e+27
118 -14 7.5052256128503935e+28
120 -14 1.6018186821068511e+30
122 -14 2.5491354840481171e+31
124 -14 3.2371246090675132e+32
126 -14 3.4391253146846035e+33
128 -14 3.1412601242224479e+34
130 -14 2.5372758649579452e+35
132 -14 1.8379946207998322e+36
134 -14 1.2134380462147450e+37
136 -14 7.3568023399596959e+37
138 -14 4.1299768480083401e+38
140 -14 2.1631576483791148e+39
142 -14 1.0617271426671412e+40
144 -14 4.9076864394537032e+40
146 -14 2.1421662570911919e+41
148 -14 8.8673656289941043e+41
150 -14 3.4800207169484981e+42
152 -14 1.2979774520403108e+43
154 -14 4.6076934580393109e+43
156 -14 1.5597318720380031e+44
158 -14 5.0369132950499828e+44
160 -14 1.5487932699855378e+45
162 -14 4.5385237949696926e+45
164 -14 1.2694520994868218e+46
166 -14 3.3771368355793341e+46
168 -14 8.5657711712545920e+46
170 -14 2.0635767520117701e+47
172 -14 4.7169771339976771e+47
174 -14 1.0222980542305905e+48
176 -14 2.0941285553597606e+48
178 -14 4.0465602574943514e+48
180 -14 7.3440967762371526e+48
182 -14 1.2495472801175623e+49
184 -14 1.9854475531863315e+49
186 -14 2.9273714261464392e+49
188 -14 3.9833888866287589e+49
190 -14 4.9677107631249646e+49
192 -14 5.6246748758562073e+49
194 -14 5.7234856432161975e+49
196 -14 5.1583880117936196e+49
198 -14 4.0461473523131326e+49
200 -14 2.6879643348245126e+49
202 -14 1.4582321792345489e+49
204 -14 6.0878318239054692e+48
206 -14 1.7500042004939569e+48
208 -14 2.6396915145521244e+47
106 -13 5.3186494406461194e+19
108 -13 7.8564275208536998e+22
110 -13 1.3223395643763900e+25
112 -13 7.8106956289559518e+26
114 -13 2.4581295073032535e+28
116 -13 5.1501227682590910e+29
118 -13 8.0792493453235320e+30
120 -13 1.0135866008621292e+32
122 -13 1.0674753431113554e+33
124 -13 9.7124202388048245e+33
126 -13 7.8201773159985592e+34
128 -13 5.6611962641596303e+35
130 -13 3.7329634272664752e+36
132 -13 2.2687436666569568e+37
134 -13 1.2786334653214104e+38
136 -13 6.7420888079222128e+38
138 -13 3.3339066976206018e+39
140 -13 1.5558321329434955e+40
142 -13 6.8629679720702303e+40
144 -13 2.8754374848484778e+41
146 -13 1.1449083098761712e+42
148 -13 4.3383762334304465e+42
150 -13 1.5667330642123137e+43
152 -13 5.4043625130819316e+43
154 -13 1.7789634854363391e+44
156 -13 5.5899317029494418e+44
158 -13 1.6795614850659567e+45
160 -13 4.8159316863739638e+45
162 -13 1.3182136233319817e+46
164 -13 3.4418123832104328e+46
166 -13 8.5574933545488709e+46
168 -13 2.0256469947382168e+47
170 -13 4.5537977673031430e+47
172 -13 9.7036999917861960e+47
174 -13 1.9579823986071016e+48
176 -13 3.7263083608771174e+48
178 -13 6.6747638111050924e+48
180 -13 1.1198933126423025e+49
182 -13 1.7551310881968240e+49
184 -13 2.5546913829226739e+49
186 -13 3.4347647210164037e+49
188 -13 4.2304157893741868e+49
190 -13 4.7362854283147427e+49
192 -13 4.7688748173431446e+49
194 -13 4.2525876095848789e+49
196 -13 3.3012857580698464e+49
198 -13 2.1719188850243499e+49
200 -13 1.1681211376747341e+49
202 -13 4.8398546153022972e+48
204 -13 1.3814937159210859e+48
206 -13 2.0728567994125927e+47
102 -12 2.5383086324493689e+19
104 -12 2.8210938437548626e+22
106 -12 4.2562318938721034e+24
108 -12 2.3818268776012985e+26
110 -12 7.2716077379283489e+27
112 -12 1.4872549427743669e+29
114 -12 2.2981667996849555e+30
116 -12 2.8482499090167765e+31
118 -12 2.9693878829868512e+32
120 -12 2.6846958245932125e+33
122 -12 2.1528842565728660e+34
124 -12 1.5561962909868524e+35
126 -12 1.0264964161807077e+36
128 -12 6.2540847802088767e+36
130 -12 3.5386933915341698e+37
132 -12 1.8748118328860086e+38
134 -12 9.3321197381717141e+38
136 -12 4.3877169737042508e+39
138 -12 1.9558790255196847e+40
140 -12 8.2866064387628424e+40
142 -12 3.3431548620982432e+41
144 -12 1.2859900225696293e+42
146 -12 4.7206473630755775e+42
148 -12 1.6559309521190926e+43
150 -12 5.5605829946729638e+43
152 -12 1.7852378902825177e+44
154 -12 5.4837264924361228e+44
156 -12 1.6116880777554002e+45
158 -12 4.5271047242210037e+45
160 -12 1.2156044513405669e+46
162 -12 3.1169488991787609e+46
164 -12 7.6181501427604083e+46
166 -12 1.7735924987415567e+47
168 -12 3.9267746082673733e+47
170 -12 8.2452208458677855e+47
172 -12 1.6395845477205139e+48
174 -12 3.0805116423667585e+48
176 -12 5.4440722827760863e+48
178 -12 9.0213841829134617e+48
180 -12 1.3963746356280466e+49
182 -12 2.0080777893306449e+49
184 -12 2.6696107719762007e+49
186 -12 3.2532254179606034e+49
188 -12 3.6055803712767722e+49
190 -12 3.5923584114769670e+49
192 -12 3.1730677665536989e+49
194 -12 2.4406839899673857e+49
196 -12 1.5931229731204575e+49
198 -12 8.5063388136746360e+48
200 -12 3.4996249252412312e+48
202 -12 9.9374301835130569e+47
204 -12 1.4851376710208575e+47
98 -11 1.0448691344830884e+19
100 -11 9.0243246497869825e+21
102 -11 1.2285350997446708e+24
104 -11 6.4940948076256244e+25
106 -11 1.9199180916370123e+27
108 -11 3.8556609579101246e+28
110 -11 5.8414216088319070e+29
112 -11 7.1380850963773704e+30
114 -11 7.3785227730758214e+31
116 -11 6.6170298309999225e+32
118 -11 5.2836934300002960e+33
120 -11 3.8079379695913939e+34
122 -11 2.5086468350812059e+35
124 -11 1.5290206287466437e+36
126 -11 8.6753022599877012e+36
128 -11 4.6163696623001963e+37
130 -11 2.3127734425703907e+38
132 -11 1.0958550057435579e+39
134 -11 4.9364984710513860e+39
136 -11 2.1131800859770944e+40
138 -11 8.6352671106929928e+40
140 -11 3.3654345385092168e+41
142 -11 1.2556082130272275e+42
144 -11 4.4791262046012821e+42
146 -11 1.5321735791068421e+43
148 -11 5.0159555099039595e+43
150 -11 1.5736645972377806e+44
152 -11 4.7343996987989147e+44
154 -11 1.3643554443375819e+45
156 -11 3.7642527786801137e+45
158 -11 9.9286887196257819e+45
160 -11 2.5046175569987233e+46
162 -11 6.0237460715373048e+46
164 -11 1.3821674389194637e+47
166 -11 3.0151838561074593e+47
168 -11 6.2465648416223533e+47
170 -11 1.2258345749858502e+48
172 -11 2.2734975848828254e+48
174 -11 3.9709423864859937e+48
176 -11 6.5072020762572585e+48
178 -11 9.9611699678417419e+48
180 -11 1.4185235923898696e+49
182 -11 1.8652621280791064e+49
184 -11 2.2507015636311876e+49
186 -11 2.4709323636459429e+49
188 -11 2.4403114708258012e+49
190 -11 2.1377448578180137e+49
192 -11 1.6326643148964168e+49
194 -11 1.0576297779213416e+49
196 -11 5.6108930263673968e+48
198 -11 2.2962834246897131e+48
200 -11 6.4934961751341175e+47
202 -11 9.6770250911377985e+46
94 -10 3.7072395832750054e+18
96 -10 2.5511747387600006e+21
98 -10 3.1480809121359915e+23
100 -10 1.5782503922361439e+25
102 -10 4.5105334473890018e+26
104 -10 8.8462254700536727e+27
106 -10 1.3176987066386399e+29
108 -10 1.5900869201517852e+30
110 -10 1.6229726352474062e+31
112 -10 1.4450182701175185e+32
114 -10 1.1452212100191300e+33
116 -10 8.2289944650777392e+33
118 -10 5.4109622454338432e+34
120 -10 3.3002422851605740e+35
122 -10 1.8773343779300438e+36
124 -10 1.0018858626698322e+37
126 -10 5.0522750997850627e+37
128 -10 2.4108769064297550e+38
130 -10 1.0943873774215343e+39
132 -10 4.7370848494496224e+39
134 -10 1.9574411134076335e+40
136 -10 7.7427521175696122e+40
138 -10 2.9263505773900944e+41
140 -10 1.0626419949251744e+42
142 -10 3.6995120720570541e+42
144 -10 1.2346012175439409e+43
146 -10 3.9579276959797669e+43
148 -10 1.2167585538864878e+44
150 -10 3.5925650529821201e+44
152 -10 1.0166705571646668e+45
154 -10 2.7571746721978729e+45
156 -10 7.1573006304199168e+45
158 -10 1.7784371737858506e+46
160 -10 4.2171924780217870e+46
162 -10 9.5449159114237612e+46
164 -10 2.0554665307126421e+47
166 -10 4.2072546443497594e+47
168 -10 8.1562452540679762e+47
170 -10 1.4962275702654697e+48
172 -10 2.5839468514916430e+48
174 -10 4.1925524264355918e+48
176 -10 6.3511547117163937e+48
178 -10 8.9612197649931092e+48
180 -10 1.1679134703160648e+49
182 -10 1.3970382383939629e+49
184 -10 1.5220751554797171e+49
186 -10 1.4910040770788017e+49
188 -10 1.2970175151862423e+49
190 -10 9.8302788309507008e+48
192 -10 6.3396266050030461e+48
194 -10 3.3444833585069651e+48
196 -10 1.3617875390444767e+48
198 -10 3.8430929290668163e+47
200 -10 5.7238823643602407e+46
90 -9 1.1374848376535346e+18
92 -9 6.3287896710153896e+20
94 -9 7.1340836706781036e+22
96 -9 3.3869755900938978e+24
98 -9 9.3650823249524020e+25
100 -9 1.7906818370904505e+27
102 -9 2.6191384037367439e+28
104 -9 3.1109718093457535e+29
106 -9 3.1355884711826672e+30
108 -9 2.7731387739260798e+31
110 -9 2.1804178235721884e+32
112 -9 1.5588686060646551e+33
114 -9 1.0240548965956295e+34
116 -9 6.2386717534589861e+34
118 -9 3.5546126221141610e+35
120 -9 1.9048088328514250e+36
122 -9 9.6432603334956635e+36
124 -9 4.6399721547336155e+37
126 -9 2.1226313144048259e+38
128 -9 9.2738157322838682e+38
130 -9 3.8774338205856133e+39
132 -9 1.5526919115655409e+40
134 -9 5.9602499224490586e+40
136 -9 2.1955117306634623e+41
138 -9 7.7747626392549802e+41
140 -9 2.6437319012090714e+42
142 -9 8.6522650808860049e+42
144 -9 2.7188521502429388e+43
146 -9 8.2083194199228045e+43
148 -9 2.3814597958394756e+44
150 -9 6.6303152790842633e+44
152 -9 1.7729509326295634e+45
154 -9 4.5342582068779393e+45
156 -9 1.1116875386419984e+46
158 -9 2.6030265315295928e+46
160 -9 5.8163799409714200e+46
162 -9 1.2384657586819490e+47
164 -9 2.5060938080094142e+47
166 -9 4.8103421294069385e+47
168 -9 8.7275265578522849e+47
170 -9 1.4945422900069335e+48
172 -9 2.4018659223523544e+48
174 -9 3.6096508781754161e+48
176 -9 5.0465931749887384e+48
178 -9 6.5259235619501399e+48
180 -9 7.7510265168169428e+48
182 -9 8.3877778121640190e+48
184 -9 8.1635436005361240e+48
186 -9 7.0597001924797860e+48
188 -9 5.3238088555424944e+48
190 -9 3.4154480191242881e+48
192 -9 1.7960857723156271e+48
194 -9 7.2962567701639285e+47
196 -9 2.0565612921187067e+47
198 -9 3.0653339022566421e+46
84 -8 4.1943942915436040e+12
86 -8 2.9885335186010624e+17
88 -8 1.3676482932224972e+20
90 -8 1.4090766212223344e+22
92 -8 6.3743866676357328e+23
94 -8 1.7037026380441426e+25
96 -8 3.1735881140230116e+26
98 -8 4.5475538723754172e+27
100 -8 5.3138507639533652e+28
102 -8 5.2979324553977933e+29
104 -8 4.6266884548511594e+30
106 -8 3.6159765805718596e+31
108 -8 2.5698260597555235e+32
110 -8 1.6832529107819191e+33
112 -8 1.0250485680135317e+34
114 -8 5.8472706837905192e+34
116 -8 3.1409923543533210e+35
118 -8 1.6002621987477274e+36
120 -8 7.7393865191409165e+36
122 -8 3.5719474099012247e+37
124 -8 1.5758097404164331e+38
126 -8 6.6548869999969791e+38
128 -8 2.6973549867891035e+39
130 -8 1.0504409612523277e+40
132 -8 3.9290966987876461e+40
134 -8 1.4139904790250802e+41
136 -8 4.9003173958442096e+41
138 -8 1.6338138571258828e+42
140 -8 5.2433985222898540e+42
142 -8 1.6203717138496315e+43
144 -8 4.8190452795487405e+43
146 -8 1.3749630191833596e+44
148 -8 3.7788407324715919e+44
150 -8 9.9540860275186926e+44
152 -8 2.5163811560217496e+45
154 -8 6.0891498329875962e+45
156 -8 1.4106967881329122e+46
158 -8 3.1197387728781110e+46
160 -8 6.5722489464028280e+46
162 -8 1.3169958083614131e+47
164 -8 2.5041743897803762e+47
166 -8 4.5062289038872486e+47
168 -8 7.6472561333951399e+47
170 -8 1.2197470264307605e+48
172 -8 1.8200673633760771e+48
174 -8 2.5259036037594374e+48
176 -8 3.2461048440791945e+48
178 -8 3.8341888253257615e+48
180 -8 4.1216156639543239e+48
182 -8 3.9926663592133327e+48
184 -8 3.4374226863266660e+48
186 -8 2.5814259186254048e+48
188 -8 1.6514168149458181e+48
190 -8 8.6598074221402742e+47
192 -8 3.5150133726182405e+47
194 -8 9.9055925557386905e+46
196 -8 1.4804545255299433e+46
80 -7 3.1777289295193931e+12
82 -7 6.6493067281959528e+16
84 -7 2.5636131748724851e+19
86 -7 2.4214036815792434e+21
88 -7 1.0403681751373427e+23
90 -7 2.6844719814715816e+24
92 -7 4.8648086207853852e+25
94 -7 6.8335627719680498e+26
96 -7 7.8547266299405564e+27
98 -7 7.7148078779411338e+28
100 -7 6.6573019700944596e+29
102 -7 5.1651588896658487e+30
104 -7 3.6491995358716196e+31
106 -7 2.3821354768922490e+32
108 -7 1.4483935608082472e+33
110 -7 8.2695547376243515e+33
112 -7 4.4602318374511481e+34
114 -7 2.2805327488913502e+35
116 -7 1.1101047624489549e+36
118 -7 5.1613999895698576e+36
120 -7 2.2973185336453501e+37
122 -7 9.8197431237954950e+37
124 -7 4.0292158487905816e+38
126 -7 1.5900362780617073e+39
128 -7 6.0444959074722468e+39
130 -7 2.2101656415044661e+40
132 -7 7.7905603403379940e+40
134 -7 2.6498256149289928e+41
136 -7 8.6779565379519764e+41
138 -7 2.7395156895247219e+42
140 -7 8.3360710571009064e+42
142 -7 2.4437496654203022e+43
144 -7 6.8902655757909263e+43
146 -7 1.8659122209720362e+44
148 -7 4.8647918220658501e+44
150 -7 1.2160472735839163e+45
152 -7 2.9126563367430182e+45
154 -7 6.6780702025491815e+45
156 -7 1.4637920087002515e+46
158 -7 3.0588291481571482e+46
160 -7 6.0757216186891252e+46
162 -7 1.1463094529087180e+47
164 -7 2.0486000644512528e+47
166 -7 3.4486544391593926e+47
168 -7 5.4647124508024576e+47
170 -7 8.1045473564396094e+47
172 -7 1.1192042201395190e+48
174 -7 1.4295889396833384e+48
176 -7 1.6800811854649877e+48
178 -7 1.7999984806760294e+48
180 -7 1.7370961584564870e+48
182 -7 1.4908485996771373e+48
184 -7 1.1173139344375208e+48
186 -7 7.1334721052957038e+47
188 -7 3.7391664262966338e+47
190 -7 1.5184399670614396e+47
192 -7 4.2901616906619151e+46
194 -7 6.4393423323815855e+45
76 -6 1.2849684361384609e+12
78 -6 1.2481894253387890e+16
80 -6 4.0648875271767818e+18
82 -6 3.5715563600978549e+20
84 -6 1.4535834548702231e+22
86 -6 3.6244115076974918e+23
88 -6 6.3771694621845236e+24
90 -6 8.7532676237721671e+25
92 -6 9.8857883455942835e+26
94 -6 9.5620922348787933e+27
96 -6 8.1642838741538063e+28
98 -6 6.2677254492608249e+29
100 -6 4.4101936220698835e+30
102 -6 2.8622910410547422e+31
104 -6 1.7396372604016056e+32
106 -6 9.9432045478106156e+32
108 -6 5.3803209743616793e+33
110 -6 2.7626057683636633e+34
112 -6 1.3540263135829058e+35
114 -6 6.3532329003471921e+35
116 -6 2.8525636018185632e+36
118 -6 1.2321598579624645e+37
120 -6 5.1183141616740230e+37
122 -6 2.0472660277564968e+38
124 -6 7.9001060207437369e+38
126 -6 2.9371926791074912e+39
128 -6 1.0546194461697401e+40
130 -6 3.6552794698187855e+40
132 -6 1.2210220476898420e+41
134 -6 3.9435117531439510e+41
136 -6 1.2276676349344465e+42
138 -6 3.6865781682918941e+42
140 -6 1.0668788935234966e+43
142 -6 2.9710618001396104e+43
144 -6 7.9779976249350415e+43
146 -6 2.0564465236657217e+44
148 -6 5.0930410478883097e+44
150 -6 1.2097446657745104e+45
152 -6 2.7497546606119649e+45
154 -6 5.9837374641879361e+45
156 -6 1.2400533832852933e+46
158 -6 2.4486032305935533e+46
160 -6 4.5894227607982244e+46
162 -6 8.1496536060979642e+46
164 -6 1.3658652382211065e+47
166 -6 2.1525987663283085e+47
168 -6 3.1755742716466881e+47
170 -6 4.3663389955984257e+47
172 -6 5.5650577075304526e+47
174 -6 6.5135457555465238e+47
176 -6 6.9614788319657382e+47
178 -6 6.7071611901880512e+47
180 -6 5.7457673765970246e+47
182 -6 4.3045598584348772e+47
184 -6 2.7445857024341635e+47
186 -6 1.4415618442789556e+47
188 -6 5.8715403970599520e+46
190 -6 1.6631206634607480e+46
192 -6 2.5110556223968119e+45
72 -5 3.6339358753114142e+11
74 -5 1.9637345456086615e+15
76 -5 5.4576346593132499e+17
78 -5 4.4231366013613998e+19
80 -5 1.7135023444652550e+21
82 -5 4.1088226790884174e+22
84 -5 7.0543797403637422e+23
86 -5 9.4331140390863960e+24
88 -5 1.0455488145006933e+26
90 -5 9.9665213098204467e+26
92 -5 8.3917871705642810e+27
94 -5 6.3802896838664549e+28
96 -5 4.4524225471025248e+29
98 -5 2.8880383280299952e+30
100 -5 1.7501054469871025e+31
102 -5 1.0014730150965179e+32
104 -5 5.4350687163518951e+32
106 -5 2.8102767032315677e+33
108 -5 1.3853893915565771e+34
110 -5 6.5525429785747093e+34
112 -5 2.9776045081200621e+35
114 -5 1.2991351415742368e+36
116 -5 5.4638398157812812e+36
118 -5 2.2199332631642540e+37
120 -5 8.6901833793689145e+37
122 -5 3.2854175361754887e+38
124 -5 1.2015072446454090e+39
126 -5 4.2409568475533944e+39
128 -5 1.4494750016939580e+40
130 -5 4.7737633483513764e+40
132 -5 1.5213983445362729e+41
134 -5 4.6793509647315550e+41
136 -5 1.3901271252940887e+42
138 -5 3.9816269070434517e+42
140 -5 1.0991240217232903e+43
142 -5 2.9255959744296263e+43
144 -5 7.4805571996535783e+43
146 -5 1.8387723055902516e+44
148 -5 4.3395886741253663e+44
150 -5 9.7963048881626188e+44
152 -5 2.1166264693979385e+45
154 -5 4.3659450628651493e+45
156 -5 8.5715735808244751e+45
158 -5 1.5998448601631719e+46
160 -5 2.8276381044427676e+46
162 -5 4.7217412024417880e+46
164 -5 7.4164803935878758e+46
166 -5 1.0905407845746795e+47
168 -5 1.4971640260579772e+47
170 -5 1.9019249993392710e+47
172 -5 2.2227962643884046e+47
174 -5 2.3715983839803726e+47
176 -5 2.2830110448030473e+47
178 -5 1.9571933965638453e+47
180 -5 1.4673572949261470e+47
182 -5 9.3789604788515093e+46
184 -5 4.9392219444754023e+46
186 -5 2.0187543048646583e+46
188 -5 5.7536079266437265e+45
190 -5 8.7654714627591585e+44
68 -4 7.4871627631125366e+10
70 -4 2.5101369477798309e+14
72 -4 6.0367178968732072e+16
74 -4 4.5252720651259602e+18
76 -4 1.6736827551985022e+20
78 -4 3.8515654520195803e+21
80 -4 6.4185328562276372e+22
82 -4 8.3845735518639835e+23
84 -4 9.0852124756436784e+24
86 -4 8.5187722976369151e+25
88 -4 7.0671525976063020e+26
90 -4 5.3296410796600627e+27
92 -4 3.6921507073993537e+28
94 -4 2.3881710282857463e+29
96 -4 1.4464388378974103e+30
98 -4 8.2961479956799665e+30
100 -4 4.5213357446479658e+31
102 -4 2.3520115370262894e+32
104 -4 1.1697850624104412e+33
106 -4 5.5834929069778885e+33
108 -4 2.5639212479473029e+34
110 -4 1.1349858499573802e+35
112 -4 4.8430460407129762e+35
114 -4 1.9930394481993165e+36
116 -4 7.9418988689152388e+36
118 -4 3.0576553121781196e+37
120 -4 1.1380924599532832e+38
122 -4 4.0948062118918800e+38
124 -4 1.4280319496337138e+39
126 -4 4.8163053714547608e+39
128 -4 1.5700199724083984e+40
130 -4 4.9546760114921647e+40
132 -4 1.5090912995155719e+41
134 -4 4.4454063597735553e+41
136 -4 1.2639046882918400e+42
138 -4 3.4632452607588265e+42
140 -4 9.1512045431121098e+42
142 -4 2.3259047397328635e+43
144 -4 5.6886714328385273e+43
146 -4 1.3346852529206013e+44
148 -4 3.0004639563474242e+44
150 -4 6.4516057662475105e+44
152 -4 1.3260766477252237e+45
154 -4 2.5934049566614195e+45
156 -4 4.8266072739370609e+45
158 -4 8.5097246624500873e+45
160 -4 1.4171834531183197e+46
162 -4 2.2239504622080772e+46
164 -4 3.2668800323655620e+46
166 -4 4.4749868749320382e+46
168 -4 5.6836633763187107e+46
170 -4 6.6465729743933726e+46
172 -4 7.0939318652879284e+46
174 -4 6.8367230016656459e+46
176 -4 5.8734113181190983e+46
178 -4 4.4150738516597617e+46
180 -4 2.8343897388057024e+46
182 -4 1.4990757483873289e+46
184 -4 6.1640297386094734e+45
186 -4 1.7713302803251298e+45
188 -4 2.7267361934416337e+44
64 -3 1.1267864619224009e+10
66 -3 2.5313991452423969e+13
68 -3 5.3362764919056490e+15
70 -3 3.7131679129790848e+17
72 -3 1.3030649981156778e+19
74 -3 2.9005786561922289e+20
76 -3 4.6667461432814799e+21
78 -3 5.9370011761488953e+22
80 -3 6.3064285340800847e+23
82 -3 5.8149498347871865e+24
84 -3 4.7758233230376466e+25
86 -3 3.5595233342895215e+26
88 -3 2.4543414015715950e+27
90 -3 1.5808324831673377e+28
92 -3 9.6128092466701132e+28
94 -3 5.5300924615170771e+29
96 -3 3.0310300672659756e+30
98 -3 1.5908589663998169e+31
100 -3 7.9858520229702112e+31
102 -3 3.8655730194502547e+32
104 -3 1.7958755140679814e+33
106 -3 8.0533222529450198e+33
108 -3 3.4925779906455222e+34
110 -3 1.4640252983454700e+35
112 -3 5.9294992355368285e+35
114 -3 2.3266283472509368e+36
116 -3 8.8382702301782470e+36
118 -3 3.2538433964970769e+37
120 -3 1.1585235201642228e+38
122 -3 3.9953321992887942e+38
124 -3 1.3358103286782658e+39
126 -3 4.3201942629276990e+39
128 -3 1.3505586199111639e+40
130 -3 4.0906979951175427e+40
132 -3 1.1977966193073810e+41
134 -3 3.3835740095330043e+41
136 -3 9.2246687181819344e+41
138 -3 2.4275279847891688e+42
140 -3 6.1468200605940717e+42
142 -3 1.4960815903140198e+43
144 -3 3.5023871143419421e+43
146 -3 7.8514304321589819e+43
148 -3 1.6847364190830110e+44
150 -3 3.4542375632707917e+44
152 -3 6.7490522166200657e+44
154 -3 1.2537912937263109e+45
156 -3 2.2081259429823672e+45
158 -3 3.6816254248126028e+45
160 -3 5.7683826686310210e+45
162 -3 8.4836611154448676e+45
164 -3 1.1627746608739089e+46
166 -3 1.4805915181132131e+46
168 -3 1.7330821262767839e+46
170 -3 1.8559000374174319e+46
172 -3 1.7938464557569502e+46
174 -3 1.5464038982213434e+46
176 -3 1.1681230604432976e+46
178 -3 7.5388182254105889e+45
180 -3 4.0135987387515969e+45
182 -3 1.6646611515912647e+45
184 -3 4.8321207215660518e+44
186 -3 7.5286798559072895e+43
60 -2 1.2265988617656455e+09
62 -2 1.9539141358323127e+12
64 -2 3.6282443154043306e+14
66 -2 2.3413365968380068e+16
68 -2 7.8282854501092454e+17
70 -2 1.6726872538123868e+19
72 -2 2.6218540695355107e+20
74 -2 3.2349835726165760e+21
76 -2 3.3588490035625206e+22
78 -2 3.0391090432929156e+23
80 -2 2.4668152363619259e+24
82 -2 1.8282442953342307e+25
84 -2 1.2565162476548917e+26
86 -2 8.1144060353480459e+26
88 -2 4.9565790167003349e+27
90 -2 2.8809505254735099e+28
92 -2 1.5932915945808344e+29
94 -2 8.4489672803400634e+29
96 -2 4.3099928629191178e+30
98 -2 2.1123278893614720e+31
100 -2 9.9870910335816966e+31
102 -2 4.5590239995036431e+32
104 -2 2.0120633674338362e+33
106 -2 8.5900605897156790e+33
108 -2 3.5524415511732468e+34
110 -2 1.4244559759848228e+35
112 -2 5.5274439252060615e+35
114 -2 2.0803736827994145e+36
116 -2 7.5884462832838680e+36
118 -2 2.6850748005596795e+37
120 -2 9.2063312114722353e+37
122 -2 3.0585912831424694e+38
124 -2 9.8397955310149282e+38
126 -2 3.0654070617377497e+39
128 -2 9.2437240979640572e+39
130 -2 2.6938169268945446e+40
132 -2 7.5960367936788159e+40
134 -2 2.0650792772720588e+41
136 -2 5.4143155967813979e+41
138 -2 1.3705459462614406e+42
140 -2 3.3306410558356660e+42
142 -2 7.7854993382017847e+42
144 -2 1.7446852157363773e+43
146 -2 3.7422971036952726e+43
148 -2 7.6741310906220056e+43
150 -2 1.5010859064812232e+44
152 -2 2.7906981958892054e+44
154 -2 4.9257562829534422e+44
156 -2 8.2120761128647901e+44
158 -2 1.2910852267835528e+45
160 -2 1.9015883490856028e+45
162 -2 2.6147232555095563e+45
164 -2 3.3375384657439369e+45
166 -2 3.9259488612867010e+45
168 -2 4.2203629364656402e+45
170 -2 4.1036277758737528e+45
172 -2 3.5583743936160181e+45
174 -2 2.7051125864196264e+45
176 -2 1.7588373654844423e+45
178 -2 9.4492476874540841e+44
180 -2 3.9590963302431852e+44
182 -2 1.1638241458389413e+44
184 -2 1.8439690395676960e+43
56 -1 9.1422614320405990e+07
58 -1 1.0794702309799641e+11
60 -1 1.7906781333320570e+13
62 -1 1.0695714211480768e+15
64 -1 3.3918215503223952e+16
66 -1 6.9620773650852979e+17
68 -1 1.0531304272677319e+19
70 -1 1.2651261689758715e+20
72 -1 1.2879274900585872e+21
74 -1 1.1470896858292870e+22
76 -1 9.2188024543052367e+22
78 -1 6.8232019565930489e+23
80 -1 4.7189620373026610e+24
82 -1 3.0718349412170976e+25
84 -1 1.9005617181456996e+26
86 -1 1.1198024247959518e+27
88 -1 6.3117962702563480e+27
90 -1 3.4076792804994223e+28
92 -1 1.7695133496937736e+29
94 -1 8.8743915807313494e+29
96 -1 4.2832084243409985e+30
98 -1 1.9977492562216914e+31
100 -1 9.0099250487358191e+31
102 -1 3.9452806443137302e+32
104 -1 1.6704577736293901e+33
106 -1 6.8580292148448273e+33
108 -1 2.7292290503806127e+34
110 -1 1.0538076150783754e+35
112 -1 3.9465643916169663e+35
114 -1 1.4345766354608027e+36
116 -1 5.0634538615858368e+36
118 -1 1.7281360168087852e+37
120 -1 5.7347519836897587e+37
122 -1 1.8411740890555303e+38
124 -1 5.7341314064304523e+38
126 -1 1.7265705407832077e+39
128 -1 5.0275103060867893e+39
130 -1 1.4174422954911489e+40
132 -1 3.8528931885406084e+40
134 -1 1.0112375918622174e+41
136 -1 2.5576061102941889e+41
138 -1 6.2320403894577147e+41
140 -1 1.4575543330239664e+42
142 -1 3.2716621598861385e+42
144 -1 7.0281922965970424e+42
146 -1 1.4459388878586074e+43
148 -1 2.8350466352053210e+43
150 -1 5.2840874164722236e+43
152 -1 9.3516871279373899e+43
154 -1 1.5661557125427096e+44
156 -1 2.4707821161071104e+44
158 -1 3.6580807797348305e+44
160 -1 5.0581543936718421e+44
162 -1 6.4913139704508243e+44
164 -1 7.6853841806635409e+44
166 -1 8.3131021351861565e+44
168 -1 8.1402798904000472e+44
170 -1 7.1236318496201845e+44
172 -1 5.4615548534375034e+44
174 -1 3.5874189512353978e+44
176 -1 1.9493785594376377e+44
178 -1 8.2692252304430718e+43
180 -1 2.4678716210700438e+43
182 -1 3.9866117451419181e+42
52 0 4.2237393154238360e+06
54 0 3.8247625879665298e+09
56 0 5.6298420738367871e+11
58 0 3.1412012867774777e+13
60 0 9.4580834557331800e+14
62 0 1.8580986931701468e+16
64 0 2.7078200249006058e+17
66 0 3.1697674498164634e+18
68 0 3.1514813945646731e+19
70 0 2.7897289513599599e+20
72 0 2.2458611381652944e+21
74 0 1.6883048005683498e+22
76 0 1.1917631756653503e+23
78 0 7.9492129845948993e+23
80 0 5.0508659105063747e+24
82 0 3.0557183265970317e+25
84 0 1.7749427230436096e+26
86 0 9.8958898161535109e+26
88 0 5.2974194080294734e+27
90 0 2.7346207730103061e+28
92 0 1.3626698192897770e+29
94 0 6.5434471341344453e+29
96 0 3.0455889713255241e+30
98 0 1.3723245260145149e+31
100 0 5.9879274944780446e+31
102 0 2.5326918231620309e+32
104 0 1.0388544828678109e+33
106 0 4.1350533858197904e+33
108 0 1.5961361274787573e+34
110 0 5.9881796713363827e+34
112 0 2.1774094773180547e+35
114 0 7.6842806505755494e+35
116 0 2.6293275707361237e+36
118 0 8.7305231328006477e+36
120 0 2.8055778724726803e+37
122 0 8.7471114388952280e+37
124 0 2.6442811619297668e+38
126 0 7.7246390720748431e+38
128 0 2.1829255895381948e+39
130 0 5.9518053800744727e+39
132 0 1.5671920758363904e+40
134 0 3.9782593960098867e+40
136 0 9.7209843011691027e+40
138 0 2.2837566003399190e+41
140 0 5.1478122699431802e+41
142 0 1.1105779494767016e+42
144 0 2.2946838991775916e+42
146 0 4.5202093930432012e+42
148 0 8.4898224619793263e+42
150 0 1.5083971751270939e+43
152 0 2.5444676470178458e+43
154 0 4.0376083406563759e+43
156 0 6.0196265885317172e+43
158 0 8.3804684569890668e+43
160 0 1.0843445820947327e+44
162 0 1.2939411080438325e+44
164 0 1.4115786344294427e+44
166 0 1.3960332020448652e+44
168 0 1.2338227228625008e+44
170 0 9.5582139147693063e+43
172 0 6.3681728570053181e+43
174 0 3.5056555927978408e+43
176 0 1.5110386704606838e+43
178 0 4.5851173754871460e+42
180 0 7.5706753920065118e+41
48 1 9.1037049406411359e+04
50 1 6.5001423892430872e+07
52 1 8.6018333383274155e+09
54 1 4.4396368825755945e+11
56 1 1.2637649681891326e+13
58 1 2.3849362391148456e+14
60 1 3.3480896764281165e+15
62 1 3.8301806964061464e+16
64 1 3.8071753912561984e+17
66 1 3.4502674908613371e+18
68 1 2.9075978219747897e+19
70 1 2.3133006737887225e+20
72 1 1.7368686764183517e+21
74 1 1.2359851249471349e+22
76 1 8.3277996822789077e+22
78 1 5.3298922203402893e+23
80 1 3.2622988301449506e+24
82 1 1.9121894735837562e+25
84 1 1.0756320422735641e+26
86 1 5.8194409238193651e+26
88 1 3.0355289554889231e+27
90 1 1.5267027119897546e+28
92 1 7.3958461060422870e+28
94 1 3.4675013473454705e+29
96 1 1.5728698782241897e+30
98 1 6.9324650665228405e+30
100 1 2.9538220228940004e+31
102 1 1.2212090087508828e+32
104 1 4.8957025030144181e+32
106 1 1.9021589072888070e+33
108 1 7.1747591662771084e+33
110 1 2.6258304299021222e+34
112 1 9.3142435315573316e+34
114 1 3.2055907538822155e+35
116 1 1.0700766935278778e+36
118 1 3.4635621758666525e+36
120 1 1.0865456094799102e+37
122 1 3.2979091586355016e+37
124 1 9.7015588476725819e+37
126 1 2.7578446128505574e+38
128 1 7.5673486447433206e+38
130 1 2.0049507529374117e+39
132 1 5.1171026069266958e+39
134 1 1.2588333743777499e+40
136 1 2.9723286665171818e+40
138 1 6.7501867559367602e+40
140 1 1.4692100708873250e+41
142 1 3.0557748093530130e+41
144 1 6.0675077895884530e+41
146 1 1.1470344203024571e+42
148 1 2.0592124853733969e+42
150 1 3.4982562941084261e+42
152 1 5.6018719717754083e+42
154 1 8.4274617672420114e+42
156 1 1.1840178569849845e+43
158 1 1.5474547114658409e+43
160 1 1.8655327100149498e+43
162 1 2.0595449253995429e+43
164 1 2.0607438947758773e+43
166 1 1.8447327113646379e+43
168 1 1.4495965643373129e+43
170 1 9.8028547562362410e+42
172 1 5.4825305659151736e+42
174 1 2.4042335385846953e+42
176 1 7.4449021514935699e+41
178 1 1.2624991439470421e+41
52 2 4.5880710463778898e+06
54 2 2.5244470358092017e+09
56 2 2.9150999942727319e+11
58 2 1.4003481164835346e+13
60 2 3.8348824727792475e+14
62 2 7.0611856851139920e+15
64 2 9.7016582688681680e+16
66 2 1.0786972208831332e+18
68 2 1.0275817651658093e+19
70 2 8.7397931896134140e+19
72 2 6.7727871974696393e+20
74 2 4.8997107334461365e+21
76 2 3.3402905291361922e+22
78 2 2.1555849609141581e+23
80 2 1.3210270068106668e+24
82 2 7.7411149726635898e+24
84 2 4.3412718679933946e+25
86 2 2.3344315127703381e+26
88 2 1.2052575601826433e+27
90 2 6.0053549221922081e+27
92 2 2.8812846888232437e+28
94 2 1.3377797413879386e+29
96 2 5.9910589934091550e+29
98 2 2.6021837836207490e+30
100 2 1.0930541931056210e+31
102 2 4.4494081028744954e+31
104 2 1.7528132950043188e+32
106 2 6.7015257104064105e+32
108 2 2.4850646424503797e+33
110 2 8.9203460849246931e+33
112 2 3.1080510860142751e+34
114 2 1.0498660978718358e+35
116 2 3.4324338228375958e+35
118 2 1.0883894633870270e+36
120 2 3.3297900242641238e+36
122 2 9.8864903221232505e+36
124 2 2.8379783882257462e+37
126 2 7.8642012685287999e+37
128 2 2.1034792946681527e+38
130 2 5.4217390263986183e+38
132 2 1.3446004308605537e+39
134 2 3.2101069527983690e+39
136 2 7.3603141688821505e+39
138 2 1.6148799888358030e+40
140 2 3.3969465100933765e+40
142 2 6.8078588908077580e+40
144 2 1.3011025513405116e+41
146 2 2.3594478633168661e+41
148 2 4.0526104337429039e+41
150 2 6.5619653961976117e+41
152 2 9.9840933993343115e+41
154 2 1.4204617302396918e+42
156 2 1.8799209605809225e+42
158 2 2.2979366118915214e+42
160 2 2.5713682164569715e+42
162 2 2.6088404822094907e+42
164 2 2.3694546677337418e+42
166 2 1.8944183597464453e+42
168 2 1.3010209249552785e+42
170 2 7.4146646234313143e+41
172 2 3.3242838014253031e+41
174 2 1.0529057103137982e+41
176 2 1.8349317579796253e+40
56 3 1.0903323930628558e+08
58 3 4.5373574983846725e+10
60 3 4.5404655446200996e+12
62 3 2.0078102134818088e+14
64 3 5.2335117509477270e+15
66 3 9.2884579451713232e+16
68 3 1.2461545372884393e+18
70 3 1.3531096107221070e+19
72 3 1.2526220062599160e+20
74 3 1.0235322531085877e+21
76 3 7.5838998766805320e+21
78 3 5.2027462561812579e+22
80 3 3.3467216891237404e+23
82 3 2.0299122049329628e+24
84 3 1.1653877308350411e+25
86 3 6.3779719094109630e+25
88 3 3.3410269772562702e+26
90 3 1.6799832304107408e+27
92 3 8.1054901545388221e+27
94 3 3.7737478493917771e+28
96 3 1.6885726654828835e+29
98 3 7.3065370524364391e+29
100 3 3.0497991348505915e+30
102 3 1.2318629448791188e+31
104 3 4.8204742918792008e+31
106 3 1.8227009818305575e+32
108 3 6.6837395205778551e+32
110 3 2.3680970211955664e+33
112 3 8.1342519375602944e+33
114 3 2.7058327874954231e+34
116 3 8.7160649103222548e+34
118 3 2.7083070078950369e+35
120 3 8.1524356031447371e+35
122 3 2.3704724575679103e+36
124 3 6.6516141851268499e+36
126 3 1.8029961517126255e+37
128 3 4.7043380393210320e+37
130 3 1.1832956918509062e+38
132 3 2.8604376553768421e+38
134 3 6.6330737937802366e+38
136 3 1.4762511275671528e+39
138 3 3.1383318561848541e+39
140 3 6.3714403826644926e+39
142 3 1.2339485149284538e+40
144 3 2.2666536700808261e+40
146 3 3.9441624677691907e+40
148 3 6.4713405154359406e+40
150 3 9.9958295865165979e+40
152 3 1.4424784762597327e+41
154 3 1.9370928008662145e+41
156 3 2.4028127849206773e+41
158 3 2.7324155582861488e+41
160 3 2.8242668236432465e+41
162 3 2.6123791623443001e+41
164 3 2.1257151830930396e+41
166 3 1.4881970520510628e+41
168 3 8.6634921488741976e+40
170 3 3.9769012657255651e+40
172 3 1.2938349440605434e+40
174 3 2.3288171692373112e+39
58 4 8.4108179825494182e+04
60 4 1.5446503709870176e+09
62 4 4.9871127491539691e+11
64 4 4.3091767188892406e+13
66 4 1.7363234931939695e+15
68 4 4.2583364572953024e+16
70 4 7.2653940451905280e+17
72 4 9.4406076755949670e+18
74 4 9.9792406283016946e+19
76 4 8.9438360745235920e+20
78 4 7.0970209709032462e+21
80 4 5.0698072105883984e+22
82 4 3.3438302586910430e+23
84 4 2.0467126902639274e+24
86 4 1.1785884931115142e+25
88 4 6.4145593062914072e+25
90 4 3.3159991816785039e+26
92 4 1.6396182217538706e+27
94 4 7.7560927453301643e+27
96 4 3.5162392959359113e+28
98 4 1.5336881511018148e+29
100 4 6.4423093396861858e+29
102 4 2.6063530918794909e+30
104 4 1.0195708200697765e+31
106 4 3.8498199752735437e+31
108 4 1.4018075366452566e+32
110 4 4.9351171078024208e+32
112 4 1.6781499121690414e+33
114 4 5.5260805882471368e+33
116 4 1.7558674244641329e+34
118 4 5.3829308347230384e+34
120 4 1.5967010310114721e+35
122 4 4.5612274216577657e+35
124 4 1.2570656951472494e+36
126 4 3.3361381102793478e+36
128 4 8.5177335176390187e+36
130 4 2.0932730932102757e+37
132 4 4.9293457026273082e+37
134 4 1.1135503641509547e+38
136 4 2.4045851848913341e+38
138 4 4.9649392526770191e+38
140 4 9.7539896702777667e+38
142 4 1.8203865033938796e+39
144 4 3.2193482809457039e+39
146 4 5.3738686608302111e+39
148 4 8.4199166236728565e+39
150 4 1.2369725271146635e+40
152 4 1.6890300561709858e+40
154 4 2.1332415015453820e+40
156 4 2.4721484748489805e+40
158 4 2.6000455053522745e+40
160 4 2.4514038036299964e+40
162 4 2.0401065457876092e+40
164 4 1.4611551360853941e+40
166 4 8.7165068242268383e+39
168 4 4.1067141506252886e+39
170 4 1.3768304898111851e+39
172 4 2.5676445120616041e+38
62 5 1.9797026251322282e+06
64 5 1.4696383820175415e+10
66 5 3.7002710192874282e+12
68 5 2.7735655812744606e+14
70 5 1.0180340792596830e+16
72 5 2.3307046827585341e+17
74 5 3.7887372577292995e+18
76 5 4.7209670549594546e+19
78 5 4.8235619283436228e+20
80 5 4.2103776270894361e+21
82 5 3.2313815344590768e+22
84 5 2.2273231281130344e+23
86 5 1.4093289600538613e+24
88 5 8.2421918033957760e+24
90 5 4.5347446128511728e+25
92 5 2.3433656468355955e+26
94 5 1.1508923302673596e+27
96 5 5.3752304246726970e+27
98 5 2.3990730667442478e+28
100 5 1.0252388692146953e+29
102 5 4.2067030697226392e+29
104 5 1.6584238652698880e+30
106 5 6.2922609567511529e+30
108 5 2.3008783345394284e+31
110 5 8.0730866831175869e+31
112 5 2.7388283866282682e+32
114 5 8.9556525935854387e+32
116 5 2.8233464167952153e+33
118 5 8.5815930855781767e+33
120 5 2.5089079731303274e+34
122 5 7.0750000256770073e+34
124 5 1.9161295211881928e+35
126 5 4.9999271479288972e+35
128 5 1.2514905339439449e+36
130 5 3.0101584306419561e+36
132 5 6.9249114193682736e+36
134 5 1.5246265890934209e+37
136 5 3.2035013807767665e+37
138 5 6.4082796372375625e+37
140 5 1.2195889700714022e+38
142 5 2.1971925117490750e+38
144 5 3.7312226707437882e+38
146 5 5.9667776349455513e+38
148 5 8.9367956970559740e+38
150 5 1.2441454221753000e+39
152 5 1.6039878879877250e+39
154 5 1.8977531745256872e+39
156 5 2.0400407178446344e+39
158 5 1.9682800372634331e+39
160 5 1.6753406855590109e+39
162 5 1.2319176534262779e+39
164 5 7.5291337533943457e+38
166 5 3.6492919474229785e+38
168 5 1.2628391954951503e+38
170 5 2.4487170095717115e+37
66 6 3.0986697101824708e+07
68 6 9.8439418551302658e+10
70 6 1.9366321450471434e+13
72 6 1.2753626724418030e+15
74 6 4.2303385469540584e+16
76 6 9.0539977951565862e+17
78 6 1.3939193959237030e+19
80 6 1.6684708894139711e+20
82 6 1.6388970305506079e+21
84 6 1.3761433417048119e+22
86 6 1.0182024019417759e+23
88 6 6.7626977417354723e+23
90 6 4.0953891931634043e+24
92 6 2.2966167340096199e+25
94 6 1.2012089600147507e+26
96 6 5.9065435073185663e+26
98 6 2.7524085505525004e+27
100 6 1.2164369872412166e+28
102 6 5.1190696156579157e+28
104 6 2.0619360568525221e+29
106 6 7.9443435017661296e+29
108 6 2.9337933908869674e+30
110 6 1.0386035139264446e+31
112 6 3.5355040632597487e+31
114 6 1.1562439733040367e+32
116 6 3.6345081896134096e+32
118 6 1.0972663724890233e+33
120 6 3.1840625198107884e+33
122 6 8.8746447590809412e+33
124 6 2.3778406408991273e+34
126 6 6.0956714958522140e+34
128 6 1.5012893489248274e+35
130 6 3.5335790769618216e+35
132 6 7.9630946658392909e+35
134 6 1.7108641295528779e+36
136 6 3.4988596311282244e+36
138 6 6.7971021621534453e+36
140 6 1.2496828711250726e+37
142 6 2.1729546335764237e+37
144 6 3.5450418587959798e+37
146 6 5.4277204434172425e+37
148 6 7.7242539464285556e+37
150 6 1.0185551839908047e+38
152 6 1.2335957210928354e+38
154 6 1.3582988388655256e+38
156 6 1.3430960690977710e+38
158 6 1.1733823429776580e+38
160 6 8.8598886251581760e+37
162 6 5.5790654847895839e+37
164 6 2.7908599247823074e+37
166 6 9.9993340769561175e+36
168 6 2.0296218977688771e+36
70 7 2.8664533103268158e+08
72 7 4.8702715654219250e+11
74 7 7.3790059679575359e+13
76 7 4.2922556623649350e+15
78 7 1.3033969935014558e+17
80 7 2.5863884063619599e+18
82 7 3.7495779417994658e+19
84 7 4.2777565752376551e+20
86 7 4.0186070422067059e+21
88 7 3.2434886817645259e+22
90 7 2.2999654211027043e+23
92 7 1.4594291954294957e+24
94 7 8.4693780366730913e+24
96 7 4.5326848043580804e+25
98 7 2.2577116214654707e+26
100 7 1.0532757720641135e+27
102 7 4.6312736982525353e+27
104 7 1.9335444732385796e+28
106 7 7.6664169590962596e+28
108 7 2.8919424016298464e+29
110 7 1.0415217242674653e+30
112 7 3.5879237376534782e+30
114 7 1.1809005158142584e+31
116 7 3.7257738320716938e+31
118 7 1.1264861681225327e+32
120 7 3.2592680940667568e+32
122 7 9.0398708649360282e+32
124 7 2.3952268073528751e+33
126 7 6.0817508546473648e+33
128 7 1.4724650403335398e+34
130 7 3.4093358224590942e+34
132 7 7.5221279265907277e+34
134 7 1.5785199779873457e+35
136 7 3.1455089658569323e+35
138 7 5.9334659719518163e+35
140 7 1.0548122936433620e+36
142 7 1.7680398830735992e+36
144 7 2.7709180904746112e+36
146 7 4.0482142195460884e+36
148 7 5.4700204051144116e+36
150 7 6.7955334968873986e+36
152 7 7.6897756455766879e+36
154 7 7.8037133999278461e+36
156 7 7.0182803554796327e+36
158 7 5.4501106895369030e+36
160 7 3.5437803355918851e+36
162 7 1.8354480002686545e+36
164 7 6.8352017415810918e+35
166 7 1.4521597103788326e+35
74 8 1.7796125212908723e+09
76 8 1.7929720422058315e+12
78 8 2.1139777523469072e+14
80 8 1.0796597993356680e+16
82 8 2.9958985629025491e+17
84 8 5.4910332982904166e+18
86 8 7.5034869667103539e+19
88 8 8.1277754088527941e+20
90 8 7.2662655514120500e+21
92 8 5.5865221766425268e+22
94 8 3.7687567989173761e+23
96 8 2.2890888172440184e+24
98 8 1.2647583418541280e+25
100 8 6.4280362035470922e+25
102 8 3.0330036547524383e+26
104 8 1.3367403343784167e+27
106 8 5.5432859784607714e+27
108 8 2.1741720810827970e+28
110 8 8.0810768845387156e+28
112 8 2.8363852910694094e+29
114 8 9.5168947955308733e+29
116 8 3.0375410951031195e+30
118 8 9.2411519263875746e+30
120 8 2.6855152894555595e+31
122 8 7.4316425486133632e+31
124 8 1.9572977272069974e+32
126 8 4.9401398690416905e+32
128 8 1.1839094033617059e+33
130 8 2.7002130878959447e+33
132 8 5.8544000862060349e+33
134 8 1.2019018562521050e+34
136 8 2.3341567277318552e+34
138 8 4.2766005376295377e+34
140 8 7.3578042902751964e+34
142 8 1.1854370661797704e+35
144 8 1.7802839587356446e+35
146 8 2.4754482687570780e+35
148 8 3.1656933506739943e+35
150 8 3.6842197354706076e+35
152 8 3.8523745708781973e+35
154 8 3.5690457922314205e+35
156 8 2.8649620528768000e+35
158 8 1.9272618164121005e+35
160 8 1.0345662060916199e+35
162 8 4.0036317602582307e+34
164 8 8.9781105241538972e+33
78 9 7.4697041850401745e+09
80 9 5.0066995520580576e+12
82 9 4.5756101127923725e+14
84 9 2.0505735907159780e+16
86 9 5.1747592770237325e+17
88 9 8.8267275497317048e+18
90 9 1.1294606210580310e+20
92 9 1.1538430990379091e+21
94 9 9.7613080238883508e+21
96 9 7.1184299015539350e+22
98 9 4.5751064864252739e+23
100 9 2.6314669754281738e+24
102 9 1.3750106703902503e+25
104 9 6.6042158957125253e+25
106 9 2.9395710393581354e+26
108 9 1.2169313287446889e+27
110 9 4.7351322375809945e+27
112 9 1.7260138292064199e+28
114 9 5.9568237654823098e+28
116 9 1.9478631662321132e+29
118 9 6.0258811162642999e+29
120 9 1.7681273649805281e+30
122 9 4.9242439793695140e+30
124 9 1.3013482272061216e+31
126 9 3.2688728084341834e+31
128 9 7.7870296741750300e+31
130 9 1.7537301262936526e+32
132 9 3.7406717135910849e+32
134 9 7.5267590254139026e+32
136 9 1.4284833135617715e+33
138 9 2.5423757600758128e+33
140 9 4.2319910700180028e+33
142 9 6.5651646333050382e+33
144 9 9.3996397920010687e+33
146 9 1.2403454277786374e+34
148 9 1.4887845825251061e+34
150 9 1.6106243390567214e+34
152 9 1.5423169404354011e+34
154 9 1.2827762668679435e+34
156 9 8.9538796779149004e+33
158 9 4.9997744390859096e+33
160 9 2.0228741468323692e+33
162 9 4.8074554689061925e+32
82 10 2.1961703128248600e+10
84 10 1.0550274988230629e+13
86 10 7.6678939090735412e+14
88 10 2.9773344793516324e+16
90 10 6.8096785785258496e+17
92 10 1.0790235325804333e+19
94 10 1.2874736888528893e+20
96 10 1.2328799023774176e+21
98 10 9.8503369274485700e+21
100 10 6.7614372669575383e+22
102 10 4.1003252855728754e+23
104 10 2.2190865282048837e+24
106 10 1.0909977930294681e+25
108 10 4.9175001385122525e+25
110 10 2.0455028180065985e+26
112 10 7.9035136657925109e+26
114 10 2.8574127755643009e+27
116 10 9.6719636346070247e+27
118 10 3.0745091358467658e+28
120 10 9.2206488420340940e+28
122 10 2.6029417931348523e+29
124 10 6.9481927628416050e+29
126 10 1.7508192643994433e+30
128 10 4.1563927468998350e+30
130 10 9.3105423873689756e+30
132 10 1.9591166156498570e+31
134 10 3.8791516811448296e+31
136 10 7.1952187087107049e+31
138 10 1.2462182600821599e+32
140 10 2.0045880925374012e+32
142 10 2.9830174500188531e+32
144 10 4.0785836941488120e+32
146 10 5.0772752862766450e+32
148 10 5.6993118364987108e+32
150 10 5.6569966798791508e+32
152 10 4.8856571981189101e+32
154 10 3.5582746076625179e+32
156 10 2.0739049080865222e+32
158 10 8.7797910102513459e+31
160 10 2.2175187848840456e+31
86 11 4.4794215189005585e+10
88 11 1.6886640535798836e+13
90 11 9.9475185283018488e+14
92 11 3.3087922709945944e+16
94 11 6.8321776425971866e+17
96 11 9.9664187493287670e+18
98 11 1.1050722458994927e+20
100 11 9.8838112133251845e+20
102 11 7.3939939784103454e+21
104 11 4.7647678338628965e+22
106 11 2.7044397449521939e+23
108 11 1.3694447378059543e+24
110 11 6.2841495575044624e+24
112 11 2.6375549503404151e+25
114 11 1.0169834283323201e+26
116 11 3.6251576497927441e+26
118 11 1.2058462083402188e+27
120 11 3.7401686583127064e+27
122 11 1.0847439693760935e+28
124 11 2.9464305738884381e+28
126 11 7.5112751717846810e+28
128 11 1.7915225717306825e+29
130 11 4.0066205489126456e+29
132 11 8.3786477822478971e+29
134 11 1.6360992565620170e+30
136 11 2.9740937171735474e+30
138 11 5.0170309008609953e+30
140 11 7.8122266384470393e+30
142 11 1.1157567512945645e+31
144 11 1.4482147031392887e+31
146 11 1.6930060359893624e+31
148 11 1.7552632495383006e+31
150 11 1.5801093755543488e+31
152 11 1.1985999438857435e+31
154 11 7.3275981725890703e+30
156 11 3.2586081688118299e+30
158 11 8.8047131717969798e+29
90 12 6.4527117544168419e+10
92 12 2.0187607713869371e+13
94 12 9.9161045441153838e+14
96 12 2.8311750813659576e+16
98 12 5.2411485079171226e+17
100 12 6.9616370482690550e+18
102 12 7.1153212674395529e+19
104 12 5.9106445208000279e+20
106 12 4.1228659174590319e+21
108 12 2.4708055387424342e+22
110 12 1.3027903929794645e+23
112 12 6.1294149590068369e+23
114 12 2.6009013378441824e+24
116 12 1.0039534071165201e+25
118 12 3.5552636540836683e+25
120 12 1.1584989502596337e+26
122 12 3.4972918970616802e+26
124 12 9.7900075356078509e+26
126 12 2.5489435537300393e+27
128 12 6.1711275938222627e+27
130 12 1.3863911830581367e+28
132 12 2.8953287968783913e+28
134 12 5.6096236065883492e+28
136 12 1.0029308050045142e+29
138 12 1.6508065572841423e+29
140 12 2.4853917141978094e+29
142 12 3.3934143397182066e+29
144 12 4.1642899893131782e+29
146 12 4.5271668123099699e+29
148 12 4.2853342286248907e+29
150 12 3.4148258458073324e+29
152 12 2.1955070166409659e+29
154 12 1.0310570539521252e+29
156 12 3.0117738209121741e+28
94 13 6.5820227281069786e+10
96 13 1.7730493849541383e+13
98 13 7.4963509350164438e+14
100 13 1.8558845676832064e+16
102 13 3.0586732294877914e+17
104 13 3.6873778942269317e+18
106 13 3.4599399144670192e+19
108 13 2.6366779900079240e+20
110 13 1.6909962529868564e+21
112 13 9.3285270040284003e+21
114 13 4.5205837063835315e+22
116 13 1.9506229957098362e+23
118 13 7.5684652288121089e+23
120 13 2.6549244167405863e+24
122 13 8.5238327926855245e+24
124 13 2.4933741283692503e+25
126 13 6.7403681995057968e+25
128 13 1.6703476523630086e+26
130 13 3.8158434148734845e+26
132 13 8.0280980691550946e+26
134 13 1.5454271692385033e+27
136 13 2.7261087092298475e+27
138 13 4.3795196980862454e+27
140 13 6.3832785008211409e+27
142 13 8.3194661510350610e+27
144 13 9.6005687339933730e+27
146 13 9.6076993745535851e+27
148 13 8.0916016946903208e+27
150 13 5.5319044138847092e+27
152 13 2.7544578998390835e+27
154 13 8.7461273789292767e+26
98 14 4.8437310571175926e+10
100 14 1.1546323085615658e+13
102 14 4.2644787760321831e+14
104 14 9.1471625957198000e+15
106 14 1.3424618384641640e+17
108 14 1.4508644120788480e+18
110 14 1.2326914472992758e+19
112 14 8.5786616968231191e+19
114 14 5.0116663126969896e+20
116 14 2.5202938100118370e+21
118 14 1.1074247014992732e+22
120 14 4.3163505627487246e+22
122 14 1.5087554156611737e+23
124 14 4.7312366856803344e+23
126 14 1.3443109318087097e+24
128 14 3.4749753874471535e+24
130 14 8.1424746594464248e+24
132 14 1.7427811157803020e+25
134 14 3.3750032381545898e+25
136 14 5.9151625754056945e+25
138 14 9.3122620682717621e+25
140 14 1.3104930994813912e+26
142 14 1.6219467468300538e+26
144 14 1.7385531875776478e+26
146 14 1.5679203897654647e+26
148 14 1.1490372638078995e+26
150 14 6.1028396118864291e+25
152 14 2.1383540132550364e+25
102 15 2.8049855963212414e+10
104 15 5.4911955065840186e+12
106 15 1.7922068827767262e+14
108 15 3.3569351306953275e+15
110 15 4.3281602083994928e+16
112 15 4.1975680540099405e+17
114 15 3.2080800275484360e+18
116 15 1.9995277509496930e+19
118 15 1.0505544420301803e+20
120 15 4.7423359828583147e+20
122 15 1.8596291826232265e+21
124 15 6.4272396041725118e+21
126 15 1.9707218994830271e+22
128 15 5.4053785364305910e+22
130 15 1.3225107399581393e+23
132 15 2.9053433226094246e+23
134 15 5.7037650802746979e+23
136 15 9.9769134129262410e+23
138 15 1.5465206713371422e+24
140 15 2.0984631913204498e+24
142 15 2.4592046913306966e+24
144 15 2.4088329174258879e+24
146 15 1.9244128583938294e+24
148 15 1.1043026331636582e+24
150 15 4.3240552045187884e+23
104 16 8.3251110261362538e+07
106 16 1.2701417818868052e+10
108 16 1.8984708186104907e+12
110 16 5.4519595873139266e+13
112 16 8.9592272907059850e+14
114 16 1.0164606266738124e+16
116 16 8.6856083205541760e+16
118 16 5.8580275703596109e+17
120 16 3.2329897686809569e+18
122 16 1.4962331421867020e+19
124 16 5.9360006824304558e+19
126 16 2.0234437414054710e+20
128 16 6.0395918822242137e+20
130 16 1.5733438499356593e+21
132 16 3.6154556529680838e+21
134 16 7.2812090914965490e+21
136 16 1.2855313253953247e+22
138 16 1.9586633937215084e+22
140 16 2.5679696419599757e+22
142 16 2.7853986858112700e+22
144 16 2.4761825170027715e+22
146 16 1.5593093749408117e+22
148 16 6.9799218561222831e+21
108 17 7.3734554172894403e+07
110 17 5.4720825984684534e+09
112 17 4.7345180942923334e+11
114 17 1.1864255217525895e+13
116 17 1.6774233477938481e+14
118 17 1.6585650765622530e+15
120 17 1.2238958777937770e+16
122 17 7.2146906205838640e+16
124 17 3.4232754452516077e+17
126 17 1.3682897795480924e+18
128 17 4.5844455027893514e+18
130 17 1.3163107422201240e+19
132 17 3.2110791838463422e+19
134 17 6.7702615335835435e+19
136 17 1.2065317689789415e+20
138 17 1.8384870940343989e+20
140 17 2.2658187375784768e+20
142 17 2.3131027113360222e+20
144 17 1.6213107517248930e+20
146 17 8.5381122924709134e+19
112 18 4.4533342596880570e+07
114 18 1.7491359228680804e+09
116 18 8.8329585187149734e+10
118 18 1.7494217930026152e+12
120 18 2.1299624419715777e+13
122 18 1.7658669814970678e+14
124 18 1.1122070650859268e+15
126 18 5.4679591480828850e+15
128 18 2.1854816103002900e+16
130 18 7.0911536477511952e+16
132 18 1.9450288123858579e+17
134 18 4.3061414489464960e+17
136 18 8.0590139347337958e+17
138 18 1.1757731908982564e+18
140 18 1.4412234977197542e+18
142 18 1.1566406482060941e+18
144 18 7.4442111121188634e+17
116 19 1.1813737418521658e+07
118 19 4.2188551903143364e+08
120 19 1.0932197340850431e+10
122 19 1.7329596071655005e+11
124 19 1.6415565402010103e+12
126 19 1.1443767184573914e+13
128 19 5.7190089166190219e+13
130 19 2.3098699925277325e+14
132 19 6.9659325188921925e+14
134 19 1.7726875129284622e+15
136 19 3.2855985502459855e+15
138 19 5.1940214763294930e+15
140 19 5.0076277839725930e+15
142 19 4.2111072842336415e+15
120 20 2.0523460072063371e+06
122 20 4.7025880135885552e+07
124 20 8.8949564484292829e+08
126 20 9.1327895515727844e+09
128 20 7.1219595420759827e+10
130 20 3.4517819632583350e+11
132 20 1.4095687617411885e+12
134 20 3.6657764072893125e+12
136 20 8.4921491678040547e+12
138 20 1.0347279919668422e+13
140 20 1.2767904079534133e+13
124 21 1.1527304881033328e+05
126 21 2.6512046760329679e+06
128 21 2.4497908316474706e+07
130 21 2.2678329161381876e+08
132 21 9.1487167893479383e+08
134 21 4.1112201890092940e+09
136 21 6.7573816343151398e+09
138 21 1.5406425573738647e+10
132 22 2.0564242711421926e+05
134 22 3.4865541976983316e+05
136 22 3.4833084365867958e+06
