120 -19 9.0749376071678864e+02
122 -19 1.6358793773068169e+02
124 -19 1.2744520849696566e+04
114 -18 3.8755007354813283e+03
116 -18 3.1056512745207263e+04
118 -18 1.0508620494211852e+05
120 -18 4.4175072802469839e+05
122 -18 1.8042251730301292e+05
124 -18 9.0146133331142936e+05
108 -17 6.1190431808929452e+03
110 -17 1.4355728279475932e+05
112 -17 8.9947225509420189e+05
114 -17 3.4508987147551067e+06
116 -17 8.5284746739818081e+06
118 -17 1.3478186075028030e+07
120 -17 2.3577591381649293e+07
122 -17 1.2648059742172321e+07
124 -17 2.3314784958193183e+07
102 -16 4.0385313609036398e+03
104 -16 2.6213381070618815e+05
106 -16 3.1041395984895080e+06
108 -16 1.6718175026197551e+07
110 -16 5.7640483743364438e+07
112 -16 1.4467534456887823e+08
114 -16 2.7759093709794509e+08
116 -16 4.3315949463793188e+08
118 -16 5.2779445205858123e+08
120 -16 6.2482869961765599e+08
122 -16 3.5144584611699957e+08
124 -16 4.2181421412495637e+08
96 -15 9.7612644921368565e+02
98 -15 2.2563232796969140e+05
100 -15 5.3525919893576568e+06
102 -15 4.5511328154891208e+07
104 -15 2.1618655587719840e+08
106 -15 7.2524136263075161e+08
108 -15 1.8519854314325898e+09
110 -15 3.7977790709557362e+09
112 -15 6.5733376753920660e+09
114 -15 9.6124885156208344e+09
116 -15 1.2092049229846865e+10
118 -15 1.2679903204958649e+10
120 -15 1.2228562693280025e+10
122 -15 6.9065027664475698e+09
124 -15 6.0268809645232449e+09
92 -14 9.1382080066399154e+04
94 -14 4.8001120716981990e+06
96 -14 7.0396156064137563e+07
98 -14 4.8358015693898499e+08
100 -14 2.1670801547241049e+09
102 -14 7.1635556367718935e+09
104 -14 1.8855912419478424e+10
106 -14 4.0934184155825951e+10
108 -14 7.6888479471794220e+10
110 -14 1.2544989849786237e+11
112 -14 1.7997808817074124e+11
114 -14 2.2731327774003476e+11
116 -14 2.4915797614153793e+11
118 -14 2.3377438176160162e+11
120 -14 1.9378626660003790e+11
122 -14 1.0589631202033582e+11
124 -14 7.2490906540648621e+10
86 -13 1.2567518997310743e+04
88 -13 2.0912177756678131e+06
90 -13 6.0492121425252706e+07
92 -13 6.6386405699605131e+08
94 -13 4.0870307266622734e+09
96 -13 1.7554832974018696e+10
98 -13 5.8461874508308090e+10
100 -13 1.5869199271415402e+11
102 -13 3.6678532154469519e+11
104 -13 7.3772303758419238e+11
106 -13 1.3187214733021279e+12
108 -13 2.0841981081114968e+12
110 -13 2.9572333131770239e+12
112 -13 3.7339613369399824e+12
114 -13 4.1999257025684160e+12
116 -13 4.1607822274541562e+12
118 -13 3.5510566581929800e+12
120 -13 2.6232384432203467e+12
122 -13 1.3757873290714365e+12
124 -13 7.6755334784345068e+11
82 -12 3.8393281486148195e+05
84 -12 2.6745953332644247e+07
86 -12 5.3651512865084606e+08
88 -12 4.9319645073110933e+09
90 -12 2.8612017022786011e+10
92 -12 1.2088860079132755e+11
94 -12 4.0788410768500055e+11
96 -12 1.1484756873952634e+12
98 -12 2.7970289836837485e+12
100 -12 5.9768889230455078e+12
102 -12 1.1465720347125002e+13
104 -12 1.9791450805544832e+13
106 -12 3.0953981160669180e+13
108 -12 4.3484780469768406e+13
110 -12 5.5523794039718820e+13
112 -12 6.3843946399910758e+13
114 -12 6.5376326680399602e+13
116 -12 5.9327472986858273e+13
118 -12 4.6694713335375461e+13
120 -12 3.1435679744513023e+13
122 -12 1.5583812728547164e+13
124 -12 7.3123083846493965e+12
76 -11 1.8568268752464552e+04
78 -11 5.3362950865510926e+06
80 -11 2.3737494423527360e+08
82 -11 3.7040382917997832e+09
84 -11 3.0570004999481354e+10
86 -11 1.7027216134439819e+11
88 -11 7.1958178102937415e+11
90 -11 2.4712871253118062e+12
92 -11 7.2143798777439014e+12
94 -11 1.8401204939788270e+13
96 -11 4.1774264652811062e+13
98 -11 8.5639380018662172e+13
100 -11 1.5896560813521278e+14
102 -11 2.6930932186276216e+14
104 -11 4.1671693420844119e+14
106 -11 5.8836236217598538e+14
108 -11 7.5844628981342425e+14
110 -11 8.8707143389734138e+14
112 -11 9.4028146410740375e+14
114 -11 8.9268594081847025e+14
116 -11 7.5012136091369100e+14
118 -11 5.4767250740502762e+14
120 -11 3.3880360602629362e+14
122 -11 1.5823973537603556e+14
124 -11 6.3484929486597375e+13
72 -10 3.3275324237150373e+05
74 -10 4.9164890471394375e+07
76 -10 1.5963512285280814e+09
78 -10 2.1049655575959290e+10
80 -10 1.6111134094197339e+11
82 -10 8.7654888478718848e+11
84 -10 3.7130766319570000e+12
86 -10 1.3053516956060859e+13
88 -10 3.9347146136383172e+13
90 -10 1.0558133664319744e+14
92 -10 2.5333651499803272e+14
94 -10 5.4965927679203138e+14
96 -10 1.0951179289066370e+15
98 -10 1.9951033887205455e+15
100 -10 3.3451296664675310e+15
102 -10 5.1623994103968860e+15
104 -10 7.3343136851163250e+15
106 -10 9.5659668672096580e+15
108 -10 1.1433291995446252e+16
110 -10 1.2417208019225924e+16
112 -10 1.2314749910038588e+16
114 -10 1.0900933034272270e+16
116 -10 8.5596847388493340e+15
118 -10 5.8398269343126920e+15
120 -10 3.3452003981266855e+15
122 -10 1.4667207398196498e+15
124 -10 5.1397120172757950e+14
66 -9 1.1585573185419271e+03
68 -9 3.5429648228755137e+06
70 -9 3.4296023549402803e+08
72 -9 8.6421393831357727e+09
74 -9 9.9227554881329147e+10
76 -9 7.2311715597056775e+11
78 -9 3.8644721488087949e+12
80 -9 1.6570837890172826e+13
82 -9 5.9719988993299375e+13
84 -9 1.8764267936389425e+14
86 -9 5.2439326429633394e+14
88 -9 1.3296058482000725e+15
90 -9 3.0701126252502725e+15
92 -9 6.5085606638644620e+15
94 -9 1.2706496413002272e+16
96 -9 2.2939005140911068e+16
98 -9 3.8343085986074312e+16
100 -9 5.9079854830290600e+16
102 -9 8.4598808149640672e+16
104 -9 1.1211715179470061e+17
106 -9 1.3686033079164061e+17
108 -9 1.5319735439965008e+17
110 -9 1.5671456228373843e+17
112 -9 1.4542491203802784e+17
114 -9 1.2133894132569952e+17
116 -9 8.9434018246877664e+16
118 -9 5.7130484322005728e+16
120 -9 3.0593587813165144e+16
122 -9 1.2579732487910536e+16
124 -9 3.8897552606467955e+15
62 -8 3.5408632422562318e+04
64 -8 2.8523020755974632e+07
66 -8 1.8509841595725715e+09
68 -8 3.7454512299823792e+10
70 -8 3.9212376355778754e+11
72 -8 2.7381998442869688e+12
74 -8 1.4556113450363469e+13
76 -8 6.3308628498524164e+13
78 -8 2.3404619435670269e+14
80 -8 7.6585628999525675e+14
82 -8 2.2481693805350985e+15
84 -8 6.0030554324311730e+15
86 -8 1.4746011022133224e+16
88 -8 3.3247081552445320e+16
90 -8 6.9450705593077816e+16
92 -8 1.3459729251230770e+17
94 -8 2.4154168387092547e+17
96 -8 4.0534884650939750e+17
98 -8 6.3125116155150310e+17
100 -8 9.1562525876366285e+17
102 -8 1.2293658477508644e+18
104 -8 1.5336237135085445e+18
106 -8 1.7648744085892413e+18
108 -8 1.8647054072999980e+18
110 -8 1.8049787575162560e+18
112 -8 1.5838888308290168e+18
114 -8 1.2478062776144955e+18
116 -8 8.6834367610216192e+17
118 -8 5.2151364692821926e+17
120 -8 2.6191941778092022e+17
122 -8 1.0074878968264816e+17
124 -8 2.7635066901416744e+16
58 -7 4.9269434722054843e+05
60 -7 1.6659148100150603e+08
62 -7 7.6584614764676323e+09
64 -7 1.2978884293554829e+11
66 -7 1.2546383293093108e+12
68 -7 8.4956475642339639e+12
70 -7 4.5349039138317625e+13
72 -7 2.0076658423330212e+14
74 -7 7.7238978099622788e+14
76 -7 2.6374542685955355e+15
78 -7 8.1597331655003960e+15
80 -7 2.3074224901365336e+16
82 -7 6.0150509730789688e+16
84 -7 1.4435761719804410e+17
86 -7 3.2208596772318298e+17
88 -7 6.7007500921334694e+17
90 -7 1.3012510207287695e+18
92 -7 2.3554648212129341e+18
94 -7 3.9829681731167242e+18
96 -7 6.2886032006423245e+18
98 -7 9.2419368213757604e+18
100 -7 1.2661156819064435e+19
102 -7 1.6130744151788999e+19
104 -7 1.9036016302761333e+19
106 -7 2.0827132113478603e+19
108 -7 2.0903233293994578e+19
110 -7 1.9189256500286071e+19
112 -7 1.5981750547168813e+19
114 -7 1.1936273478827919e+19
116 -7 7.8569985142704783e+18
118 -7 4.4577715518824243e+18
120 -7 2.1036883934855933e+18
122 -7 7.5642442831816512e+17
124 -7 1.8618431756912333e+17
54 -6 3.8261608187504988e+06
56 -6 6.9344796409616065e+08
58 -6 2.3749952400779514e+10
60 -6 3.4787026664407166e+11
62 -6 3.1808063364042456e+12
64 -6 2.1292649670905797e+13
66 -6 1.1365678051232073e+14
68 -6 5.1993015536491775e+14
70 -6 2.0820804635614080e+15
72 -6 7.4755667241901020e+15
74 -6 2.4365800474723412e+16
76 -6 7.3300154018430144e+16
78 -6 2.0332712562077674e+17
80 -6 5.2378828802523354e+17
82 -6 1.2573642656444508e+18
84 -6 2.8149029845749289e+18
86 -6 5.8945734924538655e+18
88 -6 1.1510411482584437e+19
90 -6 2.1066469418535428e+19
92 -6 3.6034245880505434e+19
94 -6 5.7895383369306104e+19
96 -6 8.6877559767708975e+19
98 -6 1.2175577972830467e+20
100 -6 1.5901018178386962e+20
102 -6 1.9322759591878620e+20
104 -6 2.1773685885419608e+20
106 -6 2.2710035101837656e+20
108 -6 2.1730098928416689e+20
110 -6 1.9021852925257892e+20
112 -6 1.5067770865558317e+20
114 -6 1.0705859926081023e+20
116 -6 6.6887644104987533e+19
118 -6 3.5953988667387404e+19
120 -6 1.5960698779538598e+19
122 -6 5.3790448134348104e+18
124 -6 1.1994641578249421e+18
50 -5 1.8461230103918903e+07
52 -5 1.9828923962566936e+09
54 -5 5.3372931810318748e+10
56 -5 7.0774621804309778e+11
58 -5 6.1898271107103799e+12
60 -5 4.1031790388778578e+13
62 -5 2.2381813391288812e+14
64 -5 1.0548564092674359e+15
66 -5 4.4262507720943095e+15
68 -5 1.6829205202623262e+16
70 -5 5.8646340713387184e+16
72 -5 1.8809350427593181e+17
74 -5 5.5958248038397709e+17
76 -5 1.5496785989046188e+18
78 -5 4.0023363199519846e+18
80 -5 9.6939569561513001e+18
82 -5 2.1935324949818712e+19
84 -5 4.6560410586964214e+19
86 -5 9.2541735819376706e+19
88 -5 1.7241680063793159e+20
90 -5 3.0167425483717221e+20
92 -5 4.9446480884680445e+20
94 -5 7.5914487492804031e+20
96 -5 1.0908318233902829e+21
98 -5 1.4641152666602583e+21
100 -5 1.8332635043297359e+21
102 -5 2.1374569694962511e+21
104 -5 2.3066274260511781e+21
106 -5 2.3021027240340596e+21
108 -5 2.1111509264915780e+21
110 -5 1.7652382771215236e+21
112 -5 1.3378207764681049e+21
114 -5 9.0477739346191843e+20
116 -5 5.3747211262836520e+20
118 -5 2.7410242281017537e+20
120 -5 1.1455847741976881e+20
122 -5 3.6240132334664499e+19
124 -5 7.3388188247531407e+18
44 -4 2.4267387163532294e+04
46 -4 5.4208769966770731e+07
48 -4 3.8505772746768675e+09
50 -4 8.6047424132974594e+10
52 -4 1.0472139724845541e+12
54 -4 8.9079495853114375e+12
56 -4 5.9212282828392203e+13
58 -4 3.3161972060748544e+14
60 -4 1.6364867820048992e+15
62 -4 7.2255562321192560e+15
64 -4 2.9208620206900264e+16
66 -4 1.0890661819601589e+17
68 -4 3.7592626285959066e+17
70 -4 1.2101288720833787e+18
72 -4 3.6244694044785946e+18
74 -4 1.0174340331276493e+19
76 -4 2.6761913522406007e+19
78 -4 6.5761969996552176e+19
80 -4 1.5175926761931473e+20
82 -4 3.2937827160596513e+20
84 -4 6.7057786485043967e+20
86 -4 1.2838186907522894e+21
88 -4 2.3077069589381516e+21
90 -4 3.8826050592355684e+21
92 -4 6.1305178358076481e+21
94 -4 9.0599809416092975e+21
96 -4 1.2547695788334569e+22
98 -4 1.6226803480387364e+22
100 -4 1.9556589108409584e+22
102 -4 2.1967486357252734e+22
104 -4 2.2805555238414892e+22
106 -4 2.1830233133130401e+22
108 -4 1.9225931659454821e+22
110 -4 1.5433718000271512e+22
112 -4 1.1188398033362808e+22
114 -4 7.2291186705165913e+21
116 -4 4.0959266192121282e+21
118 -4 1.9789629470350592e+21
120 -4 7.8273705632192017e+20
122 -4 2.3247593449135532e+20
124 -4 4.2889669278264869e+19
40 -3 1.7760793473114760e+05
42 -3 9.6920952751968071e+07
44 -3 4.9194847090228243e+09
46 -3 9.4957065522616272e+10
48 -3 1.0915894454079559e+12
50 -3 9.0939993822805332e+12
52 -3 6.1414643543487656e+13
54 -3 3.5602980597366425e+14
56 -3 1.8363412382741640e+15
58 -3 8.6684946253945300e+15
60 -3 3.7578164123458672e+16
62 -3 1.5135707268020250e+17
64 -3 5.6518618261154214e+17
66 -3 1.9794372019463378e+18
68 -3 6.4680645499156337e+18
70 -3 1.9789274341491728e+19
72 -3 5.6757592701596287e+19
74 -3 1.5318847667949398e+20
76 -3 3.8820360574975954e+20
78 -3 9.2319645091519765e+20
80 -3 2.0642722626205217e+21
82 -3 4.3480768896232309e+21
84 -3 8.5690468239564488e+21
86 -3 1.5939560974181795e+22
88 -3 2.7716643413748856e+22
90 -3 4.5338902538202779e+22
92 -3 6.9236047830079156e+22
94 -3 9.9340053287209131e+22
96 -3 1.3323566053845308e+23
98 -3 1.6677948987630640e+23
100 -3 1.9422185214498039e+23
102 -3 2.1034329550402648e+23
104 -3 2.1098573913123088e+23
106 -3 1.9502676897319849e+23
108 -3 1.6541153896855593e+23
110 -3 1.2729101612485421e+23
112 -3 8.8529806572030830e+22
114 -3 5.4773845055961320e+22
116 -3 2.9643359687605467e+22
118 -3 1.3600709938501495e+22
120 -3 5.0903264093553075e+21
122 -3 1.4181718456243651e+21
124 -3 2.4099707151833445e+20
36 -2 4.1454756416175520e+05
38 -2 1.0349584486913599e+08
40 -2 4.0346891442070270e+09
42 -2 6.8866328855441956e+10
44 -2 7.5394011143601770e+11
46 -2 6.2307372607217061e+12
48 -2 4.2878439521612562e+13
50 -2 2.5897022898856397e+14
52 -2 1.4210145453564638e+15
54 -2 7.2267777455864910e+15
56 -2 3.3865469458996092e+16
58 -2 1.4813206959117354e+17
60 -2 6.0735612574103949e+17
62 -2 2.3261962144192287e+18
64 -2 8.3600797943237652e+18
66 -2 2.8240550516277019e+19
68 -2 8.9576764067348873e+19
70 -2 2.6656419191056030e+20
72 -2 7.4617587174136165e+20
74 -2 1.9679659963715530e+21
76 -2 4.8698132238784497e+21
78 -2 1.1342860650373924e+22
80 -2 2.4821947426561434e+22
82 -2 5.1003520556253105e+22
84 -2 9.8377788661021278e+22
86 -2 1.7810010277541401e+23
88 -2 3.0266994579121582e+23
90 -2 4.8216376354927509e+23
92 -2 7.2032246620759176e+23
94 -2 1.0037447345020311e+24
96 -2 1.3092027028690431e+24
98 -2 1.5914934330240410e+24
100 -2 1.8013117606565282e+24
102 -2 1.8900197672009389e+24
104 -2 1.8338182376335514e+24
106 -2 1.6365159560746700e+24
108 -2 1.3360692519144101e+24
110 -2 9.9252047488309080e+23
112 -2 6.6217919446243223e+23
114 -2 3.9260276953824795e+23
116 -2 2.0303421774414529e+23
118 -2 8.8997791974685403e+22
120 -2 3.1529648182723328e+22
122 -2 8.2792739919359640e+21
124 -2 1.2960943984757199e+21
32 -1 4.3791011910345376e+05
34 -1 6.2746775754217938e+07
36 -1 1.9774922749402719e+09
38 -1 3.0619975097528694e+10
40 -1 3.2116962473676160e+11
42 -1 2.6419564837585884e+12
44 -1 1.8691044862269238e+13
46 -1 1.1972657663835600e+14
48 -1 7.0707877035954425e+14
50 -1 3.8917351522986480e+15
52 -1 2.0057566831559044e+16
54 -1 9.6790380676745232e+16
56 -1 4.3812402909950714e+17
58 -1 1.8568518370936955e+18
60 -1 7.4184407750602885e+18
62 -1 2.7872090543560016e+19
64 -1 9.8501130083570024e+19
66 -1 3.2781735429386823e+20
68 -1 1.0266355085753781e+21
70 -1 3.0188567327770248e+21
72 -1 8.3613854258767310e+21
74 -1 2.1755467235183754e+22
76 -1 5.3342913330941228e+22
78 -1 1.2254762456989891e+23
80 -1 2.6461000568098480e+23
82 -1 5.3411814793277845e+23
84 -1 1.0165416699547136e+24
86 -1 1.8103200790137786e+24
88 -1 3.0153793781219914e+24
90 -1 4.7087138322320675e+24
92 -1 6.8706139052860655e+24
94 -1 9.3825110421143706e+24
96 -1 1.1937333004296402e+25
98 -1 1.4124843091570804e+25
100 -1 1.5554886871348733e+25
102 -1 1.5871224416344233e+25
104 -1 1.4926614992409381e+25
106 -1 1.2927013957975318e+25
108 -1 1.0194579322649638e+25
110 -1 7.3017624728343265e+24
112 -1 4.6951999133169152e+24
114 -1 2.6747166720424511e+24
116 -1 1.3226843799673661e+24
118 -1 5.5327307423967014e+23
120 -1 1.8637004000419488e+23
122 -1 4.6156008619429597e+22
124 -1 6.6884433354330472e+21
28 0 2.1338575156660355e+05
30 0 1.9699942284786686e+07
32 0 5.1763964947638887e+08
34 0 7.3735600665281153e+09
36 0 7.4414272864148193e+10
38 0 6.1300815132170215e+11
40 0 4.5450997138397744e+12
42 0 3.1616800867861816e+13
44 0 2.0514768043633478e+14
46 0 1.2563373881835252e+15
48 0 7.1742565594913460e+15
50 0 3.8519769306098616e+16
52 0 1.9510082022900454e+17
54 0 9.2954722832462234e+17
56 0 4.1687062033223035e+18
58 0 1.7657204544322578e+19
60 0 7.0597131290899923e+19
62 0 2.6564498587962566e+20
64 0 9.4183513064309182e+20
66 0 3.1443827048153691e+21
68 0 9.8559212857344918e+21
70 0 2.9015403919246356e+22
72 0 8.0364716118732754e+22
74 0 2.0894369251228199e+23
76 0 5.1047454571106780e+23
78 0 1.1675834739482203e+24
80 0 2.5074474020617619e+24
82 0 5.0371115647511955e+24
84 0 9.4690684844228245e+24
86 0 1.6646339863158094e+25
88 0 2.7373103826427232e+25
90 0 4.2121899621975571e+25
92 0 6.0450792396160615e+25
94 0 8.1010546625871441e+25
96 0 1.0083809992915490e+26
98 0 1.1691209084149934e+26
100 0 1.2552822676553097e+26
102 0 1.2471305311393244e+26
104 0 1.1410838327296081e+26
106 0 9.5592513354927507e+25
108 0 7.3252401557065937e+25
110 0 5.0666859356245610e+25
112 0 3.1459135295525907e+25
114 0 1.7234838961518812e+25
116 0 8.1860118149102006e+24
118 0 3.2740403858275124e+24
120 0 1.0492578383557893e+24
122 0 2.4505767214571268e+23
124 0 3.3073966808546079e+22
24 1 3.7835353253225585e+04
26 1 2.4437671448809239e+06
28 1 5.4638854172864914e+07
30 1 7.0917270286996877e+08
32 1 6.9240362691426029e+09
34 1 5.9502387007079468e+10
36 1 4.9814506120123499e+11
38 1 3.9916162973062646e+12
40 1 3.0038637139812344e+13
42 1 2.0941383583659250e+14
44 1 1.3684347446697198e+15
46 1 8.3317691859346650e+15
48 1 4.8151482419953176e+16
50 1 2.6162670668540845e+17
52 1 1.3465157307520264e+18
54 1 6.5330400004734863e+18
56 1 2.9885341448086102e+19
58 1 1.2926664274357322e+20
60 1 5.2737969055175095e+20
62 1 2.0243283061630501e+21
64 1 7.3061855835914167e+21
66 1 2.4804328238897286e+22
68 1 7.8947368482606198e+22
70 1 2.3637620262806979e+23
72 1 6.6171557558250371e+23
74 1 1.7369883932099706e+24
76 1 4.2709564144649833e+24
78 1 9.8059796464947710e+24
80 1 2.1052740761748423e+25
82 1 4.2283224027279914e+25
84 1 7.9252415746539292e+25
86 1 1.3851131916711614e+26
88 1 2.2610358678795246e+26
90 1 3.4458509340044998e+26
92 1 4.8804801222985283e+26
94 1 6.4391909282510941e+26
96 1 7.9012161635105317e+26
98 1 8.9708359019369950e+26
100 1 9.4273731785892418e+26
102 1 9.1382223655440749e+26
104 1 8.1507216585280133e+26
106 1 6.6606977904927698e+26
108 1 4.9463326264537217e+26
110 1 3.3177754272860081e+26
112 1 1.9895581713322906e+26
114 1 1.0509120051785037e+26
116 1 4.8009903108136949e+25
118 1 1.8359286489764782e+25
120 1 5.6101280519407046e+24
122 1 1.2415941962982476e+24
124 1 1.5618865784504548e+23
26 2 2.5393002906539648e+04
28 2 1.2069449766132537e+07
30 2 6.1539401373479390e+08
32 2 1.2474093685438337e+10
34 2 1.6139532670284241e+11
36 2 1.5950078239468772e+12
38 2 1.3720418548946316e+13
40 2 1.0758363912023808e+14
42 2 7.9426252699817338e+14
44 2 5.4620687111693730e+15
46 2 3.5206887391472956e+16
48 2 2.1390650009193466e+17
50 2 1.2179052324717949e+18
52 2 6.5624475393099919e+18
54 2 3.3278936623361479e+19
56 2 1.5920179555866250e+20
58 2 7.1879659164281130e+20
60 2 3.0495479521066683e+21
62 2 1.2146874597917250e+22
64 2 4.5425382828520988e+22
66 2 1.5951400537592631e+23
68 2 5.2398902551061870e+23
70 2 1.6102142568528423e+24
72 2 4.6160982490263488e+24
74 2 1.2368545581108908e+25
76 2 3.0897145630842779e+25
78 2 7.1930784839649463e+25
80 2 1.5602887917577886e+26
82 2 3.1544993536798046e+26
84 2 5.9390839582691154e+26
86 2 1.0395103974579390e+27
88 2 1.6913933749036448e+27
90 2 2.5616031770491751e+27
92 2 3.6042878510418657e+27
94 2 4.7013324148362041e+27
96 2 5.6826215956910466e+27
98 2 6.3591919567513038e+27
100 2 6.5641381923030305e+27
102 2 6.2364989331530727e+27
104 2 5.4380168325506222e+27
106 2 4.3306749868439322e+27
108 2 3.1340143111327015e+27
110 2 2.0406127076360001e+27
112 2 1.1847980376950713e+27
114 2 6.0588100411558001e+26
116 2 2.6605837946977490e+26
118 2 9.7710644954493867e+25
120 2 2.8482361960724588e+25
122 2 5.9842625208795486e+24
124 2 7.0575521864529596e+23
30 3 6.9974297373957364e+06
32 3 1.8131445816498084e+09
34 3 7.3374185538842422e+10
36 3 1.3997970012219573e+12
38 3 1.7877929637001406e+13
40 3 1.8017172653164381e+14
42 3 1.5700597563468130e+15
44 3 1.2319097450200244e+16
46 3 8.9015380051721776e+16
48 3 5.9554666936649242e+17
50 3 3.7245439128275871e+18
52 3 2.1727970594112516e+19
54 3 1.1896836708588203e+20
56 3 6.0998500589235392e+20
58 3 2.9411337796191377e+21
60 3 1.3251741270812758e+22
62 3 5.6013028003706544e+22
64 3 2.2096764051916077e+23
66 3 8.1593321348825363e+23
68 3 2.8089566105865459e+24
70 3 8.9875951975624229e+24
72 3 2.6795938940860273e+25
74 3 7.4101817025853192e+25
76 3 1.9059764986816788e+26
78 3 4.5502685654761839e+26
80 3 1.0071470106430325e+27
82 3 2.0688303184927747e+27
84 3 3.9378446837030870e+27
86 3 6.9408269598086904e+27
88 3 1.1363241203639732e+28
90 3 1.7203281773960365e+28
92 3 2.4135484857802397e+28
94 3 3.1285882129803752e+28
96 3 3.7525597728691398e+28
98 3 4.1502069848411326e+28
100 3 4.2198348344699505e+28
102 3 3.9411610244917050e+28
104 3 3.3717408476324643e+28
106 3 2.6290665927793664e+28
108 3 1.8553233319469636e+28
110 3 1.1766641123611482e+28
112 3 6.6409699199351122e+27
114 3 3.2818074391674068e+27
116 3 1.3927331516749914e+27
118 3 4.9197712295600656e+26
120 3 1.3726394875381329e+26
122 3 2.7434469429559655e+25
124 3 3.0383978862806217e+24
34 4 1.1647049465223191e+09
36 4 1.6302695128662360e+11
38 4 5.6484505301191699e+12
40 4 1.0184539887539086e+14
42 4 1.2943766710691768e+15
44 4 1.3251680819348104e+16
46 4 1.1744529698737454e+17
48 4 9.3200059864656640e+17
50 4 6.7410747911303004e+18
52 4 4.4882895022372143e+19
54 4 2.7613209530705763e+20
56 4 1.5754684523885602e+21
58 4 8.3612471304399597e+21
60 4 4.1253431524142724e+22
62 4 1.8925798910532135e+23
64 4 8.0787452165486632e+23
66 4 3.1971693401894411e+24
68 4 1.1747691502783928e+25
70 4 3.9969013444878044e+25
72 4 1.2584002446592179e+26
74 4 3.6602958092814334e+26
76 4 9.8317435443233581e+26
78 4 2.4357588900008643e+27
80 4 5.5604698416801846e+27
82 4 1.1728426567545218e+28
84 4 2.2815947525207624e+28
86 4 4.0903068786552835e+28
88 4 6.7684384886857252e+28
90 4 1.0339087532857653e+29
92 4 1.4546408808144966e+29
94 4 1.8873274550130592e+29
96 4 2.2533459691455259e+29
98 4 2.4738925509192059e+29
100 4 2.4916019958548941e+29
102 4 2.2994094279133302e+29
104 4 1.9358538386897480e+29
106 4 1.4811182850977256e+29
108 4 1.0236287808355138e+29
110 4 6.3388986831809183e+28
112 4 3.4802066915123368e+28
114 4 1.6705515237232033e+28
116 4 6.8616186572852591e+27
118 4 2.3360225939608530e+27
120 4 6.2560512888000378e+26
122 4 1.1912496256625295e+26
124 4 1.2488393222212031e+25
38 5 1.0799592352492024e+11
40 5 1.0498555754062568e+13
42 5 3.1345613684289362e+14
44 5 5.4324276116353070e+15
46 5 6.8953959549872048e+16
48 5 7.1540141026676442e+17
50 5 6.4402690333563095e+18
52 5 5.1842543239041810e+19
54 5 3.7732966900597903e+20
56 5 2.5129511326715614e+21
58 5 1.5288860699605609e+22
60 5 8.5660763044742276e+22
62 5 4.4209065560344409e+23
64 5 2.0962146690789390e+24
66 5 9.1609193120586466e+24
68 5 3.6853134811850055e+25
70 5 1.3595291315534380e+26
72 5 4.6211050354681051e+26
74 5 1.4381964102294172e+27
76 5 4.1105851955247012e+27
78 5 1.0750255979355824e+28
80 5 2.5739846633409232e+28
82 5 5.6519371144838692e+28
84 5 1.1353721929675696e+29
86 5 2.0925244602538650e+29
88 5 3.5386200538370514e+29
90 5 5.4882839449267479e+29
92 5 7.8120979430005697e+29
94 5 1.0195239200011832e+30
96 5 1.2208742741949456e+30
98 5 1.3399854618707856e+30
100 5 1.3428258119047151e+30
102 5 1.2279338106166477e+30
104 5 1.0223186565957024e+30
106 5 7.7134370492683456e+29
108 5 5.2328618688462724e+29
110 5 3.1731862086507015e+29
112 5 1.7003959745932339e+29
114 5 7.9513018211746356e+28
116 5 3.1704311236687857e+28
118 5 1.0431650204299621e+28
120 5 2.6919958665979390e+27
122 5 4.9086795685190307e+26
124 5 4.8715961717755915e+25
42 6 7.3208354845941562e+12
44 6 5.0370601297928112e+14
46 6 1.3549042420076992e+16
48 6 2.2728451208879949e+17
50 6 2.8782716971008118e+18
52 6 3.0171041698983039e+19
54 6 2.7690337169065663e+20
56 6 2.2497569529829002e+21
58 6 1.6503129274792152e+22
60 6 1.0939057223701916e+23
62 6 6.5951033596144630e+23
64 6 3.6109570406777244e+24
66 6 1.7997178418608659e+25
68 6 8.1751552733109441e+25
70 6 3.3758079321541385e+26
72 6 1.2687302616129237e+27
74 6 4.3342165468662721e+27
76 6 1.3461330748187268e+28
78 6 3.7926780318926745e+28
80 6 9.6988108465514176e+28
82 6 2.2546009455914100e+29
84 6 4.7553838599833785e+29
86 6 9.1218038122779627e+29
88 6 1.5958831306401326e+30
90 6 2.5408484141003598e+30
92 6 3.6895544956150790e+30
94 6 4.8856425812310909e+30
96 6 5.9081506478378503e+30
98 6 6.5090471273793997e+30
100 6 6.5380316015688354e+30
102 6 5.9641381036895678e+30
104 6 4.9313915041844091e+30
106 6 3.6796532870714486e+30
108 6 2.4658594367334488e+30
110 6 1.4697280285232472e+30
112 6 7.7228995277696093e+29
114 6 3.5275783814046702e+29
116 6 1.3685232895716331e+29
118 6 4.3705319463877932e+28
120 6 1.0884155078590338e+28
122 6 1.9036545823516817e+27
124 6 1.7975051917965662e+26
44 7 7.1431936937031531e+11
46 7 3.5902253060351694e+14
48 7 1.9246026709416544e+16
50 7 4.7501206992733645e+17
52 7 7.7593931239044444e+18
54 7 9.8021258332155036e+19
56 7 1.0439118964625956e+21
58 7 9.6530372637853357e+21
60 7 7.9291181346179458e+22
62 7 5.8279011672906915e+23
64 7 3.8391114674882646e+24
66 7 2.2701136921447256e+25
68 7 1.2071376225623661e+26
70 7 5.7550962021755926e+26
72 7 2.4735850942582462e+27
74 7 9.5492328958408590e+27
76 7 3.3074316013989860e+28
78 7 1.0298771818553117e+29
80 7 2.8772469050699802e+29
82 7 7.2266531911322850e+29
84 7 1.6309623084457444e+30
86 7 3.3166655868782449e+30
88 7 6.0833609410346363e+30
90 7 1.0078710923088074e+31
92 7 1.5114600922599103e+31
94 7 2.0524960607324071e+31
96 7 2.5259781537672328e+31
98 7 2.8210186378349246e+31
100 7 2.8543482279599932e+31
102 7 2.6134121658269314e+31
104 7 2.1578210779902003e+31
106 7 1.6003106307411896e+31
108 7 1.0632455728037348e+31
110 7 6.2662038465784920e+30
112 7 3.2404254054561558e+30
114 7 1.4502930310468144e+30
116 7 5.5062723477923145e+29
118 7 1.7093782910209809e+29
120 7 4.1226365778068816e+28
122 7 6.9507009702214779e+27
124 7 6.2796249630823900e+26
48 8 6.8099217218555453e+13
50 8 1.3639616593770106e+16
52 8 6.0481135360408333e+17
54 8 1.3974834758291028e+19
56 8 2.2198373303331543e+20
58 8 2.8250557673394846e+21
60 8 3.0236901901076433e+22
62 8 2.8289654837977800e+23
64 8 2.3363608898937170e+24
66 8 1.7077011017067743e+25
68 8 1.1053024162004739e+26
70 8 6.3476565350833935e+26
72 8 3.2259843096253890e+27
74 8 1.4542706529254421e+28
76 8 5.8152367093357763e+28
78 8 2.0617060575761929e+29
80 8 6.4668970410838236e+29
82 8 1.7996510772130452e+30
84 8 4.4493916008653416e+30
86 8 9.7770960371328234e+30
88 8 1.9163793929648976e+31
90 8 3.3583798386188435e+31
92 8 5.2646641804862964e+31
94 8 7.4264590113814813e+31
96 8 9.4234409014881899e+31
98 8 1.0753093788857714e+32
100 8 1.1068613557923371e+32
102 8 1.0234554516283675e+32
104 8 8.4997273390012635e+31
106 8 6.3140590819173353e+31
108 8 4.1755704140274286e+31
110 8 2.4398605722568443e+31
112 8 1.2488790113202315e+31
114 8 5.5107796183229860e+30
116 8 2.0484900221126710e+30
118 8 6.2174334309246068e+29
120 8 1.4579029770724593e+29
122 8 2.3778732065717553e+28
124 8 2.0621182939031497e+27
52 9 3.3180892395298840e+15
54 9 4.1888383107020973e+17
56 9 1.6215582608872260e+19
58 9 3.4772365000084174e+20
60 9 5.4947789701869428e+21
62 9 6.9739992204955395e+22
64 9 7.5466992829584159e+23
66 9 7.0952319824337289e+24
68 9 5.8381986380182518e+25
70 9 4.1979925182354319e+26
72 9 2.6379925307833840e+27
74 9 1.4468127062873825e+28
76 9 6.9253604374501641e+28
78 9 2.8931007291063160e+29
80 9 1.0534386211064562e+30
82 9 3.3559331625006833e+30
84 9 9.3315516939090131e+30
86 9 2.2713345346949928e+31
88 9 4.8624919988069472e+31
90 9 9.1888893048115347e+31
92 9 1.5344308755068273e+32
94 9 2.2783536716119131e+32
96 9 3.0161830466193901e+32
98 9 3.5655201627294321e+32
100 9 3.7618723519608256e+32
102 9 3.5462698374812214e+32
104 9 2.9837869775912124e+32
106 9 2.2339683442736548e+32
108 9 1.4821682337802851e+32
110 9 8.6483875733957828e+31
112 9 4.3953729330481430e+31
114 9 1.9176368966934920e+31
116 9 7.0246678548476247e+30
118 9 2.0958097581737752e+30
120 9 4.7943782987538071e+29
122 9 7.5903191295963546e+28
124 9 6.3527824845795875e+27
56 10 1.1655239854485947e+17
58 10 1.1205128646476823e+19
60 10 3.6614355926420888e+20
62 10 7.6475550072282001e+21
64 10 1.1852809018902447e+23
66 10 1.5142446854816293e+24
68 10 1.6460479188344056e+25
70 10 1.5455407118180977e+26
72 10 1.2502669705381820e+27
74 10 8.7273112979662689e+27
76 10 5.2203968716280508e+28
78 10 2.6827581822980299e+29
80 10 1.1804369702954140e+30
82 10 4.4566712398711548e+30
84 10 1.4427372253019537e+31
86 10 4.0141287760290338e+31
88 10 9.6510048622374122e+31
90 10 2.0120780692600047e+32
92 10 3.6586607188013773e+32
94 10 5.8206658571343985e+32
96 10 8.1563649619412122e+32
98 10 1.0092776349368332e+33
100 10 1.1054797730654729e+33
102 10 1.0743573953836654e+33
104 10 9.2449685764009357e+32
106 10 7.0303720147082564e+32
108 10 4.7132785500881761e+32
110 10 2.7611434232768172e+32
112 10 1.4038504201509535e+32
114 10 6.0968149752349797e+31
116 10 2.2126013786813002e+31
118 10 6.4983497801196691e+30
120 10 1.4606936738187595e+30
122 10 2.2565943738537358e+29
124 10 1.8287523471447164e+28
60 11 3.8362791340499077e+18
62 11 2.4171398683926875e+20
64 11 7.3967433354671617e+21
66 11 1.4737228431146085e+23
68 11 2.2878092781447978e+24
70 11 2.9210808670394650e+25
72 11 3.1804415535699594e+26
74 11 2.9426493520487979e+27
76 11 2.3088312867129212e+28
78 11 1.5284825885724526e+29
80 11 8.5115443036440329e+29
82 11 3.9813691753442525e+30
84 11 1.5643781249144512e+31
86 11 5.1763627691910954e+31
88 11 1.4451187621723580e+32
90 11 3.4219855421187973e+32
92 11 6.9345155812093933e+32
94 11 1.2100414194922146e+33
96 11 1.8283593961178476e+33
98 11 2.4100223405917356e+33
100 11 2.7795580844108517e+33
102 11 2.8142426434684559e+33
104 11 2.5008969809110173e+33
106 11 1.9502600942264072e+33
108 11 1.3305880856042826e+33
110 11 7.8945765521066616e+32
112 11 4.0370288286760807e+32
114 11 1.7541910847986615e+32
116 11 6.3428693780962218e+31
118 11 1.8474003776908756e+31
120 11 4.0950954098731528e+30
122 11 6.2023067607283846e+29
124 11 4.8926662433308494e+28
62 12 3.8692356692925338e+17
64 12 8.6375735919416263e+19
66 12 4.7141891737290057e+21
68 12 1.3160783721334515e+23
70 12 2.5822144102294942e+24
72 12 3.9614984861919410e+25
74 12 5.0882003373828790e+26
76 12 5.4572644099427878e+27
78 12 4.9065608038818766e+28
80 12 3.6427231908593885e+29
82 12 2.2264894558090969e+30
84 12 1.1177690752479892e+31
86 12 4.6024628341176595e+31
88 12 1.5580146750575071e+32
90 12 4.3593294628644177e+32
92 12 1.0167956772918374e+33
94 12 1.9950545665392322e+33
96 12 3.3296078432250981e+33
98 12 4.7610499285768705e+33
100 12 5.8750631926406718e+33
102 12 6.2822131623510909e+33
104 12 5.8391342566158887e+33
106 12 4.7151679411329690e+33
108 12 3.3071279497428292e+33
110 12 2.0023505649152553e+33
112 12 1.0387069827340848e+33
114 12 4.5476086791492516e+32
116 12 1.6471064943607934e+32
118 12 4.7831834366356283e+31
120 12 1.0508063527989227e+31
122 12 1.5699074939487036e+30
124 12 1.2134904636053767e+29
66 13 1.1532697350424603e+19
68 13 1.7621304570099165e+21
70 13 8.0710119543712264e+22
72 13 2.1394046424753030e+24
74 13 4.0823159436382538e+25
76 13 6.3254846494441553e+26
78 13 8.0001750200929525e+27
80 13 8.3826394354256387e+28
82 13 7.0935722504161927e+29
84 13 4.8249488933813877e+30
86 13 2.6208189417905419e+31
88 13 1.1386305595488155e+32
90 13 3.9568707025377499e+32
92 13 1.1076170128616169e+33
94 13 2.5347612414430183e+33
96 13 4.8020403849648342e+33
98 13 7.6255990620453918e+33
100 13 1.0263223337458235e+34
102 13 1.1790346812174304e+34
104 13 1.1618089555669232e+34
106 13 9.8456427017706349e+33
108 13 7.1625453917899894e+33
110 13 4.4665938985715337e+33
112 13 2.3687004588978840e+33
114 13 1.0529282063904744e+33
116 13 3.8519972700045366e+32
118 13 1.1210458116601791e+32
120 13 2.4568364970867949e+31
122 13 3.6438278245055571e+30
124 13 2.7712135557753427e+29
70 14 2.8448061953157372e+20
72 14 3.1404622039454358e+22
74 14 1.2615864166849237e+24
76 14 3.1483074432127518e+25
78 14 6.0664122428277766e+26
80 14 9.1981378039591036e+27
82 14 1.1474363653134632e+29
84 14 1.1255458728545661e+30
86 14 8.6760920372683769e+30
88 14 5.1680821385223332e+31
90 14 2.3816837358550014e+32
92 14 8.5031839307630339e+32
94 14 2.3803869557403621e+33
96 14 5.3178512988209196e+33
98 14 9.6676522676480116e+33
100 14 1.4539394280338999e+34
102 14 1.8290630061553343e+34
104 14 1.9419169541802767e+34
106 14 1.7487591462175859e+34
108 14 1.3378358329903680e+34
110 14 8.6770787814674866e+33
112 14 4.7462636879685911e+33
114 14 2.1606478932612901e+33
116 14 8.0322048715943259e+32
118 14 2.3639537464747264e+32
120 14 5.1997002034760048e+31
122 14 7.6902834805684436e+30
124 14 5.8018685444723872e+29
74 15 6.4692973483591614e+21
76 15 4.9698901394061848e+23
78 15 1.7587512873055829e+25
80 15 4.4422647876048393e+26
82 15 8.2489145322748285e+27
84 15 1.2523091454497101e+29
86 15 1.4597970170726708e+30
88 15 1.2972280973204197e+31
90 15 8.5845068719877200e+31
92 15 4.2337197565196407e+32
94 15 1.5548420949682068e+33
96 15 4.3328896766586828e+33
98 15 9.3930320475692206e+33
100 15 1.6289740160791367e+34
102 15 2.3011727301244439e+34
104 15 2.6853330658287764e+34
106 15 2.6119528822490925e+34
108 15 2.1295333454830389e+34
110 15 1.4543364641174261e+34
112 15 8.2876555561148218e+33
114 15 3.8974278763335758e+33
116 15 1.4863361806871028e+33
118 15 4.4483813230460922e+32
120 15 9.8931439581520824e+31
122 15 1.4696552669325505e+31
124 15 1.1057561859738852e+30
76 16 4.1540740839116020e+20
78 16 1.1571266178840227e+23
80 16 6.7512430666134438e+24
82 16 2.4335114406875448e+26
84 16 5.6846832926666758e+27
86 16 1.0821611817025996e+29
88 16 1.5333709494055260e+30
90 16 1.6123461591926734e+31
92 16 1.2049241335276972e+32
94 16 6.4327096670276763e+32
96 16 2.4241007877406332e+33
98 16 6.6839163301502236e+33
100 16 1.3973219485169886e+34
102 16 2.2916003951418111e+34
104 16 3.0148946132328965e+34
106 16 3.2332761345132950e+34
108 16 2.8499713835237389e+34
110 16 2.0778935096037679e+34
112 16 1.2488442261464023e+34
114 16 6.1308111937027659e+33
116 16 2.4168275702654305e+33
118 16 7.4198125576135208e+32
120 16 1.6812283739726687e+32
122 16 2.5268616630366431e+31
124 16 1.9079581369078377e+30
80 17 1.1511270875008229e+22
82 17 1.5942368922032791e+24
84 17 9.6578572875132439e+25
86 17 2.9528710027676358e+27
88 17 7.3193155872908035e+28
90 17 1.2942364205141191e+30
92 17 1.6580939090973754e+31
94 17 1.4290381084299467e+32
96 17 8.3497744855025041e+32
98 17 3.2295958713516625e+33
100 17 8.7434872263700586e+33
102 17 1.7446589221798249e+34
104 17 2.6803359886118444e+34
106 17 3.2512196189611797e+34
108 17 3.1672945537196313e+34
110 17 2.5030024490742186e+34
112 17 1.6066761672140831e+34
114 17 8.3226119737443627e+33
116 17 3.4274947917548368e+33
118 17 1.0891871715475598e+33
120 17 2.5346457009360837e+32
122 17 3.8802963054109022e+31
124 17 2.9648514855522544e+30
84 18 1.7387073608063139e+23
86 18 2.6107427168429515e+25
88 18 1.1198888919087118e+27
90 18 3.7982348204582714e+28
92 18 8.6788034273412463e+29
94 18 1.4010319885683286e+31
96 18 1.4288036598830518e+32
98 18 9.3038006024746302e+32
100 18 3.6765761226475190e+33
102 18 9.6753958612733322e+33
104 18 1.8237183556835615e+34
106 18 2.5929698242424335e+34
108 18 2.8661569698244011e+34
110 18 2.5049689854515445e+34
112 18 1.7449679069171717e+34
114 18 9.6613542485877356e+33
116 18 4.2038197654037714e+33
118 18 1.3957949443126943e+33
120 18 3.3628066171655697e+32
122 18 5.2828856764967428e+31
124 18 4.1173451604419267e+30
88 19 4.2641966259921222e+24
90 19 2.9386235085709874e+26
92 19 1.4795989256599726e+28
94 19 4.5357504250469689e+29
96 19 9.6468151127484784e+30
98 19 1.2011033105261658e+32
100 19 8.9074813471087699e+32
102 19 3.5700712303618103e+33
104 19 9.0094220696215866e+33
106 19 1.5858309228398290e+34
108 19 2.0611482899506559e+34
110 19 2.0466008396105639e+34
112 19 1.5781330009881173e+34
114 19 9.4932952863824189e+33
116 19 4.4142595667792683e+33
118 19 1.5488317579283163e+33
120 19 3.9027036216579498e+32
122 19 6.3522077251850100e+31
124 19 5.0771448555505690e+30
90 20 3.0950975883757297e+23
92 20 4.8030671769096418e+25
94 20 4.1630863496840626e+27
96 20 1.7933852811069802e+29
98 20 5.3241124597896704e+30
100 20 8.4319681073621618e+31
102 20 7.3242249456277175e+32
104 20 2.9440805665017580e+33
106 20 7.0334059771886762e+33
108 20 1.1381920675424225e+34
110 20 1.3312617392285103e+34
112 20 1.1675185930200401e+34
114 20 7.7826730855144240e+33
116 20 3.9282780677327412e+33
118 20 1.4738825961758822e+33
120 20 3.9225593517837713e+32
122 20 6.6764321345817710e+31
124 20 5.5271809741717144e+30
94 21 3.6731424779571033e+24
96 21 8.0013904275426442e+26
98 21 5.1803192000321288e+28
100 21 2.3128241641334281e+30
102 21 4.8857875341880344e+31
104 21 5.1734312863152105e+32
106 21 2.0497152057103592e+33
108 21 4.5573205197207209e+33
110 21 6.6607506683054989e+33
112 21 6.8961226127556269e+33
114 21 5.2239951543714773e+33
116 21 2.9245093383402646e+33
118 21 1.1919095848432216e+33
120 21 3.3895811214104747e+32
122 21 6.0883473215988177e+31
124 21 5.2721340002700031e+30
98 22 9.4014524871800717e+25
100 22 1.0227009718806711e+28
102 22 7.6722901698508603e+29
104 22 2.3050361585281599e+31
106 22 3.1211296337302363e+32
108 22 1.1940217987221121e+33
110 22 2.4212457251541941e+33
112 22 3.1389315394809702e+33
114 22 2.8083151801965064e+33
116 22 1.7877522647980745e+33
118 22 8.0714835047682514e+32
120 22 2.4917088457747653e+32
122 22 4.7874032544641999e+31
124 22 4.3746193473328225e+30
100 23 5.0683101959596010e+24
102 23 1.2308043413699517e+27
104 23 1.8690143971910761e+29
106 23 8.6801790544501314e+30
108 23 1.6032046921065936e+32
110 23 5.7554934292518124e+32
112 23 1.0409654110793173e+33
114 23 1.1674777332367231e+33
116 23 8.7704265032451744e+32
118 23 4.4993948894879055e+32
120 23 1.5382209418489052e+32
122 23 3.2048055332398514e+31
124 23 3.1291357354584706e+30
104 24 6.8038519614664348e+25
106 24 3.1265694742984726e+28
108 24 2.5277968460136410e+30
110 24 6.8917544803384330e+31
112 24 2.2552024944575952e+32
114 24 3.5446696756244509e+32
116 24 3.3351554827795718e+32
118 24 2.0205975817216540e+32
120 24 7.8394299211410446e+31
122 24 1.8056856317703098e+31
124 24 1.9105423872904007e+30
108 25 3.1800418040832559e+27
110 25 5.4537807627593191e+29
112 25 2.4423868829338490e+31
114 25 7.0380226072374870e+31
116 25 9.2868288011627655e+31
118 25 7.0469554604934267e+31
120 25 3.2209855602065687e+31
122 25 8.4152898354895834e+30
124 25 9.8320097688900648e+29
110 26 1.4781281253376063e+26
112 26 8.2009502250711915e+28
114 26 6.9581123394875731e+30
116 26 1.6965506135608392e+31
118 26 1.8026463681069240e+31
120 26 1.0318219013638460e+31
122 26 3.1725583086618246e+30
124 26 4.1994364851192519e+29
114 27 7.6170255559885641e+27
116 27 1.5447017758724864e+30
118 27 3.0350568365672575e+30
120 27 2.4294861232565914e+30
122 27 9.3288815971709687e+29
124 27 1.4501008661647066e+29
116 28 3.2699462034496930e+26
118 28 2.5501227922436575e+29
120 28 3.7731457956653532e+29
122 28 2.0255539769029505e+29
124 28 3.9222394097886655e+28
120 29 2.9350344748121242e+28
122 29 2.9054708941060945e+28
124 29 7.8565693868903153e+27
122 30 2.0976847434803869e+27
124 30 1.0428493239955011e+27
124 31 6.9354799197048059e+25
