144 -24 1.6035491772689376e+01
138 -23 8.0429284015631950e+01
140 -23 2.0770606526926217e+03
142 -23 4.1248445701675280e+02
144 -23 2.5768706959971383e+04
132 -22 1.4808816499910452e+02
134 -22 1.0338639457648231e+04
136 -22 7.1302895978580229e+04
138 -22 2.2816710588361611e+05
140 -22 9.2199637343308236e+05
142 -22 3.5986901248683501e+05
144 -22 1.8856680776877583e+06
126 -21 1.1974195210339941e+02
128 -21 2.0558602786024843e+04
130 -21 3.6155580106321938e+05
132 -21 2.0031725337281856e+06
134 -21 7.6143173493625857e+06
136 -21 1.8475948504830014e+07
138 -21 2.8869863369991928e+07
140 -21 5.1618653981047198e+07
142 -21 2.6213409349240154e+07
144 -21 5.0786615529872514e+07
120 -20 3.6321830513143162e+01
122 -20 2.0109727953926122e+04
124 -20 7.4122676435940515e+05
126 -20 7.6876524397263322e+06
128 -20 3.9702172423163287e+07
130 -20 1.3411073153732169e+08
132 -20 3.3327929139197212e+08
134 -20 6.3935527234251535e+08
136 -20 9.9709841642933261e+08
138 -20 1.1931159475727196e+09
140 -20 1.4130281147503884e+09
142 -20 7.6425721899205565e+08
144 -20 9.2186656870190442e+08
116 -19 9.3929305875982609e+03
118 -19 7.6552685194704542e+05
120 -19 1.5353762923679743e+07
122 -19 1.1848826090172891e+08
124 -19 5.4612954461035860e+08
126 -19 1.7963398678117528e+09
128 -19 4.5681520481841383e+09
130 -19 9.2759418362382355e+09
132 -19 1.5915595806119610e+10
134 -19 2.2859243236288799e+10
136 -19 2.8403302095527187e+10
138 -19 2.9096350152505016e+10
140 -19 2.7682235811752949e+10
142 -19 1.4982842409723562e+10
144 -19 1.3110312536911528e+10
110 -18 1.7023951995838215e+03
112 -18 4.0174886031847674e+05
114 -18 1.6349433518750958e+07
116 -18 2.0922091746163863e+08
118 -18 1.3507159289377046e+09
120 -18 5.8679253511305723e+09
122 -18 1.9105040829852711e+10
124 -18 4.9635027492247337e+10
126 -18 1.0701342109270517e+11
128 -18 1.9752578705050775e+11
130 -18 3.1525552679731824e+11
132 -18 4.4481040508778424e+11
134 -18 5.4397020738586871e+11
136 -18 5.8494473641592432e+11
138 -18 5.3372959640358618e+11
140 -18 4.3198598180568256e+11
142 -18 2.2824693574915717e+11
144 -18 1.5533543422037115e+11
106 -17 1.0171398039927376e+05
108 -17 9.1438641677082740e+06
110 -17 2.1543018046351311e+08
112 -17 2.0897835090974891e+09
114 -17 1.2301238427909496e+10
116 -17 5.1698168047947441e+10
118 -17 1.6815697780830466e+11
120 -17 4.5073669327878503e+11
122 -17 1.0220389495923964e+12
124 -17 2.0177285877858230e+12
126 -17 3.5061966921103271e+12
128 -17 5.4221069686819336e+12
130 -17 7.4872147783536699e+12
132 -17 9.2290001796586543e+12
134 -17 1.0046148392216447e+13
136 -17 9.6471529697884434e+12
138 -17 7.9872049637650879e+12
140 -17 5.7727128774521035e+12
142 -17 2.9159684357348784e+12
144 -17 1.6199785517246577e+12
100 -16 8.1421736247586023e+03
102 -16 2.4734780936768111e+06
104 -16 1.2092566692423645e+08
106 -16 2.0123252003503644e+09
108 -16 1.6872295161464569e+10
110 -16 9.3898942872752060e+10
112 -16 3.8686780681261530e+11
114 -16 1.2788823804600825e+12
116 -16 3.5196907528682168e+12
118 -16 8.3895145990659102e+12
120 -16 1.7470893071496371e+13
122 -16 3.2615605351744375e+13
124 -16 5.4694842687945164e+13
126 -16 8.2710478893108844e+13
128 -16 1.1313506301537762e+14
130 -16 1.3971337395976870e+14
132 -16 1.5524061162215869e+14
134 -16 1.5403915325514006e+14
136 -16 1.3531101392460830e+14
138 -16 1.0291821661639775e+14
140 -16 6.7388562161571078e+13
142 -16 3.2187227608397008e+13
144 -16 1.5117794553592502e+13
96 -15 2.5549086096541517e+05
98 -15 3.4042400949805602e+07
100 -15 1.1230367604249074e+09
102 -15 1.4950772312865299e+10
104 -15 1.1513404520343115e+11
106 -15 6.1336357278130298e+11
108 -15 2.5226857464420410e+12
110 -15 8.4665536129671602e+12
112 -15 2.4068401818150625e+13
114 -15 5.9789348504201820e+13
116 -15 1.3211114901164331e+14
118 -15 2.6171941236969875e+14
120 -15 4.7107646608809350e+14
122 -15 7.6901421211085925e+14
124 -15 1.1493543462514565e+15
126 -15 1.5662596770162798e+15
128 -15 1.9404135859836450e+15
130 -15 2.1921717344667768e+15
132 -15 2.2424244285412505e+15
134 -15 2.0544218408616610e+15
136 -15 1.6695658542321425e+15
138 -15 1.1790610202644470e+15
140 -15 7.0908685225310825e+14
142 -15 3.1921626523467794e+14
144 -15 1.2817203814775269e+14
90 -14 4.8319225042858643e+03
92 -14 3.9378762709245030e+06
94 -14 3.2721265037437904e+08
96 -14 8.0977741864534454e+09
98 -14 9.3682387172497772e+10
100 -14 6.7773852569973767e+11
102 -14 3.5339008739550059e+12
104 -14 1.4571815822983516e+13
106 -14 4.9811520733112008e+13
108 -14 1.4648760632875522e+14
110 -14 3.7824526609410306e+14
112 -14 8.7758255876247338e+14
114 -14 1.8427980805926872e+15
116 -14 3.5176223941965110e+15
118 -14 6.1712939179747940e+15
120 -14 9.9181648846564780e+15
122 -14 1.4672591908967860e+16
124 -14 1.9993408300283560e+16
126 -14 2.5023054359966924e+16
128 -14 2.8692229500595996e+16
130 -14 3.0151247095250372e+16
132 -14 2.8628923700903412e+16
134 -14 2.4427691408977820e+16
136 -14 1.8510937084525816e+16
138 -14 1.2196625246828454e+16
140 -14 6.7941159029378040e+15
142 -14 2.8778586658894930e+15
144 -14 1.0069699258074888e+15
86 -13 1.1064451026686620e+05
88 -13 4.1359081962028630e+07
90 -13 2.3935986173092103e+09
92 -13 4.8420395848391235e+10
94 -13 5.0884460434187207e+11
96 -13 3.5095971989419707e+12
98 -13 1.8125219987802387e+13
100 -13 7.5250168144070844e+13
102 -13 2.6199735028826294e+14
104 -13 7.9453218223833325e+14
106 -13 2.1387512332443075e+15
108 -13 5.1988989079638860e+15
110 -13 1.1458020774132036e+16
112 -13 2.3181117069203752e+16
114 -13 4.3243383104912832e+16
116 -13 7.4419645948253024e+16
118 -13 1.1841287515858459e+17
120 -13 1.7479997944138982e+17
122 -13 2.3888932611696957e+17
124 -13 3.0197548897694490e+17
126 -13 3.5173071225093165e+17
128 -13 3.7720413338352397e+17
130 -13 3.6992062603229402e+17
132 -13 3.2952261005097997e+17
134 -13 2.6388278375293811e+17
136 -13 1.8788564110768246e+17
138 -13 1.1578471857325824e+17
140 -13 6.0211246420380904e+16
142 -13 2.3964930199917932e+16
144 -13 7.3711561400555390e+15
80 -12 6.5561759460231826e+01
82 -12 1.5101000427349531e+06
84 -12 3.3159021144851679e+08
86 -12 1.4412041644644897e+10
88 -12 2.4829558329807025e+11
90 -12 2.4052573872563823e+12
92 -12 1.6018373266283885e+13
94 -12 8.2488735076358094e+13
96 -12 3.4456525584288856e+14
98 -12 1.2305240554848480e+15
100 -12 3.8500355674463600e+15
102 -12 1.0761765215161466e+16
104 -12 2.7327639189857612e+16
106 -12 6.3458767890468448e+16
108 -12 1.3550887172449478e+17
110 -12 2.6792867035035485e+17
112 -12 4.9016313404979904e+17
114 -12 8.3380075368031232e+17
116 -12 1.3203636614376054e+18
118 -12 1.9488011535500649e+18
120 -12 2.6782354150222781e+18
122 -12 3.4234619180954112e+18
124 -12 4.0480582814960200e+18
126 -12 4.4316093186558904e+18
128 -12 4.4764297573570816e+18
130 -12 4.1386072692184233e+18
132 -12 3.4815988279785974e+18
134 -12 2.6257475980127862e+18
136 -12 1.7624089342898022e+18
138 -12 1.0210679591409411e+18
140 -12 4.9613462389932448e+17
142 -12 1.8537499483835178e+17
144 -12 5.0894295464380232e+16
76 -11 3.9254699023669191e+03
78 -11 1.5059624696568687e+07
80 -11 2.1046014615622463e+09
82 -11 7.2434092837537628e+10
84 -11 1.0939443156595121e+12
86 -11 9.9612231916351738e+12
88 -11 6.4853238683674789e+13
90 -11 3.3024309662180225e+14
92 -11 1.4012690742930280e+15
94 -11 5.1203567600642630e+15
96 -11 1.6560623982768348e+16
98 -11 4.8466049953404016e+16
100 -11 1.2802785674421976e+17
102 -11 3.1155041585781331e+17
104 -11 7.0105179894437299e+17
106 -11 1.4643225120034150e+18
108 -11 2.8457226063079639e+18
110 -11 5.1470606247693373e+18
112 -11 8.7274769505228626e+18
114 -11 1.3800494326557790e+19
116 -11 2.0444647925185511e+19
118 -11 2.8330876500754104e+19
120 -11 3.6515688413934707e+19
122 -11 4.3983641530780754e+19
124 -11 4.9246562889847939e+19
126 -11 5.0983750323724370e+19
128 -11 4.8702239732471972e+19
130 -11 4.2671830053123097e+19
132 -11 3.3969983992567095e+19
134 -11 2.4313339341529113e+19
136 -11 1.5396960335250518e+19
138 -11 8.4152898600640952e+18
140 -11 3.8401165264033797e+18
142 -11 1.3468348748809554e+18
144 -11 3.3227401273811584e+17
72 -10 7.1365383615715094e+04
74 -10 1.1327391796777932e+08
76 -10 1.0955518550635254e+10
78 -10 3.0481934691998346e+11
80 -10 4.1203569840661338e+12
82 -10 3.5686134683566781e+13
84 -10 2.2731753572131869e+14
86 -10 1.1646324761244748e+15
88 -10 5.0196299304560670e+15
90 -10 1.8839162478642320e+16
92 -10 6.3085167256568912e+16
94 -10 1.9078817976172096e+17
96 -10 5.2911462680869094e+17
98 -10 1.3499333873699848e+18
100 -10 3.2032413896835988e+18
102 -10 7.0517934799413719e+18
104 -10 1.4494325068853889e+19
106 -10 2.7970880317710631e+19
108 -10 5.0442208095222915e+19
110 -10 8.5465965464690229e+19
112 -10 1.3572387579949826e+20
114 -10 2.0198000129337757e+20
116 -10 2.8254648135099541e+20
118 -10 3.6956515570657368e+20
120 -10 4.5216886768622849e+20
122 -10 5.1718666361704625e+20
124 -10 5.4918667611422274e+20
126 -10 5.4075923133532393e+20
128 -10 4.9106387098312815e+20
130 -10 4.0892380459171054e+20
132 -10 3.0976685035354187e+20
134 -10 2.1017244510677667e+20
136 -10 1.2600845819500565e+20
138 -10 6.5331957454202110e+19
140 -10 2.8041822956854256e+19
142 -10 9.2253047312161321e+18
144 -10 2.0580050981482189e+18
68 -9 9.6378383221964957e+05
70 -9 6.6241275724460220e+08
72 -9 4.5809097167654999e+10
74 -9 1.0610586034087557e+12
76 -9 1.3097444300146289e+13
78 -9 1.0881695465378623e+14
80 -9 6.8621770856959475e+14
82 -9 3.5261405382742420e+15
84 -9 1.5524259423820874e+16
86 -9 5.9915127326320968e+16
88 -9 2.0811555559067619e+17
90 -9 6.5722054243389030e+17
92 -9 1.9051968646327619e+18
94 -9 5.1141762961263411e+18
96 -9 1.2741492279764126e+19
98 -9 2.9734803425855570e+19
100 -9 6.4683184748543173e+19
102 -9 1.3248929271401423e+20
104 -9 2.5484007876715355e+20
106 -9 4.5973157888942585e+20
108 -9 7.8171515356280639e+20
110 -9 1.2522836438720966e+21
112 -9 1.8836937728538410e+21
114 -9 2.6632318981127002e+21
116 -9 3.5375800585830127e+21
118 -9 4.4037177019250702e+21
120 -9 5.1417563857205445e+21
122 -9 5.6020780767451221e+21
124 -9 5.6865875949534986e+21
126 -9 5.3371262223962048e+21
128 -9 4.6321844321019584e+21
130 -9 3.6742299365700555e+21
132 -9 2.6514877620157027e+21
134 -9 1.7147007081307982e+21
136 -9 9.7877126317698449e+20
138 -9 4.7969372008307923e+20
140 -9 1.9434338798945770e+20
142 -9 5.9990620316102304e+19
144 -9 1.2146821981267128e+19
64 -8 8.7077267959006950e+06
66 -8 2.9448440336069398e+09
68 -8 1.5132445542044214e+11
70 -8 3.0143704509581191e+12
72 -8 3.4440508983121602e+13
74 -8 2.7823432706446028e+14
76 -8 1.7389604914762938e+15
78 -8 9.0466509088548040e+15
80 -8 4.0641748488131576e+16
82 -8 1.6232828312428595e+17
84 -8 5.8590055601434509e+17
86 -8 1.9353615453611587e+18
88 -8 5.8913047862590730e+18
90 -8 1.6613506310409302e+19
92 -8 4.3784733939774587e+19
94 -8 1.0794222712273764e+20
96 -8 2.4972122191713259e+20
98 -8 5.4285940489054401e+20
100 -8 1.1108203498620385e+21
102 -8 2.1444195073081061e+21
104 -8 3.8969801337921051e+21
106 -8 6.6925532765207218e+21
108 -8 1.0801064661866393e+22
110 -8 1.6477874409668207e+22
112 -8 2.3687957063098727e+22
114 -8 3.1978669368417586e+22
116 -8 4.0683830365755768e+22
118 -8 4.8580974080682709e+22
120 -8 5.4186094405624256e+22
122 -8 5.6543886516593975e+22
124 -8 5.4925826930271167e+22
126 -8 4.9384058708883193e+22
128 -8 4.1002146362724339e+22
130 -8 3.1130686114330791e+22
132 -8 2.1456616907087515e+22
134 -8 1.3230703163811220e+22
136 -8 7.1854550722917654e+21
138 -8 3.3414354269201435e+21
140 -8 1.2803547365562243e+21
142 -8 3.7141217774592478e+20
144 -8 6.8787067717424759e+19
60 -7 5.0043925017918818e+07
62 -7 9.7507222070473099e+09
64 -7 3.8999727275492230e+11
66 -7 6.8119072891281494e+12
68 -7 7.3547002253740547e+13
70 -7 5.7974770664265025e+14
72 -7 3.6331498752835545e+15
74 -7 1.9178383626450300e+16
76 -7 8.8631365650532480e+16
78 -7 3.6657795603330554e+17
80 -7 1.3821471897999862e+18
82 -7 4.7846956947945421e+18
84 -7 1.5325491577809932e+19
86 -7 4.5743208267514577e+19
88 -7 1.2749119227379859e+20
90 -7 3.3366414827249199e+20
92 -7 8.2048616275417393e+20
94 -7 1.8998148361530670e+21
96 -7 4.1488693739376183e+21
98 -7 8.5658279850164166e+21
100 -7 1.6663997279216958e+22
102 -7 3.0666995853055861e+22
104 -7 5.3306686563396352e+22
106 -7 8.7309054619952123e+22
108 -7 1.3550592021347326e+23
110 -7 1.9804425253055935e+23
112 -7 2.7327678469920346e+23
114 -7 3.5472244246666269e+23
116 -7 4.3286265350543016e+23
118 -7 4.9676022349451388e+23
120 -7 5.3316816583175436e+23
122 -7 5.3418351888317299e+23
124 -7 4.9859197371280650e+23
126 -7 4.3038952236579565e+23
128 -7 3.4252443617667629e+23
130 -7 2.4945681055490115e+23
132 -7 1.6433104630879626e+23
134 -7 9.6901548804218502e+22
136 -7 5.0200988566006754e+22
138 -7 2.2198304052784224e+22
140 -7 8.0397195708286559e+21
142 -7 2.1930242418211815e+21
144 -7 3.7284530722314158e+20
56 -6 1.9177982392259914e+08
58 -6 2.3679367675122345e+10
60 -6 7.6446652178781006e+11
62 -6 1.2094441256948748e+13
64 -6 1.2451631414286445e+14
66 -6 9.6737704632706000e+14
68 -6 6.0973034074699790e+15
70 -6 3.2900076849734448e+16
72 -6 1.5647158643012928e+17
74 -6 6.7532552264880691e+17
76 -6 2.6617695211390444e+18
78 -6 9.7049457798507090e+18
80 -6 3.2819094843521991e+19
82 -6 1.0395677718947209e+20
84 -6 3.0787643988433614e+20
86 -6 8.5927458782637536e+20
88 -6 2.2521556379576516e+21
90 -6 5.5755354038078695e+21
92 -6 1.3039577039070170e+22
94 -6 2.8795613695201822e+22
96 -6 6.0194638223021898e+22
98 -6 1.1903704542084377e+23
100 -6 2.2230235828736609e+23
102 -6 3.9357381807961466e+23
104 -6 6.5760812726280495e+23
106 -6 1.0400474250559439e+24
108 -6 1.5514561400884086e+24
110 -6 2.1905972808271892e+24
112 -6 2.9117726400111504e+24
114 -6 3.6443824671055003e+24
116 -6 4.2975752529345818e+24
118 -6 4.7514419056581110e+24
120 -6 4.9177103078217805e+24
122 -6 4.7430309775590040e+24
124 -6 4.2594145508026415e+24
126 -6 3.5413909046645625e+24
128 -6 2.7099928125018063e+24
130 -6 1.8940146870796733e+24
132 -6 1.1980014057482177e+24
134 -6 6.7489130248231187e+23
136 -6 3.3379715559038217e+23
138 -6 1.4053607022397189e+23
140 -6 4.8244573507110536e+22
142 -6 1.2375316046407419e+22
144 -6 1.9423911836561700e+21
50 -5 2.2033975266020256e+05
52 -5 4.8716114258565402e+08
54 -5 4.1724875056553596e+10
56 -5 1.1296564913548340e+12
58 -5 1.6443559475042941e+13
60 -5 1.6309488858747600e+14
62 -5 1.2538163970879300e+15
64 -5 7.9743765192409040e+15
66 -5 4.4196588811160520e+16
68 -5 2.1864925599712762e+17
70 -5 9.8512265381868851e+17
72 -5 4.0905237081624499e+18
74 -5 1.5740475191170171e+19
76 -5 5.6550537051103068e+19
78 -5 1.9066155225925245e+20
80 -5 6.0317327189899162e+20
82 -5 1.7986865719204884e+21
84 -5 5.0618930886237057e+21
86 -5 1.3444582446694094e+22
88 -5 3.3780572148579216e+22
90 -5 8.0232382604222847e+22
92 -5 1.8045850521539115e+23
94 -5 3.8463882740323863e+23
96 -5 7.7459948622003621e+23
98 -5 1.4797989389623917e+24
100 -5 2.6785916676093770e+24
102 -5 4.5817889729162785e+24
104 -5 7.4147649950837705e+24
106 -5 1.1350180837721064e+25
108 -5 1.6421467226535462e+25
110 -5 2.2417605379508868e+25
112 -5 2.8887812450348929e+25
114 -5 3.4996792623566711e+25
116 -5 3.9879008852334472e+25
118 -5 4.2607842089953134e+25
120 -5 4.2616741682380403e+25
122 -5 3.9762162850932303e+25
124 -5 3.4434655545643923e+25
126 -5 2.7574978595735438e+25
128 -5 2.0318936184085532e+25
130 -5 1.3652068044923057e+25
132 -5 8.2810260637326647e+24
134 -5 4.4825923066868985e+24
136 -5 2.1175339296959464e+24
138 -5 8.5015118183798725e+23
140 -5 2.7676242227463730e+23
142 -5 6.6966273865089674e+22
144 -5 9.7005797909123385e+21
46 -4 1.1542315555634471e+06
48 -4 8.2481980676595759e+08
50 -4 5.2175758680392601e+10
52 -4 1.2200238133357263e+12
54 -4 1.6613709066180398e+13
56 -4 1.5966825768144978e+14
58 -4 1.2217348435338515e+15
60 -4 7.9109140692592900e+15
62 -4 4.5104193536787344e+16
64 -4 2.3241752503771824e+17
66 -4 1.1028216438600201e+18
68 -4 4.8422735414897951e+18
70 -4 1.9811017185572553e+19
72 -4 7.5999910239467733e+19
74 -4 2.7399937938801168e+20
76 -4 9.3002646577800951e+20
78 -4 2.9813911664751899e+21
80 -4 9.0277513714235039e+21
82 -4 2.5850147772894940e+22
84 -4 7.0144728993227419e+22
86 -4 1.8006011630153771e+23
88 -4 4.3842035011476406e+23
90 -4 1.0089614837940325e+24
92 -4 2.2054410901845644e+24
94 -4 4.5649004757802009e+24
96 -4 8.9470562557636309e+24
98 -4 1.6632005097298707e+25
100 -4 2.9288180437602491e+25
102 -4 4.8809517742626922e+25
104 -4 7.6808849772670103e+25
106 -4 1.1447140754166514e+26
108 -4 1.6084269424134375e+26
110 -4 2.1356062218228756e+26
112 -4 2.6718646902468986e+26
114 -4 3.1446991904676461e+26
116 -4 3.4742829378314547e+26
118 -4 3.5988239797535917e+26
120 -4 3.4858539501624582e+26
122 -4 3.1469738923443031e+26
124 -4 2.6354711131810163e+26
126 -4 2.0377411935525028e+26
128 -4 1.4485452905135504e+26
130 -4 9.3696588848416410e+25
132 -4 5.4671637349363420e+25
134 -4 2.8365223962862872e+25
136 -4 1.2829014301207037e+25
138 -4 4.9176753465075533e+24
140 -4 1.5216571017715649e+24
142 -4 3.4708161646898810e+23
144 -4 4.6644512460124136e+22
42 -3 2.7514455840882063e+06
44 -3 9.1470910012056768e+08
46 -3 4.4996075649304268e+10
48 -3 9.3435836588850391e+11
50 -3 1.1959982551694275e+13
52 -3 1.1243072288583619e+14
54 -3 8.6363631380264325e+14
56 -3 5.7086247467512610e+15
58 -3 3.3736525148890588e+16
60 -3 1.8266813920324733e+17
62 -3 9.1520798533997965e+17
64 -3 4.2669672641676462e+18
66 -3 1.8691619199911236e+19
68 -3 7.6853401763387359e+19
70 -3 2.9819812673608869e+20
72 -3 1.0916030616728234e+21
74 -3 3.7820164061126071e+21
76 -3 1.2403860012097499e+22
78 -3 3.8511046528277336e+22
80 -3 1.1342854550770169e+23
82 -3 3.1656397766248542e+23
84 -3 8.3740703334199270e+23
86 -3 2.1006726124975133e+24
88 -3 4.9912813532486785e+24
90 -3 1.1279348896084775e+25
92 -3 2.4095559343280874e+25
94 -3 4.8801353821355271e+25
96 -3 9.3679444866721483e+25
98 -3 1.7030260800258073e+26
100 -3 2.9293315892661548e+26
102 -3 4.7694566247498131e+26
104 -3 7.3515481446956194e+26
106 -3 1.0680224001741076e+27
108 -3 1.4660831161054103e+27
110 -3 1.8954039685979017e+27
112 -3 2.3093346917300387e+27
114 -3 2.6459641934500381e+27
116 -3 2.8428562216791438e+27
118 -3 2.8618984253392895e+27
120 -3 2.6921560074761404e+27
122 -3 2.3523404900468036e+27
124 -3 1.9086686303531576e+27
126 -3 1.4284827615236791e+27
128 -3 9.8026510189020021e+26
130 -3 6.1131862844770502e+26
132 -3 3.4373897912369757e+26
134 -3 1.7125289890706179e+26
136 -3 7.4238040922447642e+25
138 -3 2.7173515807467960e+25
140 -3 8.0027247002347286e+24
142 -3 1.7263049733114602e+24
144 -3 2.1580280899144018e+23
38 -2 3.3363270228963317e+06
40 -2 6.5189185978972387e+08
42 -2 2.5803053368213524e+10
44 -2 4.8411126024488403e+11
46 -2 5.8734507303364922e+12
48 -2 5.4224813354225016e+13
50 -2 4.1824006222707712e+14
52 -2 2.8429836582646740e+15
54 -2 1.7563095538658574e+16
56 -2 1.0030927367270365e+17
58 -2 5.3455961518292147e+17
60 -2 2.6712224658418335e+18
62 -2 1.2576604843288041e+19
64 -2 5.6017857479032488e+19
66 -2 2.3489109413523807e+20
68 -2 9.3481105605733201e+20
70 -2 3.5258357809438041e+21
72 -2 1.2590895679579877e+22
74 -2 4.2670491131138460e+22
76 -2 1.3749136433388417e+23
78 -2 4.1985023278837947e+23
80 -2 1.2142411200460762e+24
82 -2 3.3411754303173798e+24
84 -2 8.7075699501593792e+24
86 -2 2.1553792007821084e+25
88 -2 5.0533471772272860e+25
90 -2 1.1232579404265918e+26
92 -2 2.3666995318794471e+26
94 -2 4.7147276793282439e+26
96 -2 8.9054712603811996e+26
98 -2 1.5911135466618135e+27
100 -2 2.6916217433696929e+27
102 -2 4.2966387812810946e+27
104 -2 6.4856449850535587e+27
106 -2 9.2358638761938394e+27
108 -2 1.2404841571394965e+28
110 -2 1.5697145153655053e+28
112 -2 1.8690804379785867e+28
114 -2 2.0891106902900851e+28
116 -2 2.1892097487868006e+28
118 -2 2.1441032507867734e+28
120 -2 1.9589058249318666e+28
122 -2 1.6649135336675598e+28
124 -2 1.3103686057646191e+28
126 -2 9.5017792443840830e+27
128 -2 6.2991990026102716e+27
130 -2 3.7966872209616648e+27
132 -2 2.0538434966218856e+27
134 -2 9.8631774618083582e+26
136 -2 4.1010439316392102e+26
138 -2 1.4371700980578722e+26
140 -2 4.0284534290430115e+25
142 -2 8.2139970923466205e+24
144 -2 9.6000940191311828e+23
34 -1 2.1960846471576719e+06
36 -1 2.7957445821034700e+08
38 -1 9.2522187145660820e+09
40 -1 1.5771968583126965e+11
42 -1 1.8323116856570630e+12
44 -1 1.6664419403250855e+13
46 -1 1.3024125829713855e+14
48 -1 9.1821872970800088e+14
50 -1 5.9897388073874500e+15
52 -1 3.6466453634363400e+16
54 -1 2.0893827675474592e+17
56 -1 1.1275913962195800e+18
58 -1 5.7483047616475423e+18
60 -1 2.7846555574836019e+19
62 -1 1.2756526001652446e+20
64 -1 5.5431818120607688e+20
66 -1 2.2912240489918140e+21
68 -1 8.9976483350993772e+21
70 -1 3.3610457639663501e+22
72 -1 1.1914622533390220e+23
74 -1 4.0108091559028505e+23
76 -1 1.2843322506414221e+24
78 -1 3.8959758502812357e+24
80 -1 1.1226954566623582e+25
82 -1 3.0696007921088195e+25
84 -1 7.9607020011586720e+25
86 -1 1.9526049512635563e+26
88 -1 4.5495947562796806e+26
90 -1 1.0031738972655992e+27
92 -1 2.0905493243976750e+27
94 -1 4.1248027007654534e+27
96 -1 7.7067908276376750e+27
98 -1 1.3599482462349907e+28
100 -1 2.2651433645301411e+28
102 -1 3.5702140251045816e+28
104 -1 5.2952295994992361e+28
106 -1 7.4158690690783613e+28
108 -1 9.7781397178821998e+28
110 -1 1.2125531960147360e+29
112 -1 1.4126124903722142e+29
114 -1 1.5431246730987119e+29
116 -1 1.5801380735586805e+29
118 -1 1.5110016799270915e+29
120 -1 1.3456757156754835e+29
122 -1 1.1124942425078332e+29
124 -1 8.5000642059746936e+28
126 -1 5.9811899830192262e+28
128 -1 3.8447429355951553e+28
130 -1 2.2391931043865093e+28
132 -1 1.1709358697220856e+28
134 -1 5.4098833044963441e+27
136 -1 2.1608164962678940e+27
138 -1 7.2529402189074040e+26
140 -1 1.9380218939371434e+26
142 -1 3.7525576800714479e+25
144 -1 4.1056669005664623e+24
30 0 7.2990354382266302e+05
32 0 6.5355103034952097e+07
34 0 1.8476717905906599e+09
36 0 2.8887128740904373e+10
38 0 3.1901354677990900e+11
40 0 2.8858709131032134e+12
42 0 2.3118231316112879e+13
44 0 1.7315432385243534e+14
46 0 1.2187506211667415e+15
48 0 8.0710202928060520e+15
50 0 5.0250935223427376e+16
52 0 2.9702182282957542e+17
54 0 1.6588465506270961e+18
56 0 8.8194756228471316e+18
58 0 4.4533297990538936e+19
60 0 2.1374610884924323e+20
62 0 9.7824883489164611e+20
64 0 4.2615077800306514e+21
66 0 1.7632644437618167e+22
68 0 6.9624940783815270e+22
70 0 2.6120688899621766e+23
72 0 9.3098910205807618e+23
74 0 3.1508431796545278e+24
76 0 1.0129177032413988e+25
78 0 3.0911739813922969e+25
80 0 8.9361753545349954e+25
82 0 2.4521305584084022e+26
84 0 6.3594274321559848e+26
86 0 1.5635663232269403e+27
88 0 3.6379004538673299e+27
90 0 7.9992723594354867e+27
92 0 1.6628253991627541e+28
94 0 3.2671376332958108e+28
96 0 6.0557874832586870e+28
98 0 1.0600047924743783e+29
100 0 1.7483040713467111e+29
102 0 2.7231184791515364e+29
104 0 3.9912361732528405e+29
106 0 5.5119602796058867e+29
108 0 7.1519049556230192e+29
110 0 8.7199732366125307e+29
112 0 9.9701525244120401e+29
114 0 1.0682264925305591e+30
116 0 1.0706172580641142e+30
118 0 9.9946391572250639e+29
120 0 8.6864961370860708e+29
122 0 7.0032679817231186e+29
124 0 5.2100341517778731e+29
126 0 3.5591189848230036e+29
128 0 2.2209625916431260e+29
130 0 1.2529020228817447e+29
132 0 6.3308829585306624e+28
134 0 2.8193628240072194e+28
136 0 1.0850922219320734e+28
138 0 3.4910630965744700e+27
140 0 8.9157026114862396e+26
142 0 1.6380274678551616e+26
144 0 1.6838953924900385e+25
24 1 8.2301379046813906e+01
26 1 9.4503931078189431e+04
28 1 6.3220477049947530e+06
30 1 1.5431915005590722e+08
32 1 2.2000966114926696e+09
34 1 2.3322512123122063e+10
36 1 2.1427025424224854e+11
38 1 1.8861106746334939e+12
40 1 1.5988069244555881e+13
42 1 1.2753589789089559e+14
44 1 9.4906691179104262e+14
46 1 6.6139654662342080e+15
48 1 4.3639210292796312e+16
50 1 2.7290849447605885e+17
52 1 1.6210137688791631e+18
54 1 9.1667084419017206e+18
56 1 4.9268955973925872e+19
58 1 2.5200040133823929e+20
60 1 1.2337462141825691e+21
62 1 5.7411034078329983e+21
64 1 2.5486190553479403e+22
66 1 1.0753497310925845e+23
68 1 4.3206908808544649e+23
70 1 1.6521782311764981e+24
72 1 5.9868506541228496e+24
74 1 2.0628453269514429e+25
76 1 6.7388031345478769e+25
78 1 2.0858948804856040e+26
80 1 6.1165392902649952e+26
82 1 1.6951012062453838e+27
84 1 4.4462927022119685e+27
86 1 1.1009390174430610e+28
88 1 2.5758113951906209e+28
90 1 5.6860005490448499e+28
92 1 1.1839347278427344e+29
94 1 2.3240180483368846e+29
96 1 4.3042947771019863e+29
98 1 7.5047947100018821e+29
100 1 1.2328108186225018e+30
102 1 1.9033499433579366e+30
104 1 2.7651047329119611e+30
106 1 3.7742003914585934e+30
108 1 4.8382538873059720e+30
110 1 5.8127210415747890e+30
112 1 6.5453640508498343e+30
114 1 6.8955243482755523e+30
116 1 6.7745335175130158e+30
118 1 6.2013918821829469e+30
120 1 5.2718964197663277e+30
122 1 4.1472895242934421e+30
124 1 3.0085089806548418e+30
126 1 2.0001189846097794e+30
128 1 1.2137094933387111e+30
130 1 6.6345038251644842e+29
132 1 3.2437936708228349e+29
134 1 1.3963208237682078e+29
136 1 5.1791812228603405e+28
138 1 1.6003901394678185e+28
140 1 3.9133790053646633e+27
142 1 6.8450645846534102e+26
144 1 6.6229727069104417e+25
28 2 6.6336297307759160e+04
30 2 2.7452813812150817e+07
32 2 1.4703004540508137e+09
34 2 3.2727026968080406e+10
36 2 4.5835385818384497e+11
38 2 4.8998078769784385e+12
40 2 4.4712447057457453e+13
42 2 3.7239221337886762e+14
44 2 2.9007278729885490e+15
46 2 2.1267003346484952e+16
48 2 1.4681575668767411e+17
50 2 9.5835842540734234e+17
52 2 5.9264088434275840e+18
54 2 3.4924410676764660e+19
56 2 1.9587803661475204e+20
58 2 1.0430237430056447e+21
60 2 5.2849549172168773e+21
62 2 2.5496578846822624e+22
64 2 1.1725165172763658e+23
66 2 5.1215079472759141e+23
68 2 2.1265021419980459e+24
70 2 8.3932859783219909e+24
72 2 3.1353235729549054e+25
74 2 1.1112900150391835e+26
76 2 3.7316295129226034e+26
78 2 1.1831241475060443e+27
80 2 3.5505018195322667e+27
82 2 1.0058386514007917e+28
84 2 2.6827361410805650e+28
86 2 6.7564077397102012e+28
88 2 1.6012807191305555e+29
90 2 3.5745770652556363e+29
92 2 7.5045620985731998e+29
94 2 1.4813675600171768e+30
96 2 2.7519827557457315e+30
98 2 4.8073765439319646e+30
100 2 7.8827277502675264e+30
102 2 1.2136468269127438e+31
104 2 1.7537746610574470e+31
106 2 2.3763891866256867e+31
108 2 3.0166412010705374e+31
110 2 3.5865769695013679e+31
112 2 3.9837260857595902e+31
114 2 4.1360931478797789e+31
116 2 3.9965140565089331e+31
118 2 3.5912683031752863e+31
120 2 2.9917539768038727e+31
122 2 2.3034168685213912e+31
124 2 1.6326102183721059e+31
126 2 1.0583733917111601e+31
128 2 6.2452666284388534e+30
130 2 3.3230665343665283e+30
132 2 1.5750602061921230e+30
134 2 6.5557041072983106e+29
136 2 2.3463786236164823e+29
138 2 6.9828186703437964e+28
140 2 1.6362983564196951e+28
142 2 2.7312146917069103e+27
144 2 2.4955146706263252e+26
32 3 1.5769387467204995e+07
34 3 3.6615144892597022e+09
36 3 1.6110403678658969e+11
38 3 3.3836054862092173e+12
40 3 4.6571396064066555e+13
42 3 5.0009935115163488e+14
44 3 4.5830952976462650e+15
46 3 3.8121047250234216e+16
48 3 2.9234991620526195e+17
50 3 2.0906399103016340e+18
52 3 1.4033338261033789e+19
54 3 8.8934753692770468e+19
56 3 5.3289731262350983e+20
58 3 3.0266943296498985e+21
60 3 1.6316772086110382e+22
62 3 8.3324693523042262e+22
64 3 4.0416223739159087e+23
66 3 1.8575226869050515e+24
68 3 8.1110077991288891e+24
70 3 3.3486899774523843e+25
72 3 1.3077169928647681e+26
74 3 4.8382039560935859e+26
76 3 1.6870097394763032e+27
78 3 5.5568645084398799e+27
80 3 1.7251872334348717e+28
82 3 5.0356450024243189e+28
84 3 1.3818677347731442e+29
86 3 3.5664610966569537e+29
88 3 8.6372405675356850e+29
90 3 1.9627671599342062e+30
92 3 4.1878590645277328e+30
94 3 8.3770606887310447e+30
96 3 1.5711548644969400e+31
98 3 2.7600692601054832e+31
100 3 4.5455342564059467e+31
102 3 7.0139683666071960e+31
104 3 1.0119463087764794e+32
106 3 1.3669510266992800e+32
108 3 1.7240279272165116e+32
110 3 2.0363741377867662e+32
112 3 2.2384354299193841e+32
114 3 2.2961038289259932e+32
116 3 2.1894501038092207e+32
118 3 1.9358025339876316e+32
120 3 1.5845109378440159e+32
122 3 1.1970847955175024e+32
124 3 8.3067829129516290e+31
126 3 5.2626312697248383e+31
128 3 3.0269033620892680e+31
130 3 1.5668139625098750e+31
132 3 7.2155940892319525e+30
134 3 2.9131136566351683e+30
136 3 1.0075126171982066e+30
138 3 2.8903745962570516e+29
140 3 6.5058953918453083e+28
142 3 1.0360175309576991e+28
144 3 8.9915197164120193e+26
36 4 2.0264785950255067e+09
38 4 3.0071967207099805e+11
40 4 1.1400631873818641e+13
42 4 2.2433369379751025e+14
44 4 3.0511462298858340e+15
46 4 3.2985142320372460e+16
48 4 3.0645220910117510e+17
50 4 2.5640881303128991e+18
52 4 1.9690431317444428e+19
54 4 1.3997950043047915e+20
56 4 9.3379656665987154e+20
58 4 5.8395896024252673e+21
60 4 3.4401897336778558e+22
62 4 1.9097278135560517e+23
64 4 9.9918456109050487e+23
66 4 4.9450432578305743e+24
68 4 2.3097376336729153e+25
70 4 1.0165726457263063e+26
72 4 4.2248645283790648e+26
74 4 1.6534805152465536e+27
76 4 6.0867231976254722e+27
78 4 2.1054132338052902e+28
80 4 6.8502718265494399e+28
82 4 2.0874582598356165e+29
84 4 5.9598198789052713e+29
86 4 1.5929226018811502e+30
88 4 3.9820409507809614e+30
90 4 9.3105886195650369e+30
92 4 2.0331975092633246e+31
94 4 4.1467079193530564e+31
96 4 7.9106095161111365e+31
98 4 1.4091230149682889e+32
100 4 2.3442287847568044e+32
102 4 3.6397859891577597e+32
104 4 5.2752128906183158e+32
106 4 7.1362542876295075e+32
108 4 8.9868184674264565e+32
110 4 1.0561962933899019e+33
112 4 1.1547757148644450e+33
114 4 1.1741374088123747e+33
116 4 1.1073765653155045e+33
118 4 9.6655339045137600e+32
120 4 7.7975699520164638e+32
122 4 5.7889025345916502e+32
124 4 3.9416715830255798e+32
126 4 2.4466504187418978e+32
128 4 1.3751381445368400e+32
130 4 6.9491909046502299e+31
132 4 3.1149683434480239e+31
134 4 1.2207848575047583e+31
136 4 4.0898616678906703e+30
138 4 1.1332554616785175e+30
140 4 2.4553697082907420e+29
142 4 3.7470475865580916e+28
144 4 3.0892907112861925e+27
40 5 1.6724757966269714e+11
42 5 1.7543685051652004e+13
44 5 5.7640803410223212e+14
46 5 1.0826226961223914e+16
48 5 1.4572771459253434e+17
50 5 1.5875400856714931e+18
52 5 1.4933943205941737e+19
54 5 1.2610804820555722e+20
56 5 9.7615436100253843e+20
58 5 6.9789880583730537e+21
60 5 4.6507118140874377e+22
62 5 2.8900738131746399e+23
64 5 1.6836584547253027e+24
66 5 9.1761589677753256e+24
68 5 4.7004237190625750e+25
70 5 2.2529526551968188e+26
72 5 1.0151675920013962e+27
74 5 4.2827345398869416e+27
76 5 1.6926101679596871e+28
78 5 6.2581523860570298e+28
80 5 2.1618232823176972e+29
82 5 6.9726859031209575e+29
84 5 2.0994810537634813e+30
86 5 5.8849857773544529e+30
88 5 1.5366925495309041e+31
90 5 3.7324656148201284e+31
92 5 8.4386595274434020e+31
94 5 1.7736595501919657e+32
96 5 3.4710088137796293e+32
98 5 6.3135815401335579e+32
100 5 1.0676581578724073e+33
102 5 1.6806449547126591e+33
104 5 2.4597875225480736e+33
106 5 3.3497512869435339e+33
108 5 4.2422099242768743e+33
110 5 4.9799346923531247e+33
112 5 5.4327416097582939e+33
114 5 5.4911508747789459e+33
116 5 5.1465116044787778e+33
118 5 4.4524746631643047e+33
120 5 3.5506489587418692e+33
122 5 2.5990503738781250e+33
124 5 1.7409874511021053e+33
126 5 1.0601325193557128e+33
128 5 5.8463861927849544e+32
130 5 2.8855670750523294e+32
132 5 1.2624832230633633e+32
134 5 4.8193989368580986e+31
136 5 1.5673115173199993e+31
138 5 4.1988222655739264e+30
140 5 8.7805016850765986e+29
142 5 1.2859059919507389e+29
144 5 1.0109270961791021e+28
44 6 1.0034335545748682e+13
46 6 7.6176595426066062e+14
48 6 2.2628699600637408e+16
50 6 4.0673132110335962e+17
52 6 5.4274085444091761e+18
54 6 5.9335891359162687e+19
56 6 5.6486313860894982e+20
58 6 4.8259584675549943e+21
60 6 3.7716497351373952e+22
62 6 2.7116159241431130e+23
64 6 1.8100089944014289e+24
66 6 1.1216741332802257e+25
68 6 6.4626868129880180e+25
70 6 3.4677401078831246e+26
72 6 1.7328718773844862e+27
74 6 8.0670529663720745e+27
76 6 3.4905189662065008e+28
78 6 1.4048311687148751e+29
80 6 5.2491152256522566e+29
82 6 1.8245219809861968e+30
84 6 5.8756547164141182e+30
86 6 1.7542754907526336e+31
88 6 4.8471395714849875e+31
90 6 1.2410526705758105e+32
92 6 2.9379170562566607e+32
94 6 6.4349029338912185e+32
96 6 1.3061976490822774e+33
98 6 2.4490099545787894e+33
100 6 4.2492149874303359e+33
102 6 6.8321837801866597e+33
104 6 1.0172211046640876e+34
106 6 1.4024996599183680e+34
108 6 1.7923865180330345e+34
110 6 2.1178700156203503e+34
112 6 2.3150758608061587e+34
114 6 2.3424120873162663e+34
116 6 2.1850766616353445e+34
118 6 1.8802340800439003e+34
120 6 1.4855392347451619e+34
122 6 1.0761724102405356e+34
124 6 7.1167360216828713e+33
126 6 4.2731279662173017e+33
128 6 2.3131017304226204e+33
130 6 1.1194117187953169e+33
132 6 4.7864759912276984e+32
134 6 1.7834077987009480e+32
136 6 5.6388629786471965e+31
138 6 1.4660623599701408e+31
140 6 2.9644409335390051e+30
142 6 4.1786408870705332e+29
144 6 3.1422411334849687e+28
46 7 9.3403119414213403e+11
48 7 4.2887791966155512e+14
50 7 2.6448269213144192e+16
52 7 7.1169208878404442e+17
54 7 1.2379055499150195e+19
56 7 1.6343124452105129e+20
58 7 1.8006738278497381e+21
60 7 1.7295505175470846e+22
62 7 1.4950463990165092e+23
64 7 1.1783152956523465e+24
66 7 8.5239690902362388e+24
68 7 5.6864359237077941e+25
70 7 3.5045349029882471e+26
72 7 1.9962758256176385e+27
74 7 1.0496578412657835e+28
76 7 5.0985137137420947e+28
78 7 2.2849300542496575e+29
80 7 9.4623716840491889e+29
82 7 3.6045324334336730e+30
84 7 1.2665591686446200e+31
86 7 4.1007280658583649e+31
88 7 1.2202346561076964e+32
90 7 3.3409593686408051e+32
92 7 8.4068715328344901e+32
94 7 1.9455003771947284e+33
96 7 4.1364801574460932e+33
98 7 8.0906904558172951e+33
100 7 1.4554073677387288e+34
102 7 2.4131264121399583e+34
104 7 3.6816116770601671e+34
106 7 5.1847630325893283e+34
108 7 6.7295557757084781e+34
110 7 8.0458664154343358e+34
112 7 8.8770820847398388e+34
114 7 9.0203360024331393e+34
116 7 8.4309983475343148e+34
118 7 7.2373787740200630e+34
120 7 5.6993018942629795e+34
122 7 4.0966667278560185e+34
124 7 2.6820263449208044e+34
126 7 1.5910712023003830e+34
128 7 8.4908074570945880e+33
130 7 4.0395176746995722e+33
132 7 1.6950415307650851e+33
134 7 6.1686397140496918e+32
136 7 1.9040783786526367e+32
138 7 4.8169462869979604e+31
140 7 9.4301425774142450e+30
142 7 1.2843793382729522e+30
144 7 9.2670432428274704e+28
50 8 5.6823858521763172e+13
52 8 1.4908918918258340e+16
54 8 7.4162800936603546e+17
56 8 1.8574751439317918e+19
58 8 3.1254365960741297e+20
60 8 4.1130497669651350e+21
62 8 4.5339056870666350e+22
64 8 4.4096178907841320e+23
66 8 3.8456068198900606e+24
68 8 3.0527727309471796e+25
70 8 2.2162714603563262e+26
72 8 1.4748593037235182e+27
74 8 9.0182933493159059e+27
76 8 5.0477799808997109e+28
78 8 2.5835761597979582e+29
80 8 1.2105591840259732e+30
82 8 5.1861529222426294e+30
84 8 2.0328514074440017e+31
86 8 7.2765849926851159e+31
88 8 2.3782704673054028e+32
90 8 7.0917116206845897e+32
92 8 1.9276602129537172e+33
94 8 4.7849400300332672e+33
96 8 1.0825682628058176e+34
98 8 2.2367175679338998e+34
100 8 4.2237375289945091e+34
102 8 7.2951649513699176e+34
104 8 1.1533877961369385e+35
106 8 1.6721150842241459e+35
108 8 2.2223793834633316e+35
110 8 2.7120635792555449e+35
112 8 3.0332546185410356e+35
114 8 3.1144256781679771e+35
116 8 2.9323028417474445e+35
118 8 2.5252933337819992e+35
120 8 1.9868981695689052e+35
122 8 1.4250564542979301e+35
124 8 9.2731639295663187e+34
126 8 5.4561422854263455e+34
128 8 2.8778375420730827e+34
130 8 1.3504075126612656e+34
132 8 5.5723649801420473e+33
134 8 1.9884301777718384e+33
136 8 6.0068167903120755e+32
138 8 1.4816290099530398e+32
140 8 2.8208279449335550e+31
142 8 3.7182238417057921e+30
144 8 2.5790623520371227e+29
54 9 2.6992972515791645e+15
56 9 4.0712919396782086e+17
58 9 1.7563571759082066e+19
60 9 4.0893349427458959e+20
62 9 6.7265563496359941e+21
64 9 8.7742431283971269e+22
66 9 9.7547158428680501e+23
68 9 9.5482504065680062e+24
70 9 8.4057305632985194e+25
72 9 6.7050237691670457e+26
74 9 4.8676045321665981e+27
76 9 3.2227301881878932e+28
78 9 1.9352975834490454e+29
80 9 1.0540812458346619e+30
82 9 5.2082750939609108e+30
84 9 2.3319281646132263e+31
86 9 9.4498837158268080e+31
88 9 3.4655262935771654e+32
90 9 1.1495373049026601e+33
92 9 3.4441249617231987e+33
94 9 9.3326636601660653e+33
96 9 2.2871664052794879e+34
98 9 5.0713746160882881e+34
100 9 1.0190321367934219e+35
102 9 1.8577658492918858e+35
104 9 3.0800857931761600e+35
106 9 4.6463495861680505e+35
108 9 6.3871852105389795e+35
110 9 8.0065551792860001e+35
112 9 9.1606028699164660e+35
114 9 9.5658111261648920e+35
116 9 9.1183436396658720e+35
118 9 7.9267884144800406e+35
120 9 6.2745743832492613e+35
122 9 4.5053907863178345e+35
124 9 2.9270405759021055e+35
126 9 1.7133105518969520e+35
128 9 8.9669963822118699e+34
130 9 4.1657884155050367e+34
132 9 1.6968798672578305e+34
134 9 5.9622914279828913e+33
136 9 1.7656247949213434e+33
138 9 4.2585804376124722e+32
140 9 7.9049824479165571e+31
142 9 1.0120811911072529e+31
144 9 6.7789840131497720e+29
58 10 8.4606375661176112e+16
60 10 9.4615610889268490e+18
62 10 3.5265497481745773e+20
64 10 7.7724199366439584e+21
66 10 1.2489186161971442e+23
68 10 1.6287349825301994e+24
70 10 1.8131648081156974e+25
72 10 1.7888202668828596e+26
74 10 1.5825520772056720e+27
76 10 1.2669427342281237e+28
78 10 9.1427768332949388e+28
80 10 5.9485500180710468e+29
82 10 3.4818618198887122e+30
84 10 1.8291092730492843e+31
86 10 8.6196153384172612e+31
88 10 3.6387063722093147e+32
90 10 1.3758339087116338e+33
92 10 4.6511465771089926e+33
94 10 1.4058764892495357e+34
96 10 3.8046750931678408e+34
98 10 9.2208849048435235e+34
100 10 2.0053350810096781e+35
102 10 3.9197439749482846e+35
104 10 6.9054895652432873e+35
106 10 1.0972696919344474e+36
108 10 1.5754391280609260e+36
110 10 2.0488892528084531e+36
112 10 2.4186992780809729e+36
114 10 2.5915659308921022e+36
116 10 2.5191578939999382e+36
118 10 2.2233809521740734e+36
120 10 1.7782418818737345e+36
122 10 1.2859463257136161e+36
124 10 8.3842303035570600e+35
126 10 4.9063672909978256e+35
128 10 2.5588485410593430e+35
130 10 1.1805122456190433e+35
132 10 4.7621288619954262e+34
134 10 1.6523674909649132e+34
136 10 4.8192356979927815e+33
138 10 1.1404310707943646e+33
140 10 2.0703228103344783e+32
142 10 2.5796990709577396e+31
144 10 1.6746834364869179e+30
62 11 2.2794010778485130e+18
64 11 1.8440806466996162e+20
66 11 6.1394075933325174e+21
68 11 1.2885670358362572e+23
70 11 2.0401442458876502e+24
72 11 2.6391826639181240e+25
74 11 2.9626570666589842e+26
76 11 2.9343650943760428e+27
78 11 2.6076654872951574e+28
80 11 2.0757609649228371e+29
82 11 1.4766810650805988e+30
84 11 9.3687209559729677e+30
86 11 5.2795782416744072e+31
88 11 2.6390087069985063e+32
90 11 1.1684539336358260e+33
92 11 4.5759293038211717e+33
94 11 1.5834193357373371e+34
96 11 4.8434131190901326e+34
98 11 1.3121289444268796e+35
100 11 3.1490628889751156e+35
102 11 6.7170947998561817e+35
104 11 1.2764058985288403e+36
106 11 2.1663669469746572e+36
108 11 3.2939101674274077e+36
110 11 4.4988602221881587e+36
112 11 5.5309768425391494e+36
114 11 6.1275492072615260e+36
116 11 6.1228885244482023e+36
118 11 5.5257894368767522e+36
120 11 4.4963846449063071e+36
122 11 3.2957636829514468e+36
124 11 2.1655900158039336e+36
126 11 1.2727720003292533e+36
128 11 6.6464822254791286e+35
130 11 3.0590618387001076e+35
132 11 1.2264223841545836e+35
134 11 4.2196215408653424e+34
136 11 1.2152250280360560e+34
138 11 2.8335902497550717e+33
140 11 5.0431923842206177e+32
142 11 6.1424686204059254e+31
144 11 3.8814577133406937e+30
64 12 9.7369096419056384e+16
66 12 4.8998401567302623e+19
68 12 3.0831578357808633e+21
70 12 9.3516272751708169e+22
72 12 1.8979125822711161e+24
74 12 2.9383196767154683e+25
76 12 3.8164761845786385e+26
78 12 4.2873537809557861e+27
80 12 4.2714120296525992e+28
82 12 3.7814557574232066e+29
84 12 2.9710489590886577e+30
86 12 2.0633774261304705e+31
88 12 1.2587534429491837e+32
90 12 6.7321137806904057e+32
92 12 3.1443033110858364e+33
94 12 1.2824781828877533e+34
96 12 4.5601633044118745e+34
98 12 1.4151947511098163e+35
100 12 3.8407419926364770e+35
102 12 9.1315829289161572e+35
104 12 1.9090289995928591e+36
106 12 3.5199222783107580e+36
108 12 5.7490657549102581e+36
110 12 8.3481058167399430e+36
112 12 1.0811099931828694e+37
114 12 1.2518924772649318e+37
116 12 1.2988690138363597e+37
118 12 1.2081400563759624e+37
120 12 1.0068470923095142e+37
122 12 7.5186630921510866e+36
124 12 5.0197280637062857e+36
126 12 2.9767194379016537e+36
128 12 1.5631172792669480e+36
130 12 7.2094433711663106e+35
132 12 2.8882760371957237e+35
134 12 9.8843989727051372e+34
136 12 2.8229570980251844e+34
138 12 6.5017781283207705e+33
140 12 1.1392389414125557e+33
142 12 1.3607744682996347e+32
144 12 8.3910349082579136e+30
68 13 4.1030340481202493e+18
70 13 8.5554891593734803e+20
72 13 4.4969647195854045e+22
74 13 1.2773878240742707e+24
76 13 2.4697816266633121e+25
78 13 3.8173165379257864e+26
80 13 4.9404759201187030e+27
82 13 5.5866541563975899e+28
84 13 5.5439111055081362e+29
86 13 4.8580604886966729e+30
88 13 3.7277836592255654e+31
90 13 2.4861075006208681e+32
92 13 1.4340802412172918e+33
94 13 7.1187025311096818e+33
96 13 3.0420934370026268e+34
98 13 1.1159606335504764e+35
100 13 3.5222004401267074e+35
102 13 9.5768944740229302e+35
104 13 2.2551515783299055e+36
106 13 4.6120923929766959e+36
108 13 8.2339833533589600e+36
110 13 1.2918385483059967e+37
112 13 1.7872985955498718e+37
114 13 2.1874519200486375e+37
116 13 2.3793778938651842e+37
118 13 2.3006418814088184e+37
120 13 1.9813004941081526e+37
122 13 1.5184316662204179e+37
124 13 1.0346085338454346e+37
126 13 6.2390949909005630e+36
128 13 3.3156916551905613e+36
130 13 1.5389485745108509e+36
132 13 6.1830020440663757e+35
134 13 2.1132814301305123e+35
136 13 6.0144408083903869e+34
138 13 1.3737138986847213e+34
140 13 2.3798333899060182e+33
142 13 2.7980617451010803e+32
144 13 1.6898969493460542e+31
72 14 9.2646813377388577e+19
74 14 1.2672258492265553e+22
76 14 5.9361298407717481e+23
78 14 1.5301253260965678e+25
80 14 2.9295851618725143e+26
82 14 4.4675996553796129e+27
84 14 5.8131419332966542e+28
86 14 6.5477421082776084e+29
88 14 6.4646552922426803e+30
90 14 5.5378212367406847e+31
92 14 4.0779397610041001e+32
94 14 2.5619995003877948e+33
96 14 1.3637672147359035e+34
98 14 6.1380514844408869e+34
100 14 2.3317080270869638e+35
102 14 7.4950000794746095e+35
104 14 2.0454743039983664e+36
106 14 4.7562463244243538e+36
108 14 9.4972847701510828e+36
110 14 1.6380720638083382e+37
112 14 2.4582724456374173e+37
114 14 3.2264967157051708e+37
116 14 3.7211247699294832e+37
118 14 3.7836691324309236e+37
120 14 3.3959854887911761e+37
122 14 2.6934937455956764e+37
124 14 1.8865975671420448e+37
126 14 1.1637110703187640e+37
128 14 6.2896150042737532e+36
130 14 2.9566337656718217e+36
132 14 1.1972675602936924e+36
134 14 4.1076808205393991e+35
136 14 1.1692043393296797e+35
138 14 2.6617955884419571e+34
140 14 4.5780454532946161e+33
142 14 5.3153305430923969e+32
144 14 3.1619014259139969e+31
76 15 1.5446586328531411e+21
78 15 1.7513645633550818e+23
80 15 6.7201665326798992e+24
82 15 1.6908635339113476e+26
84 15 3.1376176615494819e+27
86 15 4.7974526306411232e+28
88 15 6.2143771576972577e+29
90 15 6.9991643635005102e+30
92 15 6.7597774309892144e+31
94 15 5.5678191554955004e+32
96 15 3.8496019836775302e+33
98 15 2.2157416210379692e+34
100 15 1.0570295224740323e+35
102 15 4.1798042949341209e+35
104 15 1.3709294635353434e+36
106 15 3.7475127689212722e+36
108 15 8.5940312727506985e+36
110 15 1.6692440895797002e+37
112 15 2.7712213996056707e+37
114 15 3.9660523244278935e+37
116 15 4.9185507138785435e+37
118 15 5.3170502362855620e+37
120 15 5.0267979876637195e+37
122 15 4.1622380990898625e+37
124 15 3.0227997040931115e+37
126 15 1.9192519316368042e+37
128 15 1.0628572935487252e+37
130 15 5.0871052180106625e+36
132 15 2.0874680468344476e+36
134 15 7.2348457251819332e+35
136 15 2.0663599713411169e+35
138 15 4.7094079153254432e+34
140 15 8.0665947569959316e+33
142 15 9.3014770770186881e+32
144 15 5.4572291530774861e+31
80 16 2.7510837415841542e+22
82 16 1.9463516358691109e+24
84 16 7.1074176437992531e+25
86 16 1.6896346122044670e+27
88 16 3.1138198825582122e+28
90 16 4.7173638217835228e+29
92 16 6.1410226225558213e+30
94 16 6.7789163880154165e+31
96 16 6.3222436975917704e+32
98 16 4.8653057298051673e+33
100 16 3.0607377110586883e+34
102 16 1.5605477371391552e+35
104 16 6.4442597323096476e+35
106 16 2.1586962657236379e+36
108 16 5.9043281064118305e+36
110 16 1.3315508602324247e+37
112 16 2.5081377577583561e+37
114 16 3.9905854791948323e+37
116 16 5.4136146995248410e+37
118 16 6.3124836688751665e+37
120 16 6.3626381520239483e+37
122 16 5.5575844028713849e+37
124 16 4.2209637610903160e+37
126 16 2.7828878953603266e+37
128 16 1.5872422639052017e+37
130 16 7.7930048085296926e+36
132 16 3.2602010157097995e+36
134 16 1.1452245017438122e+36
136 16 3.3073598947853354e+35
138 16 7.5701417619044132e+34
140 16 1.2973783197267535e+34
142 16 1.4910480599374091e+33
144 16 8.6840505307923059e+31
82 17 1.4436380119615647e+21
84 17 3.2416404040453576e+23
86 17 2.0459198502412530e+25
88 17 6.7761786775417605e+26
90 17 1.5710420945028622e+28
92 17 2.8464299682959619e+29
94 17 4.3527871967574472e+30
96 17 5.5609406469527915e+31
98 17 5.9577392358458662e+32
100 17 5.1732451615386927e+33
102 17 3.5979631983535474e+34
104 17 1.9778896048269892e+35
106 17 8.5784463661200102e+35
108 17 2.9385547849693237e+36
110 17 8.0220358402568862e+36
112 17 1.7718463603834651e+37
114 17 3.2223280124368481e+37
116 17 4.8849267786542039e+37
118 17 6.2516998811079374e+37
120 17 6.8095825899662532e+37
122 17 6.3575611307029346e+37
124 17 5.0984667740448105e+37
126 17 3.5199007722472708e+37
128 17 2.0862897877281621e+37
130 17 1.0567339651795247e+37
132 17 4.5337017050469019e+36
134 17 1.6254935337960466e+36
136 17 4.7593375626346594e+35
138 17 1.1006937531760515e+35
140 17 1.8983244096087870e+34
142 17 2.1840147139576000e+33
144 17 1.2671513514868411e+32
86 18 2.1729208104766191e+22
88 18 3.5741866523227997e+24
90 18 1.9384964980348705e+26
92 18 6.0085218345589501e+27
94 18 1.3455180732414657e+29
96 18 2.4747419920940949e+30
98 18 3.7059506245269227e+31
100 18 4.6383286258099235e+32
102 18 4.6201480526088393e+33
104 18 3.6019157951370751e+34
106 18 2.1559918409965085e+35
108 18 9.8803417998714556e+35
110 18 3.4622301422487220e+36
112 18 9.4103041126836575e+36
114 18 2.0266745030124565e+37
116 18 3.5334923861546232e+37
118 18 5.0739342297294011e+37
120 18 6.0851731683931393e+37
122 18 6.1545001466864090e+37
124 18 5.2792182735704058e+37
126 18 3.8527806553430897e+37
128 18 2.3952458902499926e+37
130 18 1.2612147201897136e+37
132 18 5.5895548467527466e+36
134 18 2.0549730910171728e+36
136 18 6.1446671373711220e+35
138 18 1.4429486321380528e+35
140 18 2.5138402246437793e+34
142 18 2.9072962929871139e+33
144 18 1.6887672294710139e+32
90 19 2.8220355152766016e+23
92 19 3.6201842946098810e+25
94 19 1.6837049012579238e+27
96 19 4.8903699895956497e+28
98 19 1.1167911478292296e+30
100 19 1.9918417516674259e+31
102 19 2.9702383318267210e+32
104 19 3.4504932103133093e+33
106 19 3.0694353576945947e+34
108 19 2.0247790894991529e+35
110 19 9.8728290260409463e+35
112 19 3.5372112844742171e+36
114 19 9.5329840419663462e+36
116 19 1.9899083279116325e+37
118 19 3.3043037586620692e+37
120 19 4.4639915801640852e+37
122 19 4.9798243933792967e+37
124 19 4.6341334548506481e+37
126 19 3.6213096323311548e+37
128 19 2.3830017411250118e+37
130 19 1.3163188446942108e+37
132 19 6.0690576322486410e+36
134 19 2.3061676268151161e+36
136 19 7.0754836067949221e+35
138 19 1.6968607232767637e+35
140 19 3.0024664116353626e+34
142 19 3.5091689343376026e+33
144 19 2.0505585235063826e+32
94 20 3.7342245525296539e+24
96 20 3.2395275887573823e+26
98 20 1.3169299384783150e+28
100 20 3.9465887310741488e+29
102 20 8.5334591869880143e+30
104 20 1.5500093538878305e+32
106 20 2.1431264438839556e+33
108 20 2.2185352172369941e+34
110 20 1.6374318675027290e+35
112 20 8.5703345870765031e+35
114 20 3.1376321484163338e+36
116 20 8.3343796664535558e+36
118 20 1.6732951988217543e+37
120 20 2.6289647364898799e+37
122 20 3.3121873664087374e+37
124 20 3.4070099172064770e+37
126 20 2.8918195550368396e+37
128 20 2.0378481337420195e+37
130 20 1.1928737473224946e+37
132 20 5.7691324819942850e+36
134 20 2.2814746087282479e+36
136 20 7.2301058573455516e+35
138 20 1.7798586729673907e+35
140 20 3.2182941905873860e+34
142 20 3.8188756363429066e+33
144 20 2.2542234043534870e+32
96 21 1.3389014228329056e+23
98 21 3.7895358313245388e+25
100 21 2.4835430212671002e+27
102 21 1.0682254727297959e+29
104 21 2.8675143880107166e+30
106 21 6.5211737299012325e+31
108 21 1.0990365639648991e+33
110 21 1.3552132486289240e+34
112 21 1.1384301682239202e+35
114 21 6.4746069666952632e+35
116 21 2.4174089518669226e+36
118 21 6.2820907005129698e+36
120 21 1.2022597103555325e+37
122 21 1.7702169663890600e+37
124 21 2.0631459910259763e+37
126 21 1.9376647671552290e+37
128 21 1.4834968205572321e+37
130 21 9.3011470862647520e+36
132 21 4.7678167236728208e+36
134 21 1.9780923189358025e+36
136 21 6.5284563836339755e+35
138 21 1.6597622799496333e+35
140 21 3.0804813323757985e+34
142 21 3.7356586606029518e+33
144 21 2.2370602281878910e+32
100 22 1.9866573764814927e+24
102 22 2.9237485284981230e+26
104 22 2.1392538657744988e+28
106 22 7.3900276454854283e+29
108 22 2.1802951378298602e+31
110 22 4.5912205555576852e+32
112 22 6.9588354874284964e+33
114 22 6.8032811852176541e+34
116 22 4.2575396218884697e+35
118 22 1.6142891036848071e+36
120 22 4.0667359752450830e+36
122 22 7.3433276640393957e+36
124 22 1.0037448749362136e+37
126 22 1.0698294932017770e+37
128 22 9.0713777393643680e+36
130 22 6.1872128091217940e+36
132 22 3.3968528695842910e+36
134 22 1.4922620193658940e+36
136 22 5.1731371582487453e+35
138 22 1.3687490820130543e+35
140 22 2.6231812452336988e+34
142 22 3.2644384054895484e+33
144 22 1.9978257955342397e+32
104 23 1.6137198296219921e+25
106 23 2.9803414394519710e+27
108 23 1.4157708408418254e+29
110 23 5.6945646039452233e+30
112 23 1.5419620177113893e+32
114 23 2.9734635794299260e+33
116 23 3.4727435516368156e+34
118 23 2.4403003291900243e+35
120 23 9.3245562852886299e+35
122 23 2.2524472244040038e+36
124 23 3.7983863443825823e+36
126 23 4.7606754175462240e+36
128 23 4.5875918678398709e+36
130 23 3.4656091442355972e+36
132 23 2.0679603363741115e+36
134 23 9.7439068399194526e+35
136 23 3.5733696361004490e+35
138 23 9.9211486559442221e+34
140 23 1.9771400658581520e+34
142 23 2.5414311092061500e+33
144 23 1.5961797406152643e+32
108 24 2.5538976003917873e+26
110 24 1.8960289608540816e+28
112 24 1.1328542854827190e+30
114 24 4.0812425920669985e+31
116 24 1.0459432082843449e+33
118 24 1.5053392665227096e+34
120 24 1.2160954091982355e+35
122 24 4.6394913629160558e+35
124 24 1.0599204568051634e+36
126 24 1.6508191542200272e+36
128 24 1.8715225316681046e+36
130 24 1.6068812720688355e+36
132 24 1.0625157374337494e+36
134 24 5.4399925841711141e+35
136 24 2.1371463816953261e+35
138 24 6.2827480172855464e+34
140 24 1.3133272624773261e+34
142 24 1.7539443217030099e+33
144 24 1.1376033122736046e+32
110 25 1.0022944734469046e+25
112 25 1.5950015844652934e+27
114 25 1.6542196037514909e+29
116 25 8.2490049544718700e+30
118 25 2.9729358546559504e+32
120 25 5.4875903581499563e+33
122 25 5.2629811498976459e+34
124 25 1.9767128273861554e+35
126 25 4.2106639194826568e+35
128 25 5.9570138672036722e+35
130 25 6.0304023457018872e+35
132 25 4.5321837767878664e+35
134 25 2.5690639810696620e+35
136 25 1.0974204404985008e+35
138 25 3.4500020291387488e+34
140 25 7.6277239537765863e+33
142 25 1.0683802717572145e+33
144 25 7.1916385733655881e+31
114 26 6.3592359931868999e+25
116 26 1.6761209821292117e+28
118 26 1.2257353945274909e+30
120 26 6.6939888569998059e+31
122 26 1.6626313064401734e+33
124 26 1.9716542069383077e+34
126 26 7.1501393294142558e+34
128 26 1.3968806251145935e+35
130 26 1.7683347424896877e+35
132 26 1.5672635241989290e+35
134 26 1.0094318095714700e+35
136 26 4.7661451949844345e+34
138 26 1.6286205841338634e+34
140 26 3.8505286172260996e+33
142 26 5.6961357272823183e+32
144 26 4.0135654259714968e+31
118 27 1.0598266952862535e+27
120 27 1.2557932071095363e+29
122 27 1.1593885794501523e+31
124 27 4.1202848851476848e+32
126 27 6.3477025035010996e+33
128 27 2.1732469438697993e+34
130 27 3.8201608180001875e+34
132 27 4.2404001384920662e+34
134 27 3.2195568151261353e+34
136 27 1.7264523734762387e+34
138 27 6.5199638483619178e+33
140 27 1.6723491968904614e+33
142 27 2.6428127757113060e+32
144 27 1.9665719742794133e+31
120 28 3.1548726083948156e+25
122 28 7.8694945680028788e+27
124 28 1.4808705396113497e+30
126 28 8.1887726874455841e+31
128 28 1.7389488035484021e+33
130 28 5.4825879402091986e+33
132 28 8.4810537915517921e+33
134 28 8.0584929860822901e+33
136 28 5.0949997932148004e+33
138 28 2.1804047779350153e+33
140 28 6.1759653822057739e+32
142 28 1.0579878236922728e+32
144 28 8.4092746218624781e+30
124 29 2.2712368175224452e+26
126 29 1.3017297398643818e+29
128 29 1.2598472347464301e+31
130 29 3.9982766632728409e+32
132 29 1.1267796630646201e+33
134 29 1.4958793813015129e+33
136 29 1.1810177446205295e+33
138 29 5.9578161855850190e+32
140 29 1.9112265648752049e+32
142 29 3.6076128377684232e+31
144 29 3.1062072238852608e+30
128 30 7.0197753842934533e+27
130 30 1.4408815040358476e+30
132 30 7.5750513609597625e+31
134 30 1.8475838507645218e+32
136 30 2.0403243816119586e+32
138 30 1.2833560231571994e+32
140 30 4.8331459942607848e+31
142 30 1.0319770215949720e+31
144 30 9.7830509422761182e+29
130 31 1.7328244080679395e+26
132 31 1.1512073470921769e+29
134 31 1.1506214972660526e+31
136 31 2.3425713869095109e+31
138 31 2.0592373829089044e+31
140 31 9.6668118175424899e+30
142 31 2.4221168454396285e+30
144 31 2.5900576156938709e+29
134 32 5.6761972668112311e+27
136 32 1.3622931689567974e+30
138 32 2.2086788797149919e+30
140 32 1.4460880191508369e+30
142 32 4.5139187147193223e+29
144 32 5.6408450681861417e+28
136 33 1.2996170541766367e+26
138 33 1.2027318101149010e+29
140 33 1.4483248446468572e+29
142 33 6.2814135413346929e+28
144 33 9.7772360372549836e+27
140 34 7.3949556556918004e+27
142 34 5.8890305795502617e+27
144 34 1.2686552713565167e+27
142 35 2.8161638050191331e+26
144 35 1.1121063827280443e+26
144 36 4.9650970117044607e+24
