100 -15 3.2095451106694728e+07
96 -14 3.0274094225747156e+08
98 -14 1.8147655151153677e+09
92 -13 1.5470511675020056e+09
94 -13 1.4904004678017801e+10
96 -13 4.3036828838705902e+10
88 -12 5.3041314932804909e+09
90 -12 6.5694079259056099e+10
92 -12 3.0757833632293951e+11
94 -12 5.7313387633087537e+11
84 -11 1.3322067621384090e+10
86 -11 1.9252753983451315e+11
88 -11 1.1643579007623369e+12
90 -11 3.5419573087017983e+12
92 -11 4.7986355291588525e+12
80 -10 2.5444152996947178e+10
82 -10 4.0710062360842053e+11
84 -10 2.8851872062523877e+12
86 -10 1.1398420374709125e+13
88 -10 2.5460048331540109e+13
90 -10 2.7056809429501445e+13
76 -9 3.7693136873819633e+10
78 -9 6.4679186883655017e+11
80 -9 5.1060687703133174e+12
82 -9 2.3696461370412734e+13
84 -9 6.9208427686175391e+13
86 -9 1.2191151931973611e+14
88 -9 1.0694124854435834e+14
72 -8 4.3849295190667786e+10
74 -8 7.8843459912457861e+11
76 -8 6.6871105966014941e+12
78 -8 3.4770492931618387e+13
80 -8 1.1975235130352934e+14
82 -8 2.7754873075939269e+14
84 -8 4.0378379597566262e+14
86 -8 3.0297227631241162e+14
68 -7 4.0050174910822205e+10
70 -7 7.4183804055080457e+11
72 -7 6.6375950705574102e+12
74 -7 3.7279775848455867e+13
76 -7 1.4417094222651612e+14
78 -7 3.9546067711318681e+14
80 -7 7.6318561101682650e+14
82 -7 9.5065120969165525e+14
84 -7 6.2840767869241362e+14
62 -6 1.4431609387696434e+07
64 -6 2.8565846077905762e+10
66 -6 5.4268311927648657e+11
68 -6 5.0063633005604307e+12
70 -6 2.9759444519939574e+13
72 -6 1.2451832881741219e+14
74 -6 3.8559155315823262e+14
76 -6 8.8356034387634550e+14
78 -6 1.4664776728943220e+15
80 -6 1.6108060658880358e+15
82 -6 9.5921427431280600e+14
58 -5 2.0598946675225876e+07
60 -5 1.5929511084081528e+10
62 -5 3.0359724975571960e+11
64 -5 2.8768322265207026e+12
66 -5 1.7660871578033852e+13
68 -5 7.8680124273792031e+13
70 -5 2.6473361029489309e+14
72 -5 6.8629071774461725e+14
74 -5 1.3597076669053400e+15
76 -5 1.9967213904064030e+15
78 -5 1.9774414975633682e+15
80 -5 1.0803511398815542e+15
54 -4 1.7580555054494735e+07
56 -4 6.8350292893907375e+09
58 -4 1.2901988519810686e+11
60 -4 1.2336387091244548e+12
62 -4 7.7916497816760752e+12
64 -4 3.6030799051609078e+13
66 -4 1.2907991792391438e+14
68 -4 3.6537412499940275e+14
70 -4 8.2255902824791475e+14
72 -4 1.4472052271503842e+15
74 -4 1.9239341520502935e+15
76 -4 1.7553975161097558e+15
78 -4 8.9516808663576200e+14
50 -3 9.2709068060052749e+06
52 -3 2.2012697037527866e+09
54 -3 4.0705616173072495e+10
56 -3 3.8837866235998749e+11
58 -3 2.4866828432677139e+12
60 -3 1.1845692014269223e+13
62 -3 4.4291038447590234e+13
64 -3 1.3384902577654636e+14
66 -3 3.2986639370960456e+14
68 -3 6.6331586575556225e+14
70 -3 1.0627206299150359e+15
72 -3 1.3058123435258808e+15
74 -3 1.1144048670045362e+15
76 -3 5.3926614712591256e+14
46 -2 3.2218117057102742e+06
48 -2 5.1446421643455803e+08
50 -2 9.2079533411328182e+09
52 -2 8.6864778098565796e+10
54 -2 5.5577060460652893e+11
56 -2 2.6912241705173438e+12
58 -2 1.0367497212854303e+13
60 -2 3.2860451403385430e+13
62 -2 8.7112502020326984e+13
64 -2 1.9298070975887941e+14
66 -2 3.5516996378411625e+14
68 -2 5.2914853852648838e+14
70 -2 6.1276277385926075e+14
72 -2 4.9694741771164238e+14
74 -2 2.3302658946180350e+14
42 -1 7.0788817035307467e+05
44 -1 8.1790228142582253e+07
46 -1 1.4011886574691579e+09
48 -1 1.2932529477203505e+10
50 -1 8.2101184446334961e+10
52 -1 3.9876854557375238e+11
54 -1 1.5665239670996255e+12
56 -1 5.1552457510304463e+12
58 -1 1.4409116879644785e+13
60 -1 3.4631831297964449e+13
62 -1 7.0939180752409484e+13
64 -1 1.2256000917404088e+14
66 -1 1.7367018444590919e+14
68 -1 1.9324195197734428e+14
70 -1 1.5199311344939184e+14
72 -1 7.0441708752990703e+13
38 0 8.9872325578296324e+04
40 0 7.8819268591048112e+06
42 0 1.2785597713224939e+08
44 0 1.1435016723743632e+09
46 0 7.1194571429026556e+09
48 0 3.4289979616755566e+10
50 0 1.3666032324779103e+11
52 0 4.6314647030189948e+11
54 0 1.3655313183802112e+12
56 0 3.5268171294921279e+12
58 0 7.9763465713898613e+12
60 0 1.5603912360557139e+13
62 0 2.6068411423471320e+13
64 0 3.5996800746469578e+13
66 0 3.9483022047749484e+13
68 0 3.0930299578336828e+13
70 0 1.4572445663290832e+13
34 1 5.0010580820711593e+03
36 1 3.4828237759394798e+05
38 1 5.2765803014048189e+06
40 1 4.4987446650606275e+07
42 1 2.7086941890544772e+08
44 1 1.2947618907229118e+09
46 1 5.2428570811064377e+09
48 1 1.8792842443951820e+10
50 1 5.9882779558960182e+10
52 1 1.7143709990737848e+11
54 1 4.3681399097916949e+11
56 1 9.8195455343718091e+11
58 1 1.9190573371384458e+12
60 1 3.2359019052578892e+12
62 1 4.5226168536788867e+12
64 1 5.0486474598827998e+12
66 1 4.0456543365976758e+12
68 1 1.9970841558930918e+12
38 2 1.6272722704243830e+04
40 2 1.1604458953037953e+06
42 2 1.6153628534907995e+07
44 2 1.2218394703083269e+08
46 2 6.4226922263952971e+08
48 2 2.5999043709683852e+09
50 2 8.6749382906530914e+09
52 2 2.4450503458550888e+10
54 2 5.9617758757799500e+10
56 2 1.2467242507038219e+11
58 2 2.2303210614866037e+11
60 2 3.2814929661156854e+11
62 2 3.8949736935683984e+11
64 2 3.2868652004169244e+11
66 2 1.7797598829282501e+11
40 3 1.1081676521174425e+02
42 3 1.9456005028557334e+04
44 3 1.2327322570604768e+06
46 3 1.4848650176999945e+07
48 3 9.7204093537194699e+07
50 3 4.2830875946027851e+08
52 3 1.4189533355884345e+09
54 3 3.6929581840617456e+09
56 3 7.7757220756946583e+09
58 3 1.2998687613626217e+10
60 3 1.7263776828176315e+10
62 3 1.6162707570016071e+10
64 3 1.0051504153135269e+10
44 4 5.5592514709721991e+02
46 4 1.6692609174182056e+04
48 4 5.2676633354983502e+05
50 4 5.0403674970349390e+06
52 4 2.5618367548743691e+07
54 4 8.7302879471477330e+07
56 4 2.0661864198046678e+08
58 4 3.6483970563840759e+08
60 4 4.1523624966236848e+08
62 4 3.2840621922773021e+08
48 5 9.2025440627508067e+02
50 5 1.1857847057256278e+04
52 5 1.2485385983113744e+05
54 5 6.5387030465894274e+05
56 5 2.2108395695589203e+06
58 5 3.8645607471246850e+06
60 5 4.8687139158123480e+06
52 6 2.0042679239936723e+02
54 6 2.2873986313079690e+03
56 6 8.8479267260569413e+03
58 6 2.2218765742392588e+04
56 7 1.6218399286845433e+01
