128 -20 9.8891306364321874e-01
122 -19 5.6447847325891303e+01
124 -19 1.6853425196963002e+02
126 -19 8.0118597963938285e+00
128 -19 4.3800317012830476e+02
116 -18 6.0111272078307252e+02
118 -18 4.6171183832068573e+03
120 -18 7.0775048057937011e+03
122 -18 1.1386232618765085e+04
124 -18 1.8298323673187577e+04
126 -18 3.7938441233886665e+03
128 -18 9.9164660670677549e+03
108 -17 7.3460651144577514e+02
110 -17 8.1167421358670299e+03
112 -17 4.1771706987508449e+04
114 -17 1.2884034867263319e+05
116 -17 2.4166255325556587e+05
118 -17 3.9267638264319586e+05
120 -17 4.2563272850107891e+05
122 -17 3.6372214574826160e+05
124 -17 2.9363796781554190e+05
126 -17 9.1535773470798624e+04
128 -17 7.0314928376161552e+04
102 -16 1.0624531197888477e+03
104 -16 2.8751556845618317e+04
106 -16 2.2476754866715998e+05
108 -16 8.9778738749336265e+05
110 -16 2.4062530829844265e+06
112 -16 4.7564737652168069e+06
114 -16 7.1692256958153760e+06
116 -16 8.7984064831225201e+06
118 -16 8.5473797640196308e+06
120 -16 6.8714228509682240e+06
122 -16 4.3130915047748089e+06
124 -16 2.3993059438959705e+06
126 -16 7.2737764708872407e+05
128 -16 3.4003418837602634e+05
96 -15 3.5992460446381489e+02
98 -15 3.9141480601562318e+04
100 -15 5.7332265055725246e+05
102 -15 3.4177350583500327e+06
104 -15 1.2475165941496586e+07
106 -15 3.2397461053705622e+07
108 -15 6.3606023269246079e+07
110 -15 1.0089568428278978e+08
112 -15 1.3020193203678566e+08
114 -15 1.3972258376197201e+08
116 -15 1.2664442735051504e+08
118 -15 9.5868182957190990e+07
120 -15 6.0890003301747166e+07
122 -15 3.1613543603612930e+07
124 -15 1.4133027221302012e+07
126 -15 3.8852317049465515e+06
128 -15 1.3403394177499223e+06
92 -14 2.0280124730021867e+04
94 -14 6.7849573785164498e+05
96 -14 7.1297271705896743e+06
98 -14 3.7274274392307073e+07
100 -14 1.2996456267662573e+08
102 -14 3.3353419083372110e+08
104 -14 6.7677133158172202e+08
106 -14 1.1137536904544640e+09
108 -14 1.5387647912160172e+09
110 -14 1.8010479507596242e+09
112 -14 1.8066931210897284e+09
114 -14 1.5580349471514220e+09
116 -14 1.1560065361973498e+09
118 -14 7.3343541631004024e+08
120 -14 3.9413239150905889e+08
122 -14 1.7592460360361010e+08
124 -14 6.5799110082542211e+07
126 -14 1.6346731799710199e+07
128 -14 4.2349687424821500e+06
86 -13 3.0544616287115414e+03
88 -13 3.6187355772351794e+05
90 -13 7.6610679347012220e+06
92 -13 6.5289537178639963e+07
94 -13 3.1841952924720263e+08
96 -13 1.0866923086467047e+09
98 -13 2.8361496868558874e+09
100 -13 5.9244862003139105e+09
102 -13 1.0266538145947115e+10
104 -13 1.5129437447991385e+10
106 -13 1.9177027548536110e+10
108 -13 2.1104546577497780e+10
110 -13 2.0247411086177486e+10
112 -13 1.7024090224808323e+10
114 -13 1.2457554234088823e+10
116 -13 7.9535801324479837e+09
118 -13 4.3632711180776844e+09
120 -13 2.0397771570404890e+09
122 -13 7.8943168113778961e+08
124 -13 2.5418315334851635e+08
126 -13 5.5808769453723080e+07
128 -13 1.1577190586173184e+07
80 -12 9.4608638879591194e+00
82 -12 6.9367098428624071e+04
84 -12 3.9493304240871635e+06
86 -12 6.3940034399971634e+07
88 -12 4.8034087132697880e+08
90 -12 2.2531012624068823e+09
92 -12 7.6856779284432821e+09
94 -12 2.0397774943690720e+10
96 -12 4.4346002512794106e+10
98 -12 8.1058423382889816e+10
100 -12 1.2709207197407138e+11
102 -12 1.7322618786084753e+11
104 -12 2.0732179711645801e+11
106 -12 2.1896987868402832e+11
108 -12 2.0453155956792334e+11
110 -12 1.6899580980400238e+11
112 -12 1.2329824821704620e+11
114 -12 7.8937890536574295e+10
116 -12 4.4209794462269821e+10
118 -12 2.1335624039210304e+10
120 -12 8.7837295206072235e+09
122 -12 2.9985629879106627e+09
124 -12 8.3451057275723648e+08
126 -12 1.6283021269904101e+08
128 -12 2.7019056391827933e+07
76 -11 2.4066076594066790e+03
78 -11 8.2576370011993696e+05
80 -11 3.1949002883022267e+07
82 -11 4.2804465420265913e+08
84 -11 2.9604814146856284e+09
86 -11 1.3603394619515198e+10
88 -11 4.6598155406673477e+10
90 -11 1.2697646019115764e+11
92 -11 2.8718684959368250e+11
94 -11 5.5175074153999731e+11
96 -11 9.2044054691075317e+11
98 -11 1.3464606187642065e+12
100 -11 1.7414096918444062e+12
102 -11 2.0042579357453882e+12
104 -11 2.0597134811333018e+12
106 -11 1.8874534461137458e+12
108 -11 1.5479821054882729e+12
110 -11 1.1278005738301785e+12
112 -11 7.2936933932753833e+11
114 -11 4.1543519500348596e+11
116 -11 2.0660552521713058e+11
118 -11 8.8758097200911148e+10
120 -11 3.2343969468610371e+10
122 -11 9.7596028329343204e+09
124 -11 2.3799103988857856e+09
126 -11 4.0915963898024094e+08
128 -11 5.5327801833100483e+07
72 -10 4.4282160299096155e+04
74 -10 7.0072057663676403e+06
76 -10 2.0687978310012668e+08
78 -10 2.3774263440556087e+09
80 -10 1.5533313170161818e+10
82 -10 7.0360769601273132e+10
84 -10 2.4427954084655029e+11
86 -10 6.8562307906485132e+11
88 -10 1.6172403574006050e+12
90 -10 3.2691713095382837e+12
92 -10 5.7755026901421533e+12
94 -10 9.0310743136145762e+12
96 -10 1.2582718513223098e+13
98 -10 1.5684615109768877e+13
100 -10 1.7567011039141707e+13
102 -10 1.7712556572837848e+13
104 -10 1.6080903713961148e+13
106 -10 1.3114344854274979e+13
108 -10 9.6021737969159688e+12
110 -10 6.2688885174262012e+12
112 -10 3.6335203562563159e+12
114 -10 1.8581257568428428e+12
116 -10 8.2796931948589148e+11
118 -10 3.1847417648480634e+11
120 -10 1.0361704041321939e+11
122 -10 2.7702598436778767e+10
124 -10 5.9263477053175125e+09
126 -10 8.9774249435900593e+08
128 -10 9.9281157071670249e+07
66 -9 4.7954770064810894e+01
68 -9 4.6866555379646650e+05
70 -9 4.6464686318368450e+07
72 -9 1.0794983728494263e+09
74 -9 1.1052183600293005e+10
76 -9 6.9205288739013550e+10
78 -9 3.1154429329623920e+11
80 -9 1.0953654358959863e+12
82 -9 3.1710344950901162e+12
84 -9 7.7887042434941094e+12
86 -9 1.6620219150255934e+13
88 -9 3.1170681159837453e+13
90 -9 5.1985710267526508e+13
92 -9 7.7764670742833250e+13
94 -9 1.0478140755795344e+14
96 -9 1.2739647536845450e+14
98 -9 1.4042871934402986e+14
100 -9 1.4024336802705466e+14
102 -9 1.2676997565780055e+14
104 -9 1.0347200295597106e+14
106 -9 7.6088980286894953e+13
108 -9 5.0364270335902992e+13
110 -9 2.9693036504080820e+13
112 -9 1.5565058128130186e+13
114 -9 7.1884136986259326e+12
116 -9 2.8860830018833877e+12
118 -9 9.9458047868527466e+11
120 -9 2.8933598611393396e+11
122 -9 6.8817318799111649e+10
124 -9 1.2944244602175810e+10
126 -9 1.7210719836639607e+09
128 -9 1.5690539198478752e+08
62 -8 2.2886655314661971e+03
64 -8 3.6641002732297583e+06
66 -8 2.4192197504653025e+08
68 -8 4.5478037633857269e+09
70 -8 4.2282788901126678e+10
72 -8 2.5578853305554199e+11
74 -8 1.1544137377465337e+12
76 -8 4.1431438501129502e+12
78 -8 1.2412061233374275e+13
80 -8 3.1861268311900363e+13
82 -8 7.1433219325413312e+13
84 -8 1.4212758216536431e+14
86 -8 2.5319497604601981e+14
88 -8 4.0656314215773738e+14
90 -8 5.9119060959212062e+14
92 -8 7.8030617328737300e+14
94 -8 9.3606824938145600e+14
96 -8 1.0229878630320392e+15
98 -8 1.0180243964594700e+15
100 -8 9.2097359267695188e+14
102 -8 7.5654562194304900e+14
104 -8 5.6212013257083450e+14
106 -8 3.7605717101170200e+14
108 -8 2.2621879066290612e+14
110 -8 1.2138070816925109e+14
112 -8 5.7761534040100312e+13
114 -8 2.4152439445537586e+13
116 -8 8.7576219632847646e+12
118 -8 2.7188064078768652e+12
120 -8 7.0755725272372498e+11
122 -8 1.4962003893459052e+11
124 -8 2.4750425751772507e+10
126 -8 2.8740694110296798e+09
128 -8 2.1818842429856548e+08
58 -7 4.1400311611871781e+04
60 -7 2.0737437086655486e+07
62 -7 9.5621695360997915e+08
64 -7 1.5117088716022921e+10
66 -7 1.3077748805681848e+11
68 -7 7.7451184213688550e+11
70 -7 3.5072763161091709e+12
72 -7 1.2900809631965854e+13
74 -7 4.0014318718719344e+13
76 -7 1.0761323080877353e+14
78 -7 2.5534598091012112e+14
80 -7 5.3998431202311500e+14
82 -7 1.0272180674815756e+15
84 -7 1.7706826205074705e+15
86 -7 2.7764715990413890e+15
88 -7 3.9692945211236320e+15
90 -7 5.1876626862277870e+15
92 -7 6.2007612649434410e+15
94 -7 6.7710492940709800e+15
96 -7 6.7529810629314960e+15
98 -7 6.1481294376809400e+15
100 -7 5.0894687749164680e+15
102 -7 3.8342917454456100e+15
104 -7 2.6105901049041365e+15
106 -7 1.6014232010668660e+15
108 -7 8.8002776032766712e+14
110 -7 4.3106290709117069e+14
112 -7 1.8668531880925162e+14
114 -7 7.0848439780344125e+13
116 -7 2.3232376376046457e+13
118 -7 6.4907047304969551e+12
120 -7 1.5108377964093054e+12
122 -7 2.8412937413715326e+11
124 -7 4.1256725574120712e+10
126 -7 4.1872751964281187e+09
128 -7 2.6635706505517620e+08
54 -6 3.5761908937494480e+05
56 -6 8.2589652662862852e+07
58 -6 2.8275375004741106e+09
60 -6 3.8859611833326935e+10
62 -6 3.1812560261352588e+11
64 -6 1.8590749791095544e+12
66 -6 8.5161017834939785e+12
68 -6 3.2213040286690801e+13
70 -6 1.0398283305978936e+14
72 -6 2.9370717502319188e+14
74 -6 7.3730614776667175e+14
76 -6 1.6615776343329688e+15
78 -6 3.3897275079769730e+15
80 -6 6.2886348255253990e+15
82 -6 1.0668844149092442e+16
84 -6 1.6547497800036964e+16
86 -6 2.3545536022063712e+16
88 -6 3.0732685037531168e+16
90 -6 3.6767457090648144e+16
92 -6 4.0385766829638096e+16
94 -6 4.0619944152043296e+16
96 -6 3.7367729604728880e+16
98 -6 3.1398772949535720e+16
100 -6 2.4013426910166828e+16
102 -6 1.6646396097108104e+16
104 -6 1.0433394253844428e+16
106 -6 5.8873620299356690e+15
108 -6 2.9678363742688410e+15
110 -6 1.3296185908981515e+15
112 -6 5.2534847854632894e+14
114 -6 1.8106700901889591e+14
116 -6 5.3712565558543984e+13
118 -6 1.3472352517645381e+13
120 -6 2.8078492462676943e+12
122 -6 4.6806094142852948e+11
124 -6 5.9742532462202042e+10
126 -6 5.2804123553327475e+09
128 -6 2.8420656032134378e+08
50 -5 1.7613972609219516e+06
52 -5 2.2802351126361290e+08
54 -5 6.1008911393772564e+09
56 -5 7.5301644318835739e+10
58 -5 5.9133610425305408e+11
60 -5 3.4377215367447695e+12
62 -5 1.6002743177261381e+13
64 -5 6.2500448706324547e+13
66 -5 2.1088447836263441e+14
68 -5 6.2708186432198150e+14
70 -5 1.6740244407426950e+15
72 -5 4.0340429568727695e+15
74 -5 8.8444884403543120e+15
76 -5 1.7724742499879138e+16
78 -5 3.2575398617390320e+16
80 -5 5.4985554052950304e+16
82 -5 8.5338993467313040e+16
84 -5 1.2198858124374360e+17
86 -5 1.6024256003395229e+17
88 -5 1.9378813529658704e+17
90 -5 2.1549479072795603e+17
92 -5 2.1976637658887315e+17
94 -5 2.0544457834162992e+17
96 -5 1.7573361826704762e+17
98 -5 1.3693004597492576e+17
100 -5 9.7075568598616672e+16
102 -5 6.2389414236610320e+16
104 -5 3.6051188680247880e+16
106 -5 1.8731395984861768e+16
108 -5 8.6771830131425440e+15
110 -5 3.5639617338603475e+15
112 -5 1.2830556274780660e+15
114 -5 4.0167743622351181e+14
116 -5 1.0768355900319300e+14
118 -5 2.4283486890875578e+13
120 -5 4.5120707466143555e+12
122 -5 6.6605594425720569e+11
124 -5 7.4498491674958466e+10
126 -5 5.7248207378800278e+09
128 -5 2.6205302138273686e+08
46 -4 5.2534811706048660e+06
48 -4 4.2585675503480357e+08
50 -4 9.3477724358888302e+09
52 -4 1.0611530644396466e+11
54 -4 8.1068177027873035e+11
56 -4 4.7078996208223867e+12
58 -4 2.2401554812878457e+13
60 -4 9.0537022905883125e+13
62 -4 3.2021213351415944e+14
64 -4 1.0114075559791912e+15
66 -4 2.8771201607698765e+15
68 -4 7.4501374809993780e+15
70 -4 1.7654780145060042e+16
72 -4 3.8384126389277736e+16
74 -4 7.6694174975041920e+16
76 -4 1.4140682065204186e+17
78 -4 2.4058602243409862e+17
80 -4 3.7742799842084634e+17
82 -4 5.4651355010205888e+17
84 -4 7.3020602603636557e+17
86 -4 8.9890399926683187e+17
88 -4 1.0172847602064687e+18
90 -4 1.0584426030897631e+18
92 -4 1.0110817402699222e+18
94 -4 8.8292249723887962e+17
96 -4 7.0440142023258368e+17
98 -4 5.1217930991593018e+17
100 -4 3.3741817918467494e+17
102 -4 2.0108238002289114e+17
104 -4 1.0758060471490728e+17
106 -4 5.1587454612699888e+16
108 -4 2.1947135218206496e+16
110 -4 8.2565965728546990e+15
112 -4 2.7137410990452290e+15
114 -4 7.7064237324900688e+14
116 -4 1.8638180968042331e+14
118 -4 3.7730626704370820e+13
120 -4 6.2395059342986211e+12
122 -4 8.1292682843997925e+11
124 -4 7.9370876457000885e+10
126 -4 5.2850328975558786e+09
128 -4 2.0592293920960039e+08
40 -3 6.4741097324779785e+03
42 -3 9.3746019613241963e+06
44 -3 5.2349846532161760e+08
46 -3 9.8865900364386444e+09
48 -3 1.0509538310825435e+11
50 -3 7.8441933431205347e+11
52 -3 4.5783008714561719e+12
54 -3 2.2298658705417480e+13
56 -3 9.3872040443481531e+13
58 -3 3.4990411064047762e+14
60 -3 1.1759018031062605e+15
62 -3 3.5896755655235435e+15
64 -3 1.0026694043141630e+16
66 -3 2.5758343283607640e+16
68 -3 6.1106156860279968e+16
70 -3 1.3379761950209792e+17
72 -3 2.7079718597977110e+17
74 -3 5.0713239704508915e+17
76 -3 8.7885430721005005e+17
78 -3 1.4085660881505577e+18
80 -3 2.0890790343346089e+18
82 -3 2.8556748043690583e+18
84 -3 3.6005416168126971e+18
86 -3 4.1876369104853350e+18
88 -3 4.4702096326941727e+18
90 -3 4.3818811049390884e+18
92 -3 3.9340093918158817e+18
94 -3 3.2275796191242726e+18
96 -3 2.4117946544297667e+18
98 -3 1.6369232932697715e+18
100 -3 1.0057084183827776e+18
102 -3 5.5644089268402336e+17
104 -3 2.7626453662677392e+17
106 -3 1.2219143380183882e+17
108 -3 4.7862178604585392e+16
110 -3 1.6488328769200626e+16
112 -3 4.9318286128276850e+15
114 -3 1.2696224455750100e+15
116 -3 2.7662647233390584e+14
118 -3 5.0151734158910328e+13
120 -3 7.3446228253965127e+12
122 -3 8.4195011583897693e+11
124 -3 7.1531123629087830e+10
126 -3 4.0964275512910190e+09
128 -3 1.3609059604048797e+08
36 -2 2.4086433774745994e+04
38 -2 9.8699119713269286e+06
40 -2 4.1293798306733781e+08
42 -2 6.8525313242762260e+09
44 -2 6.9020829934253387e+10
46 -2 5.0711218440360938e+11
48 -2 2.9840931411125269e+12
50 -2 1.4931775182597002e+13
52 -2 6.5564941442067359e+13
54 -2 2.5907999612240081e+14
56 -2 9.2997140049839062e+14
58 -2 3.0637391387744705e+15
60 -2 9.2945687343631820e+15
62 -2 2.6112185353710432e+16
64 -2 6.7917945203448200e+16
66 -2 1.6389402852208144e+17
68 -2 3.6688609302819712e+17
70 -2 7.6248839396399155e+17
72 -2 1.4693776237764854e+18
74 -2 2.6261333940272471e+18
76 -2 4.3440044850652119e+18
78 -2 6.6448366245565901e+18
80 -2 9.3925342380157174e+18
82 -2 1.2243691531842550e+19
84 -2 1.4698710338766721e+19
86 -2 1.6244466850722417e+19
88 -2 1.6457924944144597e+19
90 -2 1.5265945460084003e+19
92 -2 1.2950793166893980e+19
94 -2 1.0010702620371687e+19
96 -2 7.0265144280067645e+18
98 -2 4.4669965281105797e+18
100 -2 2.5613002935165148e+18
102 -2 1.3184822304079178e+18
104 -2 6.0670913494339546e+17
106 -2 2.4784440516053226e+17
108 -2 8.9255050615564976e+16
110 -2 2.8135307303880400e+16
112 -2 7.6581031685357180e+15
114 -2 1.7842741886695615e+15
116 -2 3.4950347315473362e+14
118 -2 5.6415740689013430e+13
120 -2 7.3099622791827051e+12
122 -2 7.3184405872559521e+11
124 -2 5.3718529818813644e+10
126 -2 2.6332785721521554e+09
128 -2 7.5256044060441449e+07
32 -1 2.9673303413095760e+04
34 -1 5.9584136689170459e+06
36 -1 1.9721009254493469e+08
38 -1 2.9338524651388760e+09
40 -1 2.7992727511352314e+10
42 -1 2.0205297966837799e+11
44 -1 1.2010122405574089e+12
46 -1 6.2022839216314189e+12
48 -1 2.8666234224209438e+13
50 -1 1.2035479848469906e+14
52 -1 4.6554629887239244e+14
54 -1 1.6668679126718340e+15
56 -1 5.5405109187636030e+15
58 -1 1.7112666265279444e+16
60 -1 4.9303733211528552e+16
62 -1 1.3217614012672512e+17
64 -1 3.3042643442983936e+17
66 -1 7.6751125351867674e+17
68 -1 1.6611628364282578e+18
70 -1 3.3384417057041879e+18
72 -1 6.2230987944133581e+18
74 -1 1.0739964234098706e+19
76 -1 1.7149077351852671e+19
78 -1 2.5325340433355379e+19
80 -1 3.4425806463890620e+19
82 -1 4.3121968518463676e+19
84 -1 4.9671504620486189e+19
86 -1 5.2381067863153893e+19
88 -1 5.0600779389645824e+19
90 -1 4.4659306078666424e+19
92 -1 3.5877851624135393e+19
94 -1 2.6194307216243102e+19
96 -1 1.7320925185736622e+19
98 -1 1.0329145529851451e+19
100 -1 5.5401698190995763e+18
102 -1 2.6592183414847939e+18
104 -1 1.1351696861049318e+18
106 -1 4.2803819371104538e+17
108 -1 1.4182592723047141e+17
110 -1 4.0836325200892584e+16
112 -1 1.0105686722948658e+16
114 -1 2.1237857923917220e+15
116 -1 3.7272165714287550e+14
118 -1 5.3412459627297523e+13
120 -1 6.0726393891884258e+12
122 -1 5.2863148748000452e+11
124 -1 3.3202311749072823e+10
126 -1 1.3794157287436616e+09
128 -1 3.3422650055023529e+07
28 0 1.5518478172174922e+04
30 0 1.8678727757480924e+06
32 0 5.0510087560169294e+07
34 0 6.7828825540313077e+08
36 0 6.1486035612840271e+09
38 0 4.3710316274918678e+10
40 0 2.6350792686550830e+11
42 0 1.4136633440145276e+12
44 0 6.9401988773229834e+12
46 0 3.1514527155694133e+13
48 0 1.3275821556318305e+14
50 0 5.2198142812161662e+14
52 0 1.9230052788303025e+15
54 0 6.6186736415089690e+15
56 0 2.1331015414180684e+16
58 0 6.4269289032233864e+16
60 0 1.8113727780715386e+17
62 0 4.7721477801105472e+17
64 0 1.1726706438539758e+18
66 0 2.6812026867736515e+18
68 0 5.7009521785729618e+18
70 0 1.1241651830677748e+19
72 0 2.0535314913084494e+19
74 0 3.4704044352414171e+19
76 0 5.4038478899811090e+19
78 0 7.7623315832136614e+19
80 0 1.0246236528753725e+20
82 0 1.2409817936540582e+20
84 0 1.3775331231595197e+20
86 0 1.3974132746883216e+20
88 0 1.2931980636147391e+20
90 0 1.0891106110631138e+20
92 0 8.3224590114206614e+19
94 0 5.7601095227411513e+19
96 0 3.5973455283174187e+19
98 0 2.0183628657039483e+19
100 0 1.0133789346554454e+19
102 0 4.5372155814777016e+18
104 0 1.7970760786556654e+18
106 0 6.2615663613394074e+17
108 0 1.9047936490216630e+17
110 0 5.0053754337977200e+16
112 0 1.1238758568518788e+16
114 0 2.1251191405289885e+15
116 0 3.3249872166883331e+14
118 0 4.2040001942617219e+13
120 0 4.1673352090639019e+12
122 0 3.1098149462161987e+11
124 0 1.6587694404095795e+10
126 0 5.8228304873059881e+08
128 0 1.2179334745971726e+07
24 1 2.9069335761914381e+03
26 1 2.3131928999311081e+05
28 1 5.1954232054327484e+06
30 1 6.3300810911064446e+07
32 1 5.4564933034325337e+08
34 1 3.8255801854957771e+09
36 1 2.3929956353134903e+10
38 1 1.3900216876232834e+11
40 1 7.5472294685150415e+11
42 1 3.8351703265304839e+12
44 1 1.8210949108973816e+13
46 1 8.1037381063624141e+13
48 1 3.3755573986142838e+14
50 1 1.3208847746766208e+15
52 1 4.8535763042183940e+15
54 1 1.6759992197993076e+16
56 1 5.4234415653016032e+16
58 1 1.6408795391028509e+17
60 1 4.6502889972496570e+17
62 1 1.2289042195112310e+18
64 1 3.0276287481147663e+18
66 1 6.9310476520526387e+18
68 1 1.4702498886929662e+19
70 1 2.8859287079294919e+19
72 1 5.2331986520276156e+19
74 1 8.7506244202698047e+19
76 1 1.3445550882353018e+20
78 1 1.8964201096634771e+20
80 1 2.4489082308979134e+20
82 1 2.8915136388090046e+20
84 1 3.1154960948517994e+20
86 1 3.0556595844211973e+20
88 1 2.7217988996286136e+20
90 1 2.1997167552873287e+20
92 1 1.6057073641432043e+20
94 1 1.0568635644241627e+20
96 1 6.2517019554408972e+19
98 1 3.3041773765008503e+19
100 1 1.5572266175611863e+19
102 1 6.5014751018570998e+18
104 1 2.3915225153836739e+18
106 1 7.7010139720472013e+17
108 1 2.1488274344822560e+17
110 1 5.1426881582915256e+16
112 1 1.0441442867332690e+16
114 1 1.7706868571887992e+15
116 1 2.4555164432259172e+14
118 1 2.7188558748896570e+13
120 1 2.3290250096334810e+12
122 1 1.4746561123815277e+11
124 1 6.6295249392730694e+09
126 1 1.9582321702651197e+08
128 1 3.6956265755214477e+06
28 2 2.0991373970815149e+05
30 2 1.1252648944772849e+07
32 2 2.1735032890969542e+08
34 2 2.4697571317801661e+09
36 2 2.0664698610652618e+10
38 2 1.4205762016398544e+11
40 2 8.5352735333456274e+11
42 2 4.6666256928473721e+12
44 2 2.3473284246850129e+13
46 2 1.0985979382279877e+14
48 2 4.8039149688234950e+14
50 2 1.9597618642816775e+15
52 2 7.5113584568329800e+15
54 2 2.6872661083442080e+16
56 2 8.9877118491369984e+16
58 2 2.8084957027734742e+17
60 2 8.1863952065067622e+17
62 2 2.2176791970115195e+18
64 2 5.5818859374433946e+18
66 2 1.3003319459238724e+19
68 2 2.7981972805507760e+19
70 2 5.5519184668606865e+19
72 2 1.0137502544129006e+20
74 2 1.6967987629416720e+20
76 2 2.6013531506515591e+20
78 2 3.6410582911668276e+20
80 2 4.6445652556982498e+20
82 2 5.3915718862700315e+20
84 2 5.6831977635475823e+20
86 2 5.4278593689806393e+20
88 2 4.6848685365141229e+20
90 2 3.6481493669849190e+20
92 2 2.5571819672343219e+20
94 2 1.6063274028912158e+20
96 2 9.0206603398454329e+19
98 2 4.5080625251686236e+19
100 2 1.9971863472444019e+19
102 2 7.7935424998267341e+18
104 2 2.6642975047945912e+18
106 2 7.9089492098607680e+17
108 2 2.0244325122402989e+17
110 2 4.4057758082573096e+16
112 2 8.0463916908860520e+15
114 2 1.2156118796982260e+15
116 2 1.4845942406457456e+14
118 2 1.4263275237407672e+13
120 2 1.0404298525523495e+12
122 2 5.5518826750347214e+10
124 2 2.0872115600423810e+09
126 2 5.2565829567469984e+07
128 2 8.2193121523808932e+05
30 3 1.7291578090044291e+04
32 3 6.0019874240170382e+06
34 3 2.4254971190235823e+08
36 3 4.0999311192240744e+09
38 3 4.3956004986172569e+10
40 3 3.5720123520163269e+11
42 3 2.4119851803773613e+12
44 3 1.4217416244961857e+13
46 3 7.5497886668941438e+13
48 3 3.6668116173968588e+14
50 3 1.6440654494734998e+15
52 3 6.8285376687015110e+15
54 3 2.6282710464024184e+16
56 3 9.3873625410441824e+16
58 3 3.1147183348054707e+17
60 3 9.5770948449076096e+17
62 3 2.7250205045771182e+18
64 3 7.1487452145673953e+18
66 3 1.7289873349950646e+19
68 3 3.8434381748442890e+19
70 3 7.8373255717419401e+19
72 3 1.4616816138887707e+20
74 3 2.4868872118012343e+20
76 3 3.8500765145896773e+20
78 3 5.4161942063104282e+20
80 3 6.9008211850234194e+20
82 3 7.9601222009135327e+20
84 3 8.2835151918813925e+20
86 3 7.7644603330681412e+20
88 3 6.5396590872109240e+20
90 3 4.9423212858638408e+20
92 3 3.3368350524040643e+20
94 3 2.0106556743095717e+20
96 3 1.0765069163373889e+20
98 3 5.0995231810044707e+19
100 3 2.1260839311149806e+19
102 3 7.7598055048460636e+18
104 3 2.4667044069164227e+18
106 3 6.7529145788188429e+17
108 3 1.5794022000407133e+17
110 3 3.1146849462364072e+16
112 3 5.1021516627589170e+15
114 3 6.8214555857795262e+14
116 3 7.2569566755423797e+13
118 3 5.9705052291196436e+12
120 3 3.6817993346186707e+11
122 3 1.6384633265932608e+10
124 3 5.1651320966619486e+08
126 3 1.0806565688882679e+07
128 3 1.4338747656574578e+05
34 4 5.3575480388577457e+05
36 4 9.7781813059792578e+07
38 4 3.0391802093446231e+09
40 4 4.5995137386936005e+10
42 4 4.6705111473906262e+11
44 4 3.6846474971942344e+12
46 4 2.4348527573404094e+13
48 4 1.4095653311851462e+14
50 4 7.3185018005120550e+14
52 4 3.4541519217350625e+15
54 4 1.4888533589363290e+16
56 4 5.9016237183428848e+16
58 4 2.1433908971729331e+17
60 4 7.1605492154961946e+17
62 4 2.1929886202079811e+18
64 4 6.1585964484774810e+18
66 4 1.5818357448440867e+19
68 4 3.7088884298162520e+19
70 4 7.9181550873253249e+19
72 4 1.5368058975086536e+20
74 4 2.7025361928124095e+20
76 4 4.2931894931666122e+20
78 4 6.1506604013836829e+20
80 4 7.9343732361455036e+20
82 4 9.1911725078050845e+20
84 4 9.5414515054261528e+20
86 4 8.8601615188637201e+20
88 4 7.3419759360980143e+20
90 4 5.4176421606106228e+20
92 4 3.5533629203415853e+20
94 4 2.0612611059467675e+20
96 4 1.0560066740518615e+20
98 4 4.7515562524880978e+19
100 4 1.8706565548770918e+19
102 4 6.3994906950523648e+18
104 4 1.8861919594548342e+18
106 4 4.7596450942141786e+17
108 4 1.0151265790881565e+17
110 4 1.8076416138457476e+16
112 4 2.6360826163036800e+15
114 4 3.0893448361829450e+14
116 4 2.8392277293414156e+13
118 4 1.9830446405188411e+12
120 4 1.0169810168772614e+11
122 4 3.7512506572286472e+09
124 4 9.6713502008505940e+07
126 4 1.6314896649334149e+06
128 4 3.0813258852857281e+04
38 5 1.0084428420480916e+07
40 5 9.7346520023294616e+08
42 5 2.4983653483148579e+10
44 5 3.4140554609525708e+11
46 5 3.2966658077680864e+12
48 5 2.5142442696223145e+13
50 5 1.6231873516537338e+14
52 5 9.1626257288025800e+14
54 5 4.6319196046537810e+15
56 5 2.1121473023599332e+16
58 5 8.7299938098311552e+16
60 5 3.2705191939563373e+17
62 5 1.1137310146593971e+18
64 5 3.4403363588860334e+18
66 5 9.6310086079931924e+18
68 5 2.4405374847594521e+19
70 5 5.5815352600264540e+19
72 5 1.1499814055483903e+20
74 5 2.1308744708047366e+20
76 5 3.5381536547120087e+20
78 5 5.2533818631433473e+20
80 5 6.9597155624947679e+20
82 5 8.2109480415999466e+20
84 5 8.6066525463378762e+20
86 5 8.0013609219295661e+20
88 5 6.5848800705218242e+20
90 5 4.7815765043408798e+20
92 5 3.0618225049297663e+20
94 5 1.7216593830938965e+20
96 5 8.4743297346399076e+19
98 5 3.6369905482826469e+19
100 5 1.3535151904849312e+19
102 5 4.3383103229779999e+18
104 5 1.1884268720747950e+18
106 5 2.7570564869814784e+17
108 5 5.3441246835465184e+16
110 5 8.5412034566166060e+15
112 5 1.1024845792344555e+15
114 5 1.1212732180286892e+14
116 5 8.7729905419077305e+12
118 5 5.1098606959581671e+11
120 5 2.1617815440095108e+10
122 5 6.4456885383441961e+08
124 5 1.3100706079603944e+07
126 5 1.6930912473852516e+05
42 6 1.0065341045509134e+08
44 6 6.6138279497078953e+09
46 6 1.4082023190576025e+11
48 6 1.7781818301703408e+12
50 6 1.6209012873959518e+13
52 6 1.1961428172429833e+14
54 6 7.4700785162463112e+14
56 6 4.1033545452545520e+15
58 6 2.0007556198194944e+16
60 6 8.7365865042687488e+16
62 6 3.4154976605846042e+17
64 6 1.1990442780451773e+18
66 6 3.7669071074312663e+18
68 6 1.0598689922427433e+19
70 6 2.6656036698616353e+19
72 6 5.9763008391414678e+19
74 6 1.1929636305940722e+20
76 6 2.1133096830495398e+20
78 6 3.3144935115537449e+20
80 6 4.5892539493533365e+20
82 6 5.6057484327083809e+20
84 6 6.0166228222280047e+20
86 6 5.6710551359921167e+20
88 6 4.6808017861602863e+20
90 6 3.3788470700586906e+20
92 6 2.1289288559653234e+20
94 6 1.1676323901580568e+20
96 6 5.5483492373481562e+19
98 6 2.2763531341350220e+19
100 6 8.0261027690107310e+18
102 6 2.4155021635099402e+18
104 6 6.1429818036197824e+17
106 6 1.3066005075919110e+17
108 6 2.2915969175706232e+16
110 6 3.2604056758495440e+15
112 6 3.6794306655473906e+14
114 6 3.2173214778502234e+13
116 6 2.1075670374698525e+12
118 6 1.0103161811894308e+11
120 6 3.4218585682235794e+09
122 6 7.8420212466374174e+07
124 6 1.3103950744488076e+06
46 7 6.9855266495959401e+08
48 7 3.0987176499521309e+10
50 7 5.7022617740121570e+11
52 7 6.5795665248456689e+12
54 7 5.7267756762301727e+13
56 7 4.0358238772678950e+14
58 7 2.4494263186627835e+15
60 7 1.2915104445313074e+16
62 7 6.0235014556185000e+16
64 7 2.4795277590239712e+17
66 7 9.0535391357586893e+17
68 7 2.9181263431311391e+18
70 7 8.3152174571976643e+18
72 7 2.0867492476175245e+19
74 7 4.6108439010676326e+19
76 7 8.9305605541905351e+19
78 7 1.5129036731097288e+20
80 7 2.2383291569744049e+20
82 7 2.8810244063522406e+20
84 7 3.2226264563228266e+20
86 7 3.1217671755504209e+20
88 7 2.6217413302806390e+20
90 7 1.9010562795477264e+20
92 7 1.1900133981381663e+20
94 7 6.4015084535021634e+19
96 7 2.9558540924701499e+19
98 7 1.1646963481714381e+19
100 7 3.9017403592236252e+18
102 7 1.1002373148340835e+18
104 7 2.5947014562472205e+17
106 7 5.0397498006335336e+16
108 7 7.9526777465655140e+15
110 7 9.9855046893607338e+14
112 7 9.7562227678300797e+13
114 7 7.1980589718199189e+12
116 7 3.8859380927321338e+11
118 7 1.4801772678635157e+10
120 7 3.7839827994304591e+08
122 7 6.0475669898964800e+06
48 8 1.2535654268315535e+07
50 8 3.1305917016261067e+09
52 8 1.0412528342243239e+11
54 8 1.6697570044687214e+12
56 8 1.7947804609395543e+13
58 8 1.4667695035879753e+14
60 8 9.9376097907010138e+14
62 8 5.7422294592094520e+15
64 8 2.8971500356806324e+16
66 8 1.2696037704328216e+17
68 8 4.8646617936924493e+17
70 8 1.6228423629328722e+18
72 8 4.7132799078554941e+18
74 8 1.1871270307971420e+19
76 8 2.5871594291598635e+19
78 8 4.8707902512927416e+19
80 8 7.8885505725221880e+19
82 8 1.0963515450055862e+20
84 8 1.3029888603836821e+20
86 8 1.3234225461709133e+20
88 8 1.1471781377389650e+20
90 8 8.4689604215052255e+19
92 8 5.3153151364277608e+19
94 8 2.8325437646903955e+19
96 8 1.2781649414537417e+19
98 8 4.8602852632776919e+18
100 8 1.5482208057545359e+18
102 8 4.1019766879877376e+17
104 8 8.9368257601197376e+16
106 8 1.5782801622322220e+16
108 8 2.2231368070131945e+15
110 8 2.4417899589771994e+14
112 8 2.0303120268261672e+13
114 8 1.2342862550648271e+12
116 8 5.2956011169788475e+10
118 8 1.4985022771689093e+09
120 8 2.6261245359421130e+07
52 9 9.8258233146170959e+07
54 9 9.6654838931972408e+09
56 9 2.5311592192492508e+11
58 9 3.6388425237178374e+12
60 9 3.5658747836133352e+13
62 9 2.7815999940621050e+14
64 9 1.7789756266902520e+15
66 9 9.7963696338654020e+15
68 9 4.6119652102303824e+16
70 9 1.8734991956052896e+17
72 9 6.5294661956741530e+17
74 9 1.9491379844292529e+18
76 9 4.9467896066132285e+18
78 9 1.0671687664362349e+19
80 9 1.9491374188322980e+19
82 9 3.0057854523847696e+19
84 9 3.9049926424810185e+19
86 9 4.2488156359167230e+19
88 9 3.8783185663899697e+19
90 9 2.9625246719922455e+19
92 9 1.8893807005535625e+19
94 9 1.0076934807040811e+19
96 9 4.4742038954285471e+18
98 9 1.6482437696850071e+18
100 9 5.0059079953901235e+17
102 9 1.2446907204015982e+17
104 9 2.4975047499418936e+16
106 9 3.9961920624127940e+15
108 9 4.9671680460919200e+14
110 9 4.6850856969500219e+13
112 9 3.2394424709478276e+12
114 9 1.5707454546970819e+11
116 9 4.9721065162893972e+09
118 9 9.1599168087624148e+07
56 10 3.4572104633363008e+08
58 10 2.0866027762511799e+10
60 10 4.6421536855589111e+11
62 10 5.7390375413417539e+12
64 10 5.3324419413521836e+13
66 10 3.8459037429808344e+14
68 10 2.3450112880381760e+15
70 10 1.1973417217197744e+16
72 10 5.2076131192440520e+16
74 10 1.9080787804133136e+17
76 10 5.8902571843764685e+17
78 10 1.5130108011867919e+18
80 10 3.2386524871094912e+18
82 10 5.7449107050994319e+18
84 10 8.3998785074816963e+18
86 10 1.0105125806364137e+19
88 10 9.9625465125948498e+18
90 10 8.0395088437841654e+18
92 10 5.3080427799114404e+18
94 10 2.8635818161794519e+18
96 10 1.2642000471922788e+18
98 10 4.5392933387830848e+17
100 10 1.3188279175705510e+17
102 10 3.0757107413339668e+16
104 10 5.6677886833538180e+15
106 10 8.1132690586542562e+14
108 10 8.7970020255285312e+13
110 10 6.9801066902819277e+12
112 10 3.8577251855505792e+11
114 10 1.3763998644161278e+10
116 10 2.7884304257247251e+08
60 11 7.2752577378587484e+08
62 11 3.5331448302563416e+10
64 11 5.9445460079765344e+11
66 11 6.9204232482504727e+12
68 11 5.7723541033581078e+13
70 11 3.9540260513992281e+14
72 11 2.2141372982180478e+15
74 11 1.0429536458222696e+16
76 11 4.0488993739723272e+16
78 11 1.3029276294018237e+17
80 11 3.4089444909573952e+17
82 11 7.2575384529877658e+17
84 11 1.2450267070398090e+18
86 11 1.7203581041824965e+18
88 11 1.8972180328178435e+18
90 11 1.6635211614790559e+18
92 11 1.1620235236496300e+18
94 11 6.4660939069650189e+17
96 11 2.8711615313859622e+17
98 11 1.0129599338277333e+17
100 11 2.8263800883201980e+16
102 11 6.1687771709849860e+15
104 11 1.0381751063196485e+15
106 11 1.3175050192595953e+14
108 11 1.2171807002459979e+13
110 11 7.8079970413186523e+11
112 11 3.1982183088691788e+10
114 11 7.2283305114423668e+08
64 12 1.4319085369100776e+09
66 12 3.7817238480662170e+10
68 12 5.9713204266831616e+11
70 12 5.9427827935954658e+12
72 12 4.6944685305994312e+13
74 12 2.8970538560911325e+14
76 12 1.5008581013087132e+15
78 12 6.2208211921559000e+15
80 12 2.1113414884805536e+16
82 12 5.6355866426043288e+16
84 12 1.1973912440784432e+17
86 12 1.9846978593321104e+17
88 12 2.5678034759718432e+17
90 12 2.5541382350834077e+17
92 12 1.9501459772107462e+17
94 12 1.1454034416347213e+17
96 12 5.1982851457763232e+16
98 12 1.8227919688518080e+16
100 12 4.9066899166187080e+15
102 12 1.0035836039908285e+15
104 12 1.5283474373434062e+14
106 12 1.6841630824765549e+13
108 12 1.2844926424016587e+12
110 12 6.1507691532816788e+10
112 12 1.5974621759314134e+09
66 13 1.9096857296031982e+07
68 13 1.3302014002209654e+09
70 13 3.2698023683105324e+10
72 13 4.1056967361470563e+11
74 13 3.8867855195625425e+12
76 13 2.6656985201799930e+13
78 13 1.5402590181587631e+14
80 13 6.8753846553288062e+14
82 13 2.4872600162228205e+15
84 13 6.8153676950797110e+15
86 13 1.4500748957871506e+16
88 13 2.2998277675246472e+16
90 13 2.7611393661438792e+16
92 13 2.4222538709773132e+16
94 13 1.5636235170369554e+16
96 13 7.4554881069896360e+15
98 13 2.6382357740887690e+15
100 13 6.8941681961322725e+14
102 13 1.3177368821981003e+14
104 13 1.7924486127652148e+13
106 13 1.6694381117517236e+12
108 13 9.6295877399517578e+10
110 13 2.9729707185293512e+09
70 14 1.6398638573773298e+07
72 14 1.0048217410893933e+09
74 14 1.8010669407886551e+10
76 14 2.2138465647806854e+11
78 14 1.7089579967141133e+12
80 14 1.1290329670853326e+13
82 14 5.3955552550739961e+13
84 14 2.1229691773519700e+14
86 14 5.9401656816675375e+14
88 14 1.2732237912796330e+15
90 14 1.9077851783993730e+15
92 14 2.1095912241531672e+15
94 14 1.5866444266978190e+15
96 14 8.3072218129341600e+14
98 14 3.0369000780895781e+14
100 14 7.8145755770506797e+13
102 14 1.3863201172188027e+13
104 14 1.6528188053453108e+12
106 14 1.1962374293236127e+11
108 14 4.5939929487002878e+09
74 15 1.1923597496182397e+07
76 15 4.4973135201407754e+08
78 15 8.8291817895036945e+09
80 15 7.6105908588803223e+10
82 15 5.9810095992440820e+11
84 15 3.0123399313058491e+12
86 15 1.3020319800309164e+13
88 15 3.6853168951477445e+13
90 15 8.0175914631102172e+13
92 15 1.1107400627343484e+14
94 15 1.1323272999575141e+14
96 15 6.9116107315573500e+13
98 15 2.7670447133855230e+13
100 15 7.0268513922630459e+12
102 15 1.1592046724940605e+12
104 15 1.1126038297225510e+11
106 15 5.6939287177658291e+09
78 16 4.6949512963641034e+06
80 16 2.4397760793774587e+08
82 16 2.3699741186743259e+09
84 16 2.3197473753038006e+10
86 16 1.1758178437199161e+11
88 16 5.7577321474928821e+11
90 16 1.5857969883638757e+12
92 16 3.5554996449387939e+12
94 16 4.3440526420264800e+12
96 16 4.1816483554844819e+12
98 16 1.8572975292808552e+12
100 16 5.0682643747051672e+11
102 16 7.0425527609878922e+10
104 16 5.3678215421340380e+09
80 17 3.2078426473806198e+03
82 17 4.6944469714104123e+06
84 17 5.1521426227331720e+07
86 17 6.4724805909644806e+08
88 17 3.1664502038599010e+09
90 17 1.8280053964745499e+10
92 17 4.5482097815013077e+10
94 17 1.0730739253621037e+11
96 17 1.0400366275167911e+11
98 17 1.0026860691655580e+11
100 17 2.3997506944029430e+10
102 17 3.4936210517338409e+09
84 18 5.4191817149418741e+04
86 18 7.7495773148324643e+05
88 18 1.2553206554777095e+07
90 18 5.5003990659401052e+07
92 18 4.1243476199001896e+08
94 18 8.0021614526038635e+08
96 18 2.0133922282218196e+09
98 18 1.1485323337627397e+09
100 18 1.2507818464298091e+09
88 19 7.3092484227935001e+03
90 19 1.4598194633561894e+05
92 19 5.4781861206907674e+05
94 19 6.2165667222446855e+06
96 19 6.9060725247499514e+06
98 19 1.7901365680198491e+07
92 20 8.2703700387903223e+02
94 20 2.1330062052377539e+03
96 20 5.1885432720053010e+04
