134 -21 4.8146682068822265e+01
136 -21 8.0370531079232194e+01
140 -21 1.5864438841876671e+02
122 -20 4.0342482283861818e+00
124 -20 7.2243300866377652e+01
126 -20 2.6714244409679759e+02
128 -20 1.3385729296978129e+03
130 -20 4.8271549974085419e+03
132 -20 4.5563446214085689e+03
134 -20 6.9831168887628564e+03
136 -20 7.8126283366241178e+03
138 -20 1.3157740834603712e+03
140 -20 2.8275856332239905e+03
116 -19 1.4018031725201174e+01
118 -19 6.7438567266646271e+02
120 -19 5.7275981550364040e+03
122 -19 2.1941325545209645e+04
124 -19 7.3761867815314297e+04
126 -19 1.4957356335260597e+05
128 -19 2.0732136487399225e+05
130 -19 2.6804331317859999e+05
132 -19 2.1799207592407387e+05
134 -19 1.5432949283900214e+05
136 -19 9.4855390424276397e+04
138 -19 2.3575630669617905e+04
140 -19 1.3388344940537634e+04
110 -18 8.2520632622659900e+00
112 -18 1.4192480950689978e+03
114 -18 2.7775710942173631e+04
116 -18 1.7781567972230742e+05
118 -18 6.4778132746746088e+05
120 -18 1.6867125857390545e+06
122 -18 3.2470119120975742e+06
124 -18 4.7930231204149807e+06
126 -18 5.6663347474560365e+06
128 -18 5.4240998032490322e+06
130 -18 4.1787994475042950e+06
132 -18 2.6477689651878290e+06
134 -18 1.3000521796067262e+06
136 -18 5.5542060915653035e+05
138 -18 1.2760633713171940e+05
140 -18 4.6931700140586399e+04
106 -17 9.7090451431471422e+02
108 -17 6.1533170199269931e+04
110 -17 6.1466911074991955e+05
112 -17 3.1947626066575088e+06
114 -17 1.0609297061017623e+07
116 -17 2.6044786431588542e+07
118 -17 4.9353346340053275e+07
120 -17 7.3972030645130470e+07
122 -17 9.1975822805182323e+07
124 -17 9.3741178258202270e+07
126 -17 8.0281436866693467e+07
128 -17 5.7663117543008864e+07
130 -17 3.4683921803910986e+07
132 -17 1.7196293283255547e+07
134 -17 6.9937127679989161e+06
136 -17 2.4194457061552308e+06
138 -17 4.8852341391356662e+05
140 -17 1.3715986880209637e+05
100 -16 1.7291094094937165e+02
102 -16 4.2956578211800545e+04
104 -16 1.0640845101474666e+06
106 -16 8.4759613627001327e+06
108 -16 3.9084040396518655e+07
110 -16 1.2487878497743568e+08
112 -16 3.0060482570334941e+08
114 -16 5.7437703979014516e+08
116 -16 8.9705869881884694e+08
118 -16 1.1700179538297114e+09
120 -16 1.2886589981392150e+09
122 -16 1.2101267713883247e+09
124 -16 9.7656632865300012e+08
126 -16 6.7189301426791608e+08
128 -16 3.9674244906900710e+08
130 -16 1.9911081562496516e+08
132 -16 8.3553020191341996e+07
134 -16 2.8732390049650762e+07
136 -16 8.1337004906896539e+06
138 -16 1.4868551892839025e+06
140 -16 2.9854220023989538e+05
96 -15 9.2110511804694324e+03
98 -15 7.3521249898554676e+05
100 -15 1.2002186270241877e+07
102 -15 8.4128388794555411e+07
104 -15 3.6815457844568348e+08
106 -15 1.1532695484020293e+09
108 -15 2.8022085547715359e+09
110 -15 5.5071344782818470e+09
112 -15 8.9636566070644093e+09
114 -15 1.2388332543252079e+10
116 -15 1.4664003502185947e+10
118 -15 1.5048260590114874e+10
120 -15 1.3419888180111977e+10
122 -15 1.0417851450380234e+10
124 -15 7.0304074700761995e+09
126 -15 4.1203199940402470e+09
128 -15 2.0733817894561517e+09
130 -15 8.8695949736624706e+08
132 -15 3.1882467036427248e+08
134 -15 9.3451942317089185e+07
136 -15 2.2599896291791722e+07
138 -15 3.4982926553607048e+06
140 -15 5.8556090814337449e+05
90 -14 3.6626070688333323e+02
92 -14 1.7784172692110989e+05
94 -14 7.9249128497870779e+06
96 -14 1.0222519341897503e+08
98 -14 6.6101440488692212e+08
100 -14 2.8190195526299725e+09
102 -14 8.9009252044286003e+09
104 -14 2.2021119020751110e+10
106 -14 4.4769207903250824e+10
108 -14 7.6516211436855301e+10
110 -14 1.1209121177533630e+11
112 -14 1.4274664308799374e+11
114 -14 1.5887560693633240e+11
116 -14 1.5531103533268765e+11
118 -14 1.3368393830232986e+11
120 -14 1.0132347314283844e+11
122 -14 6.7416528860100845e+10
124 -14 3.9285287029258911e+10
126 -14 1.9877929607679966e+10
128 -14 8.6802731439290314e+09
130 -14 3.2220692331579037e+09
132 -14 1.0015342027737654e+09
134 -14 2.5358338847846121e+08
136 -14 5.1832388326176763e+07
138 -14 7.0342012205628753e+06
140 -14 9.0417677910163754e+05
86 -13 9.9950157630537651e+03
88 -13 2.0624467141643011e+06
90 -13 6.3399024339113511e+07
92 -13 7.0969060624708426e+08
94 -13 4.3890642974325294e+09
96 -13 1.8484473256176487e+10
98 -13 5.8928522329303291e+10
100 -13 1.4969161405935718e+11
102 -13 3.1671044135077899e+11
104 -13 5.6928638005791370e+11
106 -13 8.8459043223367102e+11
108 -13 1.2039304607833596e+12
110 -13 1.4435709854793989e+12
112 -13 1.5359050611631289e+12
114 -13 1.4528678775443818e+12
116 -13 1.2202272674225930e+12
118 -13 9.0908225504730688e+11
120 -13 5.9993829944809326e+11
122 -13 3.4920966827833728e+11
124 -13 1.7842798531830530e+11
126 -13 7.9137777967891068e+10
128 -13 3.0187537380274090e+10
130 -13 9.7992496920751114e+09
132 -13 2.6458775176156969e+09
134 -13 5.7773092847393203e+08
136 -13 1.0059869569814964e+08
138 -13 1.1517168527154703e+07
140 -13 1.2459575682937524e+06
80 -12 3.6427505187424416e+01
82 -12 1.4983187725009286e+05
84 -12 1.7242715313579865e+07
86 -12 4.1302964191454655e+08
88 -12 4.1851104242675447e+09
90 -12 2.4893648658396297e+10
92 -12 1.0472546287559059e+11
94 -12 3.3849888770253149e+11
96 -12 8.9042469480356995e+11
98 -12 1.9606241479148123e+12
100 -12 3.7049433922068438e+12
102 -12 6.1097130295052959e+12
104 -12 8.8635909478785391e+12
106 -12 1.1433927413986715e+13
108 -12 1.3152228556208203e+13
110 -12 1.3550499485661246e+13
112 -12 1.2475922142840723e+13
114 -12 1.0299091414540369e+13
116 -12 7.6045247143551182e+12
118 -12 4.9966790340066289e+12
120 -12 2.9147003637645439e+12
122 -12 1.5009791100008391e+12
124 -12 6.7641410283815210e+11
126 -12 2.6475107980441907e+11
128 -12 8.8822723054154175e+10
130 -12 2.5135460460482979e+10
132 -12 5.9127226042035990e+09
134 -12 1.1096551688755646e+09
136 -12 1.6368860825831163e+08
138 -12 1.6156014000887597e+07
140 -12 1.4066221108284658e+06
76 -11 1.0264744385347151e+03
78 -11 1.5169499511215440e+06
80 -11 1.1461712771141532e+08
82 -11 2.2736195230451665e+09
84 -11 2.1028026860033646e+10
86 -11 1.2257889971022955e+11
88 -11 5.1462351864183075e+11
90 -11 1.6982909606026118e+12
92 -11 4.6095330018527471e+12
94 -11 1.0571435202221275e+13
96 -11 2.1074436841814887e+13
98 -11 3.6639469018738180e+13
100 -11 5.6705084185661234e+13
102 -11 7.8441756513141156e+13
104 -11 9.7328445947636938e+13
106 -11 1.0855727646694678e+14
108 -11 1.0943291046467678e+14
110 -11 9.9042826989292500e+13
112 -11 8.0813860818402562e+13
114 -11 5.9340403048549375e+13
116 -11 3.8917142007165445e+13
118 -11 2.2848790007503797e+13
120 -11 1.1871223546870521e+13
122 -11 5.4297708433857793e+12
124 -11 2.1719197895508567e+12
126 -11 7.5146093919216748e+11
128 -11 2.2153973972239838e+11
130 -11 5.4919707792011604e+10
132 -11 1.1160896455488390e+10
134 -11 1.8012299645434780e+09
136 -11 2.2635476755062893e+08
138 -11 1.8754480015494294e+07
140 -11 1.4037124772032017e+06
72 -10 1.6923745298796843e+04
74 -10 1.1631376868835904e+07
76 -10 6.2329777546929181e+08
78 -10 1.0502677431960779e+10
80 -10 9.0730958397007797e+10
82 -10 5.1749831796080768e+11
84 -10 2.1842763533004060e+12
86 -10 7.3644605830115098e+12
88 -10 2.0635042609799742e+13
90 -10 4.9378271531951391e+13
92 -10 1.0313444161653495e+14
94 -10 1.9068118477367331e+14
96 -10 3.1362831316654412e+14
98 -10 4.6413923150056319e+14
100 -10 6.1834667177352538e+14
102 -10 7.4667303699672825e+14
104 -10 8.1586610748458612e+14
106 -10 8.0994342621302650e+14
108 -10 7.2634196259661350e+14
110 -10 5.8905041554655300e+14
112 -10 4.3133206769277119e+14
114 -10 2.8458524839224869e+14
116 -10 1.6769212031972531e+14
118 -10 8.8117750103083109e+13
120 -10 4.0963177255959430e+13
122 -10 1.6700140252015625e+13
124 -10 5.9466094620204189e+12
126 -10 1.8168556950981726e+12
128 -10 4.7040144553511810e+11
130 -10 1.0163351036477039e+11
132 -10 1.7809563470831783e+10
134 -10 2.4579483925782080e+09
136 -10 2.5989373055646497e+08
138 -10 1.8368662903758857e+07
140 -10 1.1967569177798161e+06
68 -9 2.2286857917055185e+05
70 -9 6.8671490143626943e+07
72 -9 2.7537968304486575e+09
74 -9 4.0379031302646370e+10
76 -9 3.2892393423808624e+11
78 -9 1.8420478523403672e+12
80 -9 7.8592600881743691e+12
82 -9 2.7166726416774293e+13
84 -9 7.8749380312825922e+13
86 -9 1.9691654695234234e+14
88 -9 4.3247653902874512e+14
90 -9 8.4485528315914975e+14
92 -9 1.4820440117119665e+15
94 -9 2.3389999924751870e+15
96 -9 3.3565880540246315e+15
98 -9 4.3720861239233510e+15
100 -9 5.1821849275050670e+15
102 -9 5.5978899870966350e+15
104 -9 5.4980325671824340e+15
106 -9 4.9090545861167280e+15
108 -9 3.9810081649710185e+15
110 -9 2.9238804341517795e+15
112 -9 1.9349725215455042e+15
114 -9 1.1534719196893080e+15
116 -9 6.1160171221527075e+14
118 -9 2.8849779051683088e+14
120 -9 1.2030994805304309e+14
122 -9 4.3855604820355898e+13
124 -9 1.3831364297473686e+13
126 -9 3.7255120448012085e+12
128 -9 8.4427747621725610e+11
130 -9 1.5830478707652042e+11
132 -9 2.3824859284795422e+10
134 -9 2.7862692250294037e+09
136 -9 2.4778717264364412e+08
138 -9 1.5014088567103840e+07
140 -9 7.9166854791091755e+05
64 -8 1.8364056336037018e+06
66 -8 3.1324589623866808e+08
68 -8 9.7347698028995495e+09
70 -8 1.2685288472421301e+11
72 -8 9.8886426873464526e+11
74 -8 5.4732881454146855e+12
76 -8 2.3581899122588434e+13
78 -8 8.3570907461843516e+13
80 -8 2.5135387970562853e+14
82 -8 6.5700015849528712e+14
84 -8 1.5225100168889070e+15
86 -8 3.1510332088299705e+15
88 -8 5.8809051430972770e+15
90 -8 9.9597052277315160e+15
92 -8 1.5323609059495664e+16
94 -8 2.1524999461351156e+16
96 -8 2.7628947410850028e+16
98 -8 3.2418893066428072e+16
100 -8 3.4759620604312720e+16
102 -8 3.4098287989512008e+16
104 -8 3.0485479605465528e+16
106 -8 2.4775965593849688e+16
108 -8 1.8300630539948136e+16
110 -8 1.2215144224222032e+16
112 -8 7.3486724465537720e+15
114 -8 3.9569673415704035e+15
116 -8 1.8983974133467565e+15
118 -8 8.0651543934743438e+14
120 -8 3.0106900662550006e+14
122 -8 9.7643431244281812e+13
124 -8 2.7270401616660723e+13
126 -8 6.4653709605265430e+12
128 -8 1.2742058062733479e+12
130 -8 2.0551376005820020e+11
132 -8 2.6273489433634640e+10
134 -8 2.5895906643278708e+09
136 -8 1.9261551646743718e+08
138 -8 9.6055816664804481e+06
140 -8 4.9684873207965837e+05
60 -7 1.0161393914839225e+07
62 -7 1.0760106479631820e+09
64 -7 2.7090460041382957e+10
66 -7 3.1895571462049963e+11
68 -7 2.3988701453192598e+12
70 -7 1.3214178907828172e+13
72 -7 5.7845737971117266e+13
74 -7 2.1045328867747097e+14
76 -7 6.5780297691178162e+14
78 -7 1.8063407891466400e+15
80 -7 4.4033998091559140e+15
82 -7 9.6845076449625860e+15
84 -7 1.9293846169259880e+16
86 -7 3.4978898549056396e+16
88 -7 5.7896074636208488e+16
90 -7 8.7763868495954544e+16
92 -7 1.2211579403818403e+17
94 -7 1.5582792486815994e+17
96 -7 1.8245892792356938e+17
98 -7 1.9584338060239197e+17
100 -7 1.9236533050923456e+17
102 -7 1.7270638545423917e+17
104 -7 1.4139552950106502e+17
106 -7 1.0530018817817323e+17
108 -7 7.1064757155070304e+16
110 -7 4.3279633633048384e+16
112 -7 2.3661005862304660e+16
114 -7 1.1548015084641098e+16
116 -7 5.0126237510757480e+15
118 -7 1.9163345727609948e+15
120 -7 6.3872099511088900e+14
122 -7 1.8414156898964744e+14
124 -7 4.5360505341198953e+13
126 -7 9.3791033917323086e+12
128 -7 1.5980334553409292e+12
130 -7 2.1953874546174872e+11
132 -7 2.3606958843778866e+10
134 -7 1.9244126211883371e+09
136 -7 1.1801669165920669e+08
138 -7 4.9661813639099943e+06
140 -7 2.1109984267856312e+05
54 -6 1.6270938634204800e+04
56 -6 3.8373074849526800e+07
58 -6 2.7306899031971035e+09
60 -6 5.7543718700828148e+10
62 -6 6.2813912276815808e+11
64 -6 4.5825621056672344e+12
66 -6 2.5234802044728680e+13
68 -6 1.1231459949934788e+14
70 -6 4.2234554940695731e+14
72 -6 1.3758468216828250e+15
74 -6 3.9714498764271275e+15
76 -6 1.0247957188196852e+16
78 -6 2.3972180811927684e+16
80 -6 5.0959941016368648e+16
82 -6 9.9225927859691552e+16
84 -6 1.7688112192989315e+17
86 -6 2.9052907368844275e+17
88 -6 4.3826531673509696e+17
90 -6 6.0921440833040986e+17
92 -6 7.7845256581357875e+17
94 -6 9.1553664603211814e+17
96 -6 9.8856272943131725e+17
98 -6 9.7945834176706906e+17
100 -6 8.8688035477452045e+17
102 -6 7.3418075522542298e+17
104 -6 5.5342052769403117e+17
106 -6 3.7860089942820314e+17
108 -6 2.3376975681030474e+17
110 -6 1.3001901289310248e+17
112 -6 6.4744921475333792e+16
114 -6 2.8678217092056088e+16
116 -6 1.1220138164948964e+16
118 -6 3.8418265809237260e+15
120 -6 1.1421435881314945e+15
122 -6 2.9147702545746306e+14
124 -6 6.2839533701665812e+13
126 -6 1.1265429709932965e+13
128 -6 1.6399657886220605e+12
130 -6 1.8929224204200348e+11
132 -6 1.6843732528215586e+10
134 -6 1.1167762275863230e+09
136 -6 5.7073923791881688e+07
138 -6 1.9499382749030953e+06
140 -6 5.8245366691978881e+04
50 -5 1.4745857137858609e+05
52 -5 9.8071943188478693e+07
54 -5 5.0396956827839127e+09
56 -5 9.1533269119306793e+10
58 -5 9.4121054186856079e+11
60 -5 6.7267747104259375e+12
62 -5 3.7156481146079750e+13
64 -5 1.6901284095904638e+14
66 -5 6.5645981436611500e+14
68 -5 2.2379983441916450e+15
70 -5 6.7928023323719470e+15
72 -5 1.8618036867465216e+16
74 -5 4.6430034673899120e+16
76 -5 1.0566755195903802e+17
78 -5 2.2173488536798522e+17
80 -5 4.2698736814654893e+17
82 -5 7.5991705882762509e+17
84 -5 1.2485294144377805e+18
86 -5 1.8896244526983475e+18
88 -5 2.6444549043763881e+18
90 -5 3.4084578201776353e+18
92 -5 4.0539975622135117e+18
94 -5 4.4245354075632067e+18
96 -5 4.4407116171005312e+18
98 -5 4.0848658025695805e+18
100 -5 3.4292754858833034e+18
102 -5 2.6252512493479905e+18
104 -5 1.8254693092712108e+18
106 -5 1.1493907195095636e+18
108 -5 6.5253602466787622e+17
110 -5 3.3100219437891917e+17
112 -5 1.4984282855457270e+17
114 -5 6.0128722263351584e+16
116 -5 2.1152870874496612e+16
118 -5 6.4745593459610540e+15
120 -5 1.7110617783534850e+15
122 -5 3.8313178504596538e+14
124 -5 7.1743250121498484e+13
126 -5 1.1030408471667902e+13
128 -5 1.3545399106268569e+12
130 -5 1.2918643576053108e+11
132 -5 9.2793060567025166e+09
134 -5 4.9793583693802720e+08
136 -5 2.0440910726247169e+07
138 -5 4.9196526906283945e+05
140 -5 2.8086981876220470e+04
46 -4 5.7129244630957290e+05
48 -4 1.6695707535429484e+08
50 -4 6.6011425348691740e+09
52 -4 1.0698161515291055e+11
54 -4 1.0427952539420629e+12
56 -4 7.3249268017622305e+12
58 -4 4.0735824531252312e+13
60 -4 1.8942375839159419e+14
62 -4 7.6320416937244538e+14
64 -4 2.7246489312891190e+15
66 -4 8.7411689970979940e+15
68 -4 2.5520722257737668e+16
70 -4 6.8036897181924832e+16
72 -4 1.6697183108871162e+17
74 -4 3.7762123606769242e+17
76 -4 7.8933159438162893e+17
78 -4 1.5266622319797957e+18
80 -4 2.7338178895402931e+18
82 -4 4.5378421421504000e+18
84 -4 6.9610390850068818e+18
86 -4 9.8722467695036416e+18
88 -4 1.2932235100778281e+19
90 -4 1.5617379053731635e+19
92 -4 1.7375114740097528e+19
94 -4 1.7766735745264624e+19
96 -4 1.6645826637033173e+19
98 -4 1.4266726934290762e+19
100 -4 1.1137126247514518e+19
102 -4 7.9100323597996851e+18
104 -4 5.0865170510548326e+18
106 -4 2.9431683440863913e+18
108 -4 1.5317733511904922e+18
110 -4 7.1033432080638771e+17
112 -4 2.9226537986836256e+17
114 -4 1.0584174370260619e+17
116 -4 3.3418955110575644e+16
118 -4 9.1095410352302540e+15
120 -4 2.1205221125572945e+15
122 -4 4.1387320290756250e+14
124 -4 6.6752189965882062e+13
126 -4 8.6607917734572305e+12
128 -4 8.7900565502356226e+11
130 -4 6.7740082597317329e+10
132 -4 3.8756101216330838e+09
134 -4 1.6363081937907001e+08
136 -4 5.0525317900249939e+06
138 -4 9.0861566724759585e+04
42 -3 1.1446321053294102e+06
44 -3 1.8822522247077081e+08
46 -3 5.9982169800515461e+09
48 -3 8.7786642468993774e+10
50 -3 8.1857306443223901e+11
52 -3 5.6929829801127910e+12
54 -3 3.1918898505733797e+13
56 -3 1.5229266790442856e+14
58 -3 6.3669443139496812e+14
60 -3 2.3862572052624455e+15
62 -3 8.1180032799645840e+15
64 -3 2.5264862313091480e+16
66 -3 7.2447025304325776e+16
68 -3 1.9182356882930278e+17
70 -3 4.7117817569409178e+17
72 -3 1.0720751626561567e+18
74 -3 2.2666681872892652e+18
76 -3 4.4529337182011464e+18
78 -3 8.1111216262903040e+18
80 -3 1.3725795295876196e+19
82 -3 2.1521397179423982e+19
84 -3 3.1195917707042001e+19
86 -3 4.1832764621365068e+19
88 -3 5.1738195878354141e+19
90 -3 5.8953951394348859e+19
92 -3 6.1750344345556713e+19
94 -3 5.9277054076430950e+19
96 -3 5.2043392173647151e+19
98 -3 4.1657565300357702e+19
100 -3 3.0330593195934253e+19
102 -3 1.9992184202121740e+19
104 -3 1.1887188837863664e+19
106 -3 6.3437946195038423e+18
108 -3 3.0252157010129920e+18
110 -3 1.2798058370610324e+18
112 -3 4.7674293058101990e+17
114 -3 1.5536036440970656e+17
116 -3 4.3856041860715080e+16
118 -3 1.0577369684408158e+16
120 -3 2.1497265867761585e+15
122 -3 3.6247397720045694e+14
124 -3 4.9481385016599211e+13
126 -3 5.3182697955206533e+12
128 -3 4.3616309427468713e+11
130 -3 2.6542060330378853e+10
132 -3 1.1818840388760657e+09
134 -3 3.6460480725263633e+07
136 -3 1.0685059353986625e+06
38 -2 1.2913591485961191e+06
40 -2 1.3639312091045973e+08
42 -2 3.6127132655712280e+09
44 -2 4.8529753963452827e+10
46 -2 4.3454072416153760e+11
48 -2 2.9852637133598828e+12
50 -2 1.6933341538469244e+13
52 -2 8.2869721383004250e+13
54 -2 3.6144434280442688e+14
56 -2 1.4284667246461580e+15
58 -2 5.1626131431235200e+15
60 -2 1.7226590726118104e+16
62 -2 5.3210212989336208e+16
64 -2 1.5303367927412166e+17
66 -2 4.0961724460246592e+17
68 -2 1.0214256912095922e+18
70 -2 2.3711423683776358e+18
72 -2 5.1361271933861181e+18
74 -2 1.0347666543495621e+19
76 -2 1.9393244952888431e+19
78 -2 3.3796070296437555e+19
80 -2 5.4597644910913552e+19
82 -2 8.1642104756649263e+19
84 -2 1.1300594365540835e+20
86 -2 1.4416831738553195e+20
88 -2 1.6950164090922199e+20
90 -2 1.8294769998252913e+20
92 -2 1.8098276236348965e+20
94 -2 1.6397689393718339e+20
96 -2 1.3535994400091455e+20
98 -2 1.0154567555434013e+20
100 -2 6.8918871554364498e+19
102 -2 4.2209342969304785e+19
104 -2 2.3227382245783581e+19
106 -2 1.1423919792401078e+19
108 -2 4.9883042144805458e+18
110 -2 1.9187434365479864e+18
112 -2 6.4651858425132288e+17
114 -2 1.8880500173456371e+17
116 -2 4.7282370932437696e+16
118 -2 1.0021763387992646e+16
120 -2 1.7641388172638900e+15
122 -2 2.5271264412490675e+14
124 -2 2.8671701688607121e+13
126 -2 2.4951811238849932e+12
128 -2 1.6089818289443698e+11
130 -2 7.5321424832979317e+09
132 -2 2.4522987598717287e+08
134 -2 5.8129705883905673e+06
34 -1 8.1279240460684500e+05
36 -1 5.9607869206140541e+07
38 -1 1.3553690222581761e+09
40 -1 1.6794028447137871e+10
42 -1 1.4497493694492697e+11
44 -1 9.8296789437604651e+11
46 -1 5.6373368638311465e+12
48 -1 2.8427327398375953e+13
50 -1 1.2966361646908197e+14
52 -1 5.4253317395220706e+14
54 -1 2.0971208620164495e+15
56 -1 7.5429100353205700e+15
58 -1 2.5328211756215772e+16
60 -1 7.9371590103775648e+16
62 -1 2.3322694310889456e+17
64 -1 6.4070976970175642e+17
66 -1 1.6470673371092882e+18
68 -1 3.9565397566101181e+18
70 -1 8.8795789153806776e+18
72 -1 1.8600273487497560e+19
74 -1 3.6277185275018482e+19
76 -1 6.5753778702131053e+19
78 -1 1.1057154003558597e+20
80 -1 1.7219692001293350e+20
82 -1 2.4784676210465220e+20
84 -1 3.2909461646541128e+20
86 -1 4.0287065902582353e+20
88 -1 4.5222589539524293e+20
90 -1 4.6497899315088484e+20
92 -1 4.3686435572566904e+20
94 -1 3.7438139627280780e+20
96 -1 2.9106800852847192e+20
98 -1 2.0474095095661704e+20
100 -1 1.2998567775967773e+20
102 -1 7.4094046664421917e+19
104 -1 3.7724856968227979e+19
106 -1 1.7048713058281550e+19
108 -1 6.8074826924639252e+18
110 -1 2.3795518610276388e+18
112 -1 7.2153028302679859e+17
114 -1 1.8793391573888240e+17
116 -1 4.1445914357239720e+16
118 -1 7.6323105021949690e+15
120 -1 1.1462210577105932e+15
122 -1 1.3726228601456469e+14
124 -1 1.2648280759681896e+13
126 -1 8.6584696600921631e+11
128 -1 4.2666296131967300e+10
130 -1 1.4383533080068545e+09
132 -1 3.3631314633675374e+07
28 0 2.5698211190333058e+02
30 0 2.6105573870570562e+05
32 0 1.4149728237347575e+07
34 0 2.8002505078715920e+08
36 0 3.2207460341987438e+09
38 0 2.6709535162237572e+10
40 0 1.7922964174716602e+11
42 0 1.0406399182949397e+12
44 0 5.4544056900332871e+12
46 0 2.6334348309647848e+13
48 0 1.1796599301707697e+14
50 0 4.9294503198437781e+14
52 0 1.9326649996289738e+15
54 0 7.1188394087955470e+15
56 0 2.4623823001957392e+16
58 0 8.0048472524426528e+16
60 0 2.4458113065402547e+17
62 0 7.0211079726016896e+17
64 0 1.8915753569310904e+18
66 0 4.7778797388646769e+18
68 0 1.1265704799188765e+19
70 0 2.4795425632902926e+19
72 0 5.0960124796251234e+19
74 0 9.7237279530463887e+19
76 0 1.7225128335341663e+20
78 0 2.8248916797295257e+20
80 0 4.2826883644484413e+20
82 0 5.9808217827417024e+20
84 0 7.6830101752145956e+20
86 0 9.0573366217462750e+20
88 0 9.7640304227235634e+20
90 0 9.6164912981576398e+20
92 0 8.6060606943095515e+20
94 0 6.9971990581304453e+20
96 0 5.1459674446134680e+20
98 0 3.4072223813556653e+20
100 0 2.0225081474183273e+20
102 0 1.0724744852372065e+20
104 0 5.0550894927894782e+19
106 0 2.1017553096964964e+19
108 0 7.6547258109601679e+18
110 0 2.4179640781964749e+18
112 0 6.5721572945238784e+17
114 0 1.5140230235160570e+17
116 0 2.9206287816191972e+16
118 0 4.6117786334309980e+15
120 0 5.8188990223177925e+14
122 0 5.6778739025878125e+13
124 0 4.1244401155824209e+12
126 0 2.1460832253174991e+11
128 0 7.5268341046821918e+09
130 0 1.7129152388872677e+08
24 1 9.4097995052612418e+01
26 1 3.2723190739056838e+04
28 1 1.3888147868431341e+06
30 1 2.3891651384544928e+07
32 1 2.5423106501155066e+08
34 1 2.0195285430935414e+09
36 1 1.3574066862500685e+10
38 1 8.2186603127866165e+10
40 1 4.6604024735240967e+11
42 1 2.4754829425710049e+12
44 1 1.2316730326644207e+13
46 1 5.7427704615162617e+13
48 1 2.5161475586099941e+14
50 1 1.0385536438424345e+15
52 1 4.0373864786192540e+15
54 1 1.4795666659631896e+16
56 1 5.1094874829793968e+16
58 1 1.6619152607092406e+17
60 1 5.0816079797657011e+17
62 1 1.4605812379335468e+18
64 1 3.9311735434489134e+18
66 1 9.9149514618810839e+18
68 1 2.3330453268333793e+19
70 1 5.1204450320173294e+19
72 1 1.0440457367415477e+20
74 1 1.9752480635436335e+20
76 1 3.4561482937867377e+20
78 1 5.5857439848642229e+20
80 1 8.3098693284323249e+20
82 1 1.1350372439532053e+21
84 1 1.4209383184910228e+21
86 1 1.6251389690732284e+21
88 1 1.6937469755621093e+21
90 1 1.6045210556857524e+21
92 1 1.3763190170551664e+21
94 1 1.0663735932973230e+21
96 1 7.4300331548655708e+20
98 1 4.6375954737167925e+20
100 1 2.5818847240545390e+20
102 1 1.2762236567822423e+20
104 1 5.5587557003373920e+19
106 1 2.1196629184124670e+19
108 1 7.0253568604982057e+18
110 1 2.0009155605761091e+18
112 1 4.8392286143552947e+17
114 1 9.7895058371690848e+16
116 1 1.6279683970116778e+16
118 1 2.1722154583328925e+15
120 1 2.2457903992057253e+14
122 1 1.7347738079618496e+13
124 1 9.5437772448429053e+11
126 1 3.5164280803153625e+10
128 1 7.8303570891218257e+08
28 2 8.9788892001896493e+03
30 2 1.6279492922547236e+06
32 2 5.3673440450923048e+07
34 2 8.2633062401782763e+08
36 2 8.3585123424909763e+09
38 2 6.4698108456610703e+10
40 2 4.2121338593632703e+11
42 2 2.4258416072353125e+12
44 2 1.2815194317161643e+13
46 2 6.2961728437246109e+13
48 2 2.8758024601994612e+14
50 2 1.2324031628114702e+15
52 2 4.9627135426071280e+15
54 2 1.8803974919159984e+16
56 2 6.6822474186030536e+16
58 2 2.2348706691156723e+17
60 2 7.0178513331164365e+17
62 2 2.0602600544663283e+18
64 2 5.6580882173336730e+18
66 2 1.4502366649809768e+19
68 2 3.4634481578042819e+19
70 2 7.6766239944734179e+19
72 2 1.5766161057716987e+20
74 2 2.9928488857437674e+20
76 2 5.2370695815747201e+20
78 2 8.4267261859842687e+20
80 2 1.2442625531002482e+21
82 2 1.6785813348878154e+21
84 2 2.0642243188957011e+21
86 2 2.3088576882068108e+21
88 2 2.3412745900200619e+21
90 2 2.1460455161276111e+21
92 2 1.7720114894469983e+21
94 2 1.3131785589848854e+21
96 2 8.7063989082303837e+20
98 2 5.1380250847202463e+20
100 2 2.6870185721890973e+20
102 2 1.2370419064225489e+20
104 2 4.9825791422616125e+19
106 2 1.7409317416296239e+19
108 2 5.2264085562678804e+18
110 2 1.3358337307637601e+18
112 2 2.8552823974518563e+17
114 2 5.0124982957478432e+16
116 2 7.0828511727497630e+15
118 2 7.7738351823912550e+14
120 2 6.4010172957437797e+13
122 2 3.7476006785924448e+12
124 2 1.4472456970666016e+11
126 2 3.2666408821747909e+09
32 3 3.2146537952717714e+05
34 3 3.4337423929603487e+07
36 3 9.2188453716498697e+08
38 3 1.2871271021137560e+10
40 3 1.2364220653182562e+11
42 3 9.2692417954770215e+11
44 3 5.8979710386081172e+12
46 3 3.3122167751669773e+13
48 3 1.6923114435163897e+14
50 3 7.9526971402576338e+14
52 3 3.4671488428286860e+15
54 3 1.4074031708936376e+16
56 3 5.3337257550437840e+16
58 3 1.8884599731781638e+17
60 3 6.2365441125481779e+17
62 3 1.9188857072137836e+18
64 3 5.4864444684748626e+18
66 3 1.4569419425528216e+19
68 3 3.5930671180226961e+19
70 3 8.1856527442944311e+19
72 3 1.7206084953277137e+20
74 3 3.3222732028303494e+20
76 3 5.9019128379339086e+20
78 3 9.5701012616236158e+20
80 3 1.4170768625322445e+21
82 3 1.9070656900320576e+21
84 3 2.3285161648592365e+21
86 3 2.5686479280359814e+21
88 3 2.5552746718704115e+21
90 3 2.2823859267076993e+21
92 3 1.8238741714023112e+21
94 3 1.3008943370335777e+21
96 3 8.2355747063888557e+20
98 3 4.6101771613394122e+20
100 3 2.2665912350749196e+20
102 3 9.7260706445992362e+19
104 3 3.6176680704173507e+19
106 3 1.1563942857443185e+19
108 3 3.1370488489889644e+18
110 3 7.1279562216982477e+17
112 3 1.3324162470944706e+17
114 3 2.0000735021343372e+16
116 3 2.3458813482997760e+15
118 3 2.0628055223175519e+14
120 3 1.2916107634546836e+13
122 3 5.2918248293843994e+11
124 3 1.2135981123085135e+10
36 4 5.9045632529788455e+06
38 4 4.1456107521138257e+08
40 4 9.2435684706588821e+09
42 4 1.1848442308036848e+11
44 4 1.0754836408317825e+12
46 4 7.8306515813035645e+12
48 4 4.8461961470519703e+13
50 4 2.6567200532601828e+14
52 4 1.3148368466255635e+15
54 4 5.9659730236301190e+15
56 4 2.4956488453942024e+16
58 4 9.6451832575532688e+16
60 4 3.4464236696792026e+17
62 4 1.1392850790279018e+18
64 4 3.4777985767274849e+18
66 4 9.7899399876349706e+18
68 4 2.5431381078504481e+19
70 4 6.0645707292516221e+19
72 4 1.3265405631652561e+20
74 4 2.6546213880261145e+20
76 4 4.8458075627970678e+20
78 4 8.0452888985031331e+20
80 4 1.2109972560623071e+21
82 4 1.6467529575155614e+21
84 4 2.0166528539983316e+21
86 4 2.2183412736154138e+21
88 4 2.1832482146581296e+21
90 4 1.9162787656201323e+21
92 4 1.4942869364602042e+21
94 4 1.0305132269869501e+21
96 4 6.2596991794132615e+20
98 4 3.3308901630931121e+20
100 4 1.5429717488125261e+20
102 4 6.1837213303332536e+19
104 4 2.1207495706093011e+19
106 4 6.1800041475823401e+18
108 4 1.5036302380470241e+18
110 4 3.0137284384810624e+17
112 4 4.8503668981342560e+16
114 4 6.1083878560670140e+15
116 4 5.7745312761067025e+14
118 4 3.8755443550024641e+13
120 4 1.6952068048849961e+12
122 4 4.0434813942659241e+10
40 5 6.5271798427609555e+07
42 5 3.1449095512063398e+09
44 5 6.0612206991686424e+10
46 5 7.0655314541446948e+11
48 5 6.1291786645876270e+12
50 5 4.2849414063861234e+13
52 5 2.5782260516087719e+14
54 5 1.3683337000175285e+15
56 5 6.5602311514085740e+15
58 5 2.8616927899666448e+16
60 5 1.1421057054002894e+17
62 5 4.1652297505198682e+17
64 5 1.3943824019684595e+18
66 5 4.2647527479787090e+18
68 5 1.1937122024140579e+19
70 5 3.0473255211094315e+19
72 5 7.0805493560546746e+19
74 5 1.4937961865837160e+20
76 5 2.8566925746754234e+20
78 5 4.9273096625211998e+20
80 5 7.6518196824098420e+20
82 5 1.0664291393660493e+21
84 5 1.3282797716015303e+21
86 5 1.4731101686500877e+21
88 5 1.4497026334905892e+21
90 5 1.2616329501357685e+21
92 5 9.6698646608254376e+20
94 5 6.4907318305661112e+20
96 5 3.8022370882047174e+20
98 5 1.9330579172785413e+20
100 5 8.4450524837948277e+19
102 5 3.1568094554031735e+19
104 5 9.9791657653120840e+18
106 5 2.6326630357844009e+18
108 5 5.7107744900103034e+17
110 5 9.9527254345203616e+16
112 5 1.3571723935594738e+16
114 5 1.3889782936671540e+15
116 5 1.0113497153062553e+14
118 5 4.7495431476046650e+12
120 5 1.1941907155572139e+11
42 6 1.6440214293879098e+06
44 6 4.3508282474721515e+08
46 6 1.6266916749149857e+10
48 6 2.6915386786819836e+11
50 6 2.9187626047679048e+12
52 6 2.3797946028790520e+13
54 6 1.6055941680176362e+14
56 6 9.2863572104319550e+14
58 6 4.7544908366786280e+15
60 6 2.1854192431257240e+16
62 6 9.0876475263867936e+16
64 6 3.4223495912854150e+17
66 6 1.1668337202362516e+18
68 6 3.6100905071161989e+18
70 6 1.0096133011719606e+19
72 6 2.5487983213603361e+19
74 6 5.7932076772905402e+19
76 6 1.1818428526758355e+20
78 6 2.1603736866275741e+20
80 6 3.5217711210727879e+20
82 6 5.1099250970352216e+20
84 6 6.5698742738625180e+20
86 6 7.4471240345507267e+20
88 6 7.4215203195248417e+20
90 6 6.4711777647960182e+20
92 6 4.9131176142211973e+20
94 6 3.2394062835682338e+20
96 6 1.8399976007518392e+20
98 6 8.9512937799182139e+19
100 6 3.7091188560350249e+19
102 6 1.2927784860180189e+19
104 6 3.7496045424413230e+18
106 6 8.9085671000407526e+17
108 6 1.6989999595575987e+17
110 6 2.5330113086511164e+16
112 6 2.8375431003357105e+15
114 6 2.2599572610614959e+14
116 6 1.1556779819085398e+13
118 6 3.0991607581318353e+11
46 7 1.3705098012899579e+07
48 7 2.0012005773549025e+09
50 7 5.7114323032248474e+10
52 7 8.4966965819730896e+11
54 7 8.4476504021340635e+12
56 7 6.5559320965690844e+13
58 7 4.1829954469433425e+14
60 7 2.3224675687165155e+15
62 7 1.1325327287928940e+16
64 7 4.9545433596042096e+16
66 7 1.9364303978619565e+17
68 7 6.7929171166528768e+17
70 7 2.1343889433436925e+18
72 7 6.0000706041887130e+18
74 7 1.5048681938171646e+19
76 7 3.3542698253510463e+19
78 7 6.6268256908638339e+19
80 7 1.1588534639264534e+20
82 7 1.7814969076984506e+20
84 7 2.4027359731451396e+20
86 7 2.8298375793858416e+20
88 7 2.8967069265025325e+20
90 7 2.5647219193710808e+20
92 7 1.9535681257418339e+20
94 7 1.2738867791976910e+20
96 7 7.0649139615374434e+19
98 7 3.3099453324283884e+19
100 7 1.2996344230478498e+19
102 7 4.2209149952269844e+18
104 7 1.1175086904448461e+18
106 7 2.3692093043811485e+17
108 7 3.9172953644261488e+16
110 7 4.8588901062962340e+15
112 7 4.2709637970890775e+14
114 7 2.4097408571588781e+13
116 7 7.0224306156059631e+11
50 8 7.9301423181719482e+07
52 8 6.0790208492903471e+09
54 8 1.4508778295343759e+11
56 8 1.8896273751048416e+12
58 8 1.7499639540929684e+13
60 8 1.2697077216754250e+14
62 8 7.7345520112240325e+14
64 8 4.0507990747660185e+15
66 8 1.8721523750635928e+16
68 8 7.6562841962201744e+16
70 8 2.7768473920808003e+17
72 8 8.9099737251160486e+17
74 8 2.5286388647661885e+18
76 8 6.3253539919053138e+18
78 8 1.3857957033212803e+19
80 8 2.6549331749885784e+19
82 8 4.4260828372847747e+19
84 8 6.3900801471239922e+19
86 8 7.9657852765696967e+19
88 8 8.5243878889732866e+19
90 8 7.7684332773439947e+19
92 8 6.0109014629343109e+19
94 8 3.9225331243738128e+19
96 8 2.1415563421925319e+19
98 8 9.7180229861428244e+18
100 8 3.6160675257688090e+18
102 8 1.0917115161780468e+18
104 8 2.6222979290465530e+17
106 8 4.8935432312592824e+16
108 8 6.8362841584134390e+15
110 8 6.7495545923433438e+14
112 8 4.2625424188188906e+13
114 8 1.3763715520761855e+12
54 9 2.4457448484835052e+08
56 9 1.3576914460002062e+10
58 9 2.5963202523395056e+11
60 9 3.0463078891878691e+12
62 9 2.5865697238551840e+13
64 9 1.7660436293597000e+14
66 9 1.0036949028177219e+15
68 9 4.9632748105612200e+15
70 9 2.1299978207900104e+16
72 9 8.0529346176140352e+16
74 9 2.6513252395874659e+17
76 9 7.6404907808971174e+17
78 9 1.9044712848631191e+18
80 9 4.1060133352034509e+18
82 9 7.6079806177023447e+18
84 9 1.2053949339757337e+19
86 9 1.6244290235714732e+19
88 9 1.8539643038621114e+19
90 9 1.7765796563714150e+19
92 9 1.4194046871765064e+19
94 9 9.3748582538572718e+18
96 9 5.0918567793872087e+18
98 9 2.2468569507231293e+18
100 9 7.9446166350034714e+17
102 9 2.2234161511563027e+17
104 9 4.7968699446139512e+16
106 9 7.6852010883912860e+15
108 9 8.7136608772845638e+14
110 9 6.2765682860284648e+13
112 9 2.3061557058689922e+12
58 10 5.8068009783010757e+08
60 10 2.0706895313186279e+10
62 10 3.3889083475954358e+11
64 10 3.5089396618387656e+12
66 10 2.7537847459545523e+13
68 10 1.7276697041115281e+14
70 10 9.2059753935001388e+14
72 10 4.1848174015258805e+15
74 10 1.6524814934283140e+16
76 10 5.6196444203253424e+16
78 10 1.6503214143979514e+17
80 10 4.1084597546457421e+17
82 10 8.7128147517704205e+17
84 10 1.5556997608343058e+18
86 10 2.3330192142639959e+18
88 10 2.9116524599255286e+18
90 10 2.9972504511160044e+18
92 10 2.5233681267469107e+18
94 10 1.7195837752020721e+18
96 10 9.3877507677085389e+17
98 10 4.0658807045336934e+17
100 10 1.3709710837032912e+17
102 10 3.5325337713432576e+16
104 10 6.6895420968492390e+15
106 10 8.9231526285531400e+14
108 10 7.5278033438081812e+13
110 10 3.2399162514524893e+12
60 11 7.8020963144006953e+06
62 11 8.3412130763224268e+08
64 11 2.2786161592286606e+10
66 11 3.0962285644691730e+11
68 11 2.9346330705902769e+12
70 11 2.0557532869413117e+13
72 11 1.2026708917271748e+14
74 11 5.8111705447065838e+14
76 11 2.4159423679986420e+15
78 11 8.4681964442866720e+15
80 11 2.5335781852063520e+16
82 11 6.3342377211452880e+16
84 11 1.3196111125466781e+17
86 11 2.2635242271930733e+17
88 11 3.1854175085883712e+17
90 11 3.6167166445596493e+17
92 11 3.2889045188406931e+17
94 11 2.3644781482984035e+17
96 11 1.3242028794592595e+17
98 11 5.6781781016633752e+16
100 11 1.8284694819493100e+16
102 11 4.2803655085234790e+15
104 11 6.9741871783547150e+14
106 11 7.1204705080479219e+13
108 11 3.7300900287636011e+12
64 12 1.5039001750340072e+07
66 12 8.5496137329795361e+08
68 12 1.7079207098940439e+10
70 12 2.1008801677627612e+11
72 12 1.6755973090256052e+12
74 12 1.0999832698849943e+13
76 12 5.6446531891677164e+13
78 12 2.4947136580053134e+14
80 12 9.0276871130447288e+14
82 12 2.7717544914643125e+15
84 12 6.9112277253099300e+15
86 12 1.4155674454526636e+16
88 12 2.3045937409121880e+16
90 12 3.0069155910737488e+16
92 12 3.0315017653001868e+16
94 12 2.3748810989158660e+16
96 12 1.3919159355929252e+16
98 12 6.0181954756013570e+15
100 12 1.8452583765964402e+15
102 12 3.8883728773893012e+14
104 12 5.0431970058449469e+13
106 12 3.4006099982234727e+12
68 13 1.6900690721114777e+07
70 13 5.6511673968465781e+08
72 13 1.0169209620423655e+10
74 13 9.3099480231561737e+10
76 13 7.0212391951540503e+11
78 13 3.8370729161789346e+12
80 13 1.8165419532311648e+13
82 13 6.7230165923847180e+13
84 13 2.1323826635455406e+14
86 13 5.2452849878805569e+14
88 13 1.0511546502421172e+15
90 13 1.5935160684760045e+15
92 13 1.8932183977366145e+15
94 13 1.6365697164510222e+15
96 13 1.0578144359582781e+15
98 13 4.6506274124250394e+14
100 13 1.3900924941968066e+14
102 13 2.4443630601219418e+13
104 13 2.3212876018603076e+12
72 14 9.6601137732186131e+06
74 14 3.2254244401435006e+08
76 14 3.4896764922339373e+09
78 14 3.1281941299275017e+10
80 14 1.8069167734576096e+11
82 14 9.3296068088785303e+11
84 14 3.4856241747343413e+12
86 14 1.1415567500103104e+13
88 14 2.7106297005730562e+13
90 14 5.2963814073291930e+13
92 14 7.1965687269680047e+13
94 14 7.6221592466841688e+13
96 14 5.1731488164600797e+13
98 14 2.6090440174640211e+13
100 14 6.8804968716693848e+12
102 14 1.0738011232860426e+12
76 15 5.6045114107542029e+06
78 15 8.3687208609948665e+07
80 15 9.5273784969635928e+08
82 15 5.8137072008452930e+09
84 15 3.4344980333932213e+10
86 15 1.2372829289524281e+11
88 15 4.2370146349601526e+11
90 15 9.1827273601044287e+11
92 15 1.7387612953771189e+12
94 15 1.9308179736851589e+12
96 15 1.7665890725816831e+12
98 15 7.4249710462941943e+11
100 15 2.7202041846621512e+11
78 16 2.0707769135038307e+04
80 16 1.0854627223201473e+06
82 16 1.8331652630416952e+07
84 16 1.2191030136102201e+08
86 16 9.1596461373102212e+08
88 16 2.9599693392853947e+09
90 16 1.0801305386585283e+10
92 16 1.8774453579875702e+10
94 16 3.4511821108393593e+10
96 16 2.4044068751430645e+10
98 16 1.8150353922529816e+10
82 17 2.0837684917578022e+03
84 17 1.8596009805477390e+05
86 17 1.4917139102232242e+06
88 17 1.7321539905338045e+07
90 17 4.4288737659302749e+07
92 17 1.7306335933076063e+08
94 17 1.7868902878546730e+08
96 17 3.3016477214036608e+08
86 18 4.1300000817227289e+02
88 18 8.1875420674306297e+03
90 18 2.2447410190025519e+05
92 18 3.5406685718339327e+05
94 18 1.3400744516298517e+06
92 19 1.8829737313001683e+03
