60 -7 9.9568629942917504e+00
54 -6 7.6038260137776561e+01
56 -6 4.9542516687427070e+02
58 -6 1.1974346361082347e+02
60 -6 6.0425535724370184e+02
48 -5 1.1757109170673909e+03
50 -5 3.9819843268630771e+03
52 -5 9.0478236286709944e+03
54 -5 1.0855572686692083e+04
56 -5 1.3317807485425716e+04
58 -5 5.7617606476910132e+03
60 -5 5.3200467920176488e+03
42 -4 2.9892208336934696e+03
44 -4 1.8126215690971090e+04
46 -4 5.8142095179360229e+04
48 -4 1.2274753835261920e+05
50 -4 1.8366556843446655e+05
52 -4 2.1012241853088353e+05
54 -4 1.8115516521825371e+05
56 -4 1.2923953723191829e+05
58 -4 5.4102515430336112e+04
60 -4 2.7098903804460573e+04
36 -3 2.5137763471025492e+03
38 -3 3.6866618784529899e+04
40 -3 1.8061891121943184e+05
42 -3 5.6365753054097085e+05
44 -3 1.2098689251853556e+06
46 -3 1.9785014940789607e+06
48 -3 2.5549680580845652e+06
50 -3 2.6737300647268216e+06
52 -3 2.2706645113460985e+06
54 -3 1.5518371485959422e+06
56 -3 8.6121871387491270e+05
58 -3 3.1959209532301582e+05
60 -3 1.0828458263404932e+05
30 -2 4.8032435404599960e+02
32 -2 2.7635422958701773e+04
34 -2 2.4365293630564376e+05
36 -2 1.1182083989113115e+06
38 -2 3.4375869983320152e+06
40 -2 7.8593937068921598e+06
42 -2 1.4220647061082752e+07
44 -2 2.1076154519036304e+07
46 -2 2.5932026421519335e+07
48 -2 2.6799584215259515e+07
50 -2 2.3073602814629767e+07
52 -2 1.6542309318337684e+07
54 -2 9.5551094625612032e+06
56 -2 4.4148498035898004e+06
58 -2 1.4324287751922859e+06
60 -2 3.5328766021810542e+05
26 -1 4.8239450174891335e+03
28 -1 1.1067809868575682e+05
30 -1 8.1241423904807144e+05
32 -1 3.6571896328369081e+06
34 -1 1.1865573149241468e+07
36 -1 3.0250398736787364e+07
38 -1 6.2980463249861628e+07
40 -1 1.1004839117135994e+08
42 -1 1.6217736326104677e+08
44 -1 2.0250066844053704e+08
46 -1 2.1520426942064306e+08
48 -1 1.9285378733973321e+08
50 -1 1.4468829895309782e+08
52 -1 9.0281273835250884e+07
54 -1 4.5670731233483598e+07
56 -1 1.8192993181721993e+07
58 -1 5.1978747721286081e+06
60 -1 9.9463978061314463e+05
20 0 6.2839057122273204e+01
22 0 1.0686527780647561e+04
24 0 1.6132567323606310e+05
26 0 1.1126393057715565e+06
28 0 5.2347418186075492e+06
30 0 1.9055418170849096e+07
32 0 5.6991715449369729e+07
34 0 1.4309899406657648e+08
36 0 3.0658558120529211e+08
38 0 5.5833936537610030e+08
40 0 8.7256504612475181e+08
42 0 1.1611108962501271e+09
44 0 1.3168169045730391e+09
46 0 1.2633177966024406e+09
48 0 1.0256144332833959e+09
50 0 6.9632877854782104e+08
52 0 3.9128709538588154e+08
54 0 1.7686662677459121e+08
56 0 6.2112347937883943e+07
58 0 1.5584237434856741e+07
60 0 2.4148117867051731e+06
16 1 9.3465253091653778e+01
18 1 5.3505839567447156e+03
20 1 6.4240440580194925e+04
22 1 4.2502277820353222e+05
24 1 2.1917861623908971e+06
26 1 9.3531963412022572e+06
28 1 3.5525829733257800e+07
30 1 1.1693575093192317e+08
32 1 3.3612916335431069e+08
34 1 8.2560512036457884e+08
36 1 1.7274999930046933e+09
38 1 3.0474350730162621e+09
40 1 4.5530382128214951e+09
42 1 5.7547678622706280e+09
44 1 6.1666163506633902e+09
46 1 5.5577219349971991e+09
48 1 4.1923482656407070e+09
50 1 2.6347421426786489e+09
52 1 1.3532195407468736e+09
54 1 5.5552628011311805e+08
56 1 1.7440760270259359e+08
58 1 3.8631018198464304e+07
60 1 5.0162709556891918e+06
20 2 6.8806784233890612e+03
22 2 2.1883538621185347e+05
24 2 2.1668338474639617e+06
26 2 1.4200379465894643e+07
28 2 6.8798671233776480e+07
30 2 2.7396001085813695e+08
32 2 8.9191824530218244e+08
34 2 2.4442409471864705e+09
36 2 5.5281349340527267e+09
38 2 1.0297962348746380e+10
40 2 1.5775120601142288e+10
42 2 2.0003500274049091e+10
44 2 2.1022100244886787e+10
46 2 1.8302400755698002e+10
48 2 1.3173297658670156e+10
50 2 7.7784920567226810e+09
52 2 3.7077536520218844e+09
54 2 1.3947916991245334e+09
56 2 3.9732016750025266e+08
58 2 7.8551751686587393e+07
60 2 8.7316553859282061e+06
24 3 2.0053921913163119e+05
26 3 3.7369857573106969e+06
28 3 3.6029560496361442e+07
30 3 2.1682766685839367e+08
32 3 9.9141674170258391e+08
34 3 3.4370030735500174e+09
36 3 9.4909014186694069e+09
38 3 2.0425882610552589e+10
40 3 3.4625361958381561e+10
42 3 4.6597573578999008e+10
44 3 5.0174096629215179e+10
46 3 4.3659731001787033e+10
48 3 3.0741897039913918e+10
50 3 1.7415168729214138e+10
52 3 7.8527946819634733e+09
54 3 2.7566356087815518e+09
56 3 7.1998608217885983e+08
58 3 1.2855752712433365e+08
60 3 1.2476707037876315e+07
26 4 4.2154519591515316e+04
28 4 2.4349029506738363e+06
30 4 4.1416619827464089e+07
32 4 3.4275185922671288e+08
34 4 1.9316508892627416e+09
36 4 7.4237356390956593e+09
38 4 2.1308631669746418e+10
40 4 4.4159885445529060e+10
42 4 6.8172280725929482e+10
44 4 7.9919456541986969e+10
46 4 7.2580489114546936e+10
48 4 5.1616781562266464e+10
50 4 2.8847990941377224e+10
52 4 1.2550472872644571e+10
54 4 4.1856262395825720e+09
56 4 1.0179869106524987e+09
58 4 1.6640772479798448e+08
60 4 1.4380689597854851e+07
30 5 4.8861867769997363e+05
32 5 2.1644180132142555e+07
34 5 2.7946661201317173e+08
36 5 2.1124888937270830e+09
38 5 9.4419412253424358e+09
40 5 2.8988185851305168e+10
42 5 5.7833103659407288e+10
44 5 8.0215407532987701e+10
46 5 8.0619942682056778e+10
48 5 6.0440966147547424e+10
50 5 3.4385257310135078e+10
52 5 1.4855537866722883e+10
54 5 4.7875708892580633e+09
56 5 1.1094793923138688e+09
58 5 1.6821103934622142e+08
60 5 1.3140527931364968e+07
34 6 4.7754010106741702e+06
36 6 1.1661839139007035e+08
38 6 1.3447582075489614e+09
40 6 7.4329852619520245e+09
42 6 2.5339646187383247e+10
44 6 4.7858471471476425e+10
46 6 5.8047719449240433e+10
48 6 4.8498847438909332e+10
50 6 2.9218094484824436e+10
52 6 1.2842957861970701e+10
54 6 4.1010207661737247e+09
56 6 9.1670174459308589e+08
58 6 1.3144019737307359e+08
60 6 9.4655548113412950e+06
36 7 3.5366619888287992e+05
38 7 2.3165951454388313e+07
40 7 4.9820244379149014e+08
42 7 3.7277417241176128e+09
44 7 1.4724920981903111e+10
46 7 2.5493015019816502e+10
48 7 2.5977871613075596e+10
50 7 1.7410438186332466e+10
52 7 8.0468655712911091e+09
54 7 2.5950473653241396e+09
56 7 5.6961055064077127e+08
58 7 7.8127214855611116e+07
60 7 5.2447754117153976e+06
40 8 1.7139192880893210e+06
42 8 1.0229785512659734e+08
44 8 1.1681799691998076e+09
46 8 5.7865377459256334e+09
48 8 8.7062220770920124e+09
50 8 7.0801303745859375e+09
52 8 3.6094127451132832e+09
54 8 1.2073274514478910e+09
56 8 2.6326479931324098e+08
58 8 3.4820832880530350e+07
60 8 2.1877722601155047e+06
44 9 1.0305429708155945e+07
46 9 2.1510307917318988e+08
48 9 1.5301401226023693e+09
50 9 1.8508079355689275e+09
52 9 1.1264147922957830e+09
54 9 4.0970874352042431e+08
56 9 9.1358417140362859e+07
58 9 1.1774737428137297e+07
60 9 7.0620751950878906e+05
46 10 3.8227172165897884e+05
48 10 2.1246554652189553e+07
50 10 2.7047276200943244e+08
52 10 2.3899747561561611e+08
54 10 1.0154006044013634e+08
56 10 2.4307425940308701e+07
58 10 3.1470817831431683e+06
60 10 1.7408193920258712e+05
50 11 9.9793367934670066e+05
52 11 3.2813981704562724e+07
54 11 1.8570954323425245e+07
56 11 4.9953559378864449e+06
58 11 6.9917424848054629e+05
60 11 3.9297941203845636e+04
52 12 1.5484089891309319e+04
54 12 2.7042609514169437e+06
56 12 8.3385268809542921e+05
58 12 1.2105206010355633e+05
60 12 7.8292942688706325e+03
56 13 1.4215845996360655e+05
58 13 1.8989059429153287e+04
60 13 9.8988242761940103e+02
58 14 4.3072326986801081e+03
60 14 1.4241553477802859e+02
60 15 6.3259847965465489e+01
