136 -22 4.0000934014355876e+00
130 -21 7.1723553854440283e+01
132 -21 4.9572276232688449e+02
134 -21 3.2016818259523710e+01
136 -21 2.0969068117351153e+03
124 -20 3.2605003873690208e+02
126 -20 5.6015438605313229e+03
128 -20 1.6732174108352418e+04
130 -20 3.1585369586258876e+04
132 -20 7.9277150066602917e+04
134 -20 2.0558440707921116e+04
136 -20 7.6278380980948350e+04
118 -19 6.5570936534004863e+02
120 -19 2.8011455024877752e+04
122 -19 1.5671585824868915e+05
124 -19 4.6576878177261347e+05
126 -19 1.0654223825937801e+06
128 -19 1.6664374774306407e+06
130 -19 1.8229791484964506e+06
132 -19 2.1425539883036357e+06
134 -19 8.0721711164265277e+05
136 -19 9.6747569569246180e+05
112 -18 6.4899184896092390e+02
114 -18 7.0042483156945702e+04
116 -18 6.6459903632053593e+05
118 -18 2.9675094806010667e+06
120 -18 8.8046599538197033e+06
122 -18 1.8726203655346584e+07
124 -18 3.1400225038251128e+07
126 -18 4.1093978611477025e+07
128 -18 4.4298535169794336e+07
130 -18 3.6973474247304015e+07
132 -18 2.8517244979756478e+07
134 -18 1.1249795029880498e+07
136 -18 7.7957152031016331e+06
106 -17 3.0147286309294026e+02
108 -17 8.4499475784877402e+04
110 -17 1.4807188733378896e+06
112 -17 1.0069013158733597e+07
114 -17 4.0816415887522683e+07
116 -17 1.1609745649444890e+08
118 -17 2.5287433389977998e+08
120 -17 4.4024340489215922e+08
122 -17 6.2365108449678814e+08
124 -17 7.5031382242306852e+08
126 -17 7.4421053522755527e+08
128 -17 6.3248283041598511e+08
130 -17 4.3653005608938909e+08
132 -17 2.6787517814217308e+08
134 -17 9.9794146549843147e+07
136 -17 4.9363645441020429e+07
100 -16 5.1397356283987492e+01
102 -16 4.4275071407064315e+04
104 -16 1.7343303686231063e+06
106 -16 1.9317752861833591e+07
108 -16 1.1253702325309129e+08
110 -16 4.2857852270204562e+08
112 -16 1.2151252477495868e+09
114 -16 2.6937112004358015e+09
116 -16 4.9096733356589756e+09
118 -16 7.4827201200817356e+09
120 -16 9.7661486886186600e+09
122 -16 1.0910844691290249e+10
124 -16 1.0627288088238501e+10
126 -16 8.8567824501396122e+09
128 -16 6.3624246562305241e+09
130 -16 3.8273535838832512e+09
132 -16 1.9701288196573372e+09
134 -16 6.8217049870970452e+08
136 -16 2.5822719994978765e+08
96 -15 8.3447105120250799e+03
98 -15 9.8213845340998797e+05
100 -15 2.0868424633352030e+07
102 -15 1.8755255648430189e+08
104 -15 9.9575385485970747e+08
106 -15 3.6916501835873194e+09
108 -15 1.0475494337611624e+10
110 -15 2.3917024330857204e+10
112 -15 4.5634761558736450e+10
114 -15 7.4372614899687073e+10
116 -15 1.0467620436030301e+11
118 -15 1.2885468273363385e+11
120 -15 1.3944805872555933e+11
122 -15 1.3244548309708424e+11
124 -15 1.1071672507293312e+11
126 -15 8.0574046719489014e+10
128 -15 5.0882419220613503e+10
130 -15 2.7047772517800976e+10
132 -15 1.2138588258273685e+10
134 -15 3.8421285275210109e+09
136 -15 1.1681276738160238e+09
90 -14 2.7770774261723494e+02
92 -14 2.3163018230620632e+05
94 -14 1.1902151357380698e+07
96 -14 1.8581853450504550e+08
98 -14 1.4613899060675178e+09
100 -14 7.3236781368761711e+09
102 -14 2.6887152987639542e+10
104 -14 7.7212208309688965e+10
106 -14 1.8266374764578156e+11
108 -14 3.6510079419715680e+11
110 -14 6.2911775301385767e+11
112 -14 9.5089079293595422e+11
114 -14 1.2708970397822673e+12
116 -14 1.5064449514690183e+12
118 -14 1.5913465210785063e+12
120 -14 1.4970100127031672e+12
122 -14 1.2522171838168691e+12
124 -14 9.2932832017004175e+11
126 -14 6.0283265982400110e+11
128 -14 3.3981931919663757e+11
130 -14 1.6201016054808932e+11
132 -14 6.4496105207840225e+10
134 -14 1.8583937956662880e+10
136 -14 4.6657838408728695e+09
86 -13 1.5036791106945282e+04
88 -13 3.0387457610731199e+06
90 -13 1.0191529667587078e+08
92 -13 1.3239893591695027e+09
94 -13 9.5160346610692062e+09
96 -13 4.6269506368590477e+10
98 -13 1.6944006899182971e+11
100 -13 4.9795246802844391e+11
102 -13 1.2173494909883113e+12
104 -13 2.5496132302624438e+12
106 -13 4.6576155510686797e+12
108 -13 7.5007609378324258e+12
110 -13 1.0768824346060539e+13
112 -13 1.3840994029838260e+13
114 -13 1.6043891473746697e+13
116 -13 1.6644437549277350e+13
118 -13 1.5607820742570896e+13
120 -13 1.3106552671048504e+13
122 -13 9.8589814847233516e+12
124 -13 6.5778193186753398e+12
126 -13 3.8572287006282803e+12
128 -13 1.9649913818342231e+12
130 -13 8.4811581468088574e+11
132 -13 3.0226593848778009e+11
134 -13 7.9231873411329224e+10
136 -13 1.6673225828464895e+10
80 -12 9.4469486187766847e+01
82 -12 2.5636967698273645e+05
84 -12 2.7278551524997063e+07
86 -12 7.0294695127411342e+08
88 -12 7.9331278936781969e+09
90 -12 5.3675656447103577e+10
92 -12 2.5602721051129532e+11
94 -12 9.4234405300051099e+11
96 -12 2.8277099264081523e+12
98 -12 7.1635891100581377e+12
100 -12 1.5686319016917105e+13
102 -12 3.0210271005556633e+13
104 -12 5.1732696736924961e+13
106 -12 7.9433716969670328e+13
108 -12 1.0989791748641409e+14
110 -12 1.3780930067476178e+14
112 -12 1.5684533605969794e+14
114 -12 1.6166436054322622e+14
116 -12 1.5123821184399538e+14
118 -12 1.2780725658471438e+14
120 -12 9.7533785042059953e+13
122 -12 6.6618969784676969e+13
124 -12 4.0504625534320859e+13
126 -12 2.1665715470490199e+13
128 -12 1.0063635112534096e+13
130 -12 3.9477731142223398e+12
132 -12 1.2718038032430002e+12
134 -12 3.0190915731929919e+11
136 -12 5.4007362933206139e+10
76 -11 2.4705524300782799e+03
78 -11 2.7151900209750407e+06
80 -11 1.9135418822669145e+08
82 -11 4.0062535243533630e+09
84 -11 4.0592196020197098e+10
86 -11 2.6271179252284143e+11
88 -11 1.2403605103656091e+12
90 -11 4.6095971793898809e+12
92 -11 1.4158822295949686e+13
94 -11 3.7215863334596336e+13
96 -11 8.5031364084683750e+13
98 -11 1.7256109813641597e+14
100 -11 3.1319141056606819e+14
102 -11 5.1201629131299156e+14
104 -11 7.5882501559516000e+14
106 -11 1.0251783429811244e+15
108 -11 1.2634294077909312e+15
110 -11 1.4202521475620145e+15
112 -11 1.4594492694240258e+15
114 -11 1.3692589831236932e+15
116 -11 1.1672849967481125e+15
118 -11 9.0414958533902275e+14
120 -11 6.3159538674787575e+14
122 -11 3.9675170976945888e+14
124 -11 2.2129056256374594e+14
126 -11 1.0863939409064355e+14
128 -11 4.6216258626960602e+13
130 -11 1.6545572625489869e+13
132 -11 4.8273311585070469e+12
134 -11 1.0434339510964158e+12
136 -11 1.5983029189267874e+11
72 -10 4.8437435561379913e+04
74 -10 2.1456188909525383e+07
76 -10 1.0908739093736780e+09
78 -10 1.9039587046344231e+10
80 -10 1.7858582675917413e+11
82 -10 1.1144717489373789e+12
84 -10 5.2253782492882715e+12
86 -10 1.9668109187716543e+13
88 -10 6.2131415834712086e+13
90 -10 1.6907364897404931e+14
92 -10 4.0434857530137900e+14
94 -10 8.6267186042444225e+14
96 -10 1.6535514239513055e+15
98 -10 2.8764632214849545e+15
100 -10 4.5608480852256380e+15
102 -10 6.6046208698383460e+15
104 -10 8.7799676140331840e+15
106 -10 1.0699390915542316e+16
108 -10 1.1985260595731034e+16
110 -10 1.2318532625069576e+16
112 -10 1.1608739796394418e+16
114 -10 1.0005929679838458e+16
116 -10 7.8695387557379220e+15
118 -10 5.6272807741658300e+15
120 -10 3.6344749625210105e+15
122 -10 2.1056402725463498e+15
124 -10 1.0847851720140170e+15
126 -10 4.9152971327655394e+14
128 -10 1.9192786465184672e+14
130 -10 6.3023217565173750e+13
132 -10 1.6730974539433037e+13
134 -10 3.2729318010437520e+12
136 -10 4.3313913548674054e+11
68 -9 5.8801934133801307e+05
70 -9 1.3149092632338732e+08
72 -9 5.0320969134447317e+09
74 -9 7.6081568160650421e+10
76 -9 6.6328856258790100e+11
78 -9 4.0423521738440151e+12
80 -9 1.8939158132105020e+13
82 -9 7.2569569930973141e+13
84 -9 2.3535347956076106e+14
86 -9 6.6547399775383475e+14
88 -9 1.6637430738123725e+15
90 -9 3.7336368022052400e+15
92 -9 7.5709515137366400e+15
94 -9 1.3994000658225538e+16
96 -9 2.3651612722831292e+16
98 -9 3.6706199863363728e+16
100 -9 5.2436867644417296e+16
102 -9 6.9118100888745920e+16
104 -9 8.3920636270527424e+16
106 -9 9.4007700201790672e+16
108 -9 9.7066643175081520e+16
110 -9 9.2234797237404864e+16
112 -9 8.0528208869836640e+16
114 -9 6.4422705568518496e+16
116 -9 4.7023238479070424e+16
118 -9 3.1224804208639872e+16
120 -9 1.8727371617629628e+16
122 -9 1.0076661463218196e+16
124 -9 4.8131929971964620e+15
126 -9 2.0117519973348695e+15
128 -9 7.2386645765373550e+14
130 -9 2.1846891236298634e+14
132 -9 5.2940264839446820e+13
134 -9 9.4060620746039023e+12
136 -9 1.0801812781109679e+12
64 -8 4.6136251261926657e+06
66 -8 6.2248461187829947e+08
68 -8 1.8613737799149014e+10
70 -8 2.4849897265678448e+11
72 -8 2.0546607182419421e+12
74 -8 1.2269251906807398e+13
76 -8 5.7894035379451203e+13
78 -8 2.2602665100866491e+14
80 -8 7.5693914184762025e+14
82 -8 2.2253972748405152e+15
84 -8 5.8305293377524380e+15
86 -8 1.3768205657001246e+16
88 -8 2.9611506204086120e+16
90 -8 5.8135778782524072e+16
92 -8 1.0493466262096397e+17
94 -8 1.7434780343826598e+17
96 -8 2.6758216523073130e+17
98 -8 3.8004210804273862e+17
100 -8 4.9949993967302669e+17
102 -8 6.0747549937432550e+17
104 -8 6.8415510390763174e+17
106 -8 7.1208016392970778e+17
108 -8 6.8472061399366630e+17
110 -8 6.0698513628845786e+17
112 -8 4.9426968895820877e+17
114 -8 3.6911560941995008e+17
116 -8 2.5157856024865024e+17
118 -8 1.5567340577334064e+17
120 -8 8.7076566734092400e+16
122 -8 4.3605042418144896e+16
124 -8 1.9329347673000816e+16
126 -8 7.4966096272713180e+15
128 -8 2.4927339232653935e+15
130 -8 6.9219324565063050e+14
132 -8 1.5307518517805362e+14
134 -8 2.4706548134556398e+13
136 -8 2.4820061923402725e+12
58 -7 6.6066897269995034e+03
60 -7 2.5508437867843475e+07
62 -7 2.2346795871908398e+09
64 -7 5.3941440650806511e+10
66 -7 6.5238302813262842e+11
68 -7 5.1690480321419395e+12
70 -7 3.0652844009343961e+13
72 -7 1.4566342446277612e+14
74 -7 5.8349810863609712e+14
76 -7 2.0162274394787365e+15
78 -7 6.1921725211787770e+15
80 -7 1.7033617699960294e+16
82 -7 4.2527831726268880e+16
84 -7 9.6892381417672272e+16
86 -7 2.0280227957220656e+17
88 -7 3.9099637596263046e+17
90 -7 6.9689196330292774e+17
92 -7 1.1499350244435155e+18
94 -7 1.7608093133828861e+18
96 -7 2.5005616661109181e+18
98 -7 3.3002947263439104e+18
100 -7 4.0444941774607841e+18
102 -7 4.5992525589479921e+18
104 -7 4.8439312731871928e+18
106 -7 4.7226437982656983e+18
108 -7 4.2634620230107689e+18
110 -7 3.5433767685909473e+18
112 -7 2.7067511923632225e+18
114 -7 1.8969480948315336e+18
116 -7 1.2101852575679396e+18
118 -7 7.0162567419091891e+17
120 -7 3.6658271288124979e+17
122 -7 1.7116069966085846e+17
124 -7 7.0664946910651552e+16
126 -7 2.5441261947358688e+16
128 -7 7.8346805848925150e+15
130 -7 2.0031076288427225e+15
132 -7 4.0538181440118006e+14
134 -7 5.9444885520352062e+13
136 -7 5.2473462363304746e+12
54 -6 1.0716661205375219e+05
56 -6 9.7120362307642043e+07
58 -6 5.9105375276897297e+09
60 -6 1.2034428287071658e+11
62 -6 1.3438428429082837e+12
64 -6 1.0334438813869639e+13
66 -6 6.0923514167466133e+13
68 -6 2.9408275958463919e+14
70 -6 1.2085477207776460e+15
72 -6 4.3552666882315355e+15
74 -6 1.3969990686920928e+16
76 -6 4.0534307892951304e+16
78 -6 1.0715938688541222e+17
80 -6 2.5954537719865786e+17
82 -6 5.7958049658047680e+17
84 -6 1.1977073515634245e+18
86 -6 2.2955682124496287e+18
88 -6 4.0781831346716826e+18
90 -6 6.7457168713473833e+18
92 -6 1.0371069917263995e+19
94 -6 1.4865642335344341e+19
96 -6 1.9826981624691659e+19
98 -6 2.4591681053887070e+19
100 -6 2.8353119891916124e+19
102 -6 3.0365106773800354e+19
104 -6 3.0154822757183582e+19
106 -6 2.7761023844847202e+19
108 -6 2.3575028411229372e+19
110 -6 1.8473531625677599e+19
112 -6 1.3289111998388470e+19
114 -6 8.7539410192580321e+18
116 -6 5.2550847832008294e+18
118 -6 2.8561270050675994e+18
120 -6 1.3975911791164434e+18
122 -6 6.0948226291554880e+17
124 -6 2.3480759653353142e+17
126 -6 7.8638268979605888e+16
128 -6 2.2436336960259368e+16
130 -6 5.2891422473855400e+15
132 -6 9.8166127834301825e+14
134 -6 1.3075647545781694e+14
136 -6 1.0206781519040559e+13
50 -5 6.8473526602784463e+05
52 -5 2.5220100806927675e+08
54 -5 1.1364435645384439e+10
56 -5 2.0177878092593567e+11
58 -5 2.1140445953136763e+12
60 -5 1.5902629856781432e+13
62 -5 9.4007649318917250e+13
64 -5 4.6197733021218250e+14
66 -5 1.9611989461978762e+15
68 -5 7.3619252446236050e+15
70 -5 2.4858605121808504e+16
72 -5 7.6218896420982704e+16
74 -5 2.1420195554177530e+17
76 -5 5.5420100350285069e+17
78 -5 1.3273879966800937e+18
80 -5 2.9486448915889951e+18
82 -5 6.0825144227139543e+18
84 -5 1.1689307745094404e+19
86 -5 2.0933512685748449e+19
88 -5 3.4978531983410774e+19
90 -5 5.4503217813217067e+19
92 -5 7.9172078984558035e+19
94 -5 1.0721188866909626e+20
96 -5 1.3534491470894553e+20
98 -5 1.5912669504810759e+20
100 -5 1.7392283444437143e+20
102 -5 1.7657305919112905e+20
104 -5 1.6611263714571819e+20
106 -5 1.4466685447567288e+20
108 -5 1.1636820438861699e+20
110 -5 8.6183781177036243e+19
112 -5 5.8591121765933990e+19
114 -5 3.6366272642145231e+19
116 -5 2.0544495525397291e+19
118 -5 1.0500774279653493e+19
120 -5 4.8241870666853202e+18
122 -5 1.9712862199929283e+18
124 -5 7.0883951776470925e+17
126 -5 2.2099243717440115e+17
128 -5 5.8462269757458352e+16
130 -5 1.2727630625371388e+16
132 -5 2.1700896211067465e+15
134 -5 2.6289611398972359e+14
136 -5 1.8233220083753305e+13
46 -4 2.2606373957957039e+06
48 -4 4.3922268280388975e+08
50 -4 1.5543936139073200e+10
52 -4 2.4617793929945782e+11
54 -4 2.4663659328935205e+12
56 -4 1.8235641407471590e+13
58 -4 1.0842945270875106e+14
60 -4 5.4579960576325931e+14
62 -4 2.3992755447761855e+15
64 -4 9.4326441242433580e+15
66 -4 3.3593442604157896e+16
68 -4 1.0960908123512557e+17
70 -4 3.2891050887553082e+17
72 -4 9.1291411256036416e+17
74 -4 2.3533282953617731e+18
76 -4 5.6388502493055785e+18
78 -4 1.2600070331467702e+19
80 -4 2.6278151598082646e+19
82 -4 5.1221533503890424e+19
84 -4 9.3241448124804153e+19
86 -4 1.5853888196223677e+20
88 -4 2.5188526760179276e+20
90 -4 3.7344187588464437e+20
92 -4 5.1674425768392635e+20
94 -4 6.6779862439962031e+20
96 -4 8.0417558812062725e+20
98 -4 8.9950300787654944e+20
100 -4 9.3743405441041708e+20
102 -4 9.0560737865079495e+20
104 -4 8.1102131650017952e+20
106 -4 6.7120527655119526e+20
108 -4 5.1274866584631050e+20
110 -4 3.5999373238703646e+20
112 -4 2.3159201619978958e+20
114 -4 1.3591550409855317e+20
116 -4 7.2534371212941124e+19
118 -4 3.4878399083814650e+19
120 -4 1.5040391838928306e+19
122 -4 5.7620229906777047e+18
124 -4 1.9375653407551854e+18
126 -4 5.6304121020694202e+17
128 -4 1.3829504104633443e+17
130 -4 2.7849631154063740e+16
132 -4 4.3603224786511745e+15
134 -4 4.8198765568692600e+14
136 -4 2.9796507519843406e+13
42 -3 4.2458526518459385e+06
44 -3 5.0731587811212343e+08
46 -3 1.4697229015225426e+10
48 -3 2.1209676490874973e+11
50 -3 2.0400803146175020e+12
52 -3 1.4913825733893898e+13
54 -3 8.9525123961437125e+13
56 -3 4.6365758928299900e+14
58 -3 2.1241077841330645e+15
60 -3 8.7781659669726230e+15
62 -3 3.3152894716002912e+16
64 -3 1.1531654739422920e+17
66 -3 3.7182256571973818e+17
68 -3 1.1125304759370972e+18
70 -3 3.1057154845506335e+18
72 -3 8.0843540319237949e+18
74 -3 1.9658187248153813e+19
76 -3 4.4745559986664112e+19
78 -3 9.5316827730361156e+19
80 -3 1.9001085507300436e+20
82 -3 3.5432243897902649e+20
84 -3 6.1881611099619551e+20
86 -3 1.0099373514216571e+21
88 -3 1.5401359082078958e+21
90 -3 2.1936607282475342e+21
92 -3 2.9158989400307102e+21
94 -3 3.6121234117712098e+21
96 -3 4.1667041061319931e+21
98 -3 4.4686708676922877e+21
100 -3 4.4536152586376572e+21
102 -3 4.1124111578351303e+21
104 -3 3.5148549988453062e+21
106 -3 2.7723872280299113e+21
108 -3 2.0162379885505319e+21
110 -3 1.3444380004816870e+21
112 -3 8.2019501128894382e+20
114 -3 4.5556842054990909e+20
116 -3 2.2979828407927790e+20
118 -3 1.0429529479712273e+20
120 -3 4.2322257421303824e+19
122 -3 1.5213141413999989e+19
124 -3 4.7897785993223475e+18
126 -3 1.2981255923773734e+18
128 -3 2.9667189596961600e+17
130 -3 5.5147885766285928e+16
132 -3 7.9550892256919750e+15
134 -3 8.0188808505973950e+14
136 -3 4.4545679619364570e+13
38 -2 4.6494957643563803e+06
40 -2 3.7415346106153166e+08
42 -2 9.1856002902248421e+09
44 -2 1.2284734737612001e+11
46 -2 1.1366642226531592e+12
48 -2 8.2719668752764932e+12
50 -2 5.0325934030477734e+13
52 -2 2.6899374653447544e+14
54 -2 1.2868887718376142e+15
56 -2 5.6285592130738760e+15
58 -2 2.2656241775031144e+16
60 -2 8.4576719579938208e+16
62 -2 2.9400202560257933e+17
64 -2 9.5558498334666394e+17
66 -2 2.9008178796692378e+18
68 -2 8.2577039393834281e+18
70 -2 2.2031905851668701e+19
72 -2 5.5135664076436677e+19
74 -2 1.2929118898799467e+20
76 -2 2.8422003995425767e+20
78 -2 5.8608834806575399e+20
80 -2 1.1306967366922042e+21
82 -2 2.0412882180336992e+21
84 -2 3.4497151344243654e+21
86 -2 5.4504785972896045e+21
88 -2 8.0372336006062502e+21
90 -2 1.1067951901277206e+22
92 -2 1.4201833514123173e+22
94 -2 1.6983270101186993e+22
96 -2 1.8864335752945589e+22
98 -2 1.9464737854373113e+22
100 -2 1.8624707455459975e+22
102 -2 1.6482362531294990e+22
104 -2 1.3493707721853622e+22
106 -2 1.0169247061260135e+22
108 -2 7.0522928830752322e+21
110 -2 4.4751902794143241e+21
112 -2 2.5936423884705534e+21
114 -2 1.3687168803960649e+21
116 -2 6.5206628352175964e+20
118 -2 2.7960643200638085e+20
120 -2 1.0690319786271472e+20
122 -2 3.6091847994931814e+19
124 -2 1.0647814197063891e+19
126 -2 2.6964684986697636e+18
128 -2 5.7238418494434790e+17
130 -2 9.8755993186554752e+16
132 -2 1.3117258018421726e+16
134 -2 1.2100478093018280e+15
136 -2 6.0379748535199172e+13
32 -1 2.4110412398860267e+03
34 -1 2.8417476339074355e+06
36 -1 1.6717888308790383e+08
38 -1 3.5693348161698499e+09
40 -1 4.4264154233057335e+10
42 -1 3.9720008580047968e+11
44 -1 2.8700870407377969e+12
46 -1 1.7821626105179273e+13
48 -1 9.8489812394424344e+13
50 -1 4.9717820904543962e+14
52 -1 2.3107189165259365e+15
54 -1 9.9964914137831960e+15
56 -1 4.0383849477949512e+16
58 -1 1.5273020442310762e+17
60 -1 5.4182829085792070e+17
62 -1 1.8080108463978281e+18
64 -1 5.6703704756286751e+18
66 -1 1.6712879382897506e+19
68 -1 4.6286557853466575e+19
70 -1 1.2070810175793136e+20
72 -1 2.9539460924330331e+20
74 -1 6.7776121210967569e+20
76 -1 1.4590332882494853e+21
78 -1 2.9427561762223455e+21
80 -1 5.5531520771956733e+21
82 -1 9.8088070874693496e+21
84 -1 1.6194736947308643e+22
86 -1 2.4949199294853867e+22
88 -1 3.5827336686341257e+22
90 -1 4.7925445654923125e+22
92 -1 5.9671783288536790e+22
94 -1 6.9114776239401974e+22
96 -1 7.4243504005796344e+22
98 -1 7.3973461083253954e+22
100 -1 6.8216226786340671e+22
102 -1 5.8105919366631002e+22
104 -1 4.5617610001296717e+22
106 -1 3.2953697284220397e+22
108 -1 2.1824581091015617e+22
110 -1 1.3232409708977289e+22
112 -1 7.3050089244647836e+21
114 -1 3.6569476634963927e+21
116 -1 1.6542012285342906e+21
118 -1 6.7024560493399638e+20
120 -1 2.4176117297662322e+20
122 -1 7.6859340709093376e+19
124 -1 2.1243605267431141e+19
126 -1 5.0329671992308091e+18
128 -1 9.9561750475540339e+17
130 -1 1.5910010596488941e+17
132 -1 1.9468480700702400e+16
134 -1 1.6453764287409348e+15
136 -1 7.4017196248443984e+13
28 0 2.3241000345097705e+03
30 0 8.9064188500686688e+05
32 0 4.0665226568394773e+07
34 0 7.5958938541207314e+08
36 0 8.8281533277412949e+09
38 0 7.6563904994385193e+10
40 0 5.5217987012404590e+11
42 0 3.5180314469535479e+12
44 0 2.0432736749655234e+13
46 0 1.0993167880737292e+14
48 0 5.5138943882873606e+14
50 0 2.5922054433448790e+15
52 0 1.1468620706794190e+16
54 0 4.7697521352902704e+16
56 0 1.8706009658780445e+17
58 0 6.9250922256586726e+17
60 0 2.4164181603010811e+18
62 0 7.9568272228457380e+18
64 0 2.4687278907285656e+19
66 0 7.2167795257991291e+19
68 0 1.9851322958411419e+20
70 0 5.1317623180187002e+20
72 0 1.2475302080046681e+21
74 0 2.8389600012407721e+21
76 0 6.0540763495264850e+21
78 0 1.2079102294549798e+22
80 0 2.2526307775079130e+22
82 0 3.9248950203680178e+22
84 0 6.3706128372802777e+22
86 0 9.6386374969683931e+22
88 0 1.3565555373506191e+23
90 0 1.7740053024781123e+23
92 0 2.1553354605397642e+23
94 0 2.4280171766164667e+23
96 0 2.5348169025926681e+23
98 0 2.4460682549546302e+23
100 0 2.1810499267164638e+23
102 0 1.7920996225297682e+23
104 0 1.3546525722007768e+23
106 0 9.4017121693229595e+22
108 0 5.9684191618099654e+22
110 0 3.4574908466805894e+22
112 0 1.8225192238414479e+22
114 0 8.6870689083142712e+21
116 0 3.7270523378720194e+21
118 0 1.4315259147422380e+21
120 0 4.8754870264088566e+20
122 0 1.4599037661405174e+20
124 0 3.7904187674518012e+19
126 0 8.3927326299162020e+18
128 0 1.5475622415210004e+18
130 0 2.2951806355626883e+17
132 0 2.5952414891550504e+16
134 0 2.0068701499747885e+15
136 0 8.1876853569281688e+13
24 1 5.4367038198791602e+02
26 1 1.1122033393874702e+05
28 1 4.0199661528882394e+06
30 1 6.6423458943166867e+07
32 1 7.1705519245212591e+08
34 1 6.0708543040731297e+09
36 1 4.4572135558533699e+10
38 1 3.0230389385820624e+11
40 1 1.9308024688064426e+12
42 1 1.1572909646406713e+13
44 1 6.4872947122334188e+13
46 1 3.4129759299741838e+14
48 1 1.6929149276714710e+15
50 1 7.9234756909052560e+15
52 1 3.4951697040185204e+16
54 1 1.4608515644746694e+17
56 1 5.7646867806849318e+17
58 1 2.1504668313228385e+18
60 1 7.5709358760454246e+18
62 1 2.5183574051084341e+19
64 1 7.8905806569056010e+19
66 1 2.3312099418107622e+20
68 1 6.4725591787463036e+20
70 1 1.6863160359628466e+21
72 1 4.1213308644647103e+21
74 1 9.4170474367188499e+21
76 1 2.0123903595229997e+22
78 1 4.0155413833909369e+22
80 1 7.4701583006732342e+22
82 1 1.2940342969119287e+23
84 1 2.0834851541562380e+23
86 1 3.1166146388378581e+23
88 1 4.3283794386619009e+23
90 1 5.5688564811065563e+23
92 1 6.6375843444405152e+23
94 1 7.3166466554632269e+23
96 1 7.4484455207209930e+23
98 1 6.9933643591374504e+23
100 1 6.0524252197140194e+23
102 1 4.8148624500949395e+23
104 1 3.5143464174302287e+23
106 1 2.3497461906411338e+23
108 1 1.4334232465224086e+23
110 1 7.9577643864793152e+22
112 1 4.0113577765741263e+22
114 1 1.8231915742014520e+22
116 1 7.4432917734492220e+21
118 1 2.7107349467543561e+21
120 1 8.7360422292727477e+20
122 1 2.4630997985879576e+20
124 1 6.0118820884069941e+19
126 1 1.2478070883994333e+19
128 1 2.1457165770310057e+18
130 1 2.9598808567683475e+17
132 1 3.0895328610589440e+16
134 1 2.1926204385693022e+15
136 1 8.1030240754426109e+13
28 2 7.3957329724985830e+04
30 2 9.2475733092894629e+06
32 2 2.7599343571067715e+08
34 2 4.2163481678267903e+09
36 2 4.4261952666234482e+10
38 2 3.6769770348453625e+11
40 2 2.6353204928476011e+12
42 2 1.7009501634958309e+13
44 2 1.0143417780780256e+14
46 2 5.6173611221836862e+14
48 2 2.9245771414862485e+15
50 2 1.4294998277829462e+16
52 2 6.5755945706072416e+16
54 2 2.8565536119270976e+17
56 2 1.1684888206371287e+18
58 2 4.5225271597398313e+18
60 2 1.6477589489775378e+19
62 2 5.6576595173388296e+19
64 2 1.8272834242181916e+20
66 2 5.5488170802167952e+20
68 2 1.5778136263834550e+21
70 2 4.2031432680693228e+21
72 2 1.0477515602953801e+22
74 2 2.4384977499061496e+22
76 2 5.2829274085951552e+22
78 2 1.0656809950151275e+23
80 2 1.9975201724776725e+23
82 2 3.4729511102340339e+23
84 2 5.5960492280555645e+23
86 2 8.3478651567829329e+23
88 2 1.1513835540551427e+24
90 2 1.4673981825962193e+24
92 2 1.7270929540302986e+24
94 2 1.8721871344432638e+24
96 2 1.8698516266551736e+24
98 2 1.7174254786412388e+24
100 2 1.4479495390614575e+24
102 2 1.1189719246971504e+24
104 2 7.9125648424241366e+23
106 2 5.1118048789839902e+23
108 2 3.0064733682515469e+23
110 2 1.6049771290484544e+23
112 2 7.7453820343892597e+22
114 2 3.3637782067182511e+22
116 2 1.3092867998931948e+22
118 2 4.5288618385261834e+21
120 2 1.3831373775195522e+21
122 2 3.6839061258607860e+20
124 2 8.4560180577560183e+19
126 2 1.6439893836433572e+19
128 2 2.6425121906792003e+18
130 2 3.3840527635412858e+17
132 2 3.2636752203803076e+16
134 2 2.1284600388026000e+15
136 2 7.1539798933226656e+13
32 3 4.0938141324411053e+06
34 3 3.4224045705718178e+08
36 3 8.7171625108228989e+09
38 3 1.2409318132078682e+11
40 3 1.2655644812635571e+12
42 3 1.0378529537847352e+13
44 3 7.3538039404225781e+13
46 3 4.6814406481470062e+14
48 3 2.7193416147540805e+15
50 3 1.4654912924200560e+16
52 3 7.3513360333477744e+16
54 3 3.4441580122919443e+17
56 3 1.5130207665295593e+18
58 3 6.2424010685643244e+18
60 3 2.4123435021888946e+19
62 3 8.7503135341179437e+19
64 3 2.9710981127074441e+20
66 3 9.4434667261730934e+20
68 3 2.8073229384927858e+21
70 3 7.7766092368105250e+21
72 3 2.0076344949106337e+22
74 3 4.8176123388762637e+22
76 3 1.0736157145199398e+23
78 3 2.2166092050308416e+23
80 3 4.2355354681815636e+23
82 3 7.4739294942515167e+23
84 3 1.2173135049148923e+24
86 3 1.8271809146502398e+24
88 3 2.5259294497610193e+24
90 3 3.2146175012151633e+24
92 3 3.7599029749658586e+24
94 3 4.0370706716232745e+24
96 3 3.9756736774682241e+24
98 3 3.5896548842481553e+24
100 3 2.9646354709482861e+24
102 3 2.2370619919041218e+24
104 3 1.5391355026601091e+24
106 3 9.6402767197335733e+23
108 3 5.4814706484008073e+23
110 3 2.8185088327108524e+23
112 3 1.3077915418156162e+23
114 3 5.4403982264498857e+22
116 3 2.0217213557139095e+22
118 3 6.6592733630127271e+21
120 3 1.9272355991372749e+21
122 3 4.8514435275247800e+20
124 3 1.0493089079095973e+20
126 3 1.9166499234652299e+19
128 3 2.8751183097965297e+18
130 3 3.4260319328405818e+17
132 3 3.0537136730253796e+16
134 3 1.8273246694391170e+15
136 3 5.5782323944167875e+13
36 4 1.2760099468112387e+08
38 4 7.4965938863607893e+09
40 4 1.6748604641568518e+11
42 4 2.2424843372513711e+12
44 4 2.2247887350862941e+13
46 4 1.8030458819990397e+14
48 4 1.2678154633305075e+15
50 4 7.9802806828427310e+15
52 4 4.5751528306777760e+16
54 4 2.4169189521273907e+17
56 4 1.1821778477850798e+18
58 4 5.3716205895434158e+18
60 4 2.2695840818200220e+19
62 4 8.9296958747695071e+19
64 4 3.2720653968905686e+20
66 4 1.1138906489901781e+21
68 4 3.5238544231317032e+21
70 4 1.0356290396888404e+22
72 4 2.8188255539592224e+22
74 4 7.0989368788052798e+22
76 4 1.6500196845301542e+23
78 4 3.5387024308601952e+23
80 4 6.9838272194873783e+23
82 4 1.2674231975036997e+24
84 4 2.1109345537946183e+24
86 4 3.2252733519479509e+24
88 4 4.5140122417103372e+24
90 4 5.7850510678900030e+24
92 4 6.7792643521590978e+24
94 4 7.2633356083011803e+24
96 4 7.1068415554577782e+24
98 4 6.3423077032677422e+24
100 4 5.1586758254841280e+24
102 4 3.8185695873279637e+24
104 4 2.5693317467266326e+24
106 4 1.5669105573363816e+24
108 4 8.6352392316078441e+23
110 4 4.2948191147024330e+23
112 4 1.9188103646648387e+23
114 4 7.6685750879543492e+22
116 4 2.7260726851864151e+22
118 4 8.5569031902087841e+21
120 4 2.3551804717035846e+21
122 4 5.6122176100692420e+20
124 4 1.1446642814322563e+20
126 4 1.9606265391459037e+19
128 4 2.7516458242652027e+18
130 4 3.0456470411349645e+17
132 4 2.5098869917784280e+16
134 4 1.3799715881872408e+15
136 4 3.8374622862805312e+13
38 5 6.7606444408053420e+06
40 5 2.4171484537095881e+09
42 5 1.1086460263475159e+11
44 5 2.1866952009112314e+12
46 5 2.7908097106647980e+13
48 5 2.6875916086745809e+14
50 5 2.1522440068328920e+15
52 5 1.4960670551412490e+16
54 5 9.3330174999805584e+16
56 5 5.2835141816772493e+17
58 5 2.7424166409665341e+18
60 5 1.3090234180869970e+19
62 5 5.7513746079218762e+19
64 5 2.3336831865555770e+20
66 5 8.7471558215843735e+20
68 5 3.0204556055730916e+21
70 5 9.6148342694229123e+21
72 5 2.8157350144016101e+22
74 5 7.5766808200903712e+22
76 5 1.8721123148150057e+23
78 5 4.2415773796767766e+23
80 5 8.7874874248474034e+23
82 5 1.6631961208608147e+24
84 5 2.8731759783228125e+24
86 5 4.5219608925216841e+24
88 5 6.4821470550248165e+24
90 5 8.4535983872992343e+24
92 5 1.0027919620750306e+25
94 5 1.0807261427959390e+25
96 5 1.0581784480523601e+25
98 5 9.4073230416159898e+24
100 5 7.5827537090092181e+24
102 5 5.5346314149066436e+24
104 5 3.6555283010649260e+24
106 5 2.1795021712557106e+24
108 5 1.1710278172253578e+24
110 5 5.6479344341546043e+23
112 5 2.4393794462776462e+23
114 5 9.3810877656057655e+22
116 5 3.1962559293705264e+22
118 5 9.5905404201295749e+21
120 5 2.5107874971577038e+21
122 5 5.6714341808559548e+20
124 5 1.0911458606389463e+20
126 5 1.7565385577566495e+19
128 5 2.3045833534497900e+18
130 5 2.3741093545990214e+17
132 5 1.8083322808142832e+16
134 5 9.1221210978980700e+14
136 5 2.3002802778012707e+13
42 6 1.6454946070864910e+08
44 6 3.2080314248896912e+10
46 6 1.1559521615987542e+12
48 6 2.0843582491343148e+13
50 6 2.5133589964552659e+14
52 6 2.3667240296720760e+15
54 6 1.8629891422413232e+16
56 6 1.2819171058739370e+17
58 6 7.8966637434791309e+17
60 6 4.3983146711628687e+18
62 6 2.2318756041751200e+19
64 6 1.0336535125262557e+20
66 6 4.3759479137531986e+20
68 6 1.6938062222325965e+21
70 6 5.9941676068073678e+21
72 6 1.9354455930580956e+22
74 6 5.6955316553709146e+22
76 6 1.5269293892189207e+23
78 6 3.7240782018481566e+23
80 6 8.2476033095150713e+23
82 6 1.6564093858025228e+24
84 6 3.0121407788443460e+24
86 6 4.9569722702889762e+24
88 6 7.3746591835432679e+24
90 6 9.9093991601409306e+24
92 6 1.2024898152142013e+25
94 6 1.3170791898561826e+25
96 6 1.3024174316170855e+25
98 6 1.1617871176472937e+25
100 6 9.3451341313171216e+24
102 6 6.7717387881127718e+24
104 6 4.4169857543382108e+24
106 6 2.5861452140741063e+24
108 6 1.3592262323318872e+24
110 6 6.3826171314739092e+23
112 6 2.6709675203915810e+23
114 6 9.9143540808644624e+22
116 6 3.2489773025042320e+22
118 6 9.3246206917035132e+21
120 6 2.3262240001887342e+21
122 6 4.9865101906796085e+20
124 6 9.0730767327085019e+19
126 6 1.3727941559161979e+19
128 6 1.6837612379843028e+18
130 6 1.6112859772406352e+17
132 6 1.1343900747024190e+16
134 6 5.2395836540199819e+14
136 6 1.2018686926861039e+13
46 7 2.7800392098139381e+09
48 7 2.9786800960705542e+11
50 7 9.0676193997716172e+12
52 7 1.4816962848989669e+14
54 7 1.7158219262420188e+15
56 7 1.5671999222718400e+16
58 7 1.2143204898623320e+17
60 7 8.2288694714666739e+17
62 7 4.9816994735164447e+18
64 7 2.7149325053176377e+19
66 7 1.3396517780486472e+20
68 7 5.9769124770702793e+20
70 7 2.4143223156607864e+21
72 7 8.8253665084456053e+21
74 7 2.9119919434005482e+22
76 7 8.6749813348361749e+22
78 7 2.3301034632340829e+23
80 7 5.6331807129112558e+23
82 7 1.2244858059032150e+24
84 7 2.3875925293374281e+24
86 7 4.1755935292035286e+24
88 7 6.5500717092301239e+24
90 7 9.2002499920477884e+24
92 7 1.1565391695416306e+25
94 7 1.3025069715557773e+25
96 7 1.3132492763214601e+25
98 7 1.1866367923771232e+25
100 7 9.5996805464541697e+24
102 7 6.9538846795546925e+24
104 7 4.5047919243589358e+24
106 7 2.6071097884714592e+24
108 7 1.3452799143993004e+24
110 7 6.1768844158795099e+23
112 7 2.5144605023123245e+23
114 7 9.0390126586244761e+22
116 7 2.8528214677861062e+22
118 7 7.8524426321130454e+21
120 7 1.8695563511074802e+21
122 7 3.8057338453488363e+20
124 7 6.5445393050734977e+19
126 7 9.3037761695924183e+18
128 7 1.0659759841624274e+18
130 7 9.4859130675044400e+16
132 7 6.1599625120629200e+15
134 7 2.6014650918596009e+14
136 7 5.3913407326972432e+12
50 8 2.7616879524760277e+10
52 8 2.1109200918823174e+12
54 8 5.3648446197603508e+13
56 8 8.1456292296146788e+14
58 8 8.9953462688549330e+15
60 8 8.0216085301813920e+16
62 8 6.0787103943495360e+17
64 8 4.0416291889716751e+18
66 8 2.3935827748652749e+19
68 8 1.2676567318107177e+20
70 8 6.0239840678667092e+20
72 8 2.5630964913446558e+21
74 8 9.7562316554405235e+21
76 8 3.3154947612031245e+22
78 8 1.0058744951616590e+23
80 8 2.7204600236171427e+23
82 8 6.5430238221973595e+23
84 8 1.3986436612742261e+24
86 8 2.6537784349867003e+24
88 8 4.4652853311534740e+24
90 8 6.6629460664357738e+24
92 8 8.8134840157173007e+24
94 8 1.0339752195696286e+25
96 8 1.0762773330911402e+25
98 8 9.9503986974442621e+24
100 8 8.1717799055004534e+24
102 8 5.9593157239495724e+24
104 8 3.8584760452091682e+24
106 8 2.2195071973124432e+24
108 8 1.1312825860590942e+24
110 8 5.0978856885536038e+23
112 8 2.0270576491588971e+23
114 8 7.0714111059979802e+22
116 8 2.1557684355330696e+22
118 8 5.7018024948122717e+21
120 8 1.2979595788082673e+21
122 8 2.5138155426496233e+20
124 8 4.0845367573404459e+19
126 8 5.4620580387547474e+18
128 8 5.8500057833707034e+17
130 8 4.8204899657598848e+16
132 8 2.8836225540834830e+15
134 8 1.1108469348158312e+14
136 8 2.0675287236973394e+12
54 9 2.1105655939195474e+11
56 9 1.1134874827577285e+13
58 9 2.4838244279332809e+14
60 9 3.4936888871168145e+15
62 9 3.7045535103941920e+16
64 9 3.2001069147031706e+17
66 9 2.3756178081047532e+18
68 9 1.5419100304631214e+19
70 9 8.8628562166032646e+19
72 9 4.5204594369738788e+20
74 9 2.0436904816170117e+21
76 9 8.1757446666817267e+21
78 9 2.8807755956399502e+22
80 9 8.9584762998322088e+22
82 9 2.4518032917853601e+23
84 9 5.8894641641888344e+23
86 9 1.2405320939593940e+24
88 9 2.2908743495251620e+24
90 9 3.7039021509142023e+24
92 9 5.2467496125880691e+24
94 9 6.5145749131299765e+24
96 9 7.0966425223704886e+24
98 9 6.7909551351796258e+24
100 9 5.7210348447706755e+24
102 9 4.2405853727071715e+24
104 9 2.7696075797319936e+24
106 9 1.5915906114404921e+24
108 9 8.0581582692436546e+23
110 9 3.5814311743764356e+23
112 9 1.3957263271715909e+23
114 9 4.7444050558464253e+22
116 9 1.4014731720906661e+22
118 9 3.5673549675154784e+21
120 9 7.7700256816439440e+20
122 9 1.4313765537484731e+20
124 9 2.2009367988667838e+19
126 9 2.7647751390319662e+18
128 9 2.7632631442221392e+17
130 9 2.1102136497758656e+16
132 9 1.1553189720035865e+15
134 9 4.0433247088441961e+13
136 9 6.6985553572205530e+11
56 10 3.6383836702182813e+09
58 10 1.1323097012590352e+12
60 10 4.5604280814800305e+13
62 10 9.0151406969209275e+14
64 10 1.1920756553000950e+16
66 10 1.2026650251110814e+17
68 10 1.0137859311421979e+18
70 10 7.3133235030674647e+18
72 10 4.6071780011342873e+19
74 10 2.5446942743950829e+20
76 10 1.2342292470297954e+21
78 10 5.2285963846789376e+21
80 10 1.9306039882154684e+22
82 10 6.1854669013573356e+22
84 10 1.7215334967409373e+23
86 10 4.1397894639039552e+23
88 10 8.6064994966551025e+23
90 10 1.5454897066318837e+24
92 10 2.3966090070960651e+24
94 10 3.2106093619788968e+24
96 10 3.7233253216072225e+24
98 10 3.7450748775865105e+24
100 10 3.2737824924332004e+24
102 10 2.4915267712637639e+24
104 10 1.6551501831167601e+24
106 10 9.5889179148153004e+23
108 10 4.8477709909459609e+23
110 10 2.1372403379566632e+23
112 10 8.1915112731368843e+22
114 10 2.7231203304621860e+22
116 10 7.8102257903466143e+21
118 10 1.9180408893659787e+21
120 10 4.0073186280137569e+20
122 10 7.0273551443565445e+19
124 10 1.0219861371947123e+19
126 10 1.2048958434071506e+18
128 10 1.1227367483048931e+17
130 10 7.9114467898782430e+15
132 10 3.9620637278221762e+14
134 10 1.2437548987734938e+13
136 10 1.8176337364843027e+11
60 11 3.6045865575645920e+10
62 11 4.4499179019288438e+12
64 11 1.4590268581158388e+14
66 11 2.6178722972876470e+15
68 11 3.2134372868512268e+16
70 11 3.1482382757402509e+17
72 11 2.5503046824100444e+18
74 11 1.7843380660329032e+19
76 11 1.0794528131180770e+20
78 11 5.6724587245052487e+20
80 11 2.5687124426982944e+21
82 11 1.0015893603395297e+22
84 11 3.3343849867393964e+22
86 11 9.4679690029510888e+22
88 11 2.2879815625614717e+23
90 11 4.6990959986054841e+23
92 11 8.1935843879363729e+23
94 11 1.2138403327899393e+24
96 11 1.5304395950859877e+24
98 11 1.6462539538549852e+24
100 11 1.5175936511198981e+24
102 11 1.2021264898019426e+24
104 11 8.2018801846285447e+23
106 11 4.8324614397216926e+23
108 11 2.4590144098114798e+23
110 11 1.0809081469834947e+23
112 11 4.0959806700790493e+22
114 11 1.3362069672317950e+22
116 11 3.7315230549838733e+21
118 11 8.8666462765243014e+20
120 11 1.7766291043270273e+20
122 11 2.9737922031750337e+19
124 11 4.0852884112669148e+18
126 11 4.5194316564188467e+17
128 11 3.9123086317098272e+16
130 11 2.5355601550760685e+15
132 11 1.1501433692038523e+14
134 11 3.2187977260050850e+12
136 11 4.0395982764413994e+10
64 12 1.6525960780604703e+11
66 12 1.3286727609175611e+13
68 12 3.7923692805963656e+14
70 12 5.9677606671622130e+15
72 12 7.0546564468648320e+16
74 12 6.5486480203036442e+17
76 12 5.1514654140608748e+18
78 12 3.4475654061611647e+19
80 12 1.9841852687248975e+20
82 12 9.7019295587097510e+20
84 12 4.0319607131511571e+21
86 12 1.4049102242914847e+22
88 12 4.1039986494683891e+22
90 12 9.9921457090688503e+22
92 12 2.0279758075137926e+23
94 12 3.4249936978297462e+23
96 12 4.8279869262845465e+23
98 12 5.6867369725654696e+23
100 12 5.6334808744214297e+23
102 12 4.7173692564937763e+23
104 12 3.3501953856758085e+23
106 12 2.0288426034780959e+23
108 12 1.0477082813646217e+23
110 12 4.6228466539971616e+22
112 12 1.7422900268336752e+22
114 12 5.6005821923024699e+21
116 12 1.5275079113936389e+21
118 12 3.5170934967670571e+20
120 12 6.7769586194720063e+19
122 12 1.0791801807772606e+19
124 12 1.4029273763544707e+18
126 12 1.4539118502482621e+17
128 12 1.1651663427809164e+16
130 12 6.9238413805985712e+14
132 12 2.8131066599645652e+13
134 12 6.8677896908343225e+11
136 12 7.1864436636393452e+09
68 13 5.0672827277627191e+11
70 13 3.3332304921023023e+13
72 13 7.4486694398300588e+14
74 13 1.1207211948873580e+16
76 13 1.2288518888973672e+17
78 13 1.1070557659387149e+18
80 13 8.2857232593733509e+18
82 13 5.2798342361257271e+19
84 13 2.8253840190477533e+20
86 13 1.2633873689908630e+21
88 13 4.6424179638890581e+21
90 13 1.4035567612926808e+22
92 13 3.4558165750949716e+22
94 13 6.9324472894086644e+22
96 13 1.1325386348491809e+23
98 13 1.5092155168556510e+23
100 13 1.6485848949577313e+23
102 13 1.4892401088889769e+23
104 13 1.1197994052892655e+23
106 13 7.0531172799405795e+22
108 13 3.7380303869735755e+22
110 13 1.6697832167364077e+22
112 13 6.2941286123542875e+21
114 13 2.0020952241366717e+21
116 13 5.3575487276738871e+20
118 13 1.1970260606821523e+20
120 13 2.2209290858992746e+19
122 13 3.3733892015244959e+18
124 13 4.1411368048611270e+17
126 13 4.0041369002878296e+16
128 13 2.9541383496685775e+15
130 13 1.5895396142048469e+14
132 13 5.7307290548784551e+12
134 13 1.1869939775896158e+11
136 13 9.7554148157154715e+08
72 14 1.5228324392962529e+12
74 14 5.8151704129330711e+13
76 14 1.2229365428359932e+15
78 14 1.6610361653098126e+16
80 14 1.7541231184306886e+17
82 14 1.4880137045557957e+18
84 14 1.0670793277884473e+19
86 14 6.3062448777865667e+19
88 14 3.0757461528715448e+20
90 14 1.2048443116642760e+21
92 14 3.7987707821403485e+21
94 14 9.5025752581273991e+21
96 14 1.8875264708738600e+22
98 14 2.9649601089997413e+22
100 14 3.7056101034878120e+22
102 14 3.7174175475318162e+22
104 14 3.0247500093671829e+22
106 14 2.0175393021676355e+22
108 14 1.1107494467762496e+22
110 14 5.0765890456174660e+21
112 14 1.9301911812396254e+21
114 14 6.1183787866515754e+20
116 14 1.6105183518212961e+20
118 14 3.5061838869221315e+19
120 14 6.2589742832160205e+18
122 14 9.0691821299915546e+17
124 14 1.0480393545994717e+17
126 14 9.4069483647714740e+15
128 14 6.3613398455440738e+14
130 14 3.0591639519809328e+13
132 14 9.5440647144530530e+11
134 14 1.6077343624233824e+10
136 14 9.5778725182249457e+07
74 15 2.4739827134114971e+10
76 15 2.5004277489668105e+12
78 15 8.7071891340325531e+13
80 15 1.5792478170443602e+15
82 15 2.0247807512445404e+16
84 15 1.9887778426707155e+17
86 15 1.6280282647288338e+18
88 15 1.0740970426034432e+19
90 15 5.7937080505570165e+19
92 15 2.4511905000178942e+20
94 15 8.1391201872670307e+20
96 15 2.0781852323389498e+21
98 15 4.0881933862214597e+21
100 15 6.1538407032105290e+21
102 15 7.1350845001257001e+21
104 15 6.4814938086334865e+21
106 15 4.6914231229348378e+21
108 15 2.7319437229647284e+21
110 15 1.2935577440130821e+21
112 15 5.0084793932663410e+20
114 15 1.5900884958771888e+20
116 15 4.1444545734408528e+19
118 15 8.8059361170355743e+18
120 15 1.5165323196385219e+18
122 15 2.0893459338457062e+17
124 15 2.2656066700424580e+16
126 15 1.8820337634029618e+15
128 15 1.1487811978778888e+14
130 15 4.8466063540632998e+12
132 15 1.2652586348113089e+11
134 15 1.6255324087340589e+09
136 15 6.1291948312740410e+06
78 16 4.3097787146236526e+10
80 16 3.5943493160830005e+12
82 16 1.0199893123554567e+14
84 16 1.6682518895430480e+15
86 16 1.9487838161777304e+16
88 16 1.8555672858638710e+17
90 16 1.3848242511847880e+18
92 16 8.4104186999296717e+18
94 16 3.8976047754162397e+19
96 16 1.3781668958097832e+20
98 16 3.6111529840717018e+20
100 16 7.0572703971303070e+20
102 16 1.0087060457117286e+21
104 16 1.0735533045054931e+21
106 16 8.7076939844723566e+20
108 16 5.4971047687146399e+20
110 16 2.7431852417324741e+20
112 16 1.0956013929317745e+20
114 16 3.5179919164185387e+19
116 16 9.1047247580198031e+18
118 16 1.8940137535140810e+18
120 16 3.1503321799207891e+17
122 16 4.1195796227253848e+16
124 16 4.1687918801945280e+15
126 16 3.1630629643904431e+14
128 16 1.7188362584974945e+13
130 16 6.1736254311097876e+11
132 16 1.2698504318682251e+10
134 16 1.1122898223383170e+08
136 16 2.0749147517241529e+05
82 17 6.4021255390485031e+10
84 17 4.2334159527172725e+12
86 17 9.4793373362723469e+13
88 17 1.3682388193112172e+15
90 17 1.5689081791617608e+16
92 17 1.3365767585475560e+17
94 17 9.3266788529173517e+17
96 17 4.7980035202972703e+18
98 17 1.8364233574968177e+19
100 17 4.9862491846364070e+19
102 17 9.6903803023222669e+19
104 17 1.3041010319298344e+20
106 17 1.2507972584446229e+20
108 17 8.8742842477896958e+19
110 17 4.7876822084770439e+19
112 17 2.0032531938786574e+19
114 17 6.5763804692625275e+18
116 17 1.7038196377380091e+18
118 17 3.4824642161073216e+17
120 17 5.5768802345338768e+16
122 17 6.8967992211137320e+15
124 17 6.4635552609856738e+14
126 17 4.4152796851292734e+13
128 17 2.0790776002256243e+12
130 17 6.0836382282393013e+10
132 17 8.9791150643162370e+08
134 17 4.3482771487804493e+06
136 17 1.2665536762937184e+03
86 18 1.0260386192247713e+11
88 18 3.4727844846675708e+12
90 18 6.6267056568187289e+13
92 18 9.6137962049377612e+14
94 18 9.4852150093069740e+15
96 18 7.7728984766253296e+16
98 18 4.5245184475032851e+17
100 18 1.9080909158441421e+18
102 18 5.4276306686517596e+18
104 18 1.0557530398401540e+19
106 18 1.3142694058539141e+19
108 18 1.1120031349532996e+19
110 18 6.7313611574961377e+18
112 18 3.0248667182214426e+18
114 18 1.0308077522276367e+18
116 18 2.6951985310533488e+17
118 18 5.4296541008870272e+16
120 18 8.3718393184879640e+15
122 18 9.7364643724651725e+14
124 18 8.3404267691882469e+13
126 18 5.0085475773126826e+12
128 18 1.9597090914839676e+11
130 18 4.3030793611321678e+09
132 18 3.8809467973659649e+07
134 18 5.4668028204403847e+04
88 19 1.2461084442281752e+09
90 19 7.4958162161720947e+10
92 19 2.0871979292458477e+12
94 19 4.1453960653634172e+13
96 19 4.7753468317812025e+14
98 19 4.7399361820823930e+15
100 19 3.2132427782799060e+16
102 19 1.5256561482856176e+17
104 19 4.6181274972661350e+17
106 19 9.0442139700711910e+17
108 19 1.0179247138247896e+18
110 19 7.3759341603007219e+17
112 19 3.6940807940736966e+17
114 19 1.3351610520439277e+17
116 19 3.5696588827021756e+16
118 19 7.1046140895190030e+15
120 19 1.0513482995300008e+15
122 19 1.1388044529156569e+14
124 19 8.7351422571420283e+12
126 19 4.4511864836646014e+11
128 19 1.3542768935209703e+10
130 19 1.9297206522702983e+08
132 19 6.7765833997865987e+05
92 20 7.8530935668302679e+08
94 20 3.7671482178545708e+10
96 20 1.1809868683127937e+12
98 20 1.6206017479381990e+13
100 20 2.0220628997222500e+14
102 20 1.6752111669753762e+15
104 20 9.2319066896843080e+15
106 20 3.0329591236699732e+16
108 20 5.9958395647133256e+16
110 20 5.9051395530004856e+16
112 20 3.5233383446495940e+16
114 20 1.3988546743281268e+16
116 20 3.8889445206807020e+15
118 20 7.6942133823717100e+14
120 20 1.0900897472837862e+14
122 20 1.0806107794039930e+13
124 20 7.1707698779668140e+11
126 20 2.9239452509604588e+10
128 20 6.0804610942894673e+08
130 20 3.9543468066894729e+06
96 21 2.9170431889796960e+08
98 21 1.9709997124180271e+10
100 21 3.3232483662561591e+11
102 21 5.6260644873097871e+12
104 21 6.1765915320162914e+13
106 21 4.0888679416846350e+14
108 21 1.4939751314477585e+15
110 21 2.9800147812521835e+15
112 21 2.4452370340060400e+15
114 21 1.1393924180190265e+15
116 21 3.3912422344277181e+14
118 21 6.7473623617337156e+13
120 21 9.0486045287335586e+12
122 21 7.9937431229967566e+11
124 21 4.3673428978762733e+10
126 21 1.2638010270762293e+09
128 21 1.3361016799153162e+07
100 22 1.3592285323505163e+08
102 22 3.1464306770960264e+09
104 22 8.6309866429684143e+10
106 22 1.5391240140226296e+12
108 22 1.2573383390309225e+13
110 22 5.3045351218439695e+13
112 22 1.0530353897273972e+14
114 22 6.7159325315417391e+13
116 22 2.2702873278505328e+13
118 22 4.5971645358469834e+12
120 22 5.7878190034396973e+11
122 22 4.3706071107679581e+10
124 22 1.7641630851019926e+09
126 22 2.8008408086612575e+07
104 23 2.7394187478990490e+06
106 23 4.8434104773642540e+08
108 23 2.3745637643587139e+10
110 23 2.4603931082420059e+11
112 23 1.2623931083581755e+12
114 23 2.4112155910275347e+12
116 23 1.0764548500058477e+12
118 23 2.3173641156445871e+11
120 23 2.6757099329437256e+10
122 23 1.5758331343915663e+09
124 23 3.7117272696655430e+07
108 24 4.6428129697460018e+05
110 24 1.8569601804754552e+08
112 24 2.4404984841576824e+09
114 24 1.7501061966792793e+10
116 24 2.9815686918764084e+10
118 24 7.7862182386185493e+09
120 24 7.9582114787387609e+08
122 24 3.0671565880013131e+07
112 25 8.6134999085193413e+03
114 25 5.1923482393810581e+06
116 25 1.0126959158021154e+08
118 25 1.3240093136755057e+08
120 25 1.2490979506399110e+07
