128 -20 1.4848715417365676e+02
120 -19 3.0871744152204781e+02
122 -19 1.5779470728310380e+03
124 -19 7.7295958821330914e+03
126 -19 1.4716779559419663e+03
128 -19 1.5192758947860857e+04
114 -18 1.9111449497271208e+03
116 -18 1.6517181851210597e+04
118 -18 7.5588300002196673e+04
120 -18 1.7843030174107122e+05
122 -18 2.5146891525768401e+05
124 -18 4.5300301673846797e+05
126 -18 1.5927035973843027e+05
128 -18 3.1921031491129234e+05
108 -17 3.9826849803888244e+03
110 -17 6.9846192967706258e+04
112 -17 4.4496026718706806e+05
114 -17 1.5428630150802224e+06
116 -17 3.6356109507567449e+06
118 -17 6.4198093698889641e+06
120 -17 8.7629687314765267e+06
122 -17 8.7771038480420820e+06
124 -17 8.5623311219755672e+06
126 -17 3.6214758536766674e+06
128 -17 3.2968753848451725e+06
102 -16 3.1071063230937689e+03
104 -16 1.3390085535230019e+05
106 -16 1.3966416323183407e+06
108 -16 7.0042086646810966e+06
110 -16 2.2686122686684825e+07
112 -16 5.4295262104946077e+07
114 -16 9.8145714446808547e+07
116 -16 1.4620786189854991e+08
118 -16 1.7372364600391659e+08
120 -16 1.7473918710327190e+08
122 -16 1.3945663327462789e+08
124 -16 1.0041606956884429e+08
126 -16 4.1256015167289153e+07
128 -16 2.5036965342150360e+07
96 -15 7.9349494499751404e+02
98 -15 1.2102664365230869e+05
100 -15 2.3300571462924322e+06
102 -15 1.8086153883053340e+07
104 -15 8.1592824522550061e+07
106 -15 2.5680429606331608e+08
108 -15 6.1289262534473133e+08
110 -15 1.1712749736235049e+09
112 -15 1.8528434593947768e+09
114 -15 2.4495771692965760e+09
116 -15 2.7791329274302258e+09
118 -15 2.6649972153494387e+09
120 -15 2.1983537738222518e+09
122 -15 1.4966532594101408e+09
124 -15 8.8695579578908682e+08
126 -15 3.3998151548500615e+08
128 -15 1.5364174305458340e+08
92 -14 4.7830848377164060e+04
94 -14 2.0337439030226958e+06
96 -14 2.6890157859282762e+07
98 -14 1.7697035700218078e+08
100 -14 7.5139670717200661e+08
102 -14 2.3272759581664686e+09
104 -14 5.6932655470496960e+09
106 -14 1.1360021639806313e+10
108 -14 1.9114700938096279e+10
110 -14 2.7587151081425621e+10
112 -14 3.4436607466050873e+10
114 -14 3.7524409538418739e+10
116 -14 3.5668936059618248e+10
118 -14 2.9332502714908913e+10
120 -14 2.0897280059602890e+10
122 -14 1.2525526620835026e+10
124 -14 6.3833892035773516e+09
126 -14 2.2543592264747233e+09
128 -14 7.9976773597530699e+08
86 -13 5.9567450974918374e+03
88 -13 8.5344331845856411e+05
90 -13 2.2308592844160702e+07
92 -13 2.3363526941159803e+08
94 -13 1.3913707474134059e+09
96 -13 5.7056499406219940e+09
98 -13 1.7798501872754440e+10
100 -13 4.4611110659434639e+10
102 -13 9.3098731931137100e+10
104 -13 1.6644404558575037e+11
106 -13 2.5823885938084589e+11
108 -13 3.5156540098097546e+11
110 -13 4.2342859239082959e+11
112 -13 4.5113188878463428e+11
114 -13 4.2497560689177527e+11
116 -13 3.5351764714597083e+11
118 -13 2.5731953095060733e+11
120 -13 1.6254035902218399e+11
122 -13 8.6995772334777359e+10
124 -13 3.9044338481832565e+10
126 -13 1.2596314870232210e+10
128 -13 3.6483814797011557e+09
80 -12 1.5804212097948783e+01
82 -12 1.3785463902674071e+05
84 -12 9.4034607233258039e+06
86 -12 1.8244332130025217e+08
88 -12 1.6416533183691299e+09
90 -12 9.1913712573592167e+09
92 -12 3.7192137165980919e+10
94 -12 1.1702370569093394e+11
96 -12 3.0346772214904553e+11
98 -12 6.6319267427195239e+11
100 -12 1.2507631737733533e+12
102 -12 2.0745597350392979e+12
104 -12 3.0457466267013789e+12
106 -12 3.9910295346830400e+12
108 -12 4.6799253630584102e+12
110 -12 4.9188774814894717e+12
112 -12 4.6312084535271152e+12
114 -12 3.8847739050957798e+12
116 -12 2.8994070656039014e+12
118 -12 1.8988888378384951e+12
120 -12 1.0812558769836838e+12
122 -12 5.2193434513964972e+11
124 -12 2.0947502853599048e+11
126 -12 6.1611402091322998e+10
128 -12 1.4832337853206293e+10
76 -11 4.3825651175209705e+03
78 -11 1.6653891668907122e+06
80 -11 7.6054482249335259e+07
82 -11 1.1930790045870945e+09
84 -11 9.6747374308159142e+09
86 -11 5.2203439237093353e+10
88 -11 2.0994127242664679e+11
90 -11 6.7323639955362219e+11
92 -11 1.7953545921929863e+12
94 -11 4.1018828034986245e+12
96 -11 8.1725740257998535e+12
98 -11 1.4445573479765730e+13
100 -11 2.2715459214434820e+13
102 -11 3.2182382619799613e+13
104 -11 4.1130601935560133e+13
106 -11 4.7419775541699945e+13
108 -11 4.9539032788866766e+13
110 -11 4.6706433134142211e+13
112 -11 3.9606691320591602e+13
114 -11 3.0148589098427121e+13
116 -11 2.0420566283121340e+13
118 -11 1.2185353929690584e+13
120 -11 6.3104661327054688e+12
122 -11 2.7671203400321982e+12
124 -11 1.0016443202324110e+12
126 -11 2.6838564075120798e+11
128 -11 5.4746852805550003e+10
72 -10 8.0079899516996433e+04
74 -10 1.4279088959219260e+07
76 -10 4.8682512748541665e+08
78 -10 6.4610251366791039e+09
80 -10 4.8878187257284729e+10
82 -10 2.5653325564662402e+11
84 -10 1.0335872996603301e+12
86 -10 3.3768940985511182e+12
88 -10 9.3138700422257188e+12
90 -10 2.2216543975489438e+13
92 -10 4.6670873218589109e+13
94 -10 8.7407773758467234e+13
96 -10 1.4689920610068497e+14
98 -10 2.2362084293846422e+14
100 -10 3.0867602646189081e+14
102 -10 3.8771962623944925e+14
104 -10 4.4373581337007619e+14
106 -10 4.6244168178502194e+14
108 -10 4.3830259370294262e+14
110 -10 3.7665396552006312e+14
112 -10 2.9238215306036506e+14
114 -10 2.0394311197353659e+14
116 -10 1.2663176844147111e+14
118 -10 6.9224395189365727e+13
120 -10 3.2816904798804965e+13
122 -10 1.3144238622403141e+13
124 -10 4.3265316613548433e+12
126 -10 1.0522047548728440e+12
128 -10 1.8375510290584155e+11
66 -9 8.1520959603990491e+01
68 -9 8.4762448106552928e+05
70 -9 9.5113450339309052e+07
72 -9 2.5169943000520277e+09
74 -9 2.9255121757128471e+10
76 -9 2.0948020665262564e+11
78 -9 1.0820095049884100e+12
80 -9 4.3829854515325156e+12
82 -9 1.4653574881342426e+13
84 -9 4.1791006087143281e+13
86 -9 1.0432309500277112e+14
88 -9 2.3062419398156962e+14
90 -9 4.5747871014892425e+14
92 -9 8.1985303456179250e+14
94 -9 1.3369260315937282e+15
96 -9 1.9902564621565045e+15
98 -9 2.7045774801418375e+15
100 -9 3.3668872227722855e+15
102 -9 3.8458091282404980e+15
104 -9 4.0171082744466695e+15
106 -9 3.8412065273150300e+15
108 -9 3.3441227100310780e+15
110 -9 2.6495094245532735e+15
112 -9 1.8990472650957890e+15
114 -9 1.2217466037234388e+15
116 -9 7.0007565068610225e+14
118 -9 3.5390048851857888e+14
120 -9 1.5447672814427581e+14
122 -9 5.6714567057422250e+13
124 -9 1.6996917908248545e+13
126 -9 3.7665694479867485e+12
128 -9 5.6758445407238757e+11
62 -8 3.9256988120604087e+03
64 -8 6.5763801496531665e+06
66 -8 4.9280418692471355e+08
68 -8 1.0413343544183174e+10
70 -8 1.0928146603893393e+11
72 -8 7.5155719320523560e+11
74 -8 3.8472140569952534e+12
76 -8 1.5736419006368418e+13
78 -8 5.4105913016893070e+13
80 -8 1.6035688897666522e+14
82 -8 4.1802616371805262e+14
84 -8 9.7402939631451100e+14
86 -8 2.0474281422684038e+15
88 -8 3.9167536525462445e+15
90 -8 6.8303706788785550e+15
92 -8 1.0916723821825610e+16
94 -8 1.6024078206907276e+16
96 -8 2.1654923874139680e+16
98 -8 2.6915936082096868e+16
100 -8 3.0812863294126608e+16
102 -8 3.2414056401306848e+16
104 -8 3.1371839429362020e+16
106 -8 2.7760489385991496e+16
108 -8 2.2453847198332716e+16
110 -8 1.6539289373992382e+16
112 -8 1.1005036456748984e+16
114 -8 6.5748345146046290e+15
116 -8 3.5005136463365560e+15
118 -8 1.6363109027939878e+15
120 -8 6.6046987981788562e+14
122 -8 2.2381203922628741e+14
124 -8 6.1246695536694203e+13
126 -8 1.2343361852886721e+13
128 -8 1.6182685621890222e+12
58 -7 6.9635373253872458e+04
60 -7 3.7537392882480249e+07
62 -7 1.9388337810990982e+09
64 -7 3.4124105605742607e+10
66 -7 3.3092254612320514e+11
68 -7 2.2018615707367627e+12
70 -7 1.1234015758775053e+13
72 -7 4.6921831898439617e+13
74 -7 1.6594671912891728e+14
76 -7 5.1217217719683238e+14
78 -7 1.4026815390912252e+15
80 -7 3.4523926213192215e+15
82 -7 7.7104341786696860e+15
84 -7 1.5727744552073506e+16
86 -7 2.9373934333439076e+16
88 -7 5.0467981365195072e+16
90 -7 7.9921689656782368e+16
92 -7 1.1692473973926560e+17
94 -7 1.5804864975049360e+17
96 -7 1.9737398661399437e+17
98 -7 2.2792325682555939e+17
100 -7 2.4237864094072410e+17
102 -7 2.3801802921042630e+17
104 -7 2.1473228182782838e+17
106 -7 1.7765360037372582e+17
108 -7 1.3428493228472562e+17
110 -7 9.2273759306421328e+16
112 -7 5.7424579134447584e+16
114 -7 3.1988523896917080e+16
116 -7 1.5866884208536968e+16
118 -7 6.8839672876944650e+15
120 -7 2.5784292673578565e+15
122 -7 8.0570444881548250e+14
124 -7 2.0211078606654869e+14
126 -7 3.7111402076448914e+13
128 -7 4.2631741928443442e+12
54 -6 5.9891714441664005e+05
56 -6 1.5046790089020166e+08
58 -6 5.6788176017936172e+09
60 -6 8.6382441444364731e+10
62 -6 7.8705286514941956e+11
64 -6 5.1429243602062891e+12
66 -6 2.6377469083010789e+13
68 -6 1.1249041162890650e+14
70 -6 4.1243556419072212e+14
72 -6 1.3322593953260765e+15
74 -6 3.8464260842516050e+15
76 -6 1.0039459696741418e+16
78 -6 2.3873002792596428e+16
80 -6 5.2048803366698672e+16
82 -6 1.0445984378117280e+17
84 -6 1.9324231638737878e+17
86 -6 3.3063230640064307e+17
88 -6 5.2390004624319181e+17
90 -6 7.6930273855078515e+17
92 -6 1.0477094402766525e+18
94 -6 1.3227057627151974e+18
96 -6 1.5469807442380265e+18
98 -6 1.6728486160693650e+18
100 -6 1.6736904061209533e+18
102 -6 1.5418237418430464e+18
104 -6 1.3062082162694216e+18
106 -6 1.0153522588350757e+18
108 -6 7.2120611283686349e+17
110 -6 4.6504449287959789e+17
112 -6 2.7070685779964592e+17
114 -6 1.4125686031410918e+17
116 -6 6.5414903227654800e+16
118 -6 2.6452736745759932e+16
120 -6 9.1807798443206920e+15
122 -6 2.6580125938563395e+15
124 -6 6.1265679974763712e+14
126 -6 1.0272144234258528e+14
128 -6 1.0404650538242213e+13
50 -5 2.9561978130856976e+06
52 -5 4.1597946295273042e+08
54 -5 1.2164285964541485e+10
56 -5 1.6547804209531308e+11
58 -5 1.4372515751108210e+12
60 -5 9.2837964442340391e+12
62 -5 4.8207958745750023e+13
64 -5 2.1140808135169478e+14
66 -5 8.0673006782243088e+14
68 -5 2.7348150882698970e+15
70 -5 8.3404078283838950e+15
72 -5 2.3171767492260200e+16
74 -5 5.8984074080622040e+16
76 -5 1.3787746186297264e+17
78 -5 2.9828342665692006e+17
80 -5 5.9723111520370074e+17
82 -5 1.1058621088892611e+18
84 -5 1.9062624044313009e+18
86 -5 3.0495140326748959e+18
88 -5 4.5350374980641608e+18
90 -5 6.2654499775005880e+18
92 -5 8.0346338080071045e+18
94 -5 9.5698560617345352e+18
96 -5 1.0559546826733335e+19
98 -5 1.0789907432186102e+19
100 -5 1.0186518829741437e+19
102 -5 8.8753659877964278e+18
104 -5 7.1000714235621274e+18
106 -5 5.2045261396319805e+18
108 -5 3.4833795974546268e+18
110 -5 2.1124646244171077e+18
112 -5 1.1576446424890130e+18
114 -5 5.6748855827712845e+17
116 -5 2.4571783792147728e+17
118 -5 9.2795973262874608e+16
120 -5 2.9955444105198484e+16
122 -5 8.0294196037998280e+15
124 -5 1.7031588375660555e+15
126 -5 2.6060948414704025e+14
128 -5 2.3404962292910492e+13
46 -4 8.8044938938923422e+06
48 -4 7.7529603366245091e+08
50 -4 1.8595238819027870e+10
52 -4 2.3104819623039996e+11
54 -4 1.9407879391475161e+12
56 -4 1.2461537538077828e+13
58 -4 6.5891547249872203e+13
60 -4 2.9869397575892544e+14
62 -4 1.1892524127012625e+15
64 -4 4.2641823064051245e+15
66 -4 1.3832829088175974e+16
68 -4 4.1117253768162880e+16
70 -4 1.1250882199467754e+17
72 -4 2.8382720367771046e+17
74 -4 6.6530093097392141e+17
76 -4 1.4445817354603965e+18
78 -4 2.9134325962722970e+18
80 -4 5.4774520617729864e+18
82 -4 9.5701040475461018e+18
84 -4 1.5591083824355465e+19
86 -4 2.3644467873124119e+19
88 -4 3.3402662547850031e+19
90 -4 4.3791718879855985e+19
92 -4 5.3383621356963340e+19
94 -4 6.0418019708221301e+19
96 -4 6.3437073574832267e+19
98 -4 6.1607643228712362e+19
100 -4 5.5202835619292881e+19
102 -4 4.5604692137081586e+19
104 -4 3.4582733339814330e+19
106 -4 2.4015096716457746e+19
108 -4 1.5190229484811950e+19
110 -4 8.6971700443432131e+18
112 -4 4.4884685049073879e+18
114 -4 2.0662604307479880e+18
116 -4 8.3844174079330598e+17
118 -4 2.9635770418417965e+17
120 -4 8.9183195983693584e+16
122 -4 2.2185331946215044e+16
124 -4 4.3349902714332040e+15
126 -4 6.0723605867708288e+14
128 -4 4.8754061185023875e+13
40 -3 1.0129416086474794e+04
42 -3 1.5745925018587887e+07
44 -3 9.5215277280995786e+08
46 -3 1.9493146464135937e+10
48 -3 2.2634462543960822e+11
50 -3 1.8525150494603784e+12
52 -3 1.1944720314010355e+13
54 -3 6.4523793171020188e+13
56 -3 3.0337482469322825e+14
58 -3 1.2735233400587900e+15
60 -3 4.8428745387779710e+15
62 -3 1.6771217274965850e+16
64 -3 5.3707435192150840e+16
66 -3 1.5859735272058272e+17
68 -3 4.3482514908413171e+17
70 -3 1.1089332941253624e+18
72 -3 2.6313096120282429e+18
74 -3 5.8240940776730890e+18
76 -3 1.2007503263252652e+19
78 -3 2.3081295849830830e+19
80 -3 4.1354246937635987e+19
82 -3 6.9126705183773319e+19
84 -3 1.0778818587635669e+20
86 -3 1.5649501350730147e+20
88 -3 2.1126080891036267e+20
90 -3 2.6553257079031493e+20
92 -3 3.0964444058992470e+20
94 -3 3.3514251593900143e+20
96 -3 3.3608209437615836e+20
98 -3 3.1137693491727768e+20
100 -3 2.6620024719495424e+20
102 -3 2.0954109742975835e+20
104 -3 1.5107715496905635e+20
106 -3 9.9538684262824542e+19
108 -3 5.9620446946395202e+19
110 -3 3.2315839561180365e+19
112 -3 1.5744942685139804e+19
114 -3 6.8196396230378947e+18
116 -3 2.6027072252265810e+18
118 -3 8.6118747399721933e+17
120 -3 2.4174894436744915e+17
122 -3 5.5903384805387504e+16
124 -3 1.0095128117537366e+16
126 -3 1.2962678908357420e+15
128 -3 9.3375608504509422e+13
36 -2 3.7836227243555026e+04
38 -2 1.6651926503315058e+07
40 -2 7.4954424144709504e+08
42 -2 1.3479055894635149e+10
44 -2 1.4746640826665863e+11
46 -2 1.1848965308013020e+12
48 -2 7.6959356599270361e+12
50 -2 4.2710592536538406e+13
52 -2 2.0971404871579934e+14
54 -2 9.3022948341161362e+14
56 -2 3.7803531151139280e+15
58 -2 1.4114973264513062e+16
60 -2 4.8861667354067696e+16
62 -2 1.5744633573286198e+17
64 -2 4.7249584661222957e+17
66 -2 1.3212438320637117e+18
68 -2 3.4540698630504991e+18
70 -2 8.4252077618416722e+18
72 -2 1.9194740766572343e+19
74 -2 4.0859026434960810e+19
76 -2 8.1340714996898267e+19
78 -2 1.5072422657953877e+20
80 -2 2.6107528872635492e+20
82 -2 4.2159618503217788e+20
84 -2 6.3421808233451527e+20
86 -2 8.8899539699759291e+20
88 -2 1.1580721068480439e+21
90 -2 1.4010272229911298e+21
92 -2 1.5727303777618548e+21
94 -2 1.6352248464387633e+21
96 -2 1.5732976156066654e+21
98 -2 1.3966454679538657e+21
100 -2 1.1420512651817320e+21
102 -2 8.5810271344119225e+20
104 -2 5.8996409827736361e+20
106 -2 3.6972517031493534e+20
108 -2 2.1036339206431143e+20
110 -2 1.0806500562669208e+20
112 -2 4.9709165221741773e+19
114 -2 2.0344312241954009e+19
116 -2 7.3064200810502625e+18
118 -2 2.2706886497937480e+18
120 -2 5.9603088623312461e+17
122 -2 1.2805621611144181e+17
124 -2 2.1418983949332280e+16
126 -2 2.5237764003311745e+15
128 -2 1.6410394727696416e+14
32 -1 4.7166362105202476e+04
34 -1 1.0076198965967128e+07
36 -1 3.5591746584983975e+08
38 -1 5.7166800012092333e+09
40 -1 5.9458971377692207e+10
42 -1 4.6959456786271234e+11
44 -1 3.0778859696001230e+12
46 -1 1.7658795620771059e+13
48 -1 9.1092953627363266e+13
50 -1 4.3075516898348825e+14
52 -1 1.8821698665208168e+15
54 -1 7.6435155995820110e+15
56 -1 2.8967839859463920e+16
58 -1 1.0244627183173933e+17
60 -1 3.3930628183659098e+17
62 -1 1.0513127072657861e+18
64 -1 3.0521457913569659e+18
66 -1 8.2914669699378975e+18
68 -1 2.1109450870054420e+19
70 -1 5.0245015871843205e+19
72 -1 1.1187237217523329e+20
74 -1 2.3280960984476123e+20
76 -1 4.5171805460671686e+20
78 -1 8.1897430464877271e+20
80 -1 1.3842868239603254e+21
82 -1 2.1784710817129971e+21
84 -1 3.1875541389468128e+21
86 -1 4.3368553112325970e+21
88 -1 5.4802837588513548e+21
90 -1 6.4172521437990989e+21
92 -1 6.9710084859994550e+21
94 -1 6.9981584669123627e+21
96 -1 6.4797824532386656e+21
98 -1 5.5309815649382747e+21
100 -1 4.3409119212737706e+21
102 -1 3.1199493711629863e+21
104 -1 2.0529010281448538e+21
106 -1 1.2275621659874207e+21
108 -1 6.6489160674661866e+20
110 -1 3.2392546818364762e+20
112 -1 1.4141067249320880e+20
114 -1 5.4626425605141430e+19
116 -1 1.8495040730685858e+19
118 -1 5.3980531192019466e+18
120 -1 1.3269545462814193e+18
122 -1 2.6617028608196074e+17
124 -1 4.1274245370611152e+16
126 -1 4.4801408179284920e+15
128 -1 2.6432421793564962e+14
28 0 2.4735683062902874e+04
30 0 3.1558910170122366e+06
32 0 9.0975470349218220e+07
34 0 1.3187037750671072e+09
36 0 1.3055164277958132e+10
38 0 1.0135236850451822e+11
40 0 6.7743204054830408e+11
42 0 4.0490700929880869e+12
44 0 2.2316256068626254e+13
46 0 1.1400939714808220e+14
48 0 5.4308363297608200e+14
50 0 2.4279009524250530e+15
52 0 1.0177236263959192e+16
54 0 3.9977813479071256e+16
56 0 1.4780951847875002e+17
58 0 5.1414145866998797e+17
60 0 1.6761652568543690e+18
62 0 5.1427403031145073e+18
64 0 1.4777698734931448e+19
66 0 3.9875783121489543e+19
68 0 1.0057906255091627e+20
70 0 2.3741283407291669e+20
72 0 5.2379759415894580e+20
74 0 1.0784564979797580e+21
76 0 2.0696950822330968e+21
78 0 3.6967364502594645e+21
80 0 6.1492022469805117e+21
82 0 9.5054141031851795e+21
84 0 1.3625837010277613e+22
86 0 1.8146362919774641e+22
88 0 2.2357928858116627e+22
90 0 2.5487765078374609e+22
92 0 2.6877013308041050e+22
94 0 2.6126944774593314e+22
96 0 2.3418377134958812e+22
98 0 1.9283553319527519e+22
100 0 1.4566117606274122e+22
102 0 1.0065440518886755e+22
104 0 6.3328026582837740e+21
106 0 3.6239404005707282e+21
108 0 1.8723145789231236e+21
110 0 8.6972320357700298e+20
112 0 3.6022263268972639e+20
114 0 1.3186217292753179e+20
116 0 4.2128076742420742e+19
118 0 1.1564589078723031e+19
120 0 2.6672054052890644e+18
122 0 4.9950611776479270e+17
124 0 7.2120388683301712e+16
126 0 7.2206089518463420e+15
128 0 3.8698530580386031e+14
24 1 4.6083871383569249e+03
26 1 3.8891763582570595e+05
28 1 9.3610349461584482e+06
30 1 1.2304963558986157e+08
32 1 1.1544200745170672e+09
34 1 8.9332566644372139e+09
36 1 6.2525233952954254e+10
38 1 4.0928662375068616e+11
40 1 2.5152943627023389e+12
42 1 1.4419227372715307e+13
44 1 7.7580889815814234e+13
46 1 3.9040655238563938e+14
48 1 1.8528829331383190e+15
50 1 8.2715293342731190e+15
52 1 3.4798739057806928e+16
54 1 1.3773892518528648e+17
56 1 5.1397311494155085e+17
58 1 1.8072676421302692e+18
60 1 5.9628500395959163e+18
62 1 1.8481304321997222e+19
64 1 5.3690193431414940e+19
66 1 1.4613132599278867e+20
68 1 3.7209722428234269e+20
70 1 8.8353776983524010e+20
72 1 1.9583774449706821e+21
74 1 4.0327658966688627e+21
76 1 7.7321232594074138e+21
78 1 1.3766735953866768e+22
80 1 2.2718942463980001e+22
82 1 3.4750677866057159e+22
84 1 4.9224381926556205e+22
86 1 6.4433003429862104e+22
88 1 7.7993384269216557e+22
90 1 8.7070512880649511e+22
92 1 8.9554126217900842e+22
94 1 8.4800644598334707e+22
96 1 7.3784782586498903e+22
98 1 5.8830581980790805e+22
100 1 4.2932452986818577e+22
102 1 2.8594871009129622e+22
104 1 1.7307011815585547e+22
106 1 9.4843556360372156e+21
108 1 4.6857733706397012e+21
110 1 2.0764536348793499e+21
112 1 8.1803069165050737e+20
114 1 2.8402127550649493e+20
116 1 8.5845851331932324e+19
118 1 2.2235294397813191e+19
120 1 4.8189552032362988e+18
122 1 8.4476473308025242e+17
124 1 1.1342215425216654e+17
126 1 1.0494804563636312e+16
128 1 5.1534165387586744e+14
28 2 5.3464742122356652e+05
30 2 3.1435648757954463e+07
32 2 6.6423093261277223e+08
34 2 8.2494747308687668e+09
36 2 7.6271501517635315e+10
38 2 5.8220718931841406e+11
40 2 3.9287111253993999e+12
42 2 2.4224029326937832e+13
44 2 1.3845661570090395e+14
46 2 7.3571799467792262e+14
48 2 3.6635775272109165e+15
50 2 1.7133826499799080e+16
52 2 7.5210663037229248e+16
54 2 3.1060466938546259e+17
56 2 1.2042194843510159e+18
58 2 4.3931237767715809e+18
60 2 1.5010888977274487e+19
62 2 4.8043343917482910e+19
64 2 1.4399872502596272e+20
66 2 4.0280844089536623e+20
68 2 1.0499838667632965e+21
70 2 2.5489157728229938e+21
72 2 5.7454542222599431e+21
74 2 1.2005549235154138e+22
76 2 2.3253145208887779e+22
78 2 4.1669413442603658e+22
80 2 6.8973471653107880e+22
82 2 1.0538870857892144e+23
84 2 1.4866278432148995e+23
86 2 1.9290193880178600e+23
88 2 2.3057885139665688e+23
90 2 2.5345093611115446e+23
92 2 2.5585232606864782e+23
94 2 2.3706722066642122e+23
96 2 2.0102729387575211e+23
98 2 1.5603388123219612e+23
100 2 1.1042758133600517e+23
102 2 7.1033137014594777e+22
104 2 4.1467986148027942e+22
106 2 2.1867980197196814e+22
108 2 1.0358204956304917e+22
110 2 4.3869378464869347e+21
112 2 1.6492383251448899e+21
114 2 5.4492351894143736e+20
116 2 1.5608627997327154e+20
118 2 3.8157501792822485e+19
120 2 7.7893960095793992e+18
122 2 1.2798215268339738e+18
124 2 1.6007443893551238e+17
126 2 1.3744288319602970e+16
128 2 6.1947636486056600e+14
30 3 6.4447125189087266e+04
32 3 2.5624743072317574e+07
34 3 1.1566347695617614e+09
36 3 2.1685327269984482e+10
38 3 2.5973530499955194e+11
40 3 2.3533932418050933e+12
42 3 1.7859077313537355e+13
44 3 1.1937216471040153e+14
46 3 7.2146887866497125e+14
48 3 4.0117598093961440e+15
50 3 2.0678936801104088e+16
52 3 9.8836247958696576e+16
54 3 4.4116672887234874e+17
56 3 1.8373224877040965e+18
58 3 7.1457885165244969e+18
60 3 2.5959914575644631e+19
62 3 8.7858590336597066e+19
64 3 2.7689805334798307e+20
66 3 8.1058571720997549e+20
68 3 2.2040220882290677e+21
70 3 5.5547364273919130e+21
72 3 1.2946744571294093e+22
74 3 2.7856450296700339e+22
76 3 5.5209913679343769e+22
78 3 1.0079530152790123e+23
80 3 1.6920450384847728e+23
82 3 2.6109686248761722e+23
84 3 3.6961856866079071e+23
86 3 4.8022707221389123e+23
88 3 5.7145589177974520e+23
90 3 6.2249834371717754e+23
92 3 6.2139517848875004e+23
94 3 5.6634465324316269e+23
96 3 4.7113722598119267e+23
98 3 3.5707305145129214e+23
100 3 2.4599870574061709e+23
102 3 1.5370155955158702e+23
104 3 8.6880738561426268e+22
106 3 4.4182778206749846e+22
108 3 2.0141534551791228e+22
110 3 8.1764547002778905e+21
112 3 2.9384466508219584e+21
114 3 9.2490681217435461e+20
116 3 2.5177186616685029e+20
118 3 5.8328930499401597e+19
120 3 1.1216447824413549e+19
122 3 1.7321597108338890e+18
124 3 2.0263234078352934e+17
126 3 1.6145869960403038e+16
128 3 6.6824612812218462e+14
34 4 3.4256320398543235e+06
36 4 7.2178063358463979e+08
38 4 2.5547800105623077e+10
40 4 4.3896921559605579e+11
42 4 5.0202137722611562e+12
44 4 4.4900630869659344e+13
46 4 3.3865201525140800e+14
48 4 2.2479419176334210e+15
50 4 1.3493498415676656e+16
52 4 7.3824959466342432e+16
54 4 3.7116760351741318e+17
56 4 1.7242663668065958e+18
58 4 7.4062491905487585e+18
60 4 2.9422510758015730e+19
62 4 1.0803359068740659e+20
64 4 3.6719915774631628e+20
66 4 1.1525786052805358e+21
68 4 3.3369540764071415e+21
70 4 8.8949970607877223e+21
72 4 2.1815308181409716e+22
74 4 4.9085745879013250e+22
76 4 1.0124872014634676e+23
78 4 1.9114476564932056e+23
80 4 3.2976578553248753e+23
82 4 5.2009212547065403e+23
84 4 7.4767640713616173e+23
86 4 9.8177795752870169e+23
88 4 1.1747642624119258e+24
90 4 1.2799803027929887e+24
92 4 1.2705135317505763e+24
94 4 1.1463622520794140e+24
96 4 9.4047691783071666e+23
98 4 7.0098044668045472e+23
100 4 4.7242321412439542e+23
102 4 2.8777506114856328e+23
104 4 1.5793113887698471e+23
106 4 7.7783782399617190e+22
108 4 3.4228594554050447e+22
110 4 1.3382914679043122e+22
112 4 4.6057821219742674e+21
114 4 1.3844131941257377e+21
116 4 3.5909451077395140e+20
118 4 7.8818596796690727e+19
120 4 1.4342264911557775e+19
122 4 2.0830075863069652e+18
124 4 2.2784824864874557e+17
126 4 1.6915617904627142e+16
128 4 6.4592482992958912e+14
38 5 1.1428776477330138e+08
40 5 1.2962109019925833e+10
42 5 3.8636586010151416e+11
44 5 6.0699689118322422e+12
46 5 6.7158971112161641e+13
48 5 5.9078644386999688e+14
50 5 4.4297512525447765e+15
52 5 2.9283492718597992e+16
54 5 1.7388992700763923e+17
56 5 9.3736849006017267e+17
58 5 4.6036369157089019e+18
60 5 2.0704907951887114e+19
62 5 8.5255391386629702e+19
64 5 3.2133345896025267e+20
66 5 1.1101473132788890e+21
68 5 3.5063677566367506e+21
70 5 1.0130839732998583e+22
72 5 2.6690304137907084e+22
74 5 6.4067116067088520e+22
76 5 1.3998983864104909e+23
78 5 2.7806859511429073e+23
80 5 5.0079656571095504e+23
82 5 8.1870543531641435e+23
84 5 1.2120140649484183e+24
86 5 1.6261493739390287e+24
88 5 1.9760085683682482e+24
90 5 2.1738605275100698e+24
92 5 2.1655283842761510e+24
94 5 1.9524075257245398e+24
96 5 1.5901374303879593e+24
98 5 1.1701928414306583e+24
100 5 7.7628849633741105e+23
102 5 4.6368603476859024e+23
104 5 2.4819747694189670e+23
106 5 1.1885868525288588e+23
108 5 5.0651807754244671e+22
110 5 1.9099766321439891e+22
112 5 6.3180157701776768e+21
114 5 1.8206541491550463e+21
116 5 4.4991814463268225e+20
118 5 9.3988266704325771e+19
120 5 1.6174913354871368e+19
122 5 2.2132566594157962e+18
124 5 2.2727867758364125e+17
126 5 1.5697800242649470e+16
128 5 5.5549628309779738e+14
42 6 2.1207954344195547e+09
44 6 1.6715511808806561e+11
46 6 4.1937168098192266e+12
48 6 6.1608969790241422e+13
50 6 6.5815118623186938e+14
52 6 5.7162403824660750e+15
54 6 4.2386838150603584e+16
56 6 2.7764696771894192e+17
58 6 1.6233463301290870e+18
60 6 8.5708496826285834e+18
62 6 4.0926245331880198e+19
64 6 1.7705120549242156e+20
66 6 6.9348460565126028e+20
68 6 2.4610636585347664e+21
70 6 7.8998113158691889e+21
72 6 2.2928956613891243e+22
74 6 6.0145455028459964e+22
76 6 1.4212317740647829e+23
78 6 3.0287294406730675e+23
80 6 5.8007806429801958e+23
82 6 9.9937660213104361e+23
84 6 1.5471548795449526e+24
86 6 2.1518932231878433e+24
88 6 2.6881518860393523e+24
90 6 3.0177206286115607e+24
92 6 3.0473405863727607e+24
94 6 2.7672385731436567e+24
96 6 2.2562515636123931e+24
98 6 1.6517477569394997e+24
100 6 1.0848824107424672e+24
102 6 6.3790430961459195e+23
104 6 3.3507996591086661e+23
106 6 1.5657265506029475e+23
108 6 6.4851194913881013e+22
110 6 2.3675151325670188e+22
112 6 7.5568283236517869e+21
114 6 2.0896375993895968e+21
116 6 4.9426303689427655e+20
118 6 9.8233043021667779e+19
120 6 1.6049993514469210e+19
122 6 2.0728259413943995e+18
124 6 1.9990606010867187e+17
126 6 1.2901302422786794e+16
128 6 4.2280124950986975e+14
46 7 2.8670294964438850e+10
48 7 1.5607132820683433e+12
50 7 3.4389378699554738e+13
52 7 4.7328396894702175e+14
54 7 4.9230792389137610e+15
56 7 4.1827327766395160e+16
58 7 3.0660531302282208e+17
60 7 1.9769130567620314e+18
62 7 1.1362304080224766e+19
64 7 5.8289186319637094e+19
66 7 2.6780434613625278e+20
68 7 1.1013240468031688e+21
70 7 4.0542119379793153e+21
72 7 1.3336593739438816e+22
74 7 3.9213881394627657e+22
76 7 1.0290812000895213e+23
78 7 2.4043816989385873e+23
80 7 5.0078152842243396e+23
82 7 9.2745603866918092e+23
84 7 1.5275371471495710e+24
86 7 2.2398960171427214e+24
88 7 2.9190100850524375e+24
90 7 3.3895681828082953e+24
92 7 3.5089935352090358e+24
94 7 3.2374125497446647e+24
96 7 2.6654718023097391e+24
98 7 1.9579361067478022e+24
100 7 1.2811907725844350e+24
102 7 7.4703089128618398e+23
104 7 3.8644127094636695e+23
106 7 1.7710086784092527e+23
108 7 7.1608258081174497e+22
110 7 2.5399557814768888e+22
112 7 7.8421406293585927e+21
114 7 2.0881151383009561e+21
116 7 4.7314611311081069e+20
118 7 8.9786692075671519e+19
120 7 1.3933372570794076e+19
122 7 1.6998943132139645e+18
124 7 1.5434042718408333e+17
126 7 9.2918721373875020e+15
128 7 2.8270186151495638e+14
48 8 7.4801950148382187e+08
50 8 2.6667827481685254e+11
52 8 1.1066718485756691e+13
54 8 2.1717133315547366e+14
56 8 2.8399688825733400e+15
58 8 2.8438046652336232e+16
60 8 2.3809467286457030e+17
62 8 1.7117288424715735e+18
64 8 1.0834170012288084e+19
66 8 6.0512796546381119e+19
68 8 2.9872400358139606e+20
70 8 1.3029107149437054e+21
72 8 5.0226085689213825e+21
74 8 1.7089254745295488e+22
76 8 5.1206575986794251e+22
78 8 1.3508537902793295e+23
80 8 3.1356151035038036e+23
82 8 6.3917908038010135e+23
84 8 1.1452238260867354e+24
86 8 1.8023577289643264e+24
88 8 2.4933400085284004e+24
90 8 3.0403078915655220e+24
92 8 3.2685290714043194e+24
94 8 3.1016838977267834e+24
96 8 2.6050378491325790e+24
98 8 1.9353806065153297e+24
100 8 1.2726650124976521e+24
102 8 7.3958953925654177e+23
104 8 3.7956395711603173e+23
106 8 1.7139158217622295e+23
108 8 6.7936716733178463e+22
110 8 2.3490381781406004e+22
112 8 7.0348430208460904e+21
114 8 1.8090856397665206e+21
116 8 3.9393542639767434e+20
118 8 7.1516034864438387e+19
120 8 1.0562726728039094e+19
122 8 1.2198366840923799e+18
124 8 1.0418873179564219e+17
126 8 5.8777190703177410e+15
128 8 1.6581009314891281e+14
52 9 1.3045286531836418e+10
54 9 1.8101751296826587e+12
56 9 6.0644708872604773e+13
58 9 1.0888401576585255e+15
60 9 1.3355537061257734e+16
62 9 1.3107307737677352e+17
64 9 1.0686687592571809e+18
66 9 7.5355341722266993e+18
68 9 4.6232536613595996e+19
70 9 2.4812138197435256e+20
72 9 1.1612321797139701e+21
74 9 4.7349817475661447e+21
76 9 1.6780158356855911e+22
78 9 5.1626507923916512e+22
80 9 1.3750889334347658e+23
82 9 3.1744653334866743e+23
84 9 6.3495534777541683e+23
86 9 1.0987188340630405e+24
88 9 1.6494511874602875e+24
90 9 2.1481190010279515e+24
92 9 2.4382346998622342e+24
94 9 2.4126309787455173e+24
96 9 2.0894508774273173e+24
98 9 1.5861616827093684e+24
100 9 1.0563410745675359e+24
102 9 6.1691078020720984e+23
104 9 3.1572786285310499e+23
106 9 1.4120746426090113e+23
108 9 5.5099030745204570e+22
110 9 1.8659707743561425e+22
112 9 5.4426703708356765e+21
114 9 1.3550319725096133e+21
116 9 2.8436797454734397e+20
118 9 4.9492193633490076e+19
120 9 6.9549255760348232e+18
122 9 7.6225910617206195e+17
124 9 6.1289940313185552e+16
126 9 3.2325920529066140e+15
128 9 8.4954594979511125e+13
56 10 1.0721173013688680e+11
58 10 9.2670241350188848e+12
60 10 2.6708419145743322e+14
62 10 4.2858278018096610e+15
64 10 5.1035512621691600e+16
66 10 4.8144258486350784e+17
68 10 3.8354838358664986e+18
70 10 2.6196419018647380e+19
72 10 1.5474398712032143e+20
74 10 7.8547747598504768e+20
76 10 3.4216536029273286e+21
78 10 1.2744275914709533e+22
80 10 4.0482379124662379e+22
82 10 1.0945213289880383e+23
84 10 2.5215120294303268e+23
86 10 4.9433282799966438e+23
88 10 8.2495779257895820e+23
90 10 1.1758846289538608e+24
92 10 1.4359055584091890e+24
94 10 1.5059914855453558e+24
96 10 1.3653527006993044e+24
98 10 1.0707867741591201e+24
100 10 7.2933480313709018e+23
102 10 4.3130663888400413e+23
104 10 2.2172083337245240e+23
106 10 9.8909289946000799e+22
108 10 3.8191498907456520e+22
110 10 1.2708479685120609e+22
112 10 3.6217807638066936e+21
114 10 8.7550756627562588e+20
116 10 1.7745477594957798e+20
118 10 2.9613542665831899e+19
120 10 3.9776548587317663e+18
122 10 4.1331484635340960e+17
124 10 3.1322682684112660e+16
126 10 1.5465470479666452e+15
128 10 3.7636759278124133e+13
60 11 5.7869856600896106e+11
62 11 3.8991425647152766e+13
64 11 9.0540279989403838e+14
66 11 1.3870855339215674e+16
68 11 1.5574679364682275e+17
70 11 1.4334189005554757e+18
72 11 1.1016588521805902e+19
74 11 7.2468059310286225e+19
76 11 4.0408049021505320e+20
78 11 1.9032912007018447e+21
80 11 7.5186519806120213e+21
82 11 2.4867298624053719e+22
84 11 6.8618195624452810e+22
86 11 1.5802137617235899e+23
88 11 3.0348119930064307e+23
90 11 4.8675160176601822e+23
92 11 6.5550278118542711e+23
94 11 7.4507362157426973e+23
96 11 7.1849978185528639e+23
98 11 5.9100600199227206e+23
100 11 4.1638696523074468e+23
102 11 2.5197392519364398e+23
104 11 1.3110122054059710e+23
106 11 5.8678589603772212e+22
108 11 2.2548293127044319e+22
110 11 7.4038057201414334e+21
112 11 2.0693185325249494e+21
114 11 4.8709340839370778e+20
116 11 9.5653583943562625e+19
118 11 1.5361058961396808e+19
120 11 1.9694362614673203e+18
122 11 1.9413431505707776e+17
124 11 1.3876409776645866e+16
126 11 6.4012187506250738e+14
128 11 1.4420538805803531e+13
64 12 2.8675496622056807e+12
66 12 1.1805928210995008e+14
68 12 2.5581764241698780e+15
70 12 3.5835188793919592e+16
72 12 3.9022318011115789e+17
74 12 3.4375497205270866e+18
76 12 2.5583350672522195e+19
78 12 1.5849830375698622e+20
80 12 8.1814976957273945e+20
82 12 3.4676282066713738e+21
84 12 1.2035916740893004e+22
86 12 3.4057973768445697e+22
88 12 7.8601974089401879e+22
90 12 1.4773363496374330e+23
92 12 2.2676948225910809e+23
94 12 2.8680113069578746e+23
96 12 3.0085168142676840e+23
98 12 2.6416406890796971e+23
100 12 1.9534393411546780e+23
102 12 1.2227628760600583e+23
104 12 6.5035028320513193e+22
106 12 2.9414557323523143e+22
108 12 1.1310456242475337e+22
110 12 3.6902103609064035e+21
112 12 1.0148822292527521e+21
114 12 2.3350289672782840e+20
116 12 4.4465003867002012e+19
118 12 6.8728809928004147e+18
120 12 8.4243745244710285e+17
122 12 7.9024102034172720e+16
124 12 5.3089805202425920e+15
126 12 2.2859195401170866e+14
128 12 4.7411520256077637e+12
66 13 6.8059675262496582e+10
68 13 8.2969226420367236e+12
70 13 3.0324962128852062e+14
72 13 5.7389346120329520e+15
74 13 7.6793243098992880e+16
76 13 7.9186092644959744e+17
78 13 6.7751216279114414e+18
80 13 4.7282448218707862e+19
82 13 2.7161459082386263e+20
84 13 1.2504981616093241e+21
86 13 4.6041188426197510e+21
88 13 1.3457358822650027e+22
90 13 3.1173226437381129e+22
92 13 5.7154457313600298e+22
94 13 8.3474267533983686e+22
96 13 9.8278570645819002e+22
98 13 9.4296889705045328e+22
100 13 7.4545054942117761e+22
102 13 4.8970964530491159e+22
104 13 2.6901059016866035e+22
106 13 1.2422061387298552e+22
108 13 4.8163577199068164e+21
110 13 1.5678827093270643e+21
112 13 4.2665236571748663e+20
114 13 9.6263304923594588e+19
116 13 1.7832296304201966e+19
118 13 2.6558684872713088e+18
120 13 3.1190802300476346e+17
122 13 2.7759872290886364e+16
124 13 1.7555326491931940e+15
126 13 7.0390184915970922e+13
128 13 1.3384287637631265e+12
70 14 2.2458080421349014e+11
72 14 2.0673927422609121e+13
74 14 6.1432336840020438e+14
76 14 1.0703040431981318e+16
78 14 1.3270121225697840e+17
80 14 1.3360121465254111e+18
82 14 1.0685789745092884e+19
84 14 6.9463893953844380e+19
86 14 3.5287395496777902e+20
88 14 1.3977289049783953e+21
90 14 4.2358226926037904e+21
92 14 9.8936259835062523e+21
94 14 1.7640490449915269e+22
96 14 2.4299045975673050e+22
98 14 2.6339814468892362e+22
100 14 2.2822414996153603e+22
102 14 1.6069807118560086e+22
104 14 9.2583503838765038e+21
106 14 4.4100370706953588e+21
108 14 1.7374790351863758e+21
110 14 5.6859933400372340e+20
112 14 1.5388240711268073e+20
114 14 3.4180283068916343e+19
116 14 6.1588353770520044e+18
118 14 8.8807329642068954e+17
120 14 9.9852924300057648e+16
122 14 8.4235725578015930e+15
124 14 4.9995155272189188e+14
126 14 1.8562023535067559e+13
128 14 3.2059337636608911e+11
74 15 6.0952058374834180e+11
76 15 4.1333287778527703e+13
78 15 1.0276142305369595e+15
80 15 1.5973790238252050e+16
82 15 1.9495756347753280e+17
84 15 1.8064730286229952e+18
86 15 1.3614769754189384e+19
88 15 7.7601946431046058e+19
90 15 3.3494758984465514e+20
92 15 1.0653735544370201e+21
94 15 2.5157594685780410e+21
96 15 4.3443099115880941e+21
98 15 5.5873015706398711e+21
100 15 5.5059048648240120e+21
102 15 4.2546713270945553e+21
104 15 2.6234299123966180e+21
106 15 1.3062946170347019e+21
108 15 5.3009630900832351e+20
110 15 1.7558714169409749e+20
112 15 4.7457456280686985e+19
114 15 1.0422718564734079e+19
116 15 1.8387843471532741e+18
118 15 2.5659885716512186e+17
120 15 2.7590638919073860e+16
122 15 2.2091647674092540e+15
124 15 1.2271027600876897e+14
126 15 4.1868415415213594e+12
128 15 6.5399884642403534e+10
78 16 1.5121483175404336e+12
80 16 6.4032569970245719e+13
82 16 1.3328859646369970e+15
84 16 2.0773742328701988e+16
86 16 2.2682874782914397e+17
88 16 2.0295841155386895e+18
90 16 1.3199007468271243e+19
92 16 6.3381238691465675e+19
94 16 2.1391623068937457e+20
96 16 5.1385498325054017e+20
98 16 8.5230872047892536e+20
100 16 1.0110473719116759e+21
102 16 8.9192924013186830e+20
104 16 6.0467826836028522e+20
106 16 3.2116823502211311e+20
108 16 1.3569994393311573e+20
110 16 4.6010211853025550e+19
112 16 1.2525863030835798e+19
114 16 2.7338122186283110e+18
116 16 4.7295126088757312e+17
118 16 6.3949925764026256e+16
120 16 6.5883851335389430e+15
122 16 4.9766984377611750e+14
124 16 2.5710588564894266e+13
126 16 8.0312292700713477e+11
128 16 1.1064336105851147e+10
80 17 2.2647593909594280e+10
82 17 2.3155004079927700e+12
84 17 7.3490376880256797e+13
86 17 1.5882796621504288e+15
88 17 2.0715052031625128e+16
90 17 2.2614864776937958e+17
92 17 1.7209177550477724e+18
94 17 9.4058952813324001e+18
96 17 3.4267428449634374e+19
98 17 8.4433556815901180e+19
100 17 1.3313140361593074e+20
102 17 1.4317030639286501e+20
104 17 1.1109287818081894e+20
106 17 6.4696567329334919e+19
108 17 2.9048667282710819e+19
110 17 1.0210817501197275e+19
112 17 2.8209894558579497e+18
114 17 6.1466947391679398e+17
116 17 1.0480996065419938e+17
118 17 1.3735127720406320e+16
120 17 1.3551880431085278e+15
122 17 9.6063496894773656e+13
124 17 4.5903867287630312e+12
126 17 1.2870046407820805e+11
128 17 1.5086614721627026e+09
84 18 3.7918706602495102e+10
86 18 2.3808758200957002e+12
88 18 8.3841515938446594e+13
90 18 1.3338741349571255e+15
92 18 1.8477083892459764e+16
94 18 1.6978547552325338e+17
96 18 1.0879113407301044e+18
98 18 4.3491215916941885e+18
100 18 1.1135761733470351e+19
102 18 1.6433664624723866e+19
104 18 1.5683611550111810e+19
106 18 1.0447489289734490e+19
108 18 5.1213937524035625e+18
110 18 1.9002536872650424e+18
112 18 5.3943206519133645e+17
114 18 1.1823014942637814e+17
116 18 1.9857392322738104e+16
118 18 2.5328988718568280e+15
120 18 2.3801159924051303e+14
122 18 1.5794609934979217e+13
124 18 6.8507460478565588e+11
126 18 1.6767783808489836e+10
128 18 1.6223766423795485e+08
88 19 3.4167351203966904e+10
90 19 2.8618471257506875e+12
92 19 5.7635052832034945e+13
94 19 1.0701805721749140e+15
96 19 1.2305188647980416e+16
98 19 9.6114560481402800e+16
100 19 4.3429572358082848e+17
102 19 1.1733838127913219e+18
104 19 1.5850958221559762e+18
106 19 1.3053640885140383e+18
108 19 7.2933241102984486e+17
110 19 2.9224153237489946e+17
112 19 8.6720723200069680e+16
114 19 1.9298576183339892e+16
116 19 3.2186162540812885e+15
118 19 3.9780852746567075e+14
120 19 3.5383809375690164e+13
122 19 2.1733096780642527e+12
124 19 8.3879321883348846e+10
126 19 1.7150164356962104e+09
128 19 1.2640974126721852e+07
92 20 5.5144379656935822e+10
94 20 1.5292290739002275e+12
96 20 4.1401431277558469e+13
98 20 6.3928847224175975e+14
100 20 6.3752822826447910e+15
102 20 3.3494154549117200e+16
104 20 9.7676148797856608e+16
106 20 1.1679244854537126e+17
108 20 8.0502349172744512e+16
110 20 3.6400837261352808e+16
112 20 1.1590869987383170e+16
114 20 2.6454984180603985e+15
116 20 4.3919357282018194e+14
118 20 5.2454227733057898e+13
120 20 4.3911247654531025e+12
122 20 2.4401150239356595e+11
124 20 8.0721919273911476e+09
126 20 1.2957049481797874e+08
128 20 6.5615148566394916e+05
94 21 4.0743127166326833e+08
96 21 2.0349679170356106e+10
98 21 9.5050851177990881e+11
100 21 2.2614655353274578e+13
102 21 3.0740579936626500e+14
104 21 1.9696308823629300e+15
106 21 6.2705675735102560e+15
108 21 6.3743417119527900e+15
110 21 3.5237976501986365e+15
112 21 1.2403913185701090e+15
114 21 2.9784038995691438e+14
116 21 4.9419164120191109e+13
118 21 5.6869803722836094e+12
120 21 4.4071820016507123e+11
122 21 2.1401750166202545e+10
124 21 5.6821221064283323e+08
126 21 6.4161948753879024e+06
128 21 1.7118823441754586e+04
98 22 7.6416392366768032e+07
100 22 9.7584291237095909e+09
102 22 5.0997073665559808e+11
104 22 1.0187704775042773e+13
106 22 8.4776580266247750e+13
108 22 2.9869832035046062e+14
110 22 2.4460691946495341e+14
112 22 1.0292714532792373e+14
114 22 2.6577972745107480e+13
116 22 4.4746122677827148e+12
118 22 4.9076830531135638e+11
120 22 3.4131696465404510e+10
122 22 1.3579550703511014e+09
124 22 2.5916125011849236e+07
126 22 1.5636619612462085e+05
102 23 1.3784600273819160e+07
104 23 6.5464155996326466e+09
106 23 2.1344743535824802e+11
108 23 2.5022567806129873e+12
110 23 9.7666161184776465e+12
112 23 6.0214289136154541e+12
114 23 1.7912660929881648e+12
116 23 3.0840819908657404e+11
118 23 3.1885218086059513e+10
120 23 1.8829953916011717e+09
122 23 5.4413218368060023e+07
124 23 5.6415389118108188e+05
106 24 3.7803583886602893e+07
108 24 2.2332214843869896e+09
110 24 4.5458442996046143e+10
112 24 1.9196922367933688e+11
114 24 8.1414923922769379e+10
116 24 1.4796848183656668e+10
118 24 1.3890069749372742e+09
120 24 6.0951070251474023e+07
122 24 9.2943072808483837e+05
110 25 3.9108852886788612e+06
112 25 3.7857110447756714e+08
114 25 1.6494404723688247e+09
116 25 4.1119802600044835e+08
118 25 3.0095356882622048e+07
120 25 6.4198529931677843e+05
