120 -19 1.9858732379362416e+00
114 -18 1.5812371137523153e+01
116 -18 2.5405622145523481e+02
118 -18 2.3534192194840159e+01
120 -18 1.6878225197540471e+03
108 -17 4.3323475779396091e+01
110 -17 1.7305674937817912e+03
112 -17 8.6849798963313151e+03
114 -17 1.8899487114915188e+04
116 -17 6.0382414063934862e+04
118 -17 1.8118420045247243e+04
120 -17 7.3513561357486542e+04
102 -16 4.7744671448440094e+01
104 -16 4.5091624430618349e+03
106 -16 5.5070838658646026e+04
108 -16 2.2312646131216810e+05
110 -16 6.2240137017639482e+05
112 -16 1.1597729037230271e+06
114 -16 1.4344275228933338e+06
116 -16 1.9266845561762964e+06
118 -16 8.2084543471363746e+05
120 -16 1.0731561421106758e+06
96 -15 1.7579187335228458e+01
98 -15 5.6532866522953491e+03
100 -15 1.5307684572557852e+05
102 -15 1.0394810459355088e+06
104 -15 4.0228220359061137e+06
106 -15 1.0247463586422052e+07
108 -15 2.0004183151749834e+07
110 -15 2.9810167509572219e+07
112 -15 3.6270602108223192e+07
114 -15 3.3864520097927660e+07
116 -15 2.9294649959234841e+07
118 -15 1.3059860427874805e+07
120 -15 9.8939043077214994e+06
92 -14 3.4106806619894664e+03
94 -14 2.1246247811362651e+05
96 -14 2.5568466201748387e+06
98 -14 1.4080714283020800e+07
100 -14 4.9822594497657888e+07
102 -14 1.2786136809668329e+08
104 -14 2.5751847485326084e+08
106 -14 4.1238776074747872e+08
108 -14 5.5993940630005026e+08
110 -14 6.2303456277051425e+08
112 -14 5.9181383600362039e+08
114 -14 4.5986473473914528e+08
116 -14 3.1360267207895589e+08
118 -14 1.3214019723394623e+08
120 -14 7.1672530595012516e+07
86 -13 7.8395605066621522e+02
88 -13 1.4491235757218977e+05
90 -13 3.3778963161058966e+06
92 -13 2.8782257576457255e+07
94 -13 1.4199570383419532e+08
96 -13 4.8489022542267728e+08
98 -13 1.2585596206658239e+09
100 -13 2.6243665706050014e+09
102 -13 4.5469283206989489e+09
104 -13 6.6834621389431219e+09
106 -13 8.3687531795652294e+09
108 -13 9.0854890570045128e+09
110 -13 8.4769959287584171e+09
112 -13 6.8047086532422991e+09
114 -13 4.5796066741584320e+09
116 -13 2.6366114150777788e+09
118 -13 1.0345614522018325e+09
120 -13 4.2806024796108508e+08
82 -12 4.2318301172869687e+04
84 -12 2.2877839675372732e+06
86 -12 3.4586032512921400e+07
88 -12 2.4859053262188402e+08
90 -12 1.1493496935563064e+09
92 -12 3.8760587210533147e+09
94 -12 1.0312121559307165e+10
96 -12 2.2381498358748539e+10
98 -12 4.1238459286804352e+10
100 -12 6.5170054231855080e+10
102 -12 8.9958370141669601e+10
104 -12 1.0856751480633673e+11
106 -12 1.1537318316564053e+11
108 -12 1.0780702144603711e+11
110 -12 8.7673781360772324e+10
112 -12 6.1782274557064949e+10
114 -12 3.6850739447666954e+10
116 -12 1.8543128882859707e+10
118 -12 6.6627623275011921e+09
120 -12 2.2174175983022051e+09
76 -11 3.7636284540113061e+03
78 -11 6.9464457389891625e+05
80 -11 2.2559176839840960e+07
82 -11 2.6745954192513216e+08
84 -11 1.7423900219792893e+09
86 -11 7.8005141276207867e+09
88 -11 2.6429789235403194e+10
90 -11 7.1983106575434219e+10
92 -11 1.6307105605617371e+11
94 -11 3.1739549085394031e+11
96 -11 5.3845375054351184e+11
98 -11 8.0432378655380347e+11
100 -11 1.0660872637138806e+12
102 -11 1.2583986033634751e+12
104 -11 1.3239335806316318e+12
106 -11 1.2371992711228320e+12
108 -11 1.0263476504717086e+12
110 -11 7.4704890795106055e+11
112 -11 4.7100873384504218e+11
114 -11 2.5193953717974347e+11
116 -11 1.1297517033604187e+11
118 -11 3.6961283323083511e+10
120 -11 1.0175541890995558e+10
72 -10 7.1930129824702322e+04
74 -10 6.9842931194693791e+06
76 -10 1.6475110069385731e+08
78 -10 1.6806663005038834e+09
80 -10 1.0294003372756660e+10
82 -10 4.5269316879084099e+10
84 -10 1.5475261787095068e+11
86 -10 4.3310064410148511e+11
88 -10 1.0255596058680209e+12
90 -10 2.1124605053772200e+12
92 -10 3.8065545823237261e+12
94 -10 6.1172030455700693e+12
96 -10 8.8014083454686777e+12
98 -10 1.1397587783733031e+13
100 -10 1.3232690030098730e+13
102 -10 1.3854436908522055e+13
104 -10 1.3050642932541340e+13
106 -10 1.0987566785693646e+13
108 -10 8.2220435815017090e+12
110 -10 5.4268468919677393e+12
112 -10 3.1151361538432236e+12
114 -10 1.5123592170295999e+12
116 -10 6.0970287332717090e+11
118 -10 1.8178333246576645e+11
120 -10 4.1996756714863731e+10
66 -9 7.8959403423487424e+02
68 -9 8.1570156298304570e+05
70 -9 5.1906138626647621e+07
72 -9 9.6722188789752471e+08
74 -9 8.7708578345130539e+09
76 -9 5.1531942248502480e+10
78 -9 2.2489955662217535e+11
80 -9 7.7950632356074438e+11
82 -9 2.2514479494848394e+12
84 -9 5.5748405277371699e+12
86 -9 1.2076309916924281e+13
88 -9 2.3166982979865625e+13
90 -9 3.9898216988431055e+13
92 -9 6.1860989000695008e+13
94 -9 8.7014735501899594e+13
96 -9 1.1074084657296028e+14
98 -9 1.2792534915445364e+14
100 -9 1.3413349476558262e+14
102 -9 1.2741546323671022e+14
104 -9 1.0905220397213053e+14
106 -9 8.3970985496614344e+13
108 -9 5.7472170111333797e+13
110 -9 3.4738320709823477e+13
112 -9 1.8216629374692078e+13
114 -9 8.1054716609370020e+12
116 -9 2.9562686197284390e+12
118 -9 8.0445118940832129e+11
120 -9 1.5841802408960965e+11
62 -8 1.8027717732752113e+04
64 -8 6.6848581916521294e+06
66 -8 3.0121493577361077e+08
68 -8 4.6054468282895126e+09
70 -8 3.8062047234527206e+10
72 -8 2.1751680029733600e+11
74 -8 9.4684439643324060e+11
76 -8 3.3456514127339229e+12
78 -8 9.9883642142954023e+12
80 -8 2.5860692336143176e+13
82 -8 5.9101066626998555e+13
84 -8 1.2058648474891891e+14
86 -8 2.2211073891756412e+14
88 -8 3.7039716601975138e+14
90 -8 5.6165700600228475e+14
92 -8 7.7883483643051812e+14
94 -8 9.8443815811652288e+14
96 -8 1.1377787764358575e+15
98 -8 1.2001824793517090e+15
100 -8 1.1529671636047142e+15
102 -8 1.0070156714684875e+15
104 -8 7.9544346896451225e+14
106 -8 5.6449635042801600e+14
108 -8 3.5687918071515181e+14
110 -8 1.9873349014857722e+14
112 -8 9.5897416831384766e+13
114 -8 3.9193368026497414e+13
116 -8 1.3042860918038895e+13
118 -8 3.2275234843964814e+12
120 -8 5.4920155331679498e+11
58 -7 2.1038682991078735e+05
60 -7 4.0816808740377009e+07
62 -7 1.3243322658808708e+09
64 -7 1.7323428764849789e+10
66 -7 1.3523299807957677e+11
68 -7 7.5249484553557532e+11
70 -7 3.3082200596640337e+12
72 -7 1.1984109595570123e+13
74 -7 3.7168318991073648e+13
76 -7 1.0078251165149983e+14
78 -7 2.4349006866024881e+14
80 -7 5.2809645780132388e+14
82 -7 1.0393327133074888e+15
84 -7 1.8653925772289820e+15
86 -7 3.0548701186998290e+15
88 -7 4.5904326448378670e+15
90 -7 6.3358333386147180e+15
92 -7 8.0266568848311770e+15
94 -7 9.3272892726883400e+15
96 -7 9.9441337191393700e+15
98 -7 9.7049639265798340e+15
100 -7 8.6470545140341570e+15
102 -7 7.0083420914920350e+15
104 -7 5.1289222443797180e+15
106 -7 3.3882718711650655e+15
108 -7 1.9881199937076632e+15
110 -7 1.0261395308753566e+15
112 -7 4.5848474194765138e+14
114 -7 1.7273449880917162e+14
116 -7 5.2574109268043227e+13
118 -7 1.1899863975913092e+13
120 -7 1.7532743691352673e+12
54 -6 1.6060172969673029e+06
56 -6 1.7732095649178728e+08
58 -6 4.3836291407291975e+09
60 -6 5.0920088282724953e+10
62 -6 3.7894844610072839e+11
64 -6 2.0956475746042180e+12
66 -6 9.3226587578840059e+12
68 -6 3.4824160364319070e+13
70 -6 1.1277422117501973e+14
72 -6 3.2198153731600988e+14
74 -6 8.2355804950534500e+14
76 -6 1.9105558271883528e+15
78 -6 4.0316971992663855e+15
80 -6 7.7825734733493280e+15
82 -6 1.3780063634402220e+16
84 -6 2.2484375563729944e+16
86 -6 3.3780857734514720e+16
88 -6 4.6762681263003096e+16
90 -6 5.9683515092332168e+16
92 -6 7.0038322606608640e+16
94 -6 7.5816657949467312e+16
96 -6 7.5535285429257712e+16
98 -6 6.8864444540967880e+16
100 -6 5.7276557429647496e+16
102 -6 4.3402166318275864e+16
104 -6 2.9719072731928328e+16
106 -6 1.8300746765782020e+16
108 -6 1.0025517778963250e+16
110 -6 4.8247622033963870e+15
112 -6 1.9989320591309125e+15
114 -6 6.9633888912046962e+14
116 -6 1.9491441912310434e+14
118 -6 4.0156214904435156e+13
120 -6 5.2077572794749238e+12
48 -5 2.8894272234478108e+03
50 -5 7.7477327122420613e+06
52 -5 5.3295120767714745e+08
54 -5 1.0688784560751245e+10
56 -5 1.1343712951979404e+11
58 -5 8.1868005148996240e+11
60 -5 4.5373775104768018e+12
62 -5 2.0575773831424199e+13
64 -5 7.9621358214148188e+13
66 -5 2.7025824713243950e+14
68 -5 8.1709334064243725e+14
70 -5 2.2313638801471550e+15
72 -5 5.5407709204222530e+15
74 -5 1.2562963656797342e+16
76 -5 2.6225814808697188e+16
78 -5 5.0357267446499552e+16
80 -5 8.9201631185146000e+16
82 -5 1.4618495340798176e+17
84 -5 2.2160128696545683e+17
86 -5 3.1025627549003469e+17
88 -5 4.0226555352113696e+17
90 -5 4.8073349517163232e+17
92 -5 5.3079027047876352e+17
94 -5 5.4026704951327546e+17
96 -5 5.0515711459841952e+17
98 -5 4.3298528291975846e+17
100 -5 3.3945765421856851e+17
102 -5 2.4158475311256154e+17
104 -5 1.5547271496243533e+17
106 -5 8.9640030513967120e+16
108 -5 4.5983178146080552e+16
110 -5 2.0664538409378784e+16
112 -5 7.9814867422044400e+15
114 -5 2.5739827584469850e+15
116 -5 6.6424226255130738e+14
118 -5 1.2498301166966812e+14
120 -5 1.4308154576730615e+13
44 -4 3.8753879932370903e+04
46 -4 2.2976146486454688e+07
48 -4 1.0864021343752992e+09
50 -4 1.8589335701512230e+10
52 -4 1.8520847885503870e+11
54 -4 1.3106338806331802e+12
56 -4 7.3119817256494746e+12
58 -4 3.4058389167911172e+13
60 -4 1.3771974871334831e+14
62 -4 4.9309892753092550e+14
64 -4 1.5871939275839898e+15
66 -4 4.6425216648810190e+15
68 -4 1.2395538920546616e+16
70 -4 3.0475510622002300e+16
72 -4 6.9018032670663584e+16
74 -4 1.4431041317239891e+17
76 -4 2.7957135377367376e+17
78 -4 5.0141258215631123e+17
80 -4 8.3356168194206541e+17
82 -4 1.2831536923317588e+18
84 -4 1.8351468490149146e+18
86 -4 2.4272960305950659e+18
88 -4 2.9755856789656253e+18
90 -4 3.3724761861390090e+18
92 -4 3.5223545535998828e+18
94 -4 3.3958771572661606e+18
96 -4 3.0051963885408870e+18
98 -4 2.4381597078153774e+18
100 -4 1.8056010986858683e+18
102 -4 1.2131071937487565e+18
104 -4 7.3637534812897498e+17
106 -4 3.9973821863288563e+17
108 -4 1.9215264414490742e+17
110 -4 8.0761946575053296e+16
112 -4 2.9144442019259776e+16
114 -4 8.7184644058594500e+15
116 -4 2.0771161172767472e+15
118 -4 3.5845445772687450e+14
120 -4 3.6495026220105227e+13
40 -3 1.7021442699605314e+05
42 -3 4.1521297106480218e+07
44 -3 1.4760309099462492e+09
46 -3 2.2251435338985329e+10
48 -3 2.1068492419491415e+11
50 -3 1.4743165774744238e+12
52 -3 8.3617280884024541e+12
54 -3 4.0396223160951461e+13
56 -3 1.7114801697917381e+14
58 -3 6.5134128438602150e+14
60 -3 2.2496298227113385e+15
62 -3 7.0961715039533340e+15
64 -3 2.0585335088356848e+16
66 -3 5.5004957622062752e+16
68 -3 1.3613854850044315e+17
70 -3 3.1277576309587117e+17
72 -3 6.6571517214074253e+17
74 -3 1.3150600641204378e+18
76 -3 2.4123893880338115e+18
78 -3 4.1141346724728407e+18
80 -3 6.5052412945651487e+18
82 -3 9.5504841682674258e+18
84 -3 1.3019203049014247e+19
86 -3 1.6424676149883896e+19
88 -3 1.9242613800312275e+19
90 -3 2.0773597201234395e+19
92 -3 2.0696077748064297e+19
94 -3 1.8969168043248525e+19
96 -3 1.5965042336548876e+19
98 -3 1.2312033406275963e+19
100 -3 8.6287430866474342e+18
102 -3 5.4941137914923817e+18
104 -3 3.1479220671157796e+18
106 -3 1.6126397103391027e+18
108 -3 7.2961478240779853e+17
110 -3 2.8824221625114931e+17
112 -3 9.7051752197151216e+16
114 -3 2.7085837575476848e+16
116 -3 5.9612745318260120e+15
118 -3 9.4469724045183862e+14
120 -3 8.6201081637489328e+13
36 -2 3.3457889300567238e+05
38 -2 4.5043681442452669e+07
40 -2 1.2709645470697179e+09
42 -2 1.7400178929049137e+10
44 -2 1.5833286789069751e+11
46 -2 1.1036767438220159e+12
48 -2 6.4015866437506650e+12
50 -2 3.2273839345452855e+13
52 -2 1.4471110965805212e+14
54 -2 5.8895640917732625e+14
56 -2 2.1965570788354980e+15
58 -2 7.5350695409924180e+15
60 -2 2.3909163131814696e+16
62 -2 7.0231545908630624e+16
64 -2 1.9154836527194598e+17
66 -2 4.8646672294616282e+17
68 -2 1.1476766542447521e+18
70 -2 2.5201536867663708e+18
72 -2 5.1456364268338483e+18
74 -2 9.7669632181483602e+18
76 -2 1.7252349409127293e+19
78 -2 2.8287279401768960e+19
80 -2 4.3050914323959652e+19
82 -2 6.0923131697645068e+19
84 -2 7.9730938110327095e+19
86 -2 9.6745842953238823e+19
88 -2 1.0854081480441283e+20
90 -2 1.1235101922070677e+20
92 -2 1.0725441371918814e+20
94 -2 9.4096146237554803e+19
96 -2 7.5623438647678337e+19
98 -2 5.5538583083179360e+19
100 -2 3.7101875403802657e+19
102 -2 2.2433908621352370e+19
104 -2 1.2174751079509869e+19
106 -2 5.8981918756065434e+18
108 -2 2.5183967857649347e+18
110 -2 9.3348938442906432e+17
112 -2 2.9457217140504845e+17
114 -2 7.6710627401205872e+16
116 -2 1.5696511571305376e+16
118 -2 2.2823814499917260e+15
120 -2 1.8793163525878744e+14
32 -1 3.3102131170037290e+05
34 -1 2.8096754204807851e+07
36 -1 6.5633992139875245e+08
38 -1 8.2546326663368149e+09
40 -1 7.2740061308317474e+10
42 -1 5.0861735466170190e+11
44 -1 3.0282615646895342e+12
46 -1 1.6004286933292641e+13
48 -1 7.6772411156380547e+13
50 -1 3.3735419889482188e+14
52 -1 1.3716272042642708e+15
54 -1 5.1693868482536570e+15
56 -1 1.8091302565596336e+16
58 -1 5.9144592998259536e+16
60 -1 1.7990950891385936e+17
62 -1 5.1050080486796710e+17
64 -1 1.3491863247242278e+18
66 -1 3.3255895999511777e+18
68 -1 7.6311401354271437e+18
70 -1 1.6303719434558769e+19
72 -1 3.2409523189656232e+19
74 -1 5.9942348218566984e+19
76 -1 1.0306996877301070e+20
78 -1 1.6435643068859069e+20
80 -1 2.4299978585181546e+20
82 -1 3.3348071948601236e+20
84 -1 4.2284311065122170e+20
86 -1 4.9576952248028575e+20
88 -1 5.3736982766328204e+20
90 -1 5.3621078122124096e+20
92 -1 4.9224042116910934e+20
94 -1 4.1460354188963624e+20
96 -1 3.1936645059318933e+20
98 -1 2.2415220675952070e+20
100 -1 1.4302910221409370e+20
102 -1 8.2239841294820884e+19
104 -1 4.2449511959807828e+19
106 -1 1.9463669814722028e+19
108 -1 7.8586656756812145e+18
110 -1 2.7471450596796662e+18
112 -1 8.1375156024098906e+17
114 -1 1.9805401590062717e+17
116 -1 3.7628815039451920e+16
118 -1 5.0580493535767750e+15
120 -1 3.7733689401073356e+14
28 0 1.5437731900626951e+05
30 0 8.9290439582929220e+06
32 0 1.7964046432229885e+08
34 0 2.1000216805062251e+09
36 0 1.7929829140029778e+10
38 0 1.2563396538942007e+11
40 0 7.7782668241708167e+11
42 0 4.3846627748599141e+12
44 0 2.2774542104480016e+13
46 0 1.0980648326111030e+14
48 0 4.9290711026206625e+14
50 0 2.0724014481681278e+15
52 0 8.1252772064375430e+15
54 0 2.9817596487742072e+16
56 0 1.0258332326909843e+17
58 0 3.2950237416168525e+17
60 0 9.9068526375076672e+17
62 0 2.7800958075772508e+18
64 0 7.2838716137656934e+18
66 0 1.7766896547165467e+19
68 0 4.0350952594701025e+19
70 0 8.5312855110234063e+19
72 0 1.6733513665584710e+20
74 0 3.0508339297072880e+20
76 0 5.1534363747063667e+20
78 0 8.0719270814179171e+20
80 0 1.1698088520784759e+21
82 0 1.5666873493136199e+21
84 0 1.9364101286161660e+21
86 0 2.2108314204707566e+21
88 0 2.3233161681418768e+21
90 0 2.2450217763343942e+21
92 0 1.9910485197194626e+21
94 0 1.6148172990609369e+21
96 0 1.1950299408644783e+21
98 0 8.0540145388164062e+20
100 0 4.9091558540220380e+20
102 0 2.6996808263858795e+20
104 0 1.3273523732198662e+20
106 0 5.7863224722107752e+19
108 0 2.2115960086189744e+19
110 0 7.3015934724008233e+18
112 0 2.0356998454707348e+18
114 0 4.6433428923031808e+17
116 0 8.2239171832632400e+16
118 0 1.0238186407452560e+16
120 0 6.9499012109953475e+14
22 1 5.9082464149280455e+01
24 1 2.5756757634974038e+04
26 1 1.1292639814082547e+06
28 1 1.9492817315044783e+07
30 1 2.1102413159441775e+08
32 1 1.7507482198719707e+09
34 1 1.2674503024907663e+10
36 1 8.4396447470710129e+10
38 1 5.3189608144399792e+11
40 1 3.1242311497674663e+12
42 1 1.7109210888956475e+13
44 1 8.7524895941357781e+13
46 1 4.1937357380959419e+14
48 1 1.8862484307776342e+15
50 1 7.9462546282937770e+15
52 1 3.1425108761060848e+16
54 1 1.1678879918625552e+17
56 1 4.0552309867823213e+17
58 1 1.3206316386679375e+18
60 1 4.0206500322804004e+18
62 1 1.1409193396483408e+19
64 1 3.0121160299199496e+19
66 1 7.4136027340428378e+19
68 1 1.6931190686840078e+20
70 1 3.5852115672178504e+20
72 1 7.0375452331346572e+20
74 1 1.2772134513788707e+21
76 1 2.1458491743185199e+21
78 1 3.3254928205938955e+21
80 1 4.7543060397308143e+21
82 1 6.2745960766938955e+21
84 1 7.6093978289455130e+21
86 1 8.4941651586653188e+21
88 1 8.7102233613328879e+21
90 1 8.1872869963945958e+21
92 1 7.0419873761910787e+21
94 1 5.5276722165903838e+21
96 1 3.9509536337695809e+21
98 1 2.5619970669335334e+21
100 1 1.5009260686673327e+21
102 1 7.9029468651423505e+20
104 1 3.7103798526129806e+20
106 1 1.5404159307694834e+20
108 1 5.5934435600938041e+19
110 1 1.7484459820690692e+19
112 1 4.5945713990272855e+18
114 1 9.8541924625908736e+17
116 1 1.6300315092727702e+17
118 1 1.8832665661649064e+16
120 1 1.1691668118496928e+15
26 2 1.1971957833624099e+04
28 2 2.6753190574655198e+06
30 2 9.1479935105898976e+07
32 2 1.4470282302863667e+09
34 2 1.5122846700891447e+10
36 2 1.2493143923973187e+11
38 2 8.8634347508275195e+11
40 2 5.6537088746154014e+12
42 2 3.3176366036826086e+13
44 2 1.8026195216293831e+14
46 2 9.1216653692740150e+14
48 2 4.3143146641809290e+15
50 2 1.9102743109993144e+16
52 2 7.9024267796473760e+16
54 2 3.0616779897891494e+17
56 2 1.1080294494066964e+18
58 2 3.7494149004906061e+18
60 2 1.1804845995678802e+19
62 2 3.4553922107568976e+19
64 2 9.4050639613036937e+19
66 2 2.3724209362884690e+20
68 2 5.5382410083381504e+20
70 2 1.1941908872157916e+21
72 2 2.3730706808510863e+21
74 2 4.3450594483250927e+21
76 2 7.3355144854013613e+21
78 2 1.1370983408928435e+22
80 2 1.6206262150924817e+22
82 2 2.1193174228770457e+22
84 2 2.5422957785588940e+22
86 2 2.7941991239395804e+22
88 2 2.8117981774122370e+22
90 2 2.5824928411031280e+22
92 2 2.1674390218813492e+22
94 2 1.6538034771933352e+22
96 2 1.1455597789374979e+22
98 2 7.1758963911739551e+21
100 2 4.0523839452476442e+21
102 2 2.0489325951812373e+21
104 2 9.2215254562879793e+20
106 2 3.6540733216392256e+20
108 2 1.2637366299798815e+20
110 2 3.7494837978668925e+19
112 2 9.3230400090419118e+18
114 2 1.8852181773334292e+18
116 2 2.9211780045386458e+17
118 2 3.1356114856238612e+16
120 2 1.7951848864520360e+15
30 3 1.0186752142309017e+06
32 3 1.2081214585775369e+08
34 3 3.4076093623529339e+09
36 3 4.9795925734867409e+10
38 3 5.1002912477522437e+11
40 3 4.1946965092938467e+12
42 3 2.9607942161843188e+13
44 3 1.8651265685984744e+14
46 3 1.0718711088139356e+15
48 3 5.6547771211885040e+15
50 3 2.7481591541763736e+16
52 3 1.2400044825660030e+17
54 3 5.1937416389060480e+17
56 3 2.0210088188832911e+18
58 3 7.2825819219619410e+18
60 3 2.4362760986494505e+19
62 3 7.5393266829756137e+19
64 3 2.1558607383487536e+20
66 3 5.6800492700649089e+20
68 3 1.3808151861060074e+21
70 3 3.0761404168338187e+21
72 3 6.2908186771173073e+21
74 3 1.1796204467306076e+22
76 3 2.0237948901229733e+22
78 3 3.1727756901404297e+22
80 3 4.5515361673025776e+22
82 3 5.9633225036522194e+22
84 3 7.1323949078514261e+22
86 3 7.7797989840589670e+22
88 3 7.7303512444440574e+22
90 3 6.9972312414138510e+22
92 3 5.7505288306989629e+22
94 3 4.2912501619921386e+22
96 3 2.8931702008887751e+22
98 3 1.7590479905326790e+22
100 3 9.6020636685094491e+21
102 3 4.6792396117245276e+21
104 3 2.0241203615165946e+21
106 3 7.6943183262578141e+20
108 3 2.5435385463039931e+20
110 3 7.1787467010399076e+19
112 3 1.6935687748411564e+19
114 3 3.2251626018806917e+18
116 3 4.7069010427796640e+17
118 3 4.7289229849296464e+16
120 3 2.4937966966477155e+15
34 4 4.1003391584876329e+07
36 4 3.2408537985307488e+09
38 4 7.7437459945448242e+10
40 4 1.0672267373317178e+12
42 4 1.0704554633894980e+13
44 4 8.7339324941755156e+13
46 4 6.1518322366333425e+14
48 4 3.8643455137418630e+15
50 4 2.1882503054582876e+16
52 4 1.1293179789583373e+17
54 4 5.3416286347417024e+17
56 4 2.3164261238714255e+18
58 4 9.2126678722316831e+18
60 4 3.3721520121269654e+19
62 4 1.1326720026973349e+20
64 4 3.4844984580698400e+20
66 4 9.8313911262483002e+20
68 4 2.5349147230239950e+21
70 4 5.9562626345286521e+21
72 4 1.2773143493634114e+22
74 4 2.4903600673950917e+22
76 4 4.4133346637519105e+22
78 4 7.1033020640367598e+22
80 4 1.0380286142720343e+23
82 4 1.3778135125809190e+23
84 4 1.6594279270719792e+23
86 4 1.8113688921933308e+23
88 4 1.7946265968562024e+23
90 4 1.6086275488190132e+23
92 4 1.3059281285356472e+23
94 4 9.5663898682682725e+22
96 4 6.3183187549995991e+22
98 4 3.7461580417210641e+22
100 4 1.9870022042031732e+22
102 4 9.3775652929011009e+21
104 4 3.9126348420686907e+21
106 4 1.4315333247717765e+21
108 4 4.5308362658017346e+20
110 4 1.2210902967323687e+20
112 4 2.7404633535123321e+19
114 4 4.9481878934517176e+18
116 4 6.7983431579155418e+17
118 4 6.3889815634117480e+16
120 4 3.1352979715268210e+15
38 5 1.0646881800557581e+09
40 5 5.7718499630036926e+10
42 5 1.2161903098411599e+12
44 5 1.5844307294359156e+13
46 5 1.5557525850491412e+14
48 5 1.2625358245628438e+15
50 5 8.8798494520302920e+15
52 5 5.5352856093182824e+16
54 5 3.0956968355064550e+17
56 5 1.5632970615295296e+18
58 5 7.1429762352128666e+18
60 5 2.9614544633143177e+19
62 5 1.1144235991196452e+20
64 5 3.8072216270966614e+20
66 5 1.1802117333266418e+21
68 5 3.3112246538821504e+21
70 5 8.4140132601860572e+21
72 5 1.9282816119664793e+22
74 5 3.9907647463144865e+22
76 5 7.4403116001101447e+22
78 5 1.2487425947655964e+23
80 5 1.8902551150934196e+23
82 5 2.5739308974277839e+23
84 5 3.1586433963436098e+23
86 5 3.4917428820394985e+23
88 5 3.4767029407525913e+23
90 5 3.1163322545975865e+23
92 5 2.5123322417437234e+23
94 5 1.8210778769196240e+23
96 5 1.1848658398591238e+23
98 5 6.8873422076901243e+22
100 5 3.5653345305147612e+22
102 5 1.6371750216586964e+22
104 5 6.6189533621213913e+21
106 5 2.3341292973310526e+21
108 5 7.1041081363600664e+20
110 5 1.8337361083714709e+20
112 5 3.9222386968983560e+19
114 5 6.7430826347753748e+18
116 5 8.7436435952407603e+17
118 5 7.7269520123641376e+16
120 5 3.5318774780012180e+15
40 6 4.5600323630666465e+07
42 6 1.7952990464877949e+10
44 6 7.3824254209200000e+11
46 6 1.3893425483596307e+13
48 6 1.7338083256611491e+14
50 6 1.6717124769470570e+15
52 6 1.3472029623364990e+16
54 6 9.4005524002901952e+16
56 6 5.7900814981675187e+17
58 6 3.1744038364309376e+18
60 6 1.5550666054162348e+19
62 6 6.8171885285124104e+19
64 6 2.6757079319533866e+20
66 6 9.4129373160121198e+20
68 6 2.9640109855908220e+21
70 6 8.3475939820694028e+21
72 6 2.1000603298735084e+22
74 6 4.7194098807639447e+22
76 6 9.4561428782678488e+22
78 6 1.6897213678936395e+23
80 6 2.6904035940907080e+23
82 6 3.8208531836487496e+23
84 6 4.8472691223184785e+23
86 6 5.4905677391287707e+23
88 6 5.5541055206735785e+23
90 6 5.0259467318021942e+23
92 6 4.0646701765153053e+23
94 6 2.9364357175060254e+23
96 6 1.8930245176734242e+23
98 6 1.0849345847424864e+23
100 6 5.5172197404842949e+22
102 6 2.4763936130961752e+22
104 6 9.7320831249189616e+21
106 6 3.3247487967925733e+21
108 6 9.7682466990172851e+20
110 6 2.4223153476562377e+20
112 6 4.9671382434180555e+19
114 6 8.1141056220074865e+18
116 6 9.9882329843321178e+17
118 6 8.3217605723186160e+16
120 6 3.5600161436720440e+15
44 7 1.4206539285291295e+09
46 7 2.1283834379127451e+11
48 7 7.0567887114912803e+12
50 7 1.2176693962921497e+14
52 7 1.4528150610396610e+15
54 7 1.3800306846695820e+16
56 7 1.0958684492212222e+17
58 7 7.5592946625988736e+17
60 7 4.5597406756576169e+18
62 7 2.4307865628256625e+19
64 7 1.1407760890071541e+20
66 7 4.7290502088588703e+20
68 7 1.7292178502412547e+21
70 7 5.5845467510491830e+21
72 7 1.5897031880363970e+22
74 7 3.9876949241482164e+22
76 7 8.8132373403784459e+22
78 7 1.7146622337300899e+23
80 7 2.9374228386439330e+23
82 7 4.4324996695724909e+23
84 7 5.9059751795019699e+23
86 7 6.9533534164684132e+23
88 7 7.2465010807093413e+23
90 7 6.6907461524300301e+23
92 7 5.4800180299716189e+23
94 7 3.9792380932418193e+23
96 7 2.5615824461851655e+23
98 7 1.4574089644626018e+23
100 7 7.3158302612103832e+22
102 7 3.2224858838290567e+22
104 7 1.2384825723405583e+22
106 7 4.1199693574983558e+21
108 7 1.1713265494209730e+21
110 7 2.8005927635584496e+20
112 7 5.5167250084589502e+19
114 7 8.6149548924331919e+18
116 7 1.0084700123457921e+18
118 7 7.9346894260731520e+16
120 7 3.1879010027705910e+15
48 8 2.0399032836811226e+10
50 8 1.8657350402698152e+12
52 8 5.2709172005500258e+13
54 8 8.2834237834369838e+14
56 8 9.6198174464234440e+15
58 8 8.8964181323677600e+16
60 8 6.9864205745534413e+17
62 8 4.7110650246768261e+18
64 8 2.7643069604365238e+19
66 8 1.4087746236119243e+20
68 8 6.2360549489817944e+20
70 8 2.3973516847688424e+21
72 8 8.0089520120981619e+21
74 8 2.3196850059844795e+22
76 8 5.8323701196699814e+22
78 8 1.2702749145473730e+23
80 8 2.3993033125596023e+23
82 8 3.9354696362511548e+23
84 8 5.6177337650798757e+23
86 8 6.9953095884327182e+23
88 8 7.6198763595661873e+23
90 8 7.2734632907172500e+23
92 8 6.0996613056694047e+23
94 8 4.4944498644936826e+23
96 8 2.9117019191200278e+23
98 8 1.6568489309061481e+23
100 8 8.2617508631182402e+22
102 8 3.5951784177509148e+22
104 8 1.3573373613686370e+22
106 8 4.4119934190583064e+21
108 8 1.2201357193769748e+21
110 8 2.8270300252713799e+20
112 8 5.3526866731360240e+19
114 8 8.0182059108652698e+18
116 8 8.9637089796260992e+17
118 8 6.6736031532941176e+16
120 8 2.5196765259370680e+15
52 9 1.9139968492236765e+11
54 9 1.3054143243164471e+13
56 9 3.0298250323944056e+14
58 9 4.5528442118871830e+15
60 9 5.0572457004019440e+16
62 9 4.6000826718699341e+17
64 9 3.5188774902957240e+18
66 9 2.3090903214334366e+19
68 9 1.2947196686243815e+20
70 9 6.2057211522769368e+20
72 9 2.5367252102555055e+21
74 9 8.8340171292579516e+21
76 9 2.6192335208867141e+22
78 9 6.6230655127383261e+22
80 9 1.4243304498548837e+23
82 9 2.6120622330125994e+23
84 9 4.0928362194301083e+23
86 9 5.5048856695178486e+23
88 9 6.3779084723734500e+23
90 9 6.3885616589654347e+23
92 9 5.5551934066794626e+23
94 9 4.2002651915648946e+23
96 9 2.7665632726793381e+23
98 9 1.5865394438472722e+23
100 9 7.9158835940383785e+22
102 9 3.4205213704533081e+22
104 9 1.2755126468391895e+22
106 9 4.0706958033720831e+21
108 9 1.0982306423779479e+21
110 9 2.4702814436782080e+20
112 9 4.5238797271504191e+19
114 9 6.5151940208525793e+18
116 9 6.9564423290841510e+17
118 9 4.9226868784843600e+16
120 9 1.7535271258333272e+15
56 10 1.5508214105894695e+12
58 10 6.6525731827803328e+13
60 10 1.4295917041872058e+15
62 10 1.9975001512518460e+16
64 10 2.1666616857163875e+17
66 10 1.9138819666348396e+18
68 10 1.4256806886110822e+19
70 10 8.9110591800969544e+19
72 10 4.6949421631366798e+20
74 10 2.0615623987341400e+21
76 10 7.5639405753638637e+21
78 10 2.3136413593340991e+22
80 10 5.8966757401498676e+22
82 10 1.2536489725222795e+23
84 10 2.2286073625758890e+23
86 10 3.3217008211860110e+23
88 10 4.1826869635686626e+23
90 10 4.4825025692953041e+23
92 10 4.1008182512910385e+23
94 10 3.2225439475638441e+23
96 10 2.1802254331014076e+23
98 10 1.2723084821729750e+23
100 10 6.3978385541334584e+22
102 10 2.7655644135095846e+22
104 10 1.0242800635541254e+22
106 10 3.2231480029588666e+21
108 10 8.5247967065578000e+20
110 10 1.8695709326496747e+20
112 10 3.3192296186662765e+19
114 10 4.6065321901127480e+18
116 10 4.7117081166585875e+17
118 10 3.1771581588432884e+16
120 10 1.0711819365169142e+15
58 11 5.4601733804101128e+10
60 11 7.6716787900430049e+12
62 11 2.8415130360348875e+14
64 11 5.4100749048133660e+15
66 11 7.2573105816983808e+16
68 11 7.5570152685849523e+17
70 11 6.5092236197905142e+18
72 11 4.6104387332214317e+19
74 11 2.7070031678874511e+20
76 11 1.2966917703522360e+21
78 11 5.0625377189165342e+21
80 11 1.6078072528635888e+22
82 11 4.1508332465669632e+22
84 11 8.7107887468612256e+22
86 11 1.4947762638054464e+23
88 11 2.1084354389874330e+23
90 11 2.4729333493966917e+23
92 11 2.4296756536949885e+23
94 11 2.0141451450092153e+23
96 11 1.4181699216622684e+23
98 11 8.5049774620274623e+22
100 11 4.3470409784747331e+22
102 11 1.8930857958428771e+22
104 11 7.0031062334176221e+21
106 11 2.1854365300987021e+21
108 11 5.7008594053765739e+20
110 11 1.2214909844341611e+20
112 11 2.1071763525485294e+19
114 11 2.8265186277131863e+18
116 11 2.7770253038635568e+17
118 11 1.7888648137336812e+16
120 11 5.7187032757211388e+14
62 12 3.2479805862744446e+11
64 12 3.1922595512434305e+13
66 12 9.6391193115331712e+14
68 12 1.7007509553634606e+16
70 12 2.1521443106287635e+17
72 12 2.1895574695475525e+18
74 12 1.7908210701873066e+19
76 12 1.1942178882552562e+20
78 12 6.3273517068953020e+20
80 12 2.6641724994471849e+21
82 12 8.8511234751491306e+21
84 12 2.3233540253346580e+22
86 12 4.8119506666783592e+22
88 12 7.9251016520864713e+22
90 12 1.0507881667233579e+23
92 12 1.1360149121230372e+23
94 12 1.0139942315420939e+23
96 12 7.5431042840118591e+22
98 12 4.7072287208918114e+22
100 12 2.4724980684736986e+22
102 12 1.0935890191429763e+22
104 12 4.0649220110937133e+21
106 12 1.2658709236307104e+21
108 12 3.2661665591169896e+20
110 12 6.8824382020985479e+19
112 12 1.1588712907825250e+19
114 12 1.5032879698564332e+18
116 12 1.4239281620510698e+17
118 12 8.7603313878880340e+15
120 12 2.6599440894495841e+14
66 13 1.5147960827241702e+12
68 13 1.0482500670631603e+14
70 13 2.7062767243139850e+15
72 13 4.3486216857456272e+16
74 13 5.4196225016473971e+17
76 13 5.1723661009172521e+18
78 13 4.0154042342007398e+19
80 13 2.3971889842855323e+20
82 13 1.1050707826269601e+21
84 13 3.8750515416036378e+21
86 13 1.0388626164190890e+22
88 13 2.1181596813611275e+22
90 13 3.3279436708347457e+22
92 13 4.1047316354232368e+22
94 13 4.0498378745576566e+22
96 13 3.2484102009484070e+22
98 13 2.1414262957847702e+22
100 13 1.1696019575724256e+22
102 13 5.3128956517111457e+21
104 13 2.0011805094135330e+21
106 13 6.2536386203636833e+20
108 13 1.6020663433010908e+20
110 13 3.3313617625548915e+19
112 13 5.4926065109498255e+18
114 13 6.9235309473775526e+17
116 13 6.3149336065508560e+16
118 13 3.7281889669759030e+15
120 13 1.0750960485162391e+14
70 14 5.9863042632835488e+12
72 14 2.7596443206824612e+14
74 14 6.0842570778359390e+15
76 14 9.6909849095365392e+16
78 14 1.1053584328860797e+18
80 14 1.0219059088741075e+19
82 14 7.0210910277329396e+19
84 14 3.6149678080515899e+20
86 14 1.3565173098152041e+21
88 14 3.7294335676061387e+21
90 14 7.4654243638313264e+21
92 14 1.1076175534611971e+22
94 14 1.2560695750768871e+22
96 14 1.1173182658239539e+22
98 14 7.9460305271795021e+21
100 14 4.5816910150043886e+21
102 14 2.1589727562248345e+21
104 14 8.3293694294886921e+20
106 14 2.6270053138209764e+20
108 14 6.7389474614838755e+19
110 14 1.3858537187709037e+19
112 14 2.2443737981613215e+18
114 14 2.7573846386393786e+17
116 14 2.4284587970276228e+16
118 14 1.3718420148699580e+15
120 14 3.7607644829856797e+13
72 15 1.1735209465719551e+11
74 15 1.6251825961588635e+13
76 15 5.5834967090804412e+14
78 15 1.2371357584727096e+16
80 15 1.7195310967794685e+17
82 15 1.9518655871377336e+18
84 15 1.5783847319021621e+19
86 15 9.3190381342729798e+19
88 15 3.7830207077814927e+20
90 15 1.0788849443786477e+21
92 15 2.1045136222335017e+21
94 15 2.9149116729635997e+21
96 15 2.9988446001409918e+21
98 15 2.3687411786967312e+21
100 15 1.4742158811580316e+21
102 15 7.3124536654032640e+20
104 15 2.9164697669162906e+20
106 15 9.3870580569684247e+19
108 15 2.4207038929215152e+19
110 15 4.9663166290830418e+18
112 15 7.9206436819207565e+17
114 15 9.5065556494952880e+16
116 15 8.1123368495324200e+15
118 15 4.3859845491869550e+14
120 15 1.1437605358000242e+13
76 16 4.1434808363136859e+11
78 16 3.0118664055767379e+13
80 16 1.0954286240369708e+15
82 16 1.9018784242640792e+16
84 16 2.7529334802700605e+17
86 16 2.6926656349019254e+18
88 16 1.8702148179238584e+19
90 16 8.4189620370602230e+19
92 16 2.5208908207578952e+20
94 16 4.7500865433150305e+20
96 16 6.0505166091731704e+20
98 16 5.5458920713792029e+20
100 16 3.8301211457529879e+20
102 16 2.0440398714672621e+20
104 16 8.5675935578865320e+19
106 16 2.8409804254052463e+19
108 16 7.4362414384586516e+18
110 16 1.5272730807705244e+18
112 16 2.4092837704454842e+17
114 16 2.8322618037357764e+16
116 16 2.3455957830230180e+15
118 16 1.2177118201928867e+14
120 16 3.0169408755571548e+12
80 17 7.2679652123298950e+11
82 17 6.3422337307480719e+13
84 17 1.4452142763117522e+15
86 17 2.8070862309584860e+16
88 17 3.4410567797107872e+17
90 17 2.9177199737588429e+18
92 17 1.4885936993413956e+19
94 17 4.7604896635053408e+19
96 17 8.5378372411351089e+19
98 17 9.8145938987442110e+19
100 17 7.8711782757139874e+19
102 17 4.6578360364455428e+19
104 17 2.0937261533381329e+19
106 17 7.2549746600140145e+18
108 17 1.9484652501862129e+18
110 17 4.0286281495615584e+17
112 17 6.3370266141369600e+16
114 17 7.3134336294641220e+15
116 17 5.8760784139196062e+14
118 17 2.9278411995004395e+13
120 17 6.8224569419369836e+11
84 18 2.1478676476152722e+12
86 18 7.0934390804047359e+13
88 18 2.0028621029669330e+15
90 18 3.2079702940624380e+16
92 18 3.4770401644799776e+17
94 18 2.0757525480479048e+18
96 18 7.2648640038224527e+18
98 18 1.2165244904892129e+19
100 18 1.2311232416631423e+19
102 18 8.4724724592322365e+18
104 18 4.1943749292318674e+18
106 18 1.5505068201609244e+18
108 18 4.3242939873952058e+17
110 18 9.1119825692857712e+16
112 18 1.4319888376642746e+16
114 18 1.6298225005438882e+15
116 18 1.2717182455797988e+14
118 18 6.0767749025076875e+12
120 18 1.3280303156359979e+11
86 19 3.1372744228026878e+10
88 19 1.9773717975843130e+12
90 19 9.4342375909371469e+13
92 19 2.1062694629801910e+15
94 19 3.0980880900366904e+16
96 19 2.2632892629208768e+17
98 19 8.8759064174661658e+17
100 19 1.3542419745888205e+18
102 19 1.1785214471927020e+18
104 19 6.7591951304972813e+17
106 19 2.7339654129322835e+17
108 19 8.0641704990563072e+16
110 19 1.7487851079165260e+16
112 19 2.7707311254706200e+15
114 19 3.1239399407744100e+14
116 19 2.3641328200156871e+13
118 19 1.0787077929927954e+12
120 19 2.1969357221683151e+10
90 20 2.2556052787857544e+10
92 20 2.6114621175448086e+12
94 20 9.2232520886740625e+13
96 20 2.0125587523073390e+15
98 20 1.8873721111583740e+16
100 20 8.6553840207313280e+16
102 20 1.1576045079823162e+17
104 20 8.3887438443078688e+16
106 20 3.8908567258582384e+16
108 20 1.2451155102876276e+16
110 20 2.8242169194098525e+15
112 20 4.5484939794168206e+14
114 20 5.0905345282208094e+13
116 20 3.7334617328489473e+12
118 20 1.6153078417776337e+11
120 20 3.0273896721159000e+09
94 21 3.3729302530277290e+10
96 21 2.4616074851701836e+12
98 21 9.1052104955243266e+13
100 21 1.1814391357427880e+15
102 21 6.5126403677197240e+15
104 21 7.3731947593492810e+15
106 21 4.2856935160060635e+15
108 21 1.5536028219607445e+15
110 21 3.7709945212669219e+14
112 21 6.2367196066827430e+13
114 21 6.9233710490253027e+12
116 21 4.9277808353803760e+11
118 21 1.9900026749994614e+10
120 21 3.3496475891683429e+08
96 22 1.0606649298059703e+08
98 22 3.4507593603371559e+10
100 22 2.6534501199787451e+12
102 22 5.2850939337236344e+13
104 22 3.6562178233322594e+14
106 22 3.3317144383484994e+14
108 22 1.4863739196220906e+14
110 22 4.0047226029934875e+13
112 22 6.9261430608252881e+12
114 22 7.6744656375174487e+11
116 22 5.2393408823635681e+10
118 22 1.9223268038318825e+09
120 22 2.7375588221349292e+07
100 23 1.7961619550539666e+08
102 23 4.3980258927904755e+10
104 23 1.6003152033905332e+12
106 23 1.4270688120005613e+13
108 23 9.9286915177290469e+12
110 23 3.2176140892563638e+12
112 23 5.9700430751979077e+11
114 23 6.6360285826195290e+10
116 23 4.2504119344045968e+09
118 23 1.3480578230713102e+08
120 23 1.4834338960101232e+06
104 24 2.8927085831744111e+08
106 24 2.8761671419924911e+10
108 24 3.4450651287540424e+11
110 24 1.7233591529761975e+11
112 24 3.6285029603603745e+10
114 24 4.0717262378131924e+09
116 24 2.2901733049654895e+08
118 24 5.5511694516667668e+06
120 24 4.0281703192005218e+04
108 25 2.3086922483319348e+08
110 25 3.8142839789083514e+09
112 25 1.2809236892744780e+09
114 25 1.3896407936547405e+08
116 25 5.8054877021551766e+06
118 25 8.9970133593237930e+04
120 25 4.2092926242927427e+02
