164 -27 3.9364736028450498e+00
158 -26 2.7930401915087100e+02
160 -26 5.9037219229513175e+02
162 -26 3.1802176593660612e+01
164 -26 1.3093841020296866e+03
146 -25 7.9975353670480596e+00
148 -25 1.6887007926429365e+02
150 -25 7.3427857153668879e+02
152 -25 4.9331064545205281e+03
154 -25 2.1498448129467113e+04
156 -25 2.5307485136070063e+04
158 -25 4.3294596973583743e+04
160 -25 5.8539408898987509e+04
162 -25 1.1844491605217509e+04
164 -25 3.0504594917015595e+04
140 -24 2.4200516563174634e+01
142 -24 1.3574683780096450e+03
144 -24 1.3534370214801183e+04
146 -24 6.3828229132387845e+04
148 -24 2.6246256862151134e+05
150 -24 6.3544736176322587e+05
152 -24 1.0459980210758416e+06
154 -24 1.6131362407841356e+06
156 -24 1.5716245909632016e+06
158 -24 1.3221933717717398e+06
160 -24 1.0122508694113313e+06
162 -24 2.9433301479147410e+05
164 -24 2.3466506612892449e+05
134 -23 1.6335108769968596e+01
136 -23 2.7103043744938450e+03
138 -23 5.9095595137664459e+04
140 -23 4.5071891738770029e+05
142 -23 1.9776025265467823e+06
144 -23 6.1542308508367362e+06
146 -23 1.3969308155828567e+07
148 -23 2.4200616274015792e+07
150 -23 3.3922266874083668e+07
152 -23 3.8482600510064878e+07
154 -23 3.5405457775760584e+07
156 -23 2.6884024207934488e+07
158 -23 1.6303375715075098e+07
160 -23 8.8313657363298479e+06
162 -23 2.5222326397090270e+06
164 -23 1.2360337516363149e+06
130 -22 1.9318261520690410e+03
132 -22 1.1354065467426222e+05
134 -22 1.4276934563029064e+06
136 -22 8.9116415666424092e+06
138 -22 3.4961572259476230e+07
140 -22 1.0025267139018041e+08
142 -22 2.2132095781830269e+08
144 -22 3.8560078969446826e+08
146 -22 5.5966909284628832e+08
148 -22 6.6732813212236428e+08
150 -22 6.7181488162374806e+08
152 -22 5.7679729394045913e+08
154 -22 4.1500713444982898e+08
156 -22 2.5201418724730670e+08
158 -22 1.2654395702837439e+08
160 -22 5.5455160064385392e+07
162 -22 1.4464927759379009e+07
164 -22 5.2884852157318769e+06
124 -21 4.3624879579049525e+02
126 -21 8.3032057931262112e+04
128 -21 2.3405351785077401e+06
130 -21 2.2213345026899841e+07
132 -21 1.2096513404966034e+08
134 -21 4.4745257161924386e+08
136 -21 1.2402135940582213e+09
138 -21 2.7208356255432920e+09
140 -21 4.8629482530947409e+09
142 -21 7.2737946430784168e+09
144 -21 9.2366377617264099e+09
146 -21 1.0071059355611879e+10
148 -21 9.4969030426633797e+09
150 -21 7.7477000880431805e+09
152 -21 5.4667635572873974e+09
154 -21 3.3246668177523756e+09
156 -21 1.7202961111422992e+09
158 -21 7.4628878143747938e+08
160 -21 2.7372752275181323e+08
162 -21 6.5806489218921483e+07
164 -21 1.8254490325018659e+07
120 -20 2.2208232990275679e+04
122 -20 1.6922621681285312e+06
124 -20 3.1185087847526427e+07
126 -20 2.5132185275881857e+08
128 -20 1.2603620044762280e+09
130 -20 4.5065980514143219e+09
132 -20 1.2359647524480461e+10
134 -20 2.7463557135932838e+10
136 -20 5.0442642238931152e+10
138 -20 7.8970888626256134e+10
140 -20 1.0623955108927878e+11
142 -20 1.2469417747214371e+11
144 -20 1.2807114146031409e+11
146 -20 1.1554379882363214e+11
148 -20 9.1797307346938446e+10
150 -20 6.4070637741317024e+10
152 -20 3.9111513345482925e+10
154 -20 2.0674588616468025e+10
156 -20 9.3605730034500351e+09
158 -20 3.5392348873101273e+09
160 -20 1.1288358604599419e+09
162 -20 2.4300797003887179e+08
164 -20 5.4796554349991187e+07
114 -19 1.3366917026838305e+03
116 -19 4.9340078964859853e+05
118 -19 2.1811804891433917e+07
120 -19 3.0843205390027142e+08
122 -19 2.2497878636210852e+09
124 -19 1.0732148012570404e+10
126 -19 3.7746534798385750e+10
128 -19 1.0407754572618683e+11
130 -19 2.3511639761243723e+11
132 -19 4.4815083136465900e+11
134 -19 7.3579384886734436e+11
136 -19 1.0499673349670918e+12
138 -19 1.3161071601634485e+12
140 -19 1.4627247166708391e+12
142 -19 1.4460564644291575e+12
144 -19 1.2704922752418608e+12
146 -19 9.8983877776230444e+11
148 -19 6.8769114309965076e+11
150 -19 4.2025785932258685e+11
152 -19 2.2660300196031897e+11
154 -19 1.0579441499547780e+11
156 -19 4.2358844010388985e+10
158 -19 1.4212397994696802e+10
160 -19 3.9504503662043133e+09
162 -19 7.6863411067137992e+08
164 -19 1.4137723152586868e+08
110 -18 4.2459825472270466e+04
112 -18 6.6274813373354925e+06
114 -18 2.0417733211180317e+08
116 -18 2.4525547480717621e+09
118 -18 1.6731465445683628e+10
120 -18 7.7806508763128250e+10
122 -18 2.7219379537507343e+11
124 -18 7.6254770590818005e+11
126 -18 1.7708716284062534e+12
128 -18 3.5085783327970405e+12
130 -18 6.0283313302426943e+12
132 -18 9.0920252097922305e+12
134 -18 1.2151433248484500e+13
136 -18 1.4493219075830090e+13
138 -18 1.5483057448360203e+13
140 -18 1.4864887808585721e+13
142 -18 1.2788501599111592e+13
144 -18 9.8875494346809082e+12
146 -18 6.8319012510152295e+12
148 -18 4.2067587776786401e+12
150 -18 2.2953747421921113e+12
152 -18 1.1019359581922253e+12
154 -18 4.6065971485042566e+11
156 -18 1.6448651821599066e+11
158 -18 4.9054444962871254e+10
160 -18 1.2065198789963375e+10
162 -18 2.0961684905387676e+09
164 -18 3.1851257599834764e+08
104 -17 3.9663798116954445e+02
106 -17 6.9370513833073608e+05
108 -17 6.4099641501328379e+07
110 -17 1.5368842541366146e+09
112 -17 1.6588185880810877e+10
114 -17 1.0730533629351483e+11
116 -17 4.9251981657829999e+11
118 -17 1.7334014766027581e+12
120 -17 4.9509265029252598e+12
122 -17 1.1874370205131697e+13
124 -17 2.4408389296091965e+13
126 -17 4.3891077864222438e+13
128 -17 6.9929730610386227e+13
130 -17 9.9394814135355656e+13
132 -17 1.2662531601270716e+14
134 -17 1.4537874955529622e+14
136 -17 1.5102786798677884e+14
138 -17 1.4178658947384800e+14
140 -17 1.2033441699106659e+14
142 -17 9.2307654785449125e+13
144 -17 6.3757220632050992e+13
146 -17 3.9537666528693492e+13
148 -17 2.1882773070778527e+13
150 -17 1.0748086960165182e+13
152 -17 4.6449732565273389e+12
154 -17 1.7395453829164995e+12
156 -17 5.5764936586849414e+11
158 -17 1.4889395950052609e+11
160 -17 3.2365476299080265e+10
162 -17 4.9994915437912874e+09
164 -17 6.3493463866631925e+08
100 -16 1.2037060742079198e+04
102 -16 7.5948705262710499e+06
104 -16 4.8445520886076105e+08
106 -16 9.8090452636497803e+09
108 -16 9.7111198224699524e+10
110 -16 6.0879002360148572e+11
112 -16 2.7715941903581460e+12
114 -16 9.8545176935291191e+12
116 -16 2.8764567977723445e+13
118 -16 7.1215712312231734e+13
120 -16 1.5265623726938341e+14
122 -16 2.8743320974107431e+14
124 -16 4.8202141722854275e+14
126 -16 7.2491562290784025e+14
128 -16 9.8219865612798862e+14
130 -16 1.2080276624034960e+15
132 -16 1.3478837366722435e+15
134 -16 1.3716323582675070e+15
136 -16 1.2686917800521238e+15
138 -16 1.0653546152279786e+15
140 -16 8.1350687351412600e+14
142 -16 5.6345689773995575e+14
144 -16 3.5140196770958119e+14
146 -16 1.9716769340066153e+14
148 -16 9.8838266857811984e+13
150 -16 4.3916031453471727e+13
152 -16 1.7120457257632578e+13
154 -16 5.7865695701333398e+12
156 -16 1.6669448515803274e+12
158 -16 3.9699084761699066e+11
160 -16 7.6497641891933746e+10
162 -16 1.0507544913171602e+10
164 -16 1.1149590176373420e+09
96 -15 2.0360457842161838e+05
98 -15 6.3018526491799340e+07
100 -15 3.0840713835178065e+09
102 -15 5.4182238959101120e+10
104 -15 5.0308651817416046e+11
106 -15 3.0849866664979248e+12
108 -15 1.3994732392562604e+13
110 -15 5.0472967095672469e+13
112 -15 1.5107177809900756e+14
114 -15 3.8579900275567650e+14
116 -15 8.6036628154961488e+14
118 -15 1.6938472414772428e+15
120 -15 2.9893060078349070e+15
122 -15 4.7385600310626190e+15
124 -15 6.8180198556018200e+15
126 -15 8.9375227945858010e+15
128 -15 1.0682556250273078e+16
130 -15 1.1667528640467874e+16
132 -15 1.1671563085720586e+16
134 -15 1.0682079030314358e+16
136 -15 8.9171495450901590e+15
138 -15 6.7967110449214390e+15
140 -15 4.7190793667598310e+15
142 -15 2.9685699172223380e+15
144 -15 1.6870835833004535e+15
146 -15 8.6235995328432950e+14
148 -15 3.9223551317630862e+14
150 -15 1.5834309975418316e+14
152 -15 5.5892688652513875e+13
154 -15 1.7060327221251459e+13
156 -15 4.4069441030300234e+12
158 -15 9.4022528677499426e+11
160 -15 1.6020161559614310e+11
162 -15 1.9475334189384663e+10
164 -15 1.7307221852230585e+09
90 -14 4.6605482307620633e+01
92 -14 2.2472837396614538e+06
94 -14 4.3222421240633893e+08
96 -14 1.6869001395571465e+10
98 -14 2.6341887140642307e+11
100 -14 2.3208410946087803e+12
102 -14 1.3956977055532584e+13
104 -14 6.3542927000718297e+13
106 -14 2.3251034555114797e+14
108 -14 7.1360003479502950e+14
110 -14 1.8846086539177272e+15
112 -14 4.3654850107052430e+15
114 -14 8.9748628900942180e+15
116 -14 1.6599875783855126e+16
118 -14 2.7762030046697932e+16
120 -14 4.2300256481068520e+16
122 -14 5.8890534667643976e+16
124 -14 7.5105111388406016e+16
126 -14 8.7952300847447056e+16
128 -14 9.4654085259530208e+16
130 -14 9.3504757384236208e+16
132 -14 8.4935938397658304e+16
134 -14 7.0717495135256200e+16
136 -14 5.3942498429807184e+16
138 -14 3.7575990611209008e+16
140 -14 2.3835860836908136e+16
142 -14 1.3712733271835672e+16
144 -14 7.1152505172648540e+15
146 -14 3.3201541398557995e+15
148 -14 1.3782225233201808e+15
150 -14 5.0584377379459812e+14
152 -14 1.6176350147996806e+14
154 -14 4.4557779087497133e+13
156 -14 1.0352277190974807e+13
158 -14 1.9752966545237170e+12
160 -14 2.9771106999384406e+11
162 -14 3.1965671140749073e+10
164 -14 2.3689860767517543e+09
86 -13 3.2967766973820162e+03
88 -13 1.9086875769901205e+07
90 -13 2.5081909391984200e+09
92 -13 8.0282740827527847e+10
94 -13 1.1308556909493318e+12
96 -13 9.5336792745388223e+12
98 -13 5.6397152829132703e+13
100 -13 2.5753190605696431e+14
102 -13 9.5963526945669262e+14
104 -13 3.0155547842186360e+15
106 -13 8.2181726070740440e+15
108 -13 1.9759161994121844e+16
110 -13 4.2476625118173552e+16
112 -13 8.2363603237671104e+16
114 -13 1.4501262144240397e+17
116 -13 2.3393293879951936e+17
118 -13 3.4531698260722893e+17
120 -13 4.6805724431136800e+17
122 -13 5.8581241597759872e+17
124 -13 6.7517095485973018e+17
126 -13 7.1834149283485888e+17
128 -13 7.0480939426654746e+17
130 -13 6.3729379267855194e+17
132 -13 5.3008408469990611e+17
134 -13 4.0545231824351341e+17
136 -13 2.8425056279153053e+17
138 -13 1.8172267004683664e+17
140 -13 1.0589594794581590e+17
142 -13 5.5929463581738512e+16
144 -13 2.6650980659101912e+16
146 -13 1.1350950215499482e+16
148 -13 4.3024692293052360e+15
150 -13 1.4345242681544775e+15
152 -13 4.1689038601129725e+14
154 -13 1.0349133567527911e+14
156 -13 2.1580391077375289e+13
158 -13 3.6700786960274854e+12
160 -13 4.8900569559898706e+11
162 -13 4.6083214653435326e+10
164 -13 2.8605348636619430e+09
82 -12 7.7843556088209909e+04
84 -12 1.3076803143998544e+08
86 -12 1.2203347865000038e+10
88 -12 3.2953034152158447e+11
90 -12 4.2532048553117676e+12
92 -12 3.4353847952608227e+13
94 -12 2.0123653524134294e+14
96 -12 9.2419883619195350e+14
98 -12 3.5007295387459700e+15
100 -12 1.1296785571858020e+16
102 -12 3.1813411910858184e+16
104 -12 7.9412828000506736e+16
106 -12 1.7857392047885251e+17
108 -12 3.6277389649185805e+17
110 -12 6.7241004215541786e+17
112 -12 1.1439336542153002e+18
114 -12 1.7868621928112297e+18
116 -12 2.5765707550115645e+18
118 -12 3.4331946351377254e+18
120 -12 4.2369356432344893e+18
122 -12 4.8384392296460882e+18
124 -12 5.1124369167970304e+18
126 -12 5.0004056223759524e+18
128 -12 4.5196073283080545e+18
130 -12 3.7629858198041364e+18
132 -12 2.8881062480244306e+18
134 -12 2.0362715828731855e+18
136 -12 1.3166427479499919e+18
138 -12 7.7751820193803930e+17
140 -12 4.1665906435905613e+17
142 -12 2.0237056235207126e+17
144 -12 8.8466824721002048e+16
146 -12 3.4465100000273280e+16
148 -12 1.1918527862170644e+16
150 -12 3.6223383497369040e+15
152 -12 9.5144950523402362e+14
154 -12 2.1315597481923366e+14
156 -12 3.9900358350276516e+13
158 -12 6.0351475268036299e+12
160 -12 7.0904456778511218e+11
162 -12 5.8446309826056396e+10
164 -12 3.0233304888446774e+09
78 -11 9.6532726179945539e+05
80 -11 7.1917249638559663e+08
82 -11 5.0396756693139481e+10
84 -11 1.1584255354848918e+12
86 -11 1.3805537075357453e+13
88 -11 1.0813264752923827e+14
90 -11 6.2808509216559150e+14
92 -11 2.9051427975924990e+15
94 -11 1.1199863567141244e+16
96 -11 3.7129058279770256e+16
98 -11 1.0814514153739651e+17
100 -11 2.8067314271781981e+17
102 -11 6.5897207865379494e+17
104 -11 1.4033697324093281e+18
106 -11 2.7398612034836413e+18
108 -11 4.9133813994053356e+18
110 -11 8.1266037659677020e+18
112 -11 1.2457486468054149e+19
114 -11 1.7651617550946294e+19
116 -11 2.3249394837595931e+19
118 -11 2.8422349020616864e+19
120 -11 3.2288207052915483e+19
122 -11 3.4018320434313196e+19
124 -11 3.3240804534823522e+19
126 -11 3.0052866381270241e+19
128 -11 2.5135319558333387e+19
130 -11 1.9413221262985654e+19
132 -11 1.3827866030865766e+19
134 -11 9.0302172338466324e+18
136 -11 5.3960301802619781e+18
138 -11 2.9426318045377597e+18
140 -11 1.4563804000593751e+18
142 -11 6.5076745499936486e+17
144 -11 2.6074773092430278e+17
146 -11 9.3238037971489184e+16
148 -11 2.9401937699343672e+16
150 -11 8.1114911049304400e+15
152 -11 1.9283152236875722e+15
154 -11 3.8857223729771838e+14
156 -11 6.5037527315993828e+13
158 -11 8.7261086822105332e+12
160 -11 8.9985837354208130e+11
162 -11 6.4306395477822632e+10
164 -11 2.7773535883601608e+09
74 -10 8.0480138868813310e+06
76 -10 3.1845005721001797e+09
78 -10 1.7137722164877054e+11
80 -10 3.4369231279088291e+12
82 -10 3.8389062073946805e+13
84 -10 2.9235601140284750e+14
86 -10 1.6844861866297355e+15
88 -10 7.8727477584296030e+15
90 -10 3.0999701772492972e+16
92 -10 1.0559703243626763e+17
94 -10 3.1848678145126662e+17
96 -10 8.6123959423829005e+17
98 -10 2.1097804184430996e+18
100 -10 4.7186127240762757e+18
102 -10 9.6985272168272568e+18
104 -10 1.8364317340286476e+19
106 -10 3.2170472759839904e+19
108 -10 5.2236449428180083e+19
110 -10 7.8969437685482537e+19
112 -10 1.1076887639324828e+20
114 -10 1.4491290447556082e+20
116 -10 1.7651825711758102e+20
118 -10 2.0011102026719180e+20
120 -10 2.1102328767433890e+20
122 -10 2.0643831009127816e+20
124 -10 1.8766580669104642e+20
126 -10 1.5798657596260506e+20
128 -10 1.2307685099284654e+20
130 -10 8.8235132161894826e+19
132 -10 5.8375285696727581e+19
134 -10 3.5362601946398900e+19
136 -10 1.9578316768583332e+19
138 -10 9.8789560541875835e+18
140 -10 4.5069127993686707e+18
142 -10 1.8534230614381850e+18
144 -10 6.8258795640570125e+17
146 -10 2.2311491158070643e+17
148 -10 6.4103444484136768e+16
150 -10 1.6064219710993324e+16
152 -10 3.4475249525657965e+15
154 -10 6.2423812754141800e+14
156 -10 9.2928489282850344e+13
158 -10 1.1035908766711184e+13
160 -10 9.9388486739294946e+11
162 -10 6.1332458234073112e+10
164 -10 2.1921756099070811e+09
70 -9 4.7708350400837034e+07
72 -9 1.1132623448740963e+10
74 -9 4.7586558948035767e+11
76 -9 8.4922295909483936e+12
78 -9 8.9904960515081188e+13
80 -9 6.6590984625608225e+14
82 -9 3.8419542752789110e+15
84 -9 1.8155123972951512e+16
86 -9 7.2945025681061328e+16
88 -9 2.5602980808346653e+17
90 -9 7.9996645852782426e+17
92 -9 2.2539999360421542e+18
94 -9 5.7766519853160151e+18
96 -9 1.3553732597908531e+19
98 -9 2.9308226058067554e+19
100 -9 5.8762318252185600e+19
102 -9 1.0904887333402788e+20
104 -9 1.8812943706169983e+20
106 -9 3.0271243770510259e+20
108 -9 4.5406485560286518e+20
110 -9 6.3550166812885778e+20
112 -9 8.2992361569699155e+20
114 -9 1.0108089115165469e+21
116 -9 1.1477621991875408e+21
118 -9 1.2135105652615115e+21
120 -9 1.1945764106289231e+21
122 -9 1.0931745319818393e+21
124 -9 9.2733323805526524e+20
126 -9 7.2930196436003311e+20
128 -9 5.2966337813690804e+20
130 -9 3.5435849834065127e+20
132 -9 2.1778719413270970e+20
134 -9 1.2267415052394488e+20
136 -9 6.3045936748822446e+19
138 -9 2.9376682121573282e+19
140 -9 1.2381989271841722e+19
142 -9 4.6842513660740424e+18
144 -9 1.5805231601485320e+18
146 -9 4.7224727998945690e+17
148 -9 1.2361708982561163e+17
150 -9 2.8024114491556988e+16
152 -9 5.4109353514221510e+15
154 -9 8.7594977521449762e+14
156 -9 1.1579153721161972e+14
158 -9 1.2071830933934637e+13
160 -9 9.4588903861930408e+11
162 -9 4.9726138797996140e+10
164 -9 1.4623847268200362e+09
66 -8 2.0380849838264573e+08
68 -8 3.0384751256303272e+10
70 -8 1.0665174819858810e+12
72 -8 1.7198013106129889e+13
74 -8 1.7356130055705584e+14
76 -8 1.2662244238969180e+15
78 -8 7.3033369424385120e+15
80 -8 3.4886937823204628e+16
82 -8 1.4354095902179442e+17
84 -8 5.1954170330560282e+17
86 -8 1.6872427431774574e+18
88 -8 4.9520202718405581e+18
90 -8 1.3285531103033309e+19
92 -8 3.2800451223197139e+19
94 -8 7.4892449024256098e+19
96 -8 1.5847060230569584e+20
98 -8 3.1254615894496215e+20
100 -8 5.7367381487191923e+20
102 -8 9.8499391510697974e+20
104 -8 1.5764909670075683e+21
106 -8 2.3613471322394402e+21
108 -8 3.3068634222112617e+21
110 -8 4.3290380337112872e+21
112 -8 5.2940946776868258e+21
114 -8 6.0477566785936593e+21
116 -8 6.4398386721812958e+21
118 -8 6.3946652552953248e+21
120 -8 5.9064988375633489e+21
122 -8 5.0612223191377479e+21
124 -8 4.0263077190926257e+21
126 -8 2.9637183595253156e+21
128 -8 2.0118514075062617e+21
130 -8 1.2572872467628818e+21
132 -8 7.1964811920967388e+20
134 -8 3.7665986077558021e+20
136 -8 1.7933923005531908e+20
138 -8 7.7328530247537951e+19
140 -8 3.0069066317580145e+19
142 -8 1.0460594717575027e+19
144 -8 3.2353256533584292e+18
146 -8 8.8039324094753510e+17
148 -8 2.0926066863483539e+17
150 -8 4.2798264927791256e+16
152 -8 7.4140033980934740e+15
154 -8 1.0699099906075765e+15
156 -8 1.2485318802650791e+14
158 -8 1.1373769608780104e+13
160 -8 7.6497944514425098e+11
162 -8 3.3867801574754993e+10
164 -8 8.0604108071850812e+08
60 -7 1.1321051037965313e+05
62 -7 6.2188102088496077e+08
64 -7 6.4488839460311394e+10
66 -7 1.8997008413656812e+12
68 -7 2.8071209434914816e+13
70 -7 2.7169956258564019e+14
72 -7 1.9554554914988492e+15
74 -7 1.1312311297186066e+16
76 -7 5.4868798523020312e+16
78 -7 2.3164281145584074e+17
80 -7 8.6617916901761114e+17
82 -7 2.9208906203115965e+18
84 -7 8.9640061437265715e+18
86 -7 2.5239751413648118e+19
88 -7 6.5642168238419534e+19
90 -7 1.5847115963783699e+20
92 -7 3.5534581196880367e+20
94 -7 7.4451623861917385e+20
96 -7 1.4556922098212497e+21
98 -7 2.6675184935525401e+21
100 -7 4.5702494741663077e+21
102 -7 7.3297958143160945e+21
104 -7 1.1026071052201589e+22
106 -7 1.5537679253132852e+22
108 -7 2.0473103320304042e+22
110 -7 2.5250028704817891e+22
112 -7 2.9135286902720314e+22
114 -7 3.1374488206028086e+22
116 -7 3.1470709552929338e+22
118 -7 2.9444243341416136e+22
120 -7 2.5568210339966503e+22
122 -7 2.0618072745783427e+22
124 -7 1.5374850027596945e+22
126 -7 1.0611093122106893e+22
128 -7 6.7374108545812015e+21
130 -7 3.9302876153864976e+21
132 -7 2.0990773485940916e+21
134 -7 1.0210333808681455e+21
136 -7 4.5108666391628068e+20
138 -7 1.7977344943685783e+20
140 -7 6.4388702590390526e+19
142 -7 2.0557419173366755e+19
144 -7 5.8144247706619064e+18
146 -7 1.4395718824335255e+18
148 -7 3.0917547680903206e+17
150 -7 5.6957552068517208e+16
152 -7 8.8087687760535440e+15
154 -7 1.1242669980581671e+15
156 -7 1.1514069204953917e+14
158 -7 9.0619731056983398e+12
160 -7 5.1795353796882861e+11
162 -7 1.8970285773926834e+10
164 -7 3.5050062501775491e+08
56 -6 1.0401453384355345e+06
58 -6 1.3628871294544966e+09
60 -6 1.0356364690453894e+11
62 -6 2.6289344912432729e+12
64 -6 3.6242113308586930e+13
66 -6 3.3798386219876494e+14
68 -6 2.4080595565707080e+15
70 -6 1.3986680075800960e+16
72 -6 6.9274252672630528e+16
74 -6 2.9999259762275782e+17
76 -6 1.1583611103459103e+18
78 -6 4.0713510750773356e+18
80 -6 1.3079078662737691e+19
82 -6 3.8756988218800210e+19
84 -6 1.0635362784311745e+20
86 -6 2.7130636258580418e+20
88 -6 6.4786020423107530e+20
90 -6 1.4435250481172075e+21
92 -6 3.0149885728704116e+21
94 -6 5.9072854817843635e+21
96 -6 1.0853193521376935e+22
98 -6 1.8682118768431492e+22
100 -6 3.0220550480444908e+22
102 -6 4.5877430209244303e+22
104 -6 6.5331439113653797e+22
106 -6 8.7150961567433461e+22
108 -6 1.0872134857757808e+23
110 -6 1.2718433259061527e+23
112 -6 1.3881242643601024e+23
114 -6 1.4144801277286354e+23
116 -6 1.3418086891418904e+23
118 -6 1.1843110189035279e+23
120 -6 9.7065404466712147e+22
122 -6 7.3610510085730469e+22
124 -6 5.1690271976892542e+22
126 -6 3.3448826548034969e+22
128 -6 1.9883176134587196e+22
130 -6 1.0832412499251911e+22
132 -6 5.3917898341524250e+21
134 -6 2.4353919858992679e+21
136 -6 9.9707252825070069e+20
138 -6 3.6704111931197234e+20
140 -6 1.2075153602018255e+20
142 -6 3.5357980976947892e+19
144 -6 9.1187276400183757e+18
146 -6 2.0478454857016466e+18
148 -6 3.9731337559464608e+17
150 -6 6.5396943501112592e+16
152 -6 8.9933784091645670e+15
154 -6 1.0085935067085645e+15
156 -6 8.9693521497962000e+13
158 -6 6.0262401212173477e+12
160 -6 2.8726598776941266e+11
162 -6 8.3771848090766220e+09
164 -6 1.1359987570274094e+08
52 -5 3.8719768577155052e+06
54 -5 2.1271948579198713e+09
56 -5 1.2439442186465067e+11
58 -5 2.7818955497996528e+12
60 -5 3.6038841707717828e+13
62 -5 3.2758591377762575e+14
64 -5 2.3099763064857290e+15
66 -5 1.3504233906598198e+16
68 -5 6.8003239798223808e+16
70 -5 3.0339126187510675e+17
72 -5 1.2176484120181371e+18
74 -5 4.4560366424975232e+18
76 -5 1.5019864867639558e+19
78 -5 4.6797168503349912e+19
80 -5 1.3586571576297501e+20
82 -5 3.6847318896625392e+20
84 -5 9.3560473464726684e+20
86 -5 2.2258106461099933e+21
88 -5 4.9754459799648962e+21
90 -5 1.0448104199130553e+22
92 -5 2.0620169706607940e+22
94 -5 3.8284611770993959e+22
96 -5 6.6766896070749785e+22
98 -5 1.0941095919977635e+23
100 -5 1.6842291324269290e+23
102 -5 2.4360624056674421e+23
104 -5 3.3015368709483151e+23
106 -5 4.1915272014082967e+23
108 -5 4.9817101039873525e+23
110 -5 5.5339166510044934e+23
112 -5 5.7361488787468415e+23
114 -5 5.5471676895441177e+23
116 -5 4.9874480897530452e+23
118 -5 4.1665290215509707e+23
120 -5 3.2212126575392734e+23
122 -5 2.3061560455677014e+23
124 -5 1.5234272100886311e+23
126 -5 9.2485643816883007e+22
128 -5 5.1479689554845413e+22
130 -5 2.6213599569697751e+22
132 -5 1.2131950751208201e+22
134 -5 5.0961320721190633e+21
136 -5 1.9313756724299235e+21
138 -5 6.5530741317437882e+20
140 -5 1.9826365399101499e+20
142 -5 5.3023615815220109e+19
144 -5 1.2421786530289318e+19
146 -5 2.5221462641530276e+18
148 -5 4.3891121101947757e+17
150 -5 6.4316562646519736e+16
152 -5 7.8040182559718140e+15
154 -5 7.6105635557634375e+14
156 -5 5.8052034912665875e+13
158 -5 3.2747790350121050e+12
160 -5 1.2611007206360220e+11
162 -5 2.7628369810616460e+09
164 -5 2.2614196316213273e+07
48 -4 7.9386837474672878e+06
50 -4 2.3421858251058917e+09
52 -4 1.0966652301444762e+11
54 -4 2.2025085168856880e+12
56 -4 2.6947569799794809e+13
58 -4 2.3850343445458875e+14
60 -4 1.6713578444092075e+15
62 -4 9.8539813602606820e+15
64 -4 5.0637940064454216e+16
66 -4 2.3216968672053139e+17
68 -4 9.7012564219515302e+17
70 -4 3.7082838386203136e+18
72 -4 1.3146915827883762e+19
74 -4 4.3276395830035530e+19
76 -4 1.3329658155981387e+20
78 -4 3.8420152884103171e+20
80 -4 1.0418467875035686e+21
82 -4 2.6569731445221847e+21
84 -4 6.3772038173561234e+21
86 -4 1.4391274091951807e+22
88 -4 3.0626807449245131e+22
90 -4 6.1366082210272805e+22
92 -4 1.1586459480983833e+23
94 -4 2.0567146667648563e+23
96 -4 3.4325573664231559e+23
98 -4 5.3956931070580579e+23
100 -4 7.9576001874887235e+23
102 -4 1.1001465316167732e+24
104 -4 1.4275029380172848e+24
106 -4 1.7319550147702526e+24
108 -4 1.9643034169431691e+24
110 -4 2.0833004572539013e+24
112 -4 2.0581091295168762e+24
114 -4 1.8909370630058411e+24
116 -4 1.6129750789359686e+24
118 -4 1.2756294656616884e+24
120 -4 9.3385949124824276e+23
122 -4 6.3068042430748530e+23
124 -4 3.9185450531222933e+23
126 -4 2.2341614985425760e+23
128 -4 1.1665554332802711e+23
130 -4 5.5440955078800751e+22
132 -4 2.3909533318921207e+22
134 -4 9.3129152098758788e+21
136 -4 3.2600667056925190e+21
138 -4 1.0191845682784158e+21
140 -4 2.8244089313945063e+20
142 -4 6.8764092578551398e+19
144 -4 1.4595061694058435e+19
146 -4 2.6671069680204175e+18
148 -4 4.1321135862370662e+17
150 -4 5.3679152780482016e+16
152 -4 5.6791400890751590e+15
154 -4 4.7839349006933225e+14
156 -4 3.0694451014367395e+13
158 -4 1.4133973091165469e+12
160 -4 4.1754438440048073e+10
162 -4 5.8320458159353828e+08
164 -4 1.5635816647810398e+06
44 -3 9.7381525502003133e+06
46 -3 1.7860887704283919e+09
48 -3 6.9151783958534058e+10
50 -3 1.2574389571316016e+12
52 -3 1.4641469034061578e+13
54 -3 1.2632360022839233e+14
56 -3 8.8155377662101762e+14
58 -3 5.2481634415397520e+15
60 -3 2.7589380201159608e+16
62 -3 1.3061088560436883e+17
64 -3 5.6622245437956640e+17
66 -3 2.2704173405452728e+18
68 -3 8.4624267203420948e+18
70 -3 2.9532508854636724e+19
72 -3 9.6704234206976983e+19
74 -3 2.9762863354653304e+20
76 -3 8.6458523188883685e+20
78 -3 2.3664915062528860e+21
80 -3 6.1165776805109034e+21
82 -3 1.4937564468503151e+22
84 -3 3.4363514635359464e+22
86 -3 7.4733914257686599e+22
88 -3 1.5319058462532813e+23
90 -3 2.9583673150176305e+23
92 -3 5.3802211489242650e+23
94 -3 9.2154132716265032e+23
96 -3 1.4837541475069281e+24
98 -3 2.2472171193427852e+24
100 -3 3.1879819132474986e+24
102 -3 4.2407242701814536e+24
104 -3 5.2820301387388511e+24
106 -3 6.1501820022169044e+24
108 -3 6.6820919136761255e+24
110 -3 6.7705164486513945e+24
112 -3 6.3825181299248301e+24
114 -3 5.5856804244671371e+24
116 -3 4.5299232942426536e+24
118 -3 3.4014115037147948e+24
120 -3 2.3562501845697183e+24
122 -3 1.5024971688974684e+24
124 -3 8.7974252324115831e+23
126 -3 4.7116289775018212e+23
128 -3 2.3015086565024441e+23
130 -3 1.0216122749116522e+23
132 -3 4.0951631506185547e+22
134 -3 1.4782773232901791e+22
136 -3 4.7818724225041050e+21
138 -3 1.3706374147752224e+21
140 -3 3.4698905228404267e+20
142 -3 7.6729370074519568e+19
144 -3 1.4680989560187081e+19
146 -3 2.3991374256434970e+18
148 -3 3.2993044439086317e+17
150 -3 3.7519375793960888e+16
152 -3 3.4200987888516795e+15
154 -3 2.4389611958688294e+14
156 -3 1.2866015690411338e+13
158 -3 4.6180116334860181e+11
160 -3 9.2501275688185825e+09
162 -3 5.4787540265787289e+07
40 -2 7.3078845834387513e+06
42 -2 9.1237482955842328e+08
44 -2 2.9932772575001434e+10
46 -2 4.9844897024655438e+11
48 -2 5.5141322817828643e+12
50 -2 4.6463414125752289e+13
52 -2 3.2276509961744425e+14
54 -2 1.9448632999221215e+15
56 -2 1.0443351888262100e+16
58 -2 5.1222542148888384e+16
60 -2 2.3140370843680182e+17
62 -2 9.7563303498166042e+17
64 -2 3.8505074030603284e+18
66 -2 1.4267593170901221e+19
68 -2 4.9793710746571768e+19
70 -2 1.6421536784414940e+20
72 -2 5.1312636250247286e+20
74 -2 1.5157136835847929e+21
76 -2 4.2394457909106752e+21
78 -2 1.1208039083295140e+22
80 -2 2.8031589659684024e+22
82 -2 6.6395654233894320e+22
84 -2 1.4854041212524304e+23
86 -2 3.1342144468888421e+23
88 -2 6.2391342751375577e+23
90 -2 1.1717906954448520e+24
92 -2 2.0715768088501514e+24
94 -2 3.4437650170740660e+24
96 -2 5.3754472808271978e+24
98 -2 7.8736486314544357e+24
100 -2 1.0807911732205040e+25
102 -2 1.3874162670018707e+25
104 -2 1.6661851592626497e+25
106 -2 1.8664805067805892e+25
108 -2 1.9474046670428597e+25
110 -2 1.8903223903298014e+25
112 -2 1.7045651869547347e+25
114 -2 1.4242142437292359e+25
116 -2 1.0999274560405509e+25
118 -2 7.8451288933434107e+24
120 -2 5.1524058884266526e+24
122 -2 3.1041792800215555e+24
124 -2 1.7124814833984559e+24
126 -2 8.6189640196227533e+23
128 -2 3.9413974481965071e+23
130 -2 1.6311190609199809e+23
132 -2 6.0791666824146630e+22
134 -2 2.0295364929415685e+22
136 -2 6.0402776792915425e+21
138 -2 1.5872402581086069e+21
140 -2 3.6550166082948576e+20
142 -2 7.3177370189266264e+19
144 -2 1.2548576113537786e+19
146 -2 1.8212861830996762e+18
148 -2 2.2000334161395421e+17
150 -2 2.1618823199470756e+16
152 -2 1.6831850338853715e+15
154 -2 9.9157418195399344e+13
156 -2 4.1179386197349902e+12
158 -2 1.0407735518146944e+11
160 -2 1.0618806724072268e+09
36 -1 3.2668777208052780e+06
38 -1 2.9405858963557875e+08
40 -1 8.3177686344882326e+09
42 -1 1.2730850135449106e+11
44 -1 1.3417782090169194e+12
46 -1 1.1051884224551074e+13
48 -1 7.6557057761041406e+13
50 -1 4.6661805467683050e+14
52 -1 2.5795968061034935e+15
54 -1 1.3128910810846178e+16
56 -1 6.2346626288577872e+16
58 -1 2.7709429104065578e+17
60 -1 1.1622519237403459e+18
62 -1 4.6044039793289344e+18
64 -1 1.7253178483960564e+19
66 -1 6.1275279295366300e+19
68 -1 2.0671234862331720e+20
70 -1 6.6251214268314393e+20
72 -1 2.0113642030401310e+21
74 -1 5.8025244257912703e+21
76 -1 1.5877565921126229e+22
78 -1 4.1122943495661859e+22
80 -1 1.0099132352982552e+23
82 -1 2.3433915359242909e+23
84 -1 5.1380098134955652e+23
86 -1 1.0632803488068228e+24
88 -1 2.0755561930443997e+24
90 -1 3.8119376328441109e+24
92 -1 6.5802276085525543e+24
94 -1 1.0673373805362959e+25
96 -1 1.6241195449373704e+25
98 -1 2.3152398374855598e+25
100 -1 3.0868550548398543e+25
102 -1 3.8409611316644896e+25
104 -1 4.4611595332195594e+25
106 -1 4.8224037239350091e+25
108 -1 4.8488887921808887e+25
110 -1 4.5226495698018031e+25
112 -1 3.9092166379359489e+25
114 -1 3.1241703510022166e+25
116 -1 2.3028786176594187e+25
118 -1 1.5602887684263334e+25
120 -1 9.7120546439011056e+24
122 -1 5.5371115642910646e+24
124 -1 2.8787568990217234e+24
126 -1 1.3603034498029433e+24
128 -1 5.8203659137859009e+23
130 -1 2.2475777822246827e+23
132 -1 7.7742736565437131e+22
134 -1 2.3973791232339850e+22
136 -1 6.5460412804843522e+21
138 -1 1.5695694391416510e+21
140 -1 3.2801421700341786e+20
142 -1 5.9080082819540247e+19
144 -1 9.0238895543310766e+18
146 -1 1.1547268512583552e+18
148 -1 1.2103603680646829e+17
150 -1 1.0129009579913304e+16
152 -1 6.5479062981037538e+14
154 -1 3.0658684575379965e+13
156 -1 9.2441789765455090e+11
158 -1 1.3323353317720308e+10
160 -1 2.6062270396990534e+07
30 0 8.0435311766577593e+02
32 0 7.8152343123161932e+05
34 0 5.3447409154565886e+07
36 0 1.3216035418515661e+09
38 0 1.8664896917039764e+10
40 0 1.8750210808544363e+11
42 0 1.5047478412655757e+12
44 0 1.0419417331323291e+13
46 0 6.4976758483714680e+13
48 0 3.7311105203716150e+14
50 0 2.0005252383210142e+15
52 0 1.0089423586765320e+16
54 0 4.8076405709747440e+16
56 0 2.1582558458053642e+17
58 0 9.2331500573552998e+17
60 0 3.7402080779178117e+18
62 0 1.4450586780563190e+19
64 0 5.3031461981523141e+19
66 0 1.8521719882855530e+20
68 0 6.1742010190561280e+20
70 0 1.9534502714011217e+21
72 0 5.8789101787000152e+21
74 0 1.6803164327588070e+22
76 0 4.5539256515949050e+22
78 0 1.1697551101205918e+23
80 0 2.8428007469723724e+23
82 0 6.5357240223466907e+23
84 0 1.4183558475532149e+24
86 0 2.8993920015916773e+24
88 0 5.5815214013154936e+24
90 0 1.0103865944792161e+25
92 0 1.7157668599546446e+25
94 0 2.7331233955732735e+25
96 0 4.0725262102010610e+25
98 0 5.6708823218138863e+25
100 0 7.3765172627902024e+25
102 0 8.9390669328294765e+25
104 0 1.0081041393506718e+26
106 0 1.0550361574921566e+26
108 0 1.0251757040815026e+26
110 0 9.2116434633648927e+25
112 0 7.6483635159868333e+25
114 0 5.8588385874717676e+25
116 0 4.1240496720576293e+25
118 0 2.6643588918004480e+25
120 0 1.5746525963734627e+25
122 0 8.4923112436648184e+24
124 0 4.1633384061711626e+24
126 0 1.8485304321667916e+24
128 0 7.3985563075518304e+23
130 0 2.6555188272113672e+23
132 0 8.5140199451363631e+22
134 0 2.4199186941409126e+22
136 0 6.0554167155318472e+21
138 0 1.3216553935991323e+21
140 0 2.4881383251675818e+20
142 0 3.9940273892104143e+19
144 0 5.3976082229001871e+18
146 0 6.0181467819837811e+17
148 0 5.3976559233723768e+16
150 0 3.7825001709272555e+15
152 0 1.9521830521662625e+14
154 0 6.7625064417615703e+12
156 0 1.2487938178182176e+11
158 0 5.8527634302225018e+08
26 1 1.6068295266948201e+02
28 1 7.7068632620856471e+04
30 1 4.1444434429730577e+06
32 1 8.9772445629006252e+07
34 1 1.1665836822473516e+09
36 1 1.1143915072563274e+10
38 1 8.8231629312908340e+10
40 1 6.2718062399385986e+11
42 1 4.1600292864052266e+12
44 1 2.5940830129179375e+13
46 1 1.5274907201104569e+14
48 1 8.4628940031779700e+14
50 1 4.4183150673813175e+15
52 1 2.1899849584411356e+16
54 1 1.0271700652761138e+17
56 1 4.5878480626479667e+17
58 1 1.9520377985277911e+18
60 1 7.9214396250016901e+18
62 1 3.0632050754516537e+19
64 1 1.1286327869596246e+20
66 1 3.9647597981115626e+20
68 1 1.3237699327031365e+21
70 1 4.2114115187792166e+21
72 1 1.2727604796336294e+22
74 1 3.6509837702240418e+22
76 1 9.9236933058709963e+22
78 1 2.5513643642727954e+23
80 1 6.2105333726359551e+23
82 1 1.4268125163689590e+24
84 1 3.0885890770245770e+24
86 1 6.2883556861716799e+24
88 1 1.2037759615430215e+25
90 1 2.1613126063202842e+25
92 1 3.6348098505616060e+25
94 1 5.7184463704610857e+25
96 1 8.3942140959626141e+25
98 1 1.1494588314998189e+26
100 1 1.4665748224264227e+26
102 1 1.7365903328689113e+26
104 1 1.9089753891271338e+26
106 1 1.9435423953658214e+26
108 1 1.8298834129791602e+26
110 1 1.5894514759974983e+26
112 1 1.2722305985880259e+26
114 1 9.3544809066267598e+25
116 1 6.3041263517276677e+25
118 1 3.8822797587608706e+25
120 1 2.1816317744449460e+25
122 1 1.1142696199857778e+25
124 1 5.1484136860836361e+24
126 1 2.1470172918168292e+24
128 1 8.0332474305911112e+23
130 1 2.6824233546641184e+23
132 1 7.9541057256285129e+22
134 1 2.0775246082769431e+22
136 1 4.7413071159218919e+21
138 1 9.3625658555960459e+20
140 1 1.5823220067138611e+20
142 1 2.2541774412580028e+19
144 1 2.6581851444432548e+18
146 1 2.5465894443316160e+17
148 1 1.9180584834777220e+16
150 1 1.0806140404532078e+15
152 1 4.2074784017096312e+13
154 1 9.3594271002080359e+11
156 1 7.2750867481997156e+09
30 2 2.1811899504825433e+04
32 2 5.3317001467912886e+06
34 2 2.2858934253930151e+08
36 2 4.4349235516911774e+09
38 2 5.4862952134055595e+10
40 2 5.1291853396479315e+11
42 2 3.9629660593488857e+12
44 2 2.6919123261012781e+13
46 2 1.6775613615368634e+14
48 2 9.7097778664367012e+14
50 2 5.2729137942908680e+15
52 2 2.6983304123645376e+16
54 2 1.3085145869438848e+17
56 2 6.0208110296602560e+17
58 2 2.6352710445433549e+18
60 2 1.0971416277250763e+19
62 2 4.3501612183941833e+19
64 2 1.6418160277440574e+20
66 2 5.8882448627177062e+20
68 2 2.0131496038072598e+21
70 2 6.5196388260697331e+21
72 2 2.0069779109182314e+22
74 2 5.8514233935433396e+22
76 2 1.6163156372806207e+23
78 2 4.2155614353474421e+23
80 2 1.0365422555253996e+24
82 2 2.4020631842863509e+24
84 2 5.2350794349006117e+24
86 2 1.0719942818008858e+25
88 2 2.0576662350721517e+25
90 2 3.6912227434493352e+25
92 2 6.1959803224494769e+25
94 2 9.6915887509995583e+25
96 2 1.4112423993553602e+26
98 2 1.9112088105888246e+26
100 2 2.4021668352147070e+26
102 2 2.7965550462886674e+26
104 2 3.0110624328790751e+26
106 2 2.9936464017124238e+26
108 2 2.7429047608384151e+26
110 2 2.3104153042165186e+26
112 2 1.7865168479054414e+26
114 2 1.2642982312571557e+26
116 2 8.1788724044404041e+25
118 2 4.8178080951925096e+25
120 2 2.5747574015428121e+25
122 2 1.2450777715564888e+25
124 2 5.4318756979649172e+24
126 2 2.1269679931575831e+24
128 2 7.4258783338711735e+23
130 2 2.3049441359320808e+23
132 2 6.3005923830222027e+22
134 2 1.5091799489315634e+22
136 2 3.1236365094534707e+21
138 2 5.5605059539365659e+20
140 2 8.3556269663731532e+19
142 2 1.0440386910990694e+19
144 2 1.0637994658646752e+18
146 2 8.5706479360930912e+16
148 2 5.2284162222194230e+15
150 2 2.2424026278427534e+14
152 2 5.8339027840491455e+12
154 2 6.2813526641154839e+10
156 2 7.2010572627475604e+07
34 3 1.0635148322608576e+06
36 3 1.6148278311170611e+08
38 3 5.7106944486017075e+09
40 3 1.0105212398789842e+11
42 3 1.1887920637454060e+12
44 3 1.0798180203940045e+13
46 3 8.1930611723908172e+13
48 3 5.4552570696281519e+14
50 3 3.2949948822708005e+15
52 3 1.8446048922518328e+16
54 3 9.6516439941439280e+16
56 3 4.7417964541066208e+17
58 3 2.1998615117723466e+18
60 3 9.6669752600065802e+18
62 3 4.0205885770587242e+19
64 3 1.5877629135528080e+20
66 3 5.9482793435620796e+20
68 3 2.1143432179049709e+21
70 3 7.1111413838089195e+21
72 3 2.2607710063693503e+22
74 3 6.7924087163286196e+22
76 3 1.9305902307948222e+23
78 3 5.1659512617170377e+23
80 3 1.2999086481810358e+24
82 3 3.0733922848626727e+24
84 3 6.8177063311180689e+24
86 3 1.4168176444123136e+25
88 3 2.7498780672658953e+25
90 3 4.9753754466086481e+25
92 3 8.3927619742039086e+25
94 3 1.3167725691430271e+26
96 3 1.9161115552727199e+26
98 3 2.5831418757625871e+26
100 3 3.2195308048334605e+26
102 3 3.7054770122518665e+26
104 3 3.9292229981773611e+26
106 3 3.8327217194450392e+26
108 3 3.4314581833156555e+26
110 3 2.8140601013101034e+26
112 3 2.1103957437757771e+26
114 3 1.4424552894612250e+26
116 3 8.9730392216431227e+25
118 3 5.0575768953449992e+25
120 3 2.5760099925259567e+25
122 3 1.1819824758448067e+25
124 3 4.8639284923673487e+24
126 3 1.7874790246826064e+24
128 3 5.8242269329601727e+23
130 3 1.6742755023160214e+23
132 3 4.2131728458343627e+22
134 3 9.1970331635210550e+21
136 3 1.7220451902035712e+21
138 3 2.7394251376460195e+20
140 3 3.6308005121561989e+19
142 3 3.9272359864055931e+18
144 3 3.3861304405550874e+17
146 3 2.2227826962843716e+16
148 3 1.0447399149079362e+15
150 3 3.0896966451795270e+13
152 3 4.2185883011807324e+11
154 3 1.1003573765854106e+09
38 4 2.8150068452584565e+07
40 4 2.8532677951620159e+09
42 4 8.5301957940632080e+10
44 4 1.3866542600020930e+12
46 4 1.5590582697046504e+13
48 4 1.3745365911338244e+14
50 4 1.0185018627773999e+15
52 4 6.6736835810215710e+15
54 4 3.9534668126567088e+16
56 4 2.1614605107874566e+17
58 4 1.0999634657205540e+18
60 4 5.2441896152025016e+18
62 4 2.3498399774641046e+19
64 4 9.9440561450168369e+19
66 4 3.9650388719965451e+20
68 4 1.4919760377644041e+21
70 4 5.3055171234879924e+21
72 4 1.7729844664002532e+22
74 4 5.5850226959564637e+22
76 4 1.6546271528376091e+23
78 4 4.6051284393409752e+23
80 4 1.2017000413505431e+24
82 4 2.9337428497351395e+24
84 4 6.6984280790345241e+24
86 4 1.4265795057114947e+25
88 4 2.8320054170301397e+25
90 4 5.2250336180509058e+25
92 4 8.9416259843094671e+25
94 4 1.4182377626462094e+26
96 4 2.0795743308570760e+26
98 4 2.8107184482240988e+26
100 4 3.5009892447671958e+26
102 4 4.0102744738763945e+26
104 4 4.2152753450030501e+26
106 4 4.0550278686247894e+26
108 4 3.5670641786805210e+26
110 4 2.8594769703396695e+26
112 4 2.0864802931354154e+26
114 4 1.3828276435262536e+26
116 4 8.2860810502498610e+25
118 4 4.4783902377388308e+25
120 4 2.1796971571886542e+25
122 4 9.4878771467194163e+24
124 4 3.6879982631510877e+24
126 4 1.2701336251589176e+24
128 4 3.8565709878659624e+23
130 4 1.0249442421778752e+23
132 4 2.3680362165890466e+22
134 4 4.6897224864578058e+21
136 4 7.8920548071317727e+20
138 4 1.1102658256666062e+20
140 4 1.2798938341382527e+19
142 4 1.1775880495427889e+18
144 4 8.3304954087486208e+16
146 4 4.2535381773864605e+15
148 4 1.4049956560174350e+14
150 4 2.3185389013776948e+12
152 4 9.6781095626042786e+09
42 5 4.5971141185006416e+08
44 5 3.3141749397176647e+10
46 5 8.5527809834823901e+11
48 5 1.2814129137079781e+13
50 5 1.3751022541585734e+14
52 5 1.1728750057080072e+15
54 5 8.5206617388196440e+15
56 5 5.4657545565072808e+16
58 5 3.1752610450244589e+17
60 5 1.6978241153807921e+18
62 5 8.4287137856196332e+18
64 5 3.9045034389464646e+19
66 5 1.6942088109496618e+20
68 5 6.9009639357577704e+20
70 5 2.6350463177686411e+21
72 5 9.4399515531629413e+21
74 5 3.1684090718962068e+22
76 5 9.9551089160759953e+22
78 5 2.9245536632225175e+23
80 5 8.0227406360329649e+23
82 5 2.0525533944969866e+24
84 5 4.8884474254394553e+24
86 5 1.0813649861963188e+25
88 5 2.2171906249840473e+25
90 5 4.2162838803019671e+25
92 5 7.4016052053157219e+25
94 5 1.1982417555839092e+26
96 5 1.7846685642116817e+26
98 5 2.4443618570186830e+26
100 5 3.0660539120574935e+26
102 5 3.5197784837039818e+26
104 5 3.6896882523252094e+26
106 5 3.5225142145989733e+26
108 5 3.0606602235751343e+26
110 5 2.4122102116146643e+26
112 5 1.7205472834442510e+26
114 5 1.1074543972902558e+26
116 5 6.4186301859738620e+25
118 5 3.3372226911621626e+25
120 5 1.5530628300574398e+25
122 5 6.4290491191912442e+24
124 5 2.3567275571480522e+24
126 5 7.6103192362184083e+23
128 5 2.1495504598872602e+23
130 5 5.2643273597175065e+22
132 5 1.1095483109585344e+22
134 5 1.9857521411521624e+21
136 5 2.9747551184604332e+20
138 5 3.6585248228140192e+19
140 5 3.6042452426398300e+18
142 5 2.7397225449369162e+17
144 5 1.5170035376389646e+16
146 5 5.5411242489749956e+14
148 5 1.0743756732849055e+13
150 5 6.2125512201626907e+10
44 6 6.6478844728486165e+06
46 6 4.9349951876795797e+09
48 6 2.6815202064978104e+11
50 6 6.0573311565128896e+12
52 6 8.4233341859578906e+13
54 6 8.6302150895300788e+14
56 6 7.1359968080938350e+15
58 6 5.0528334620266944e+16
60 6 3.1713342645159872e+17
62 6 1.8007169360333542e+18
64 6 9.3816817247005532e+18
66 6 4.5357456845697974e+19
68 6 2.0373459798202070e+20
70 6 8.5282848970168599e+20
72 6 3.3298286954916448e+21
74 6 1.2120892363919822e+22
76 6 4.1058035686398572e+22
78 6 1.2945998901051254e+23
80 6 3.7959913823843234e+23
82 6 1.0309154997880787e+24
84 6 2.5995262215103555e+24
86 6 6.0543361465295441e+24
88 6 1.3020298435564275e+25
90 6 2.5785200792837377e+25
92 6 4.6964321954959959e+25
94 6 7.8498750698693776e+25
96 6 1.2013020382992567e+26
98 6 1.6793665105755405e+26
100 6 2.1436096519816995e+26
102 6 2.4872175984139976e+26
104 6 2.6207121664488394e+26
106 6 2.5028393210540368e+26
108 6 2.1597713516777617e+26
110 6 1.6826295438575946e+26
112 6 1.1781391221722461e+26
114 6 7.4071419198919863e+25
116 6 4.1643777112160520e+25
118 6 2.0878513594801983e+25
120 6 9.2997432780910729e+24
122 6 3.6608921666561961e+24
124 6 1.2679326818665894e+24
126 6 3.8303341114455605e+23
128 6 1.0027377382830546e+23
130 6 2.2580945144704078e+22
132 6 4.3240011387136990e+21
134 6 6.9225878661352469e+20
136 6 9.1310645302922674e+19
138 6 9.6340268208725463e+18
140 6 7.9034883944315789e+17
142 6 4.7585636177039336e+16
144 6 1.9112031918924042e+15
146 6 4.2509423449640398e+13
148 6 3.1640444073211700e+11
48 7 1.4158303832926926e+08
50 7 3.6513500713278191e+10
52 7 1.5658385998420591e+12
54 7 3.1435375060099867e+13
56 7 4.0798359659744025e+14
58 7 3.9784470789229585e+15
60 7 3.1853779591077544e+16
62 7 2.1898554857750877e+17
64 7 1.3362577362666314e+18
66 7 7.4038814476047012e+18
68 7 3.7549706088774517e+19
70 7 1.7573555497722020e+20
72 7 7.6183729875527480e+20
74 7 3.0542790742591375e+21
76 7 1.1353592466989751e+22
78 7 3.9045300569700408e+22
80 7 1.2434732754547075e+23
82 7 3.6517798740133289e+23
84 7 9.8916513043386927e+23
86 7 2.4600945842774258e+24
88 7 5.6245255088927646e+24
90 7 1.1780720526440979e+25
92 7 2.2549086433667583e+25
94 7 3.9407981807451357e+25
96 7 6.2691921180222016e+25
98 7 9.0504913104214388e+25
100 7 1.1856453927871208e+26
102 7 1.4042520274275778e+26
104 7 1.5009426590202757e+26
106 7 1.4431554491013862e+26
108 7 1.2473852033202419e+26
110 7 9.6586887273185308e+25
112 7 6.6782299263333129e+25
114 7 4.1200713832586351e+25
116 7 2.2550554248867794e+25
118 7 1.0929988891680863e+25
120 7 4.6674112491615243e+24
122 7 1.7497749739928105e+24
124 7 5.7099691063992860e+23
126 7 1.6127720677857376e+23
128 7 3.9109916405125328e+22
130 7 8.0498549884350942e+21
132 7 1.3864927006853305e+21
134 7 1.9689300936859910e+20
136 7 2.2424465775784243e+19
138 7 1.9878901446248028e+18
140 7 1.3020493488296387e+17
142 7 5.7442235276017780e+15
144 7 1.4461062605822603e+14
146 7 1.3196165891179199e+12
52 8 1.3605793510904768e+09
54 8 1.9513754966491364e+11
56 8 6.7901195200947549e+12
58 8 1.2214921549905233e+14
60 8 1.4782228730544582e+15
62 8 1.3777701574148716e+16
64 8 1.0596036317534285e+17
66 8 7.0633177782585318e+17
68 8 4.1946763767996544e+18
70 8 2.2485767895447065e+19
72 8 1.1021314221508608e+20
74 8 4.9587763631032002e+20
76 8 2.0580439553645617e+21
78 8 7.8701547664595453e+21
80 8 2.7617424540796740e+22
82 8 8.9120709445901370e+22
84 8 2.6337056709055595e+23
86 8 7.1197467402992855e+23
88 8 1.7573716971822684e+24
90 8 3.9481120495518295e+24
92 8 8.0652892230675231e+24
94 8 1.4930430140347324e+25
96 8 2.5028447953265718e+25
98 8 3.7765219630071175e+25
100 8 5.1404915298003696e+25
102 8 6.2803527912936531e+25
104 8 6.8770838754463772e+25
106 8 6.7265286750756222e+25
108 8 5.8611794236718256e+25
110 8 4.5472330702384883e+25
112 8 3.1244120439660636e+25
114 8 1.8972474047618281e+25
116 8 1.0163018754573382e+25
118 8 4.7749345078100361e+24
120 8 1.9600014885878982e+24
122 8 6.9992032766288955e+23
124 8 2.1533506727293436e+23
126 8 5.6749666800636967e+22
128 8 1.2670153394955431e+22
130 8 2.3684159386864331e+21
132 8 3.6462312686298346e+20
134 8 4.5004804875627921e+19
136 8 4.3352537397883873e+18
138 8 3.0992711369195475e+17
140 8 1.5075619905793264e+16
142 8 4.2664057433808838e+14
144 8 4.6456748782560830e+12
56 9 8.2433444359457207e+09
58 9 7.6659160129388220e+11
60 9 2.2328152658252328e+13
62 9 3.6031101358189912e+14
64 9 4.0942592418122020e+15
66 9 3.6101834402789472e+16
68 9 2.6738945314749978e+17
70 9 1.7173447559579674e+18
72 9 9.8285567004120310e+18
74 9 5.0754799063234142e+19
76 9 2.3889665133247313e+20
78 9 1.0307725041439548e+21
80 9 4.0619797281911026e+21
82 9 1.4628325259788547e+22
84 9 4.7975846629634904e+22
86 9 1.4329269558173315e+23
88 9 3.8808690512925926e+23
90 9 9.5130338903024588e+23
92 9 2.1076063497850078e+24
94 9 4.1968432512402917e+24
96 9 7.5166824299906806e+24
98 9 1.2050650281090719e+25
100 9 1.7247842501448796e+25
102 9 2.2012852686518231e+25
104 9 2.4981135167277446e+25
106 9 2.5091994123375385e+25
108 9 2.2294013257499997e+25
110 9 1.7440269415156726e+25
112 9 1.1994509190882867e+25
114 9 7.2227758106082229e+24
116 9 3.8041310472757837e+24
118 9 1.7393502417755682e+24
120 9 6.8757436634291023e+23
122 9 2.3379237610331130e+23
124 9 6.7783487002177299e+22
126 9 1.6603121861600486e+22
128 9 3.3963206908978984e+21
130 9 5.7058451943824936e+20
132 9 7.7142153340546384e+19
134 9 8.1215657322746010e+18
136 9 6.3771352691728755e+17
138 9 3.4256047980607768e+16
140 9 1.0879603913479294e+15
142 9 1.3896777125390305e+13
60 10 3.3997598941482098e+10
62 10 2.2841036064829668e+12
64 10 5.5354613375224398e+13
66 10 8.1808132440216575e+14
68 10 8.6121247138589380e+15
70 10 7.2604191266894528e+16
72 10 5.1178732397091539e+17
74 10 3.1593475212217119e+18
76 10 1.7326420534626415e+19
78 10 8.5769512569176326e+19
80 10 3.8549988998218541e+20
82 10 1.5732845016450038e+21
84 10 5.8241789711493995e+21
86 10 1.9537290621147272e+22
88 10 5.9118412702327490e+22
90 10 1.6099301619589562e+23
92 10 3.9268416701101569e+23
94 10 8.5788051904811686e+23
96 10 1.6678532954513163e+24
98 10 2.8828942486454296e+24
100 10 4.4160407219898181e+24
102 10 5.9710260817487698e+24
104 10 7.1147577159287374e+24
106 10 7.4358326156355604e+24
108 10 6.7981050616898344e+24
110 10 5.4275590861117042e+24
112 10 3.7698678154522145e+24
114 10 2.2678536472650679e+24
116 10 1.1768819483775083e+24
118 10 5.2588656358481545e+23
120 10 2.0071459607430766e+23
122 10 6.5036562996540392e+22
124 10 1.7724704916023527e+22
126 10 4.0231755497537919e+21
128 10 7.4737707150056712e+20
130 10 1.1145944871010617e+20
132 10 1.2941080273748509e+19
134 10 1.1204136296489514e+18
136 10 6.6896803553954480e+16
138 10 2.3907639712297985e+15
140 10 3.5488309228806852e+13
64 11 1.0903140673391080e+11
66 11 4.9908971776813203e+12
68 11 1.0669517598056930e+14
70 11 1.4158909087982528e+15
72 11 1.4001915206157456e+16
74 11 1.1109830802960040e+17
76 11 7.4781797056201331e+17
78 11 4.3892219490946632e+18
80 11 2.2976743543208919e+19
82 11 1.0801307293871500e+20
84 11 4.5889413412482417e+20
86 11 1.7544361399352120e+21
88 11 6.0312473049029400e+21
90 11 1.8562566985277436e+22
92 11 5.0948365224470072e+22
94 11 1.2409154657108856e+23
96 11 2.6738925831320687e+23
98 11 5.0760759078780400e+23
100 11 8.4478999234588486e+23
102 11 1.2311074925155065e+24
104 11 1.5652333548793103e+24
106 11 1.7270681699662177e+24
108 11 1.6494775650673394e+24
110 11 1.3581887617611473e+24
112 11 9.6147735456708429e+23
114 11 5.8217304573303641e+23
116 11 3.0088452100948844e+23
118 11 1.3173430010898397e+23
120 11 4.8636061404122831e+22
122 11 1.5019082799867037e+22
124 11 3.8355649607523322e+21
126 11 7.9949356537379448e+20
128 11 1.3337100647393640e+20
130 11 1.7275703219339043e+19
132 11 1.6688586297034276e+18
134 11 1.1161225364252525e+17
136 11 4.5030909120147945e+15
138 11 7.7224550914855406e+13
66 12 1.2942119445595849e+09
68 12 2.2620843567466101e+11
70 12 8.5604886129886191e+12
72 12 1.5540329144260244e+14
74 12 1.9036136824432468e+15
76 12 1.7355017359268434e+16
78 12 1.3017142587630448e+17
80 12 8.2626965236847590e+17
82 12 4.6192270597590108e+18
84 12 2.2855985713013252e+19
86 12 1.0110840240426204e+20
88 12 4.0139797356885482e+20
90 12 1.4191074757172640e+21
92 12 4.4477791114237774e+21
94 12 1.2329177519031369e+22
96 12 3.0004134304991274e+22
98 12 6.3754492381614465e+22
100 12 1.1789652786147468e+23
102 12 1.8883111418717720e+23
104 12 2.6068356473903285e+23
106 12 3.0906519282301277e+23
108 12 3.1303428164037535e+23
110 12 2.7020660507490896e+23
112 12 1.9739282670311150e+23
114 12 1.2167998162021250e+23
116 12 6.2954882971488831e+22
118 12 2.7201886394674902e+22
120 12 9.7368458357631185e+21
122 12 2.8622300309776756e+21
124 12 6.8202703789507556e+20
126 12 1.2924206285202843e+20
128 12 1.8988023948723606e+19
130 12 2.0720333540383831e+18
132 12 1.5660349239109107e+17
134 12 7.2081748548369680e+15
136 12 1.4375004079324912e+14
70 13 3.2589242393246269e+09
72 13 3.7569931315044366e+11
74 13 1.0750150690110873e+13
76 13 1.7595487067468912e+14
78 13 1.9307835640075760e+15
80 13 1.6478353056380048e+16
82 13 1.1533958634006101e+17
84 13 6.9332446592339917e+17
86 13 3.6299764521005737e+18
88 13 1.6901085837813316e+19
90 13 6.9532954506709680e+19
92 13 2.5365976562295348e+20
94 13 8.1310165105337683e+20
96 13 2.2796228226669237e+21
98 13 5.5424050571002375e+21
100 13 1.1622266577547539e+22
102 13 2.0920815784653182e+22
104 13 3.2032525174159933e+22
106 13 4.1635474604558075e+22
108 13 4.5670941902994829e+22
110 13 4.1990464072628390e+22
112 13 3.2182786568885811e+22
114 13 2.0448726949589345e+22
116 13 1.0701057739677992e+22
118 13 4.5897786489646051e+21
120 13 1.6005197724457763e+21
122 13 4.4752274372089007e+20
124 13 9.8471764321758216e+19
126 13 1.6712068234142622e+19
128 13 2.0928042536698235e+18
130 13 1.8190479121396221e+17
132 13 9.6436829824783280e+15
134 13 2.2545700660509078e+14
74 14 6.2811965838033237e+09
76 14 4.1955872379100391e+11
78 14 1.0543579220344535e+13
80 14 1.4916746628164894e+14
82 14 1.5035206484561880e+15
84 14 1.1854846484714562e+16
86 14 7.7631958292809408e+16
88 14 4.3344335696718592e+17
90 14 2.1207287070167785e+18
92 14 9.0990536692609536e+18
94 14 3.4334945058675622e+19
96 14 1.1266160074791657e+20
98 14 3.2021240630164659e+20
100 14 7.7953837816116478e+20
102 14 1.6121096051512577e+21
104 14 2.8132337612596676e+21
106 14 4.1054777759671926e+21
108 14 4.9868773908137504e+21
110 14 4.9896019917991471e+21
112 14 4.0943101357202258e+21
114 14 2.7272741512965626e+21
116 14 1.4643360447293033e+21
118 14 6.2898250117787969e+20
120 14 2.1348853278812216e+20
122 14 5.6483916886283772e+19
124 14 1.1365428315075178e+19
126 14 1.6772804076168835e+18
128 14 1.7069174626358157e+17
130 14 1.0604809860845488e+16
132 14 2.9403481710228775e+14
78 15 6.4342697340995216e+09
80 15 3.6489907712585870e+11
82 15 7.6163086057350107e+12
84 15 9.5390039616943766e+13
86 15 8.7523384032407762e+14
88 15 6.3910120561244880e+15
90 15 3.8489342928000560e+16
92 15 2.0036108630336310e+17
94 15 8.9849409633501773e+17
96 15 3.5123017041942431e+18
98 15 1.1828938964995252e+19
100 15 3.4179111633504453e+19
102 15 8.3119303990802973e+19
104 15 1.6914583825980034e+20
106 15 2.8452476844089013e+20
108 15 3.9248322718937540e+20
110 15 4.3934167284772825e+20
112 15 3.9474621452162839e+20
114 15 2.8196705337391458e+20
116 15 1.5785721213181077e+20
118 15 6.8632310353789846e+19
120 15 2.2802381937749565e+19
122 15 5.6578885293497324e+18
124 15 1.0184021514015366e+18
126 15 1.2509795673647629e+17
128 15 9.3636527162077040e+15
130 15 3.1426762300336712e+14
82 16 5.2043826178747368e+09
84 16 2.3628446523345212e+11
86 16 4.0162121331836436e+12
88 16 4.5443965928265297e+13
90 16 3.8214168680068512e+14
92 16 2.5181618993192430e+15
94 16 1.4023497282048024e+16
96 16 6.6064612570639648e+16
98 16 2.6825889966763379e+17
100 16 9.2887183441964186e+17
102 16 2.7157559856535644e+18
104 16 6.5970588135487150e+18
106 16 1.3198640769258154e+19
108 16 2.1234068199739720e+19
110 16 2.7379371031136596e+19
112 16 2.7785579311740342e+19
114 16 2.1885774386796888e+19
116 16 1.3094929832452116e+19
118 16 5.8386415489278802e+18
120 16 1.8993650826069975e+18
122 16 4.3803642991170317e+17
124 16 6.7678165419969408e+16
126 16 6.3332521984120520e+15
128 16 2.6571744678928106e+14
84 17 5.1602158405236714e+06
86 17 4.0535326043117194e+09
88 17 1.0353792557263042e+11
90 17 1.5928445085413003e+12
92 17 1.6046693260259221e+13
94 17 1.1835889188359745e+14
96 17 7.1901695993026350e+14
98 17 3.5826462282275125e+15
100 17 1.5071250371348222e+16
102 17 5.3592562773789656e+16
104 17 1.5901479569653059e+17
106 17 3.8449635014577466e+17
108 17 7.4549078765361626e+17
110 17 1.1398011522646892e+18
112 17 1.3490710011958715e+18
114 17 1.2051292512666954e+18
116 17 7.9730503122024550e+17
118 17 3.7302863570966778e+17
120 17 1.1982912186664830e+17
122 17 2.5021955092392632e+16
124 17 3.0827089016102710e+15
126 17 1.7096167370092212e+14
88 18 4.0912503082116030e+07
90 18 1.6087509216785586e+09
92 18 3.6185467782881485e+10
94 18 4.5545694861441364e+11
96 18 3.8623424515340049e+12
98 18 2.5931242712389992e+13
100 18 1.3834697285346928e+14
102 18 6.0537665931856000e+14
104 18 2.2178658172253952e+15
106 18 6.6329965957107110e+15
108 18 1.5870666032992600e+16
110 18 2.9566630810780728e+16
112 18 4.2208743722643312e+16
114 18 4.4182693047605576e+16
116 18 3.3267771232280592e+16
118 18 1.6983290963078432e+16
120 18 5.3824538343104420e+15
122 18 9.6903152060437288e+14
124 18 7.7265433822742188e+13
92 19 1.5147873490142833e+07
94 19 5.0662617439199877e+08
96 19 8.3083041471086664e+09
98 19 8.3100981324792740e+10
100 19 6.2397891318736951e+11
102 19 3.6800553557699014e+12
104 19 1.6498567444854480e+13
106 19 6.3031599363543906e+13
108 19 1.8604971467451262e+14
110 19 4.4170811680187550e+14
112 19 7.6639094720805038e+14
114 19 9.9286482871818200e+14
116 19 8.5737400975776388e+14
118 19 4.9615970984284569e+14
120 19 1.5606090842314084e+14
122 19 2.1435328979388785e+13
96 20 2.9034084973437553e+06
98 20 7.5051398618668303e+07
100 20 9.7092451305962646e+08
102 20 8.7238748861256218e+09
104 20 6.3602439873653229e+10
106 20 2.7979579286186249e+11
108 20 1.1483498534387483e+12
110 20 3.2162033573819883e+12
112 20 7.5504679678924365e+12
114 20 1.1327138486646002e+13
116 20 1.2885353604875625e+13
118 20 7.2667267156938467e+12
120 20 2.6821482123918770e+12
102 21 2.6024951236594748e+06
104 21 4.7246395837145716e+07
106 21 6.4767142609523189e+08
108 21 2.5138269808487754e+09
110 21 1.1676679452262417e+10
112 21 2.7872456623609867e+10
114 21 6.7939375345584839e+10
116 21 7.0439378628139557e+10
118 21 6.5865362267483109e+10
106 22 5.9006156950861128e+04
108 22 3.5340281764474530e+06
110 22 7.8091235506657390e+06
112 22 4.6640995635192752e+07
114 22 7.3994522314542562e+07
116 22 2.2894385615018249e+08
