174 -29 1.5945527070080203e+01
176 -29 1.9882139396971457e+01
180 -29 6.3453431248856766e+01
168 -28 8.3404289927562434e+02
170 -28 2.5741655254882548e+03
172 -28 1.7988471385411408e+03
174 -28 4.7968450585403070e+03
176 -28 4.7013118363287658e+03
178 -28 5.2633365031919220e+02
180 -28 2.0565064698537667e+03
156 -27 5.9500883008050309e+01
158 -27 9.6101586269208474e+02
160 -27 3.9589065581493119e+03
162 -27 1.7446418993950254e+04
164 -27 7.0377773230441700e+04
166 -27 1.1806905564691847e+05
168 -27 1.7255443999188833e+05
170 -27 2.4527241752381626e+05
172 -27 1.7406042057352618e+05
174 -27 1.3453232925690891e+05
176 -27 8.3136395991760088e+04
178 -27 1.7027372271528329e+04
180 -27 1.1889113172138976e+04
150 -26 2.4755666815830631e+02
152 -26 7.7722790054568977e+03
154 -26 6.2717220314948863e+04
156 -26 2.6066524618151964e+05
158 -26 8.9242717708887358e+05
160 -26 2.2033083177418001e+06
162 -26 3.9141704730626834e+06
164 -26 5.7168415740583558e+06
166 -26 6.5913976349743130e+06
168 -26 6.0429651960303830e+06
170 -26 4.5558645190360164e+06
172 -26 2.7246113953346000e+06
174 -26 1.2773907316465334e+06
176 -26 5.2239079202348622e+05
178 -26 1.0616838632917668e+05
180 -26 3.9800278688224593e+04
144 -25 1.0052828032548931e+03
146 -25 2.6599258312220383e+04
148 -25 3.0712122448471410e+05
150 -25 1.8634248354276055e+06
152 -25 7.2831239822994405e+06
154 -25 2.0911396357306294e+07
156 -25 4.7231408492845625e+07
158 -25 8.2538613286845714e+07
160 -25 1.1704301931830260e+08
162 -25 1.3899136023441875e+08
164 -25 1.3333674000639111e+08
166 -25 1.0813049728774050e+08
168 -25 7.2984854508096039e+07
170 -25 4.0747050281049803e+07
172 -25 1.8794809939682163e+07
174 -25 7.1038195891476329e+06
176 -25 2.3059956309471894e+06
178 -25 4.0443623916997679e+05
180 -25 1.2833491516835576e+05
138 -24 9.6667444550487460e+01
140 -24 4.5977066804037866e+04
142 -24 7.9198331439322443e+05
144 -24 6.6098719884573529e+06
146 -24 3.4468096014935076e+07
148 -24 1.2365195322831272e+08
150 -24 3.3855036158488786e+08
152 -24 7.3109733826436901e+08
154 -24 1.2731297194701653e+09
156 -24 1.8427605978767877e+09
158 -24 2.2355841447908354e+09
160 -24 2.2917688717092934e+09
162 -24 2.0023616278410418e+09
164 -24 1.4978716605926692e+09
166 -24 9.5204757445879126e+08
168 -24 5.1917906439264166e+08
170 -24 2.3988128583316010e+08
172 -24 9.2330827364728630e+07
174 -24 2.9616030093068041e+07
176 -24 7.9606923201233875e+06
178 -24 1.2964441978775284e+06
180 -24 2.7709634467866534e+05
132 -23 4.0100959514726453e+00
134 -23 1.4406695794083806e+04
136 -23 9.7630501073330152e+05
138 -23 1.3350225194354026e+07
140 -23 9.5994887891958609e+07
142 -23 4.5453743842156082e+08
144 -23 1.5617115337473195e+09
146 -23 4.1434605739321952e+09
148 -23 8.8695492454102745e+09
150 -23 1.5695680703330008e+10
152 -23 2.3324383372191875e+10
154 -23 2.9578817600837097e+10
156 -23 3.2203943601578838e+10
158 -23 3.0384961789693996e+10
160 -23 2.4927114069308945e+10
162 -23 1.7764229974935760e+10
164 -23 1.0994545995718773e+10
166 -23 5.8946884961214685e+09
168 -23 2.7229340012116218e+09
170 -23 1.0738282492779286e+09
172 -23 3.5526732703099495e+08
174 -23 9.6203568095886931e+07
176 -23 2.1905500528888304e+07
178 -23 3.0649926421477003e+06
180 -23 5.5416492082926654e+05
128 -22 6.2521195508885501e+02
130 -22 3.6459945192264533e+05
132 -22 1.3428854482542854e+07
134 -22 1.5843190061443758e+08
136 -22 1.0420008530465180e+09
138 -22 4.6719916217023354e+09
140 -22 1.5691241807455385e+10
142 -22 4.1411243620266212e+10
144 -22 8.9455457383892853e+10
146 -22 1.6212362619838947e+11
148 -22 2.5021109465414261e+11
150 -22 3.3231411103867047e+11
152 -22 3.8475588819059814e+11
154 -22 3.9016461968188721e+11
156 -22 3.4871181299333282e+11
158 -22 2.7405889653884155e+11
160 -22 1.8968005031350308e+11
162 -22 1.1540551882376778e+11
164 -22 6.1402179403577721e+10
166 -22 2.8421960237907093e+10
168 -22 1.1335497506541573e+10
170 -22 3.8613224992994342e+09
172 -22 1.0976094094964292e+09
174 -22 2.5938838983680415e+08
176 -22 4.9941504590776294e+07
178 -22 6.2089559620073922e+06
180 -22 8.7230979434584605e+05
124 -21 3.1416371353364179e+04
126 -21 5.2116105767588187e+06
128 -21 1.3857182517204231e+08
130 -21 1.4576859336228657e+09
132 -21 9.0966108966015472e+09
134 -21 3.9691232002190323e+10
136 -21 1.3209684359158301e+11
138 -21 3.5178918340201587e+11
140 -21 7.7460533342638843e+11
142 -21 1.4449188592462734e+12
144 -21 2.3255223408903354e+12
146 -21 3.2551867161469575e+12
148 -21 4.0094180925430747e+12
150 -21 4.3584508692971201e+12
152 -21 4.2073697775220630e+12
154 -21 3.6117400048287534e+12
156 -21 2.7585163501685322e+12
158 -21 1.8694366709763774e+12
160 -21 1.1200713255574492e+12
162 -21 5.9385436741532666e+11
164 -21 2.7572425455912262e+11
166 -21 1.1137207995786191e+11
168 -21 3.8893276305363228e+10
170 -21 1.1519095644785326e+10
172 -21 2.8566017007502642e+09
174 -21 5.7642833344250846e+08
176 -21 9.5011216496804968e+07
178 -21 1.0133282387686364e+07
180 -21 1.1177734647885137e+06
118 -20 3.5782442524128078e+02
120 -20 6.0010600188992068e+05
122 -20 5.3403999352495760e+07
124 -20 1.1587373509999082e+09
126 -20 1.1153264316477865e+10
128 -20 6.7067472665951111e+10
130 -20 2.8950242899818646e+11
132 -20 9.6693726222049609e+11
134 -20 2.6085305236144395e+12
136 -20 5.9047107348726572e+12
138 -20 1.1409100997954955e+13
140 -20 1.9138721741973863e+13
142 -20 2.8229231523112246e+13
144 -20 3.6847928609575492e+13
146 -20 4.2781264464279242e+13
148 -20 4.4506885151848117e+13
150 -20 4.1365954441858812e+13
152 -20 3.4486675518704949e+13
154 -20 2.5771869665774688e+13
156 -20 1.7195504763131873e+13
158 -20 1.0250012555973828e+13
160 -20 5.4077535958390000e+12
162 -20 2.5219780575679678e+12
164 -20 1.0320535515248463e+12
166 -20 3.6650325633176764e+11
168 -20 1.1162070931679080e+11
170 -20 2.8950542564744263e+10
172 -20 6.2102747579509096e+09
174 -20 1.0841328047297108e+09
176 -20 1.5118354330166429e+08
178 -20 1.3731298792139027e+07
180 -20 1.2800837766155053e+06
114 -19 1.0838962497230314e+04
116 -19 7.1254148896292467e+06
118 -19 4.3453668718879235e+08
120 -19 8.0602559163137150e+09
122 -19 7.3455966362305099e+10
124 -19 4.3260666353254840e+11
126 -19 1.8587942507098218e+12
128 -19 6.2514066212130156e+12
130 -19 1.7255921354414689e+13
132 -19 4.0149984091919117e+13
134 -19 8.0584130720125953e+13
136 -19 1.4125763110371050e+14
138 -19 2.1916302683529003e+14
140 -19 3.0278294301704825e+14
142 -19 3.7445570848170400e+14
144 -19 4.1675821034566175e+14
146 -19 4.1797965271347294e+14
148 -19 3.7780697791568538e+14
150 -19 3.0831384697481088e+14
152 -19 2.2623214575067119e+14
154 -19 1.4948148566666078e+14
156 -19 8.8481421230729672e+13
158 -19 4.6758787771453891e+13
160 -19 2.1880316446905898e+13
162 -19 9.0390137115073027e+12
164 -19 3.2678561843967515e+12
166 -19 1.0221912225167098e+12
168 -19 2.7339233292227325e+11
170 -19 6.1530668942729683e+10
172 -19 1.1442551220091831e+10
174 -19 1.7045484280892634e+09
176 -19 2.0099934920674327e+08
178 -19 1.5325730161985282e+07
180 -19 1.0120889232846663e+06
110 -18 1.9589518026125766e+05
112 -18 6.3622009131918490e+07
114 -18 2.9725288063952103e+09
116 -18 4.8982790726110260e+10
118 -18 4.2666877699728564e+11
120 -18 2.4668749572862012e+12
122 -18 1.0662138796695373e+13
124 -18 3.6333505605014500e+13
126 -18 1.0271217005414595e+14
128 -18 2.4674849704951750e+14
130 -18 5.1445522096354888e+14
132 -18 9.4259207185999575e+14
134 -18 1.5362606075552260e+15
136 -18 2.2413853460343765e+15
138 -18 2.9441218096688520e+15
140 -18 3.4957977929182510e+15
142 -18 3.7573454183982805e+15
144 -18 3.6653701750755900e+15
146 -18 3.2403866958105290e+15
148 -18 2.5972036469854320e+15
150 -18 1.8827140085266045e+15
152 -18 1.2347068461878278e+15
154 -18 7.2788872867902888e+14
156 -18 3.8430509792619656e+14
158 -18 1.8100897057092475e+14
160 -18 7.5536807276636547e+13
162 -18 2.7689055974027281e+13
164 -18 8.8494024225818281e+12
166 -18 2.4335587711772129e+12
168 -18 5.6879077942707166e+11
170 -18 1.1131676616269539e+11
172 -18 1.7776168519574398e+10
174 -18 2.2445869969976954e+09
176 -18 2.1982183476912707e+08
178 -18 1.3529526389301363e+07
180 -18 7.8894600899195415e+05
104 -17 8.9327537773092956e+01
106 -17 2.3202247386091975e+06
108 -17 4.6363973794378108e+08
110 -17 1.7667631361212177e+10
112 -17 2.6379009961174863e+11
114 -17 2.2113858477945078e+12
116 -17 1.2689457818647252e+13
118 -17 5.4980715017571414e+13
120 -17 1.9086108203478312e+14
122 -17 5.5299397291933531e+14
124 -17 1.3746170563613785e+15
126 -17 2.9742563842134720e+15
128 -17 5.6850448229317900e+15
130 -17 9.7240187532441940e+15
132 -17 1.4952101132916554e+16
134 -17 2.0804616592145736e+16
136 -17 2.6240315628414336e+16
138 -17 3.0171614511837320e+16
140 -17 3.1614364545082040e+16
142 -17 3.0128273304737356e+16
144 -17 2.6198621662432152e+16
146 -17 2.0743156151946700e+16
148 -17 1.4896508941612046e+16
150 -17 9.7109625154357440e+15
152 -17 5.7080007954154410e+15
154 -17 3.0194689138472495e+15
156 -17 1.4284675331291890e+15
158 -17 6.0186033525441138e+14
160 -17 2.2358981070614344e+14
162 -17 7.2859755635532031e+13
164 -17 2.0538069652929355e+13
166 -17 4.9613195266757969e+12
168 -17 1.0106246172825128e+12
170 -17 1.7008216739130768e+11
172 -17 2.3115163005270786e+10
174 -17 2.4436547573596106e+09
176 -17 1.9399287667700869e+08
178 -17 9.5191166541570853e+06
180 -17 3.2553830296023097e+05
100 -16 4.8859974098046914e+03
102 -16 2.0861135543799464e+07
104 -16 2.8891374680273366e+09
106 -16 9.2339310309327393e+10
108 -16 1.2732658920538826e+12
110 -16 1.0338296462588365e+13
112 -16 5.8804342246399211e+13
114 -16 2.5673327723994625e+14
116 -16 9.0876543515037488e+14
118 -16 2.7003895564460690e+15
120 -16 6.9173454350517340e+15
122 -16 1.5548852692043466e+16
124 -16 3.1029069201529832e+16
126 -16 5.5608232147231024e+16
128 -16 9.0088342202268976e+16
130 -16 1.3241977573466414e+17
132 -16 1.7716163864545334e+17
134 -16 2.1674896208571136e+17
136 -16 2.4260505779270365e+17
138 -16 2.4869850222534410e+17
140 -16 2.3312809079251763e+17
142 -16 2.0010989873272755e+17
144 -16 1.5680880356067546e+17
146 -16 1.1185764850414107e+17
148 -16 7.2690859376018592e+16
150 -16 4.2700716821138664e+16
152 -16 2.2641857642471456e+16
154 -16 1.0786509888172546e+16
156 -16 4.5761864589222240e+15
158 -16 1.7237893221237645e+15
160 -16 5.7124437243426488e+14
162 -16 1.6476780048406600e+14
164 -16 4.0873575286664406e+13
166 -16 8.6143781098035684e+12
168 -16 1.5150531267724734e+12
170 -16 2.1736000668277563e+11
172 -16 2.4774507054363468e+10
174 -16 2.1344984495393250e+09
176 -16 1.3476279624009597e+08
178 -16 4.6442957391621107e+06
180 -16 1.4241806104798868e+05
96 -15 9.4313477053499591e+04
98 -15 1.5511644682193038e+08
100 -15 1.5569009770689596e+10
102 -15 4.2923985424933820e+11
104 -15 5.4903772814770449e+12
106 -15 4.3322090458237516e+13
108 -15 2.4519418292775450e+14
110 -15 1.0798270407877081e+15
112 -15 3.8934198314209270e+15
114 -15 1.1881017783905338e+16
116 -15 3.1464116041898984e+16
118 -15 7.3434906837137616e+16
120 -15 1.5277991512367603e+17
122 -15 2.8657586819378326e+17
124 -15 4.8714574827930573e+17
126 -15 7.5540886346211968e+17
128 -15 1.0712075586229851e+18
130 -15 1.3926140160351411e+18
132 -15 1.6621326882713687e+18
134 -15 1.8227429857297592e+18
136 -15 1.8367247888258872e+18
138 -15 1.6996434900195876e+18
140 -15 1.4441738994378726e+18
142 -15 1.1239983266674244e+18
144 -15 7.9938215539497088e+17
146 -15 5.1746288700865235e+17
148 -15 3.0434589539097088e+17
150 -15 1.6193680574260128e+17
152 -15 7.7673614557868416e+16
154 -15 3.3276573768185256e+16
156 -15 1.2684631984879810e+16
158 -15 4.2604281122915760e+15
160 -15 1.2527066718948820e+15
162 -15 3.1844747158569669e+14
164 -15 6.9238088448627266e+13
166 -15 1.2637076949601820e+13
168 -15 1.8988429883562842e+12
170 -15 2.2936884832840570e+11
172 -15 2.1424183245253918e+10
174 -15 1.4684162367831211e+09
176 -15 6.7489062546672374e+07
178 -15 1.5543661717467580e+06
92 -14 1.1348664874829182e+06
94 -14 9.5673581306815338e+08
96 -14 7.3596785032186920e+10
98 -14 1.7561968463245337e+12
100 -14 2.1103116355975008e+13
102 -14 1.6233159420899531e+14
104 -14 9.1434635465852300e+14
106 -14 4.0693306326344030e+15
108 -14 1.4969138550597080e+16
110 -14 4.6931068421872216e+16
112 -14 1.2831242903016733e+17
114 -14 3.1012105661855898e+17
116 -14 6.7377345276745357e+17
118 -14 1.3221250659169851e+18
120 -14 2.3606320863811369e+18
122 -14 3.8566262414948982e+18
124 -14 5.7752522240731300e+18
126 -14 7.9685509206388582e+18
128 -14 1.0115728463027018e+19
130 -14 1.1840215679003140e+19
132 -14 1.2794623488416598e+19
134 -14 1.2744409545004610e+19
136 -14 1.1684466585927817e+19
138 -14 9.8494409588443361e+18
140 -14 7.6278731733578721e+18
142 -14 5.4106097749724662e+18
144 -14 3.5018846194318408e+18
146 -14 2.0657983264785229e+18
148 -14 1.1033577086362867e+18
150 -14 5.3219176438086605e+17
152 -14 2.3002350128664659e+17
154 -14 8.8686123092932160e+16
156 -14 3.0240399427033120e+16
158 -14 9.0536843224239920e+15
160 -14 2.3515273500197860e+15
162 -14 5.2410461575290625e+14
164 -14 9.8866422105867750e+13
166 -14 1.5455237010021785e+13
168 -14 1.9583585745492903e+12
170 -14 1.9425578244027460e+11
172 -14 1.4471956544210196e+10
174 -14 7.2871815569552922e+08
176 -14 2.2480870295168631e+07
88 -13 1.0653828002106166e+07
90 -13 4.9781790311451168e+09
92 -13 2.9934766260261713e+11
94 -13 6.3348561554907998e+12
96 -13 7.1729541554923766e+13
98 -13 5.3934277373251631e+14
100 -13 3.0343460415299360e+15
102 -13 1.3622771607465202e+16
104 -13 5.1047482393553520e+16
106 -13 1.6452786450291974e+17
108 -13 4.6451920844428045e+17
110 -13 1.1660636603106511e+18
112 -13 2.6375188614632888e+18
114 -13 5.4177557403831849e+18
116 -13 1.0142765405019757e+19
118 -13 1.7447906113476375e+19
120 -13 2.7609714065614217e+19
122 -13 4.0359463285000479e+19
124 -13 5.4483643008241885e+19
126 -13 6.7969158077292225e+19
128 -13 7.8465962363684487e+19
130 -13 8.3815639690584867e+19
132 -13 8.2727127159568941e+19
134 -13 7.5380332905840509e+19
136 -13 6.3349585346431721e+19
138 -13 4.8932275067052524e+19
140 -13 3.4683175493196501e+19
142 -13 2.2493642300886159e+19
144 -13 1.3295825392364024e+19
146 -13 7.1467788634441298e+18
148 -13 3.4690216441698678e+18
150 -13 1.5115508141080681e+18
152 -13 5.8993352497252595e+17
154 -13 2.0373485842070621e+17
156 -13 6.1987123638611040e+16
158 -13 1.6428746562636252e+16
160 -13 3.7550324298695370e+15
162 -13 7.2723246849708175e+14
164 -13 1.1765142656030622e+14
166 -13 1.5548327329904871e+13
168 -13 1.6224978616588843e+12
170 -13 1.2871527622826762e+11
172 -13 7.1485834519882355e+09
174 -13 2.3821042888941041e+08
176 -13 2.0257410867508417e+06
84 -12 7.6120494235636592e+07
86 -12 2.1661095226321625e+10
88 -12 1.0452235857761377e+12
90 -12 1.9834679220131469e+13
92 -12 2.1351898179954422e+14
94 -12 1.5714950431783318e+15
96 -12 8.8278040149641880e+15
98 -12 4.0121021471000080e+16
100 -12 1.5337991976920170e+17
102 -12 5.0725202326718861e+17
104 -12 1.4790270844362109e+18
106 -12 3.8563364181717673e+18
108 -12 9.0913467586658929e+18
110 -12 1.9515505822593421e+19
112 -12 3.8417236159178531e+19
114 -12 6.9596280910360895e+19
116 -12 1.1624242919073766e+20
118 -12 1.7995752163441453e+20
120 -12 2.5760429022567442e+20
122 -12 3.4231053430960397e+20
124 -12 4.2213734026070255e+20
126 -12 4.8271913144767506e+20
128 -12 5.1175341706937932e+20
130 -12 5.0257254479013826e+20
132 -12 4.5608548996798126e+20
134 -12 3.8253168489908620e+20
136 -12 2.9554687577086316e+20
138 -12 2.0991374433937195e+20
140 -12 1.3636408537969395e+20
142 -12 8.1013214924670812e+19
144 -12 4.3759715071947948e+19
146 -12 2.1392093942036648e+19
148 -12 9.4308945850051830e+18
150 -12 3.7169627763219953e+18
152 -12 1.3013462809857431e+18
154 -12 4.0314487638775834e+17
156 -12 1.0864368100562502e+17
158 -12 2.5320027962586696e+16
160 -12 5.0356019182396160e+15
162 -12 8.3962447051038538e+14
164 -12 1.1478440506297870e+14
166 -12 1.2524777620622215e+13
168 -12 1.0466663202889900e+12
170 -12 6.2448446505303589e+10
172 -12 2.3155454893638277e+09
174 -12 2.6415423230971027e+07
80 -11 4.1954248102155983e+08
82 -11 7.8221882393737747e+10
84 -11 3.1052558863000786e+12
86 -11 5.3305337583143484e+13
88 -11 5.4740632233836344e+14
90 -11 3.9703087830073725e+15
92 -11 2.2303666128003200e+16
94 -11 1.0259472944966718e+17
96 -11 4.0044024418826406e+17
98 -11 1.3623355064329920e+18
100 -11 4.1006864188011740e+18
102 -11 1.1110259371323783e+19
104 -11 2.7312329794832310e+19
106 -11 6.1452449193038135e+19
108 -11 1.2693356324862027e+20
110 -11 2.4181744378764014e+20
112 -11 4.2685379388598315e+20
114 -11 6.9875485880630693e+20
116 -11 1.0627501524129853e+21
118 -11 1.5021198332133363e+21
120 -11 1.9760206146170679e+21
122 -11 2.4167903680030698e+21
124 -11 2.7460900179112907e+21
126 -11 2.9006514747042310e+21
128 -11 2.8392365213966664e+21
130 -11 2.5778990993826141e+21
132 -11 2.1632196466489085e+21
134 -11 1.6745769212883939e+21
136 -11 1.1924554308862191e+21
138 -11 7.7891408823499935e+20
140 -11 4.6521517706967089e+20
142 -11 2.5308532889591225e+20
144 -11 1.2483317368923429e+20
146 -11 5.5510868884969193e+19
148 -11 2.2122396549737337e+19
150 -11 7.8576302097449626e+18
152 -11 2.4658981703036575e+18
154 -11 6.7763244129401216e+17
156 -11 1.6120241039060310e+17
158 -11 3.2801889873315264e+16
160 -11 5.6127603440222520e+15
162 -11 7.9169708669425775e+14
164 -11 8.9721318379135141e+13
166 -11 7.8541053799995625e+12
168 -11 4.9766320099751758e+11
170 -11 1.9970591574981155e+10
172 -11 3.1246474488591039e+08
74 -10 2.2906169316430984e+05
76 -10 1.7913835460286653e+09
78 -10 2.3167334659391638e+11
80 -10 7.7244209181275547e+12
82 -10 1.2165488907337364e+14
84 -10 1.1998650947486865e+15
86 -10 8.5798140397462160e+15
88 -10 4.8212793028411384e+16
90 -10 2.2488683579346736e+17
92 -10 8.9714167214665370e+17
94 -10 3.1401462503514194e+18
96 -10 9.7884812483598254e+18
98 -10 2.7562694295116710e+19
100 -10 7.0723592732871025e+19
102 -10 1.6637706794849796e+20
104 -10 3.6071507393690672e+20
106 -10 7.2451174514227754e+20
108 -10 1.3512438755271571e+21
110 -10 2.3424326846977564e+21
112 -10 3.7781300281609751e+21
114 -10 5.6842716251615438e+21
116 -10 7.9693514214648138e+21
118 -10 1.0418862250984376e+22
120 -10 1.2700463604003726e+22
122 -10 1.4414394600135628e+22
124 -10 1.5210299431038445e+22
126 -10 1.4912814504340779e+22
128 -10 1.3564803239652163e+22
130 -10 1.1414240572290286e+22
132 -10 8.8675241234162359e+21
134 -10 6.3451250922745999e+21
136 -10 4.1714052999640735e+21
138 -10 2.5078057854147059e+21
140 -10 1.3747176637340847e+21
142 -10 6.8431531188366790e+20
144 -10 3.0756035260634366e+20
146 -10 1.2405750346318034e+20
148 -10 4.4632673865846604e+19
150 -10 1.4222087518278881e+19
152 -10 3.9777656689603799e+18
154 -10 9.6447893779802944e+17
156 -10 2.0022534351690822e+17
158 -10 3.5162509781820488e+16
160 -10 5.1137223692841790e+15
162 -10 5.9721335421340638e+14
164 -10 5.4384607357704141e+13
166 -10 3.6272645746837578e+12
168 -10 1.5617931537544318e+11
170 -10 2.9630153333574715e+09
172 -10 7.3718887956949417e+06
70 -9 2.9371934340622704e+06
72 -9 5.8796637091590958e+09
74 -9 5.5515377546566479e+11
76 -9 1.5899567310260271e+13
78 -9 2.3230874999040119e+14
80 -9 2.2116894146084308e+15
82 -9 1.5633634979956050e+16
84 -9 8.8251605889935984e+16
86 -9 4.1694762752382989e+17
88 -9 1.7009912281493061e+18
90 -9 6.1239132465354834e+18
92 -9 1.9780452124033221e+19
94 -9 5.7908044932680884e+19
96 -9 1.5513411481235744e+20
98 -9 3.8245835401539905e+20
100 -9 8.7246677737147308e+20
102 -9 1.8477887842387860e+21
104 -9 3.6411249446296575e+21
106 -9 6.6804631137096282e+21
108 -9 1.1455464614865807e+22
110 -9 1.8350182351583031e+22
112 -9 2.7447566180859708e+22
114 -9 3.8366331210951960e+22
116 -9 5.0121712865035831e+22
118 -9 6.1050801099531425e+22
120 -9 6.9404032972644808e+22
122 -9 7.3438524942447928e+22
124 -9 7.2220794479926766e+22
126 -9 6.5943936764698471e+22
128 -9 5.5800563977044537e+22
130 -9 4.3645407206583759e+22
132 -9 3.1457188623498089e+22
134 -9 2.0838071197959880e+22
136 -9 1.2627858880042333e+22
138 -9 6.9871763602933505e+21
140 -9 3.5124441828817759e+21
142 -9 1.5969073919745951e+21
144 -9 6.5229148594354114e+20
146 -9 2.3810017078888186e+20
148 -9 7.6956663165470343e+19
150 -9 2.1899305898711331e+19
152 -9 5.4105532783805747e+18
154 -9 1.1472630706062117e+18
156 -9 2.0584610233974429e+17
158 -9 3.0701927744106408e+16
160 -9 3.7011536860937885e+15
162 -9 3.4874050759132844e+14
164 -9 2.4312740017423289e+13
166 -9 1.1174909919169988e+12
168 -9 2.4635188689174179e+10
170 -9 1.0360374238431929e+08
66 -8 1.7996551497421004e+07
68 -8 1.4781913078740889e+10
70 -8 1.0652069815166600e+12
72 -8 2.6698554988685273e+13
74 -8 3.6545990896200744e+14
76 -8 3.3764646021960440e+15
78 -8 2.3636690360305936e+16
80 -8 1.3393346651042990e+17
82 -8 6.4247447832117453e+17
84 -8 2.6854472285174845e+18
86 -8 9.9636174758306079e+18
88 -8 3.3376581749956956e+19
90 -8 1.0168397301283445e+20
92 -8 2.8472091542533348e+20
94 -8 7.3625779605485571e+20
96 -8 1.7652566539282908e+21
98 -8 3.9479096312654017e+21
100 -8 8.2269242106478886e+21
102 -8 1.6041828567627923e+22
104 -8 2.9203998395267568e+22
106 -8 4.9816301065662294e+22
108 -8 7.9574133317110761e+22
110 -8 1.1901936362540990e+23
112 -8 1.6643447703367219e+23
114 -8 2.1798756333247314e+23
116 -8 2.6664213638557018e+23
118 -8 3.0466497772560387e+23
120 -8 3.2412216045260097e+23
122 -8 3.2096051831150692e+23
124 -8 2.9514987146809428e+23
126 -8 2.5151660498199131e+23
128 -8 1.9842703059357118e+23
130 -8 1.4431922614314254e+23
132 -8 9.6461668658574598e+22
134 -8 5.9084284506666221e+22
136 -8 3.3067610657276125e+22
138 -8 1.6802490842188716e+22
140 -8 7.7304622457681504e+21
142 -8 3.2009270115091287e+21
144 -8 1.1848667495826472e+21
146 -8 3.8916245139185382e+20
148 -8 1.1250431356910626e+20
150 -8 2.8307893285305999e+19
152 -8 6.1358699462687212e+18
154 -8 1.1261065855640570e+18
156 -8 1.7202569355593757e+17
158 -8 2.1306790397092216e+16
160 -8 2.0782276697464930e+15
162 -8 1.5040760897777131e+14
164 -8 7.3101041091397520e+12
166 -8 1.8158377919377087e+11
168 -8 1.1090446682854087e+09
62 -7 6.6186012366962291e+07
64 -7 2.8403576446621910e+10
66 -7 1.6154982698413921e+12
68 -7 3.6063792710868039e+13
70 -7 4.6631246897781706e+14
72 -7 4.1934984309541760e+15
74 -7 2.9146809957367000e+16
76 -7 1.6617476471385651e+17
78 -7 8.1039929670224077e+17
80 -7 3.4692634280952740e+18
82 -7 1.3281217973645763e+19
84 -7 4.6065169578578051e+19
86 -7 1.4643979504386453e+20
88 -7 4.2912617824351886e+20
90 -7 1.1652283614736343e+21
92 -7 2.9454118547745391e+21
94 -7 6.9524875082787990e+21
96 -7 1.5356784458480428e+22
98 -7 3.1757022733020778e+22
100 -7 6.1580470752308013e+22
102 -7 1.1204076915937983e+23
104 -7 1.9131067941723774e+23
106 -7 3.0626930120006238e+23
108 -7 4.6010981172392925e+23
110 -7 6.4744856344879620e+23
112 -7 8.5291665085827864e+23
114 -7 1.0508480344995896e+24
116 -7 1.2097250356435876e+24
118 -7 1.2988926800078519e+24
120 -7 1.2988214357194155e+24
122 -7 1.2063336494995059e+24
124 -7 1.0393528459618177e+24
126 -7 8.2769649032076435e+23
128 -7 6.0862246568240753e+23
130 -7 4.1190997999929031e+23
132 -7 2.5526556524616796e+23
134 -7 1.4462930709061137e+23
136 -7 7.4531346093460897e+22
138 -7 3.4757324696375630e+22
140 -7 1.4593767569478054e+22
142 -7 5.4814948499944322e+21
144 -7 1.8317504607647427e+21
146 -7 5.3822076818041962e+20
148 -7 1.3808038825135014e+20
150 -7 3.0503355973266964e+19
152 -7 5.7216428092824279e+18
154 -7 8.9525058731176666e+17
156 -7 1.1416176112782746e+17
158 -7 1.1443694743946258e+16
160 -7 8.6039959837411762e+14
162 -7 4.3913973479110891e+13
164 -7 1.2026904202047773e+12
166 -7 9.4835930241516571e+09
58 -6 1.6008682781606951e+08
60 -6 4.1005874384960213e+10
62 -6 1.9111624664253599e+12
64 -6 3.8608420624903977e+13
66 -6 4.7348620049360731e+14
68 -6 4.1544367880386810e+15
70 -6 2.8730000247197200e+16
72 -6 1.6507058926405706e+17
74 -6 8.1888329738892646e+17
76 -6 3.5940871161005937e+18
78 -6 1.4207677974098326e+19
80 -6 5.1159729646628241e+19
82 -6 1.6942833076299350e+20
84 -6 5.2028082330127172e+20
86 -6 1.4858737959718088e+21
88 -6 3.9624713693635370e+21
90 -6 9.8933459204465712e+21
92 -6 2.3188082374622627e+22
94 -6 5.1013177815601192e+22
96 -6 1.0540141622428648e+23
98 -6 2.0485542668735803e+23
100 -6 3.7449325254856079e+23
102 -6 6.4297969248671091e+23
104 -6 1.0378858296218962e+24
106 -6 1.5721620708830234e+24
108 -6 2.2352667120609978e+24
110 -6 2.9760336867580246e+24
112 -6 3.7088009357013961e+24
114 -6 4.3162413200000908e+24
116 -6 4.6921914375103137e+24
118 -6 4.7488175589372107e+24
120 -6 4.4668150848111551e+24
122 -6 3.8978539749684099e+24
124 -6 3.1482665013882076e+24
126 -6 2.3457580252421110e+24
128 -6 1.6084179774000024e+24
130 -6 1.0111055199565409e+24
132 -6 5.8148283668250923e+23
134 -6 3.0405127230080847e+23
136 -6 1.4384231458140671e+23
138 -6 6.1409068408680892e+22
140 -6 2.3465426570715844e+22
142 -6 7.9687417148907413e+21
144 -6 2.3872776607135973e+21
146 -6 6.2419513846598166e+20
148 -6 1.4064883141244045e+20
150 -6 2.6986822463209165e+19
152 -6 4.3255134914880707e+18
154 -6 5.6569365993506912e+17
156 -6 5.8391031618705704e+16
158 -6 4.5331983497147850e+15
160 -6 2.4228080704707528e+14
162 -6 7.1892437527159775e+12
164 -6 6.8902068651711868e+10
54 -5 2.6141387444980440e+08
56 -5 4.4391200616519814e+10
58 -5 1.7335038360218096e+12
60 -5 3.2037242695055543e+13
62 -5 3.7427550574941862e+14
64 -5 3.2230126088381360e+15
66 -5 2.2185717652559768e+16
68 -5 1.2836831866297722e+17
70 -5 6.4795406888299277e+17
72 -5 2.9192119353088440e+18
74 -5 1.1909891243518173e+19
76 -5 4.4557425482411852e+19
78 -5 1.5429726383087295e+20
80 -5 4.9624424948527792e+20
82 -5 1.4924292265501445e+21
84 -5 4.2055661349279996e+21
86 -5 1.1135817281431436e+22
88 -5 2.7700807858546857e+22
90 -5 6.4948112003140415e+22
92 -5 1.4341615268637735e+23
94 -5 2.9828027162158891e+23
96 -5 5.8477226265335120e+23
98 -5 1.0792804423846354e+24
100 -5 1.8747465695321080e+24
102 -5 3.0652492264909698e+24
104 -5 4.7067472339034657e+24
106 -5 6.7786997418295296e+24
108 -5 9.1648447591142518e+24
110 -5 1.1585022284901929e+25
112 -5 1.3697665969490673e+25
114 -5 1.5120702145885179e+25
116 -5 1.5543956590903685e+25
118 -5 1.4859069157646627e+25
120 -5 1.3180700130303540e+25
122 -5 1.0811312170467748e+25
124 -5 8.1853709052566851e+24
126 -5 5.7060046586218759e+24
128 -5 3.6474671270829787e+24
130 -5 2.1312895013358512e+24
132 -5 1.1330887769387237e+24
134 -5 5.4610334126823885e+23
136 -5 2.3707728316818420e+23
138 -5 9.2224413437074256e+22
140 -5 3.1932508053331337e+22
142 -5 9.7558388946393943e+21
144 -5 2.6025583797272681e+21
146 -5 6.0005708631625354e+20
148 -5 1.1768129993775684e+20
150 -5 1.9331249018802364e+19
152 -5 2.5912952926096717e+18
154 -5 2.7533382819643635e+17
156 -5 2.2088869051529356e+16
158 -5 1.2277165005907615e+15
160 -5 3.9094364656662266e+13
162 -5 4.3754012066772156e+11
50 -4 2.9425931389584374e+08
52 -4 3.5341375818797508e+10
54 -4 1.1821163685152209e+12
56 -4 2.0113451886499883e+13
58 -4 2.2558937805086862e+14
60 -4 1.8982044730806990e+15
62 -4 1.3010369234349524e+16
64 -4 7.5926080759348576e+16
66 -4 3.9038019509820083e+17
68 -4 1.8059516303121592e+18
70 -4 7.6213883708403999e+18
72 -4 2.9666747535898767e+19
74 -4 1.0732832331012645e+20
76 -4 3.6264124721415304e+20
78 -4 1.1500064551505689e+21
80 -4 3.4302925705586808e+21
82 -4 9.6407266453964592e+21
84 -4 2.5542079846960394e+22
86 -4 6.3941913691446552e+22
88 -4 1.5107608573741689e+23
90 -4 3.3718253276643473e+23
92 -4 7.0995149936835900e+23
94 -4 1.4124451246990681e+24
96 -4 2.6484912453137446e+24
98 -4 4.6786158508731889e+24
100 -4 7.7780550947850054e+24
102 -4 1.2157869364367318e+25
104 -4 1.7858360205164286e+25
106 -4 2.4587198856781572e+25
108 -4 3.1684611840658004e+25
110 -4 3.8193384134426851e+25
112 -4 4.2971928031555079e+25
114 -4 4.5068953320303317e+25
116 -4 4.3909238486917637e+25
118 -4 3.9681637165281018e+25
120 -4 3.3204503937161597e+25
122 -4 2.5626869938523681e+25
124 -4 1.8203614465275515e+25
126 -4 1.1864151669977955e+25
128 -4 7.0679496747798715e+24
130 -4 3.8323081484066322e+24
132 -4 1.8825457351474346e+24
134 -4 8.3398551530718570e+23
136 -4 3.3112849484706503e+23
138 -4 1.1692826644219334e+23
140 -4 3.6489604382161977e+22
142 -4 9.9563670540854388e+21
144 -4 2.3485742313779678e+21
146 -4 4.7202984579049003e+20
148 -4 7.9424226342684934e+19
150 -4 1.0944930597959250e+19
152 -4 1.1959766324157496e+18
154 -4 9.9211735048943808e+16
156 -4 5.7346154044750870e+15
158 -4 1.9417786235180425e+14
160 -4 2.4621819869596123e+12
44 -3 8.1803306657378242e+04
46 -3 2.2451532614146215e+08
48 -3 2.0128931373180710e+10
50 -3 5.8902349992254199e+11
52 -3 9.2810233845066445e+12
54 -3 9.9750801600618781e+13
56 -3 8.2368826325351388e+14
58 -3 5.6110392692214390e+15
60 -3 3.3049727574862692e+16
62 -3 1.7285480137270362e+17
64 -3 8.2182762984938445e+17
66 -3 3.5876225287377459e+18
68 -3 1.4564530041655087e+19
70 -3 5.5204840859207942e+19
72 -3 1.9645629792904839e+20
74 -3 6.5802492605641523e+20
76 -3 2.0812771709540395e+21
78 -3 6.2253613721771909e+21
80 -3 1.7603369775993941e+22
82 -3 4.7198275903214921e+22
84 -3 1.1961884427736855e+23
86 -3 2.8716968668252523e+23
88 -3 6.5226900694454115e+23
90 -3 1.3999147418970251e+24
92 -3 2.8418309628058614e+24
94 -3 5.4449741475673641e+24
96 -3 9.8281233165191862e+24
98 -3 1.6725034056429029e+25
100 -3 2.6758543600130405e+25
102 -3 4.0215167368217367e+25
104 -3 5.6704510560052736e+25
106 -3 7.4857056112595714e+25
108 -3 9.2344653218548505e+25
110 -3 1.0637878521643503e+26
112 -3 1.1419312119379301e+26
114 -3 1.1387485617424331e+26
116 -3 1.0538223773451931e+26
118 -3 9.0186459440718794e+25
120 -3 7.1230540613207441e+25
122 -3 5.1754550365926917e+25
124 -3 3.4510015674306903e+25
126 -3 2.1018434077852310e+25
128 -3 1.1648709024041114e+25
130 -3 5.8533781254773789e+24
132 -3 2.6508023928448175e+24
134 -3 1.0759037570970749e+24
136 -3 3.8930095556091604e+23
138 -3 1.2430157189577497e+23
140 -3 3.4705397854876490e+22
142 -3 8.3952536578519393e+21
144 -3 1.7309770397250198e+21
146 -3 2.9921764119258477e+20
148 -3 4.2420119501067272e+19
150 -3 4.7799455592378716e+18
152 -3 4.0935480470748512e+17
154 -3 2.4588940936294624e+16
156 -3 8.8129616305819525e+14
158 -3 1.2403466589608180e+13
40 -2 1.3511199903419448e+05
42 -2 1.1290749384896532e+08
44 -2 7.9516542103897610e+09
46 -2 2.0468956904952649e+11
48 -2 3.0066335552973882e+12
50 -2 3.1076554258511430e+13
52 -2 2.5144813644029853e+14
54 -2 1.7023948503538720e+15
56 -2 1.0090640354229090e+16
58 -2 5.3869521604433424e+16
60 -2 2.6356953597484762e+17
62 -2 1.1936658642998374e+18
64 -2 5.0598410509882368e+18
66 -2 2.0142240080294539e+19
68 -2 7.5625211174986809e+19
70 -2 2.6872686896707833e+20
72 -2 9.0361266462392766e+20
74 -2 2.8837728395023609e+21
76 -2 8.7318537338620425e+21
78 -2 2.5128601227567699e+22
80 -2 6.8634243438888303e+22
82 -2 1.7776818857884596e+23
84 -2 4.3693792067622940e+23
86 -2 1.0166807035091993e+24
88 -2 2.2406994027745087e+24
90 -2 4.6683784055152972e+24
92 -2 9.1931138957542963e+24
94 -2 1.7077342501769260e+25
96 -2 2.9903449631521262e+25
98 -2 4.9223930424831945e+25
100 -2 7.6145872774481091e+25
102 -2 1.1046650826810827e+26
104 -2 1.5011685879825602e+26
106 -2 1.9065822373234943e+26
108 -2 2.2585106576035980e+26
110 -2 2.4940379177407230e+26
112 -2 2.5571425304931183e+26
114 -2 2.4321876538353895e+26
116 -2 2.1388339076579340e+26
118 -2 1.7352515959011103e+26
120 -2 1.2956382601425214e+26
122 -2 8.8601550190743893e+25
124 -2 5.5387820079422968e+25
126 -2 3.1526925420641736e+25
128 -2 1.6253739319299593e+25
130 -2 7.5508613555493009e+24
132 -2 3.1451999761698915e+24
134 -2 1.1666841514818343e+24
136 -2 3.8248961373976188e+23
138 -2 1.0968215167648712e+23
140 -2 2.7246494165694872e+22
142 -2 5.7785217574103186e+21
144 -2 1.0277489122430634e+21
146 -2 1.5016799329735003e+20
148 -2 1.7458270131271172e+19
150 -2 1.5469273272421059e+18
152 -2 9.6704004609264240e+16
154 -2 3.6522655039721135e+15
156 -2 5.6343775183160938e+13
36 -1 8.5521353951228535e+04
38 -1 3.5841513858586207e+07
40 -1 2.0324476048682892e+09
42 -1 4.6565775840394615e+10
44 -1 6.3823576936080762e+11
46 -1 6.3277342084691611e+12
48 -1 5.0123604248000953e+13
50 -1 3.3821160009299806e+14
52 -1 2.0266773226730815e+15
54 -1 1.1084360181126480e+16
56 -1 5.5989565092808968e+16
58 -1 2.6465402421502179e+17
60 -1 1.1772510923003108e+18
62 -1 4.9415943197676954e+18
64 -1 1.9710046134557659e+19
66 -1 7.4447280150526607e+19
68 -1 2.6771492648667287e+20
70 -1 9.1569985516346999e+20
72 -1 2.9814520233870230e+21
74 -1 9.2413504724845535e+21
76 -1 2.7298317534539830e+22
78 -1 7.6585494322083086e+22
80 -1 2.0428940999291707e+23
82 -1 5.1832720738674736e+23
84 -1 1.2454756217474148e+24
86 -1 2.8378596632772329e+24
88 -1 6.1183559344031431e+24
90 -1 1.2471487927460875e+25
92 -1 2.3972350918155021e+25
94 -1 4.3435143069025236e+25
96 -1 7.4075411639044772e+25
98 -1 1.1863157394279474e+26
100 -1 1.7831335007187388e+26
102 -1 2.5088250717616803e+26
104 -1 3.2979389028639664e+26
106 -1 4.0438634289343608e+26
108 -1 4.6148998107294111e+26
110 -1 4.8934462752674469e+26
112 -1 4.8058569930845499e+26
114 -1 4.3655173296428663e+26
116 -1 3.6553592790351242e+26
118 -1 2.8144240210579547e+26
120 -1 1.9864857055917485e+26
122 -1 1.2803640364058418e+26
124 -1 7.5087331566372792e+25
126 -1 3.9861355858755164e+25
128 -1 1.9074974595451074e+25
130 -1 8.1806398227894613e+24
132 -1 3.1254986807905960e+24
134 -1 1.0554368260379925e+24
136 -1 3.1175546455504829e+23
138 -1 7.9807766345262010e+22
140 -1 1.7442454995787082e+22
142 -1 3.2019320095186412e+21
144 -1 4.8311034721252907e+20
146 -1 5.8087305058174353e+19
148 -1 5.3392720313854177e+18
150 -1 3.4721850983217869e+17
152 -1 1.3810666463906948e+16
154 -1 2.3138036922917569e+14
32 0 2.5421278752869704e+04
34 0 6.4491703132281844e+06
36 0 2.9951495782278305e+08
38 0 6.1614492473980169e+09
40 0 7.9018986317943466e+10
42 0 7.4705377770160632e+11
44 0 5.7997704260134980e+12
46 0 3.9153612238511547e+13
48 0 2.3921538378948738e+14
50 0 1.3541439023015218e+15
52 0 7.1709380517223280e+15
54 0 3.5839047928390928e+16
56 0 1.6923546189060534e+17
58 0 7.5823670346731712e+17
60 0 3.2292701755932150e+18
62 0 1.3109807733619937e+19
64 0 5.0760354515010535e+19
66 0 1.8750515305364505e+20
68 0 6.6069780807395705e+20
70 0 2.2234225442792250e+21
72 0 7.1344489169605183e+21
74 0 2.1816368531076083e+22
76 0 6.3553656221240702e+22
78 0 1.7635254551326949e+23
80 0 4.6492258614727848e+23
82 0 1.1632771856280450e+24
84 0 2.7611548580765938e+24
86 0 6.2091586046273053e+24
88 0 1.3191808008475978e+25
90 0 2.6464399460409345e+25
92 0 5.0010768043185465e+25
94 0 8.8940146691946297e+25
96 0 1.4857291441241687e+26
98 0 2.3291449512236579e+26
100 0 3.4147833628359452e+26
102 0 4.6755217196703667e+26
104 0 5.9724450319110131e+26
106 0 7.0927315613214125e+26
108 0 7.8218513205742295e+26
110 0 7.9910222900016814e+26
112 0 7.5416835013181565e+26
114 0 6.5540108038149196e+26
116 0 5.2359886719051260e+26
118 0 3.8311299286885183e+26
120 0 2.5592928121204702e+26
122 0 1.5538281802637000e+26
124 0 8.5418876900117132e+25
126 0 4.2297645880784464e+25
128 0 1.8763373585246813e+25
130 0 7.4120934895459644e+24
132 0 2.5866645311731191e+24
134 0 7.9015713431315006e+23
136 0 2.0892849132061798e+23
138 0 4.7270604249483708e+22
140 0 8.9814086667033400e+21
142 0 1.4036230499145241e+21
144 0 1.7535955374505132e+20
146 0 1.6718195591349682e+19
148 0 1.1352516275202098e+18
150 0 4.7584475404438336e+16
152 0 8.6126370298135988e+14
28 1 2.9151502185673794e+03
30 1 4.9424413013197156e+05
32 1 1.9255806779206857e+07
34 1 3.5401854685216832e+08
36 1 4.2190718629596004e+09
38 1 3.8415055331230980e+10
40 1 2.9462692464736469e+11
42 1 2.0467621116249016e+12
44 1 1.3316926164218582e+13
46 1 8.1546249514746219e+13
48 1 4.7130143980087919e+14
50 1 2.5645412159806905e+15
52 1 1.3212175812111750e+16
54 1 6.4614298728333024e+16
56 1 3.0042535387822477e+17
58 1 1.3316019600142477e+18
60 1 5.6245605093811558e+18
62 1 2.2738840161873494e+19
64 1 8.7795977270850994e+19
66 1 3.2355575097659576e+20
68 1 1.1402101356882141e+21
70 1 3.8335203583609977e+21
72 1 1.2315281585657480e+22
74 1 3.7626417705864374e+22
76 1 1.0962048980746779e+23
78 1 3.0367720929136627e+23
80 1 7.9917307839909359e+23
82 1 1.9941373465545175e+24
84 1 4.7173957185675635e+24
86 1 1.0542611974130073e+25
88 1 2.2238543280598198e+25
90 1 4.4220209054189780e+25
92 1 8.2717378757653658e+25
94 1 1.4530495854998166e+26
96 1 2.3928682927249803e+26
98 1 3.6876746020366076e+26
100 1 5.3038567043802456e+26
102 1 7.1084779029424279e+26
104 1 8.8505521306743156e+26
106 1 1.0231782845787527e+27
108 1 1.0942373921022991e+27
110 1 1.0804422889396600e+27
112 1 9.8222602923775324e+26
114 1 8.1944895766174042e+26
116 1 6.2563074615331729e+26
118 1 4.3564461926299651e+26
120 1 2.7565125369988266e+26
122 1 1.5776340565039462e+26
124 1 8.1230977308344413e+25
126 1 3.7468621506497628e+25
128 1 1.5379598544364814e+25
130 1 5.5726814560911441e+24
132 1 1.7679804087053094e+24
134 1 4.8586900413151031e+23
136 1 1.1412706017193987e+23
138 1 2.2546860540638968e+22
140 1 3.6636942820838589e+21
142 1 4.7613222548988631e+20
144 1 4.7358657080894161e+19
146 1 3.3625473050441503e+18
148 1 1.4885636182804976e+17
150 1 2.8981173727157460e+15
32 2 2.2818023935992015e+05
34 2 2.6414893526263244e+07
36 2 8.6353254251485658e+08
38 2 1.4688172911916220e+10
40 2 1.6757047230736584e+11
42 2 1.4837000627014922e+12
44 2 1.1022290147831883e+13
46 2 7.2806952172112188e+13
48 2 4.4135935973222481e+14
50 2 2.4972055160784960e+15
52 2 1.3267702656756168e+16
54 2 6.6705518959943144e+16
56 2 3.1784402704485542e+17
58 2 1.4412850323164426e+18
60 2 6.2231999733900995e+18
62 2 2.5661436966652387e+19
64 2 1.0087954785925723e+20
66 2 3.7891397078324294e+20
68 2 1.3569730836742301e+21
70 2 4.6416521578521334e+21
72 2 1.5109021904090012e+22
74 2 4.6808184700170148e+22
76 2 1.3791710309518933e+23
78 2 3.8600839955397888e+23
80 2 1.0251484276327706e+24
82 2 2.5766933390467711e+24
84 2 6.1239250119989873e+24
86 2 1.3726287118208430e+25
88 2 2.9011037231639058e+25
90 2 5.7580951963856511e+25
92 2 1.0737839484920974e+26
94 2 1.8762649603849238e+26
96 2 3.0639914261220227e+26
98 2 4.6710962337713152e+26
100 2 6.6317436775871625e+26
102 2 8.7410178970847755e+26
104 2 1.0681284408310294e+27
106 2 1.2061184873750828e+27
108 2 1.2559136688171024e+27
110 2 1.2028022906411172e+27
112 2 1.0563399286024439e+27
114 2 8.4795074483531370e+26
116 2 6.2034134262925261e+26
118 2 4.1176555132398226e+26
120 2 2.4704677484669171e+26
122 2 1.3321930492024546e+26
124 2 6.4295513432376015e+25
126 2 2.7592628528079091e+25
128 2 1.0439358129075576e+25
130 2 3.4590843726106873e+24
132 2 9.9236612658949475e+23
134 2 2.4330796473253660e+23
136 2 5.0166659488340708e+22
138 2 8.5192811934385858e+21
140 2 1.1574758560159944e+21
142 2 1.2062638003806251e+20
144 2 8.9857676582248499e+18
146 2 4.1984286968010214e+17
148 2 8.7979934366960590e+15
36 3 7.6061723707239702e+06
38 3 6.2628256249585140e+08
40 3 1.7622404122200367e+10
42 3 2.7586754994634802e+11
44 3 3.0240101296349019e+12
46 3 2.5942887198090863e+13
48 3 1.8849292183278231e+14
50 3 1.2120347610776895e+15
52 3 7.1060105428562530e+15
54 3 3.8595422181918088e+16
56 3 1.9636119581769677e+17
58 3 9.4239219000799808e+17
60 3 4.2832998887324621e+18
62 3 1.8454365143414829e+19
64 3 7.5612289106721210e+19
66 3 2.9478334210817288e+20
68 3 1.0947565348715503e+21
70 3 3.8597863034970922e+21
72 3 1.2937152556002850e+22
74 3 4.1204799264102541e+22
76 3 1.2450507210732512e+23
78 3 3.5638896284981746e+23
80 3 9.6462374457064936e+23
82 3 2.4681429292554312e+24
84 3 5.9534728197910345e+24
86 3 1.3521831814001866e+25
88 3 2.8859060825192218e+25
90 3 5.7762197072431388e+25
92 3 1.0826658715818895e+26
94 3 1.8954785271238532e+26
96 3 3.0927590393060666e+26
98 3 4.6990733642192845e+26
100 3 6.6225941352835752e+26
102 3 8.6375283185589272e+26
104 3 1.0405098947269573e+27
106 3 1.1540963614564309e+27
108 3 1.1761518206269643e+27
110 3 1.0970574658849260e+27
112 3 9.3441873895601110e+26
114 3 7.2389834029412727e+26
116 3 5.0846212997955775e+26
118 3 3.2225564798720933e+26
120 3 1.8346005518528106e+26
122 3 9.3347947334753511e+25
124 3 4.2164787418551681e+25
126 3 1.6779244703286758e+25
128 3 5.8431167566137640e+24
130 3 1.7612922760840278e+24
132 3 4.5338754206587732e+23
134 3 9.8147623126205421e+22
136 3 1.7497378177700820e+22
138 3 2.4984452896112404e+21
140 3 2.7375144720173842e+20
142 3 2.1505900740267008e+19
144 3 1.0654113464170579e+18
146 3 2.4029284369197344e+16
38 4 1.9306766626717185e+05
40 4 1.4041973599008635e+08
42 4 8.7748061582605419e+09
44 4 2.1388644380613422e+11
46 4 3.1073727037059849e+12
48 4 3.2436255544804391e+13
50 4 2.7054404056491584e+14
52 4 1.9185313116803530e+15
54 4 1.2043972734888832e+16
56 4 6.8713453404256592e+16
58 4 3.6276913710139507e+17
60 4 1.7829855433776387e+18
62 4 8.2551920997667850e+18
64 4 3.6067867796625682e+19
66 4 1.4890724501783973e+20
68 4 5.8272637414846870e+20
70 4 2.1590330400784038e+21
72 4 7.5803430367014882e+21
74 4 2.5160288763806101e+22
76 4 7.9022476916298875e+22
78 4 2.3437489459529442e+23
80 4 6.5540920535630490e+23
82 4 1.7262052841293099e+24
84 4 4.2765290071634802e+24
86 4 9.9376417127216794e+24
88 4 2.1652389133607776e+25
90 4 4.4086134161358494e+25
92 4 8.3790211180857056e+25
94 4 1.4828582919415998e+26
96 4 2.4387861698863136e+26
98 4 3.7167022173038439e+26
100 4 5.2363059955887170e+26
102 4 6.8038647457769928e+26
104 4 8.1352104365839303e+26
106 4 8.9118552571959107e+26
108 4 8.9309241421928076e+26
110 4 8.1527982537674285e+26
112 4 6.7621134383449094e+26
114 4 5.0760000764265454e+26
116 4 3.4307951325851207e+26
118 4 2.0804044147284439e+26
120 4 1.1258776790593122e+26
122 4 5.3973214693975896e+25
124 4 2.2786108683284857e+25
126 4 8.4039944369461262e+24
128 4 2.6798829345578293e+24
130 4 7.2964726912613527e+23
132 4 1.6694339464520045e+23
134 4 3.1470051393011947e+22
136 4 4.7479509095630787e+21
138 4 5.4991389543517513e+20
140 4 4.5814476201051308e+19
142 4 2.4174990871028116e+18
144 4 5.8841840660548752e+16
42 5 4.5343129537793733e+06
44 5 1.6493882697678871e+09
46 5 7.9976931273108337e+10
48 5 1.7238560808837910e+12
50 5 2.3323593815590203e+13
52 5 2.3241024065753066e+14
54 5 1.8746966521290960e+15
56 5 1.2923540328906800e+16
58 5 7.8891708376645696e+16
60 5 4.3891851502676499e+17
62 5 2.2470043832800330e+18
64 5 1.0711142638125441e+19
66 5 4.7888399326145454e+19
68 5 2.0124061766124988e+20
70 5 7.9632401073564575e+20
72 5 2.9723794367229345e+21
74 5 1.0450190847496119e+22
76 5 3.4626732680238646e+22
78 5 1.0782538426946695e+23
80 5 3.1567170430535862e+23
82 5 8.6748794890742529e+23
84 5 2.2325638902425001e+24
86 5 5.3726689654185293e+24
88 5 1.2077219199911429e+25
90 5 2.5282134434506227e+25
92 5 4.9211265378056496e+25
94 5 8.8893691518613789e+25
96 5 1.4857932872368666e+26
98 5 2.2929113613615233e+26
100 5 3.2578567816501301e+26
102 5 4.2484678381238150e+26
104 5 5.0702278100819753e+26
106 5 5.5255119856286800e+26
108 5 5.4733868535259191e+26
110 5 4.9177186235510653e+26
112 5 3.9889036145207053e+26
114 5 2.9096627444228831e+26
116 5 1.8995900232558991e+26
118 5 1.1043155665918577e+26
120 5 5.6790287810128831e+25
122 5 2.5682007961808146e+25
124 5 1.0122285900955692e+25
126 5 3.4448960025283141e+24
128 5 9.9988857830293536e+23
130 5 2.4384644550234469e+23
132 5 4.8895887673544994e+22
134 5 7.8518181259884668e+21
136 5 9.6873235153382382e+20
138 5 8.6177648574697325e+19
140 5 4.8660638640029409e+18
142 5 1.2823715173967974e+17
46 6 7.0011474463950396e+07
48 6 1.2962363608574657e+10
50 6 5.0962038661709967e+11
52 6 9.7839575431695020e+12
54 6 1.2314273538346261e+14
56 6 1.1694907473482722e+15
58 6 9.0799204959513100e+15
60 6 6.0622169939927208e+16
62 6 3.5972278879132608e+17
64 6 1.9385930957456095e+18
66 6 9.6058123900202476e+18
68 6 4.4328719154329641e+19
70 6 1.9090658363031683e+20
72 6 7.6881580905441539e+20
74 6 2.9034844902095811e+21
76 6 1.0289243753162291e+22
78 6 3.4183836096369185e+22
80 6 1.0616015302361334e+23
82 6 3.0832198244488905e+23
84 6 8.3461011202558511e+23
86 6 2.1075603882265836e+24
88 6 4.9442922970977490e+24
90 6 1.0764270435062856e+25
92 6 2.1696674282556659e+25
94 6 4.0387716804146577e+25
96 6 6.9310165070288845e+25
98 6 1.0922585049706579e+26
100 6 1.5775287362226813e+26
102 6 2.0816306264858104e+26
104 6 2.5028940185961602e+26
106 6 2.7299235590703815e+26
108 6 2.6935909146236075e+26
110 6 2.3945332620609677e+26
112 6 1.9081476256113061e+26
114 6 1.3588518456667457e+26
116 6 8.5963983055560201e+25
118 6 4.7975769106466006e+25
120 6 2.3488023529982446e+25
122 6 1.0011497391314349e+25
124 6 3.6726730423204556e+24
126 6 1.1480200636196674e+24
128 6 3.0104413854955482e+23
130 6 6.4864239015351944e+22
132 6 1.1187384613033057e+22
134 6 1.4816457013346024e+21
136 6 1.4164119404692457e+20
138 6 8.6255088522411868e+18
140 6 2.4743315131160064e+17
50 7 6.0227479692636454e+08
52 7 7.1844120791686005e+10
54 7 2.3271467673550894e+12
56 7 4.0303132475479617e+13
58 7 4.7200720419169100e+14
60 7 4.2623357788488465e+15
62 7 3.1771663424498360e+16
64 7 2.0444865755316883e+17
66 7 1.1711110996801741e+18
68 7 6.0979699164904796e+18
70 7 2.9172436482229285e+19
72 7 1.2928951259763925e+20
74 7 5.3292825099979273e+20
76 7 2.0477246479385011e+21
78 7 7.3344741252595345e+21
80 7 2.4494896554319364e+22
82 7 7.6171447631515702e+22
84 7 2.2011344382475522e+23
86 7 5.8987941695355956e+23
88 7 1.4637631655447592e+24
90 7 3.3528335841252367e+24
92 7 7.0782217725013960e+24
94 7 1.3741466553868439e+25
96 7 2.4454721579713420e+25
98 7 3.9765157512291624e+25
100 7 5.8987091967929711e+25
102 7 7.9526018185708932e+25
104 7 9.7043430095879606e+25
106 7 1.0688559349439436e+26
108 7 1.0571406015400976e+26
110 7 9.3554120898691336e+25
112 7 7.3766294855296741e+25
114 7 5.1482713686542613e+25
116 7 3.1631560789831870e+25
118 7 1.7009288407867861e+25
120 7 7.9355893263148363e+24
122 7 3.1825649963889382e+24
124 7 1.0834041771973504e+24
126 7 3.0888524347366393e+23
128 7 7.2290524383363394e+22
130 7 1.3506026189015751e+22
132 7 1.9402865353104213e+21
134 7 2.0099931290707624e+20
136 7 1.3330055059978523e+19
138 7 4.1920939624240941e+17
54 8 3.5042023417345586e+09
56 8 2.8506991805550659e+11
58 8 7.8355198686813916e+12
60 8 1.2188498541118397e+14
62 8 1.3342889695065820e+15
64 8 1.1435703967799272e+16
66 8 8.1327003097486112e+16
68 8 5.0222875236973670e+17
70 8 2.7681798570700109e+18
72 8 1.3834569476372931e+19
74 8 6.3497469284638269e+19
76 8 2.6872788113609464e+20
78 8 1.0543411750427102e+21
80 8 3.8343367568406316e+21
82 8 1.2926480696944181e+22
84 8 4.0285513625152839e+22
86 8 1.1612225589630544e+23
88 8 3.0828412471063610e+23
90 8 7.5265532351469242e+23
92 8 1.6862873670878927e+24
94 8 3.4521295770470650e+24
96 8 6.4481997862365629e+24
98 8 1.0950860371917377e+25
100 8 1.6855425324949106e+25
102 8 2.3438012763665036e+25
104 8 2.9327317237260741e+25
106 8 3.2867093594035896e+25
108 8 3.2848532191768308e+25
110 8 2.9184731460329405e+25
112 8 2.2873649929413703e+25
114 8 1.5746894842133540e+25
116 8 9.4429953272664700e+24
118 8 4.8981177786102120e+24
120 8 2.1778820466842280e+24
122 8 8.1949457310314718e+23
124 8 2.5745041215010008e+23
126 8 6.6278296665935529e+22
128 8 1.3605375514581376e+22
130 8 2.1430189229811027e+21
132 8 2.4342698971234825e+20
134 8 1.7747105299814334e+19
136 8 6.1886996279918989e+17
58 9 1.4100008638330496e+10
60 9 8.3400424948118445e+11
62 9 1.9471846711465926e+13
64 9 2.7589261849157125e+14
66 9 2.8107925411301405e+15
68 9 2.2754126321725420e+16
70 9 1.5398291844613917e+17
72 9 9.0747761877299981e+17
74 9 4.7803453704846295e+18
76 9 2.2808807008661197e+19
78 9 9.9641909742366327e+19
80 9 3.9961000091741428e+20
82 9 1.4767765546767226e+21
84 9 5.0334076072668965e+21
86 9 1.5779170613281656e+22
88 9 4.5450994865041945e+22
90 9 1.1986276743515795e+23
92 9 2.8821300063176408e+23
94 9 6.3078801946488605e+23
96 9 1.2519256475685598e+24
98 9 2.2466299401605829e+24
100 9 3.6317028544538145e+24
102 9 5.2669653205767973e+24
104 9 6.8250549122715803e+24
106 9 7.8703459954724088e+24
108 9 8.0271323372949280e+24
110 9 7.2105750154332262e+24
112 9 5.6606203809952541e+24
114 9 3.8635929901693197e+24
116 9 2.2695495473381017e+24
118 9 1.1386733345251389e+24
120 9 4.8244594181947084e+23
122 9 1.6978194018289983e+23
124 9 4.8837845768749357e+22
126 9 1.1171906092036461e+22
128 9 1.9538164178561285e+21
130 9 2.4703553702205034e+20
132 9 2.0032025139776647e+19
134 9 7.8285479784914304e+17
60 10 1.0371063874399914e+08
62 10 4.0673540098534279e+10
64 10 1.7990546321762832e+12
66 10 3.6435888331663375e+13
68 10 4.6748562038960825e+14
70 10 4.4308458016729580e+15
72 10 3.3626378298682664e+16
74 10 2.1548327814714448e+17
76 10 1.2061614867225828e+18
78 10 6.0339321008049275e+18
80 10 2.7252023515911590e+19
82 10 1.1226926341895433e+20
84 10 4.2291936814838959e+20
86 10 1.4602739951362939e+21
88 10 4.6066126940897815e+21
90 10 1.3275075123487252e+22
92 10 3.4735347722560041e+22
94 10 8.2294024656290486e+22
96 10 1.7579507246085427e+23
98 10 3.3793990708037978e+23
100 10 5.8123652131810968e+23
102 10 8.8960505867682340e+23
104 10 1.2083401482984933e+24
106 10 1.4487328452267722e+24
108 10 1.5228167004037406e+24
110 10 1.3960365773617450e+24
112 10 1.1067478524571372e+24
114 10 7.5347531023180094e+23
116 10 4.3597785060508664e+23
118 10 2.1216174384649298e+23
120 10 8.5404476054937228e+22
122 10 2.7968931987494332e+22
124 10 7.2614169161502976e+21
126 10 1.4395825708123318e+21
128 10 2.0550460172129462e+20
130 10 1.8821795261367652e+19
132 10 8.3787503013333133e+17
64 11 5.4265693404603851e+08
66 11 8.2596794643385971e+10
68 11 2.9009621658980322e+12
70 11 5.1107688087140562e+13
72 11 5.9585751948043162e+14
74 11 5.2192060109630300e+15
76 11 3.7095066963336208e+16
78 11 2.2335145422655603e+17
80 11 1.1779242456211904e+18
82 11 5.5386604664389192e+18
84 11 2.3498353231921009e+19
86 11 9.0442582534303465e+19
88 11 3.1615133584589973e+20
90 11 1.0055962469410184e+21
92 11 2.8956826759796113e+21
94 11 7.5197440872363002e+21
96 11 1.7533795333403230e+22
98 11 3.6530615852019801e+22
100 11 6.7700209025257497e+22
102 11 1.1097365207231112e+23
104 11 1.6008749145412079e+23
106 11 2.0179842856152565e+23
108 11 2.2133267135073498e+23
110 11 2.0905298598826831e+23
112 11 1.6903108844159866e+23
114 11 1.1557879706226492e+23
116 11 6.6261242660754104e+22
118 11 3.1280159836928492e+22
120 11 1.1943840279706756e+22
122 11 3.6007984087555134e+21
124 11 8.2626093033876960e+20
126 11 1.3599479638851541e+20
128 11 1.4371765952635275e+19
130 11 7.4255633022627162e+17
68 12 1.4202187912303700e+09
70 12 1.2241730204754898e+11
72 12 3.4762590482818330e+12
74 12 5.3764907802991273e+13
76 12 5.6531516022605575e+14
78 12 4.5771306934613060e+15
80 12 3.0163522809668536e+16
82 12 1.6997419300533760e+17
84 12 8.3631559429453850e+17
86 12 3.6658914233531843e+18
88 12 1.4409870171793920e+19
90 12 5.1219872113773855e+19
92 12 1.6405359468996739e+20
94 12 4.7145326002013313e+20
96 12 1.2120738695780379e+21
98 12 2.7786613148312388e+21
100 12 5.6255217851636195e+21
102 12 9.9984063936689655e+21
104 12 1.5543563673576722e+22
106 12 2.0909144930545396e+22
108 12 2.4197938261344930e+22
110 12 2.3859065086579367e+22
112 12 1.9836107908815803e+22
114 12 1.3769871915033429e+22
116 12 7.8418816401980460e+21
118 12 3.5965008184537787e+21
120 12 1.2958741556365988e+21
122 12 3.5341069629111874e+20
124 12 6.8899493050262290e+19
126 12 8.6180289235680113e+18
128 12 5.3122164244740506e+17
72 13 2.2432289125392551e+09
74 13 1.3340131444003798e+11
76 13 3.1206682903366260e+12
78 13 4.1924678195680906e+13
80 13 4.0148601174701062e+14
82 13 2.9531577644536850e+15
84 13 1.8032228230194012e+16
86 13 9.3692391244251552e+16
88 13 4.2623500565697088e+17
90 13 1.7174825497742874e+18
92 13 6.1875507456428892e+18
94 13 1.9911474068160090e+19
96 13 5.7202852075776770e+19
98 13 1.4538323480195287e+20
100 13 3.2552023168516633e+20
102 13 6.3620438691692033e+20
104 13 1.0785215977350739e+21
106 13 1.5696898005478033e+21
108 13 1.9428835176074345e+21
110 13 2.0257401181241313e+21
112 13 1.7544062765754165e+21
114 13 1.2432041132813824e+21
116 13 7.0826220725523946e+20
118 13 3.1529594614861680e+20
120 13 1.0585455053136558e+20
122 13 2.5319104424053948e+19
124 13 3.8684024763340698e+18
126 13 2.9474753542491904e+17
76 14 2.4653819368584523e+09
78 14 1.1034157830264452e+11
80 14 2.0346355410707795e+12
82 14 2.4320566948164734e+13
84 14 2.0645277963116731e+14
86 14 1.3882230485478152e+15
88 14 7.7007657696659590e+15
90 14 3.6698699558214760e+16
92 14 1.5197859886176966e+17
94 14 5.5519664315019072e+17
96 14 1.7918178118479639e+18
98 14 5.1102887072663910e+18
100 14 1.2787968711763206e+19
102 14 2.7788950326605242e+19
104 14 5.2145917818063307e+19
106 14 8.3224769675105485e+19
108 14 1.1174579082070811e+20
110 14 1.2462593006413985e+20
112 14 1.1358389332270014e+20
114 14 8.2887531311907586e+19
116 14 4.7419067741934150e+19
118 14 2.0347604761245782e+19
120 14 6.2270752074577971e+18
122 14 1.2153376429368980e+18
124 14 1.2022652275694979e+17
80 15 2.1242196110473084e+09
82 15 6.1689051049497932e+10
84 15 9.8501496783453357e+11
86 15 9.9752259531515820e+12
88 15 7.6287692454447797e+13
90 15 4.5942653111658250e+14
92 15 2.3018073226305690e+15
94 15 9.8558507868231360e+15
96 15 3.6479688553095256e+16
98 15 1.1803687787242262e+17
100 15 3.3257832182321421e+17
102 15 8.1285119702088397e+17
104 15 1.6983293527292598e+18
106 15 3.0138231241993733e+18
108 15 4.4357422544741509e+18
110 15 5.3600365741789471e+18
112 15 5.1868710173814221e+18
114 15 3.9395460440740511e+18
116 15 2.2457617775731924e+18
118 15 9.2201346657788749e+17
120 15 2.4048586490408013e+17
122 15 3.3242273706221480e+16
82 16 8.6649165274969954e+06
84 16 9.6463367814101374e+08
86 16 2.4542479956263683e+10
88 16 3.1776493506618225e+11
90 16 2.8762937059137734e+12
92 16 1.9365188434011535e+13
94 16 1.0322938106667567e+14
96 16 4.6003570617282038e+14
98 16 1.7263054903802825e+15
100 16 5.5830310380087090e+15
102 16 1.5386665106171122e+16
104 16 3.6310147494281616e+16
106 16 7.1545322423007048e+16
108 16 1.1738080245548938e+17
110 16 1.5413907774090394e+17
112 16 1.6071237796730118e+17
114 16 1.2542703253361768e+17
116 16 7.1831099103783456e+16
118 16 2.6028390986646404e+16
120 16 5.4487297551917250e+15
86 17 2.2776331630671863e+06
88 17 2.8747004863996565e+08
90 17 5.7436058846420383e+09
92 17 6.7253679994472176e+10
94 17 5.4816807122249396e+11
96 17 3.1389053886918247e+12
98 17 1.4976232988163875e+13
100 17 5.6534062655767203e+13
102 17 1.8256802572647597e+14
104 17 4.8348465892798894e+14
106 17 1.0868926351373111e+15
108 17 1.9518340449349440e+15
110 17 2.8666053262011825e+15
112 17 3.1172538070399350e+15
114 17 2.5891057459675470e+15
116 17 1.3248851660380690e+15
118 17 4.4214560268157900e+14
90 18 4.6186102364976949e+05
92 18 3.8230155943411663e+07
94 18 7.9432703829802632e+08
96 18 9.7306088663754730e+09
98 18 6.0166911301135307e+10
100 18 3.2338203745651495e+11
102 18 1.2045481777915239e+12
104 18 3.9115948505811304e+12
106 18 9.5128267386586113e+12
108 18 2.0078981482965543e+13
110 18 3.0231538997090223e+13
112 18 3.7785174371341586e+13
114 18 2.7265790384715996e+13
116 18 1.5148073776941268e+13
96 19 2.6440883970756535e+06
98 19 1.0912153061012149e+08
100 19 6.5870808829265225e+08
102 19 4.3145571349610853e+09
104 19 1.4700488321404678e+10
106 19 4.9317229388411354e+10
108 19 9.9988662629655319e+10
110 19 1.9799756829211264e+11
112 19 1.9479839984146957e+11
114 19 1.9057017992483444e+11
100 20 9.5701451255240920e+05
102 20 3.9245772933237972e+06
104 20 2.9092485735348471e+07
106 20 7.4372162768613771e+07
108 20 2.8995676833658946e+08
110 20 3.7533341545160723e+08
112 20 7.4446840691370237e+08
108 21 1.5955086423967270e+04
110 21 4.2415392488265876e+05
