190 -31 2.3941389493903486e+01
192 -31 1.1952337423264961e+01
196 -31 3.9770910731118119e+00
178 -30 4.8379292109761451e+02
180 -30 1.4509281915199704e+03
182 -30 1.1233235728769696e+03
184 -30 2.6807368266898002e+03
186 -30 3.1739538147703452e+03
188 -30 1.0916935874549395e+03
190 -30 1.0166318723440781e+03
192 -30 3.6329149959504554e+02
194 -30 2.3844519742495194e+01
196 -30 3.1785128326485758e+01
166 -29 1.1351691828245123e+02
168 -29 1.4130803553952314e+03
170 -29 5.0676392061932647e+03
172 -29 1.8217721585846190e+04
174 -29 6.2352705122051251e+04
176 -29 1.0085534024184186e+05
178 -29 1.3749355506260699e+05
180 -29 1.8123276830533650e+05
182 -29 1.4540624253426821e+05
184 -29 9.8841816936949312e+04
186 -29 5.5245717438500134e+04
188 -29 1.9464847564885706e+04
190 -29 6.1444468034410384e+03
192 -29 1.4812077180048336e+03
194 -29 1.5098655410314416e+02
196 -29 3.9975141410202424e+00
160 -28 7.2931759703399212e+02
162 -28 1.5528166913029456e+04
164 -28 9.9247986894417671e+04
166 -28 3.5817130615431478e+05
168 -28 1.0632268862703808e+06
170 -28 2.3614089976877347e+06
172 -28 3.9617684882526728e+06
174 -28 5.2921509006556738e+06
176 -28 5.7721670723222634e+06
178 -28 5.0977483733863784e+06
180 -28 3.4672397796512581e+06
182 -28 1.9512310532528933e+06
184 -28 8.3656340723145392e+05
186 -28 2.8148792477130087e+05
188 -28 7.6803001722219647e+04
190 -28 1.3747887426849715e+04
192 -28 2.0926347762798086e+03
194 -28 9.5722007775633088e+01
196 -28 6.3878419948049022e+01
152 -27 2.6425530057678765e+02
154 -27 6.6925753735031367e+03
156 -27 8.1732021264609561e+04
158 -27 6.4127398187278537e+05
160 -27 3.1743027628091308e+06
162 -27 1.0804573627500430e+07
164 -27 2.7702179996297792e+07
166 -27 5.7388242620620362e+07
168 -27 9.3056620257603660e+07
170 -27 1.2162407925565362e+08
172 -27 1.3359431133869514e+08
174 -27 1.1863895915645193e+08
176 -27 8.6978608742141604e+07
178 -27 5.2398740691814438e+07
180 -27 2.5532170167387761e+07
182 -27 1.0088151997150939e+07
184 -27 3.2971565893827416e+06
186 -27 8.6936661185444240e+05
188 -27 1.6271266683082431e+05
190 -27 3.4814993356505707e+04
192 -27 4.5832765151903222e+03
194 -27 2.7725464750756078e+02
148 -26 1.0989498806431124e+04
150 -26 2.4210984115335828e+05
152 -26 2.3378716636190806e+06
154 -26 1.4393300412308173e+07
156 -26 6.2581092636466868e+07
158 -26 1.9809895225298196e+08
160 -26 4.8783601032369387e+08
162 -26 9.7359305496234870e+08
164 -26 1.5668343255814245e+09
166 -26 2.0967680310930493e+09
168 -26 2.3327174255190229e+09
170 -26 2.1822648616057644e+09
172 -26 1.7072257592737389e+09
174 -26 1.1276755301414340e+09
176 -26 6.2025123983163249e+08
178 -26 2.8655614008076781e+08
180 -26 1.1111996166891900e+08
182 -26 3.5313611427657083e+07
184 -26 9.3853710273189098e+06
186 -26 2.0297544570946656e+06
188 -26 3.5200694706237898e+05
190 -26 3.2345012769446967e+04
192 -26 2.9308145505856064e+03
142 -25 1.1302090002536909e+03
144 -25 2.4214958720753653e+05
146 -25 4.4505431752435006e+06
148 -25 3.8897216047744662e+07
150 -25 2.1689016485837162e+08
152 -25 8.7500735129291427e+08
154 -25 2.6782072915199714e+09
156 -25 6.4944939691355429e+09
158 -25 1.2834949508148832e+10
160 -25 2.1026751522395584e+10
162 -25 2.8793717287815948e+10
164 -25 3.3464863973219555e+10
166 -25 3.3004615310437099e+10
168 -25 2.7799882969097660e+10
170 -25 2.0104071773504768e+10
172 -25 1.2420700012898485e+10
174 -25 6.5449662309450512e+09
176 -25 2.9317228961962171e+09
178 -25 1.1110527303468556e+09
180 -25 3.5084994400730395e+08
182 -25 9.2410795425511897e+07
184 -25 1.9167411496941242e+07
186 -25 3.1631408968775300e+06
188 -25 3.4450301964002522e+05
190 -25 4.0847158566838800e+04
192 -25 2.1697579883264984e+03
138 -24 3.7161045453281899e+04
140 -24 3.5444978283813875e+06
142 -24 5.6976969152261518e+07
144 -24 4.6302093103993213e+08
146 -24 2.4538199781125765e+09
148 -24 9.5621640992603378e+09
150 -24 2.8845502186514961e+10
152 -24 6.9898949179856873e+10
154 -24 1.3952833196079752e+11
156 -24 2.3432369922370343e+11
158 -24 3.3308123461408240e+11
160 -24 4.0552133330628546e+11
162 -24 4.2617965980039136e+11
164 -24 3.8718178564508398e+11
166 -24 3.0580394649756696e+11
168 -24 2.0877940114665875e+11
170 -24 1.2407982191882274e+11
172 -24 6.3285598084774834e+10
174 -24 2.7753278683830666e+10
176 -24 1.0312753887393568e+10
178 -24 3.2227232302644768e+09
180 -24 8.3865685048999786e+08
182 -24 1.7360144914398149e+08
184 -24 2.9892464403893441e+07
186 -24 3.7893399587930054e+06
188 -24 3.6211798757185263e+05
190 -24 1.1489678879661044e+04
132 -23 5.4085939397952211e+02
134 -23 6.2368419750633487e+05
136 -23 3.8845414914347604e+07
138 -23 5.5884904340725899e+08
140 -23 4.3196806004346848e+09
142 -23 2.2434842951664085e+10
144 -23 8.6215664886343811e+10
146 -23 2.5996605031824866e+11
148 -23 6.3616373918016943e+11
150 -23 1.2984154402509358e+12
152 -23 2.2420597710218481e+12
154 -23 3.3290608351991787e+12
156 -23 4.2764012049516870e+12
158 -23 4.7884391738026074e+12
160 -23 4.6875565615652373e+12
162 -23 4.0201889103843613e+12
164 -23 3.0224292054323345e+12
166 -23 1.9897992665094116e+12
168 -23 1.1457562760571497e+12
170 -23 5.7092881210999121e+11
172 -23 2.4518929708613858e+11
174 -23 9.0130538030474823e+10
176 -23 2.7907501734052811e+10
178 -23 7.2411769042351933e+09
180 -23 1.5246270253461175e+09
182 -23 2.6063162068867683e+08
184 -23 3.2020622398025308e+07
186 -23 2.9353030652896487e+06
188 -23 1.1834248589324518e+05
128 -22 1.6713712298251558e+04
130 -22 7.3841125244949339e+06
132 -22 3.4137332785978353e+08
134 -22 4.5229193193412495e+09
136 -22 3.3818502867760319e+10
138 -22 1.7327717996998499e+11
140 -22 6.6374039014522742e+11
142 -22 2.0236754093066121e+12
144 -22 5.0403414310787578e+12
146 -22 1.0584383812124408e+13
148 -22 1.8987684192444555e+13
150 -22 2.9472469463483375e+13
152 -22 4.0003138102354211e+13
154 -22 4.7608144850580648e+13
156 -22 5.0016252405513023e+13
158 -22 4.6459244028223891e+13
160 -22 3.8077223058569164e+13
162 -22 2.7628408821463555e+13
164 -22 1.7665360071609496e+13
166 -22 9.9179075275368320e+12
168 -22 4.8613334926418613e+12
170 -22 2.0564480805500918e+12
172 -22 7.4951944664345691e+11
174 -22 2.3099615464771909e+11
176 -22 5.9667594047523354e+10
178 -22 1.2604379368293760e+10
180 -22 2.1306612944797838e+09
182 -22 2.6717607287638083e+08
184 -22 2.5252160360261980e+07
186 -22 1.2659789154907216e+06
188 -22 1.3529713759458049e+04
124 -21 2.8091253711940802e+05
126 -21 6.8342800430217713e+07
128 -21 2.5046489086394196e+09
130 -21 3.1411293524939568e+10
132 -21 2.2924143021918848e+11
134 -21 1.1684790849542798e+12
136 -21 4.5079126775019609e+12
138 -21 1.3923488117053660e+13
140 -21 3.5585755460421805e+13
142 -21 7.7164779654184906e+13
144 -21 1.4399574446674534e+14
146 -21 2.3401408656310591e+14
148 -21 3.3470370382711562e+14
150 -21 4.2318556367031106e+14
152 -21 4.7542461742128825e+14
154 -21 4.7565813014477225e+14
156 -21 4.2328077313439250e+14
158 -21 3.3594211641155812e+14
160 -21 2.3659261864802231e+14
162 -21 1.4800642048283912e+14
164 -21 8.1498491903719859e+13
166 -21 3.9241525401349477e+13
168 -21 1.6453176904572277e+13
170 -21 5.9390869419635332e+12
172 -21 1.8243190308659556e+12
174 -21 4.7102155621854517e+11
176 -21 9.9387959286607895e+10
178 -21 1.6877575225150068e+10
180 -21 2.1619779175039597e+09
182 -21 2.0307672540717998e+08
184 -21 9.7862440735560562e+06
186 -21 9.0297064835246347e+04
118 -20 2.4208505529231832e+02
120 -20 3.2147410443166103e+06
122 -20 5.2333353725974268e+08
124 -20 1.6002957375584278e+10
126 -20 1.9122231210897818e+11
128 -20 1.3779743222050125e+12
130 -20 7.0016190586591270e+12
132 -20 2.7337662991665102e+13
134 -20 8.6141616636920547e+13
136 -20 2.2628647765332916e+14
138 -20 5.0669175556248825e+14
140 -20 9.8468106645354650e+14
142 -20 1.6755933675788962e+15
144 -20 2.5256954054259165e+15
146 -20 3.3869885417694280e+15
148 -20 4.0584714213630930e+15
150 -20 4.3527952390882475e+15
152 -20 4.1843368889688790e+15
154 -20 3.6108896646108365e+15
156 -20 2.7824345368913050e+15
158 -20 1.9132362601667842e+15
160 -20 1.1737979497257485e+15
162 -20 6.3490534845122438e+14
164 -20 3.0268756699086762e+14
166 -20 1.2562646844544848e+14
168 -20 4.5146127941689898e+13
170 -20 1.3802638074836141e+13
172 -20 3.5607726288935977e+12
174 -20 7.5319273793691858e+11
176 -20 1.2792608770997871e+11
178 -20 1.6496961229207150e+10
180 -20 1.5330158449966762e+09
182 -20 7.7674580226040140e+07
184 -20 9.3540310636563262e+05
114 -19 1.0344094184925912e+04
116 -19 2.9146873405891776e+07
118 -19 3.4216612529655952e+09
120 -19 9.0581973552432159e+10
122 -19 1.0409438603650968e+12
124 -19 7.4186835994875615e+12
126 -19 3.7787028684235578e+13
128 -19 1.4946327806819781e+14
130 -19 4.8218860038460588e+14
132 -19 1.2995091169375988e+15
134 -19 3.0138882432327805e+15
136 -19 6.1007925114002120e+15
138 -19 1.0872687824921050e+16
140 -19 1.7242876897699148e+16
142 -19 2.4471314774158796e+16
144 -19 3.1148673631937152e+16
146 -19 3.5760330784542296e+16
148 -19 3.6909766211660872e+16
150 -19 3.4361609374077676e+16
152 -19 2.8827218256097880e+16
154 -19 2.1705664218140408e+16
156 -19 1.4658380878358138e+16
158 -19 8.8302249502460800e+15
160 -19 4.7233815497315480e+15
162 -19 2.2273315560214368e+15
164 -19 9.1925445678289562e+14
166 -19 3.2859472471052538e+14
168 -19 1.0036980902894339e+14
170 -19 2.5770045683445215e+13
172 -19 5.4715607241603242e+12
174 -19 9.2936900193808984e+11
176 -19 1.2073284849907149e+11
178 -19 1.1297007586065208e+10
180 -19 5.9435810928279245e+08
182 -19 8.9808639035086483e+06
110 -18 1.7813623824045667e+05
112 -18 2.2154253366835874e+08
114 -18 1.9553636740582043e+10
116 -18 4.6106830616114368e+11
118 -18 5.1018504515472129e+12
120 -18 3.5953584231473055e+13
122 -18 1.8467359212402488e+14
124 -18 7.4206923294435750e+14
126 -18 2.4411221835466175e+15
128 -18 6.7914611764549240e+15
130 -18 1.6276713716000848e+16
132 -18 3.4265046841146140e+16
134 -18 6.3857699120600280e+16
136 -18 1.0636360303385971e+17
138 -18 1.5926871639216592e+17
140 -18 2.1504489620899251e+17
142 -18 2.6262358198567546e+17
144 -18 2.9035891611687616e+17
146 -18 2.9099770807974189e+17
148 -18 2.6407313824563034e+17
150 -18 2.1654053724440282e+17
152 -18 1.6024128650949427e+17
154 -18 1.0638887604303088e+17
156 -18 6.3324895921516448e+16
158 -18 3.3494358328178404e+16
160 -18 1.5648434114273492e+16
162 -18 6.4199930057123280e+15
164 -18 2.2861669039551890e+15
166 -18 6.9625964537012012e+14
168 -18 1.7932272404864769e+14
170 -18 3.8046310009144352e+13
172 -18 6.4915340243049346e+12
174 -18 8.4622569261320093e+11
176 -18 7.9367374045791565e+10
178 -18 4.2742781689761848e+09
180 -18 7.0122171217172489e+07
106 -17 2.0688089103598101e+06
108 -17 1.4370067361535234e+09
110 -17 9.9669163930773010e+10
112 -17 2.1110326454371897e+12
114 -17 2.2617071094093043e+13
116 -17 1.5799900747178769e+14
118 -17 8.1530998059771362e+14
120 -17 3.3214639860420720e+15
122 -17 1.1195687349154004e+16
124 -17 3.2043968501664396e+16
126 -17 7.9552842936791392e+16
128 -17 1.7432943311277197e+17
130 -17 3.3941496391823053e+17
132 -17 5.9298792833802675e+17
134 -17 9.3435934986363610e+17
136 -17 1.3344569223851773e+18
138 -17 1.7325105391457948e+18
140 -17 2.0429061797183867e+18
142 -17 2.1926754719894566e+18
144 -17 2.1437908701817751e+18
146 -17 1.9030538486553019e+18
148 -17 1.5329160400963023e+18
150 -17 1.1162842021202668e+18
152 -17 7.3181791346202163e+17
154 -17 4.3146045295822496e+17
156 -17 2.2619434259718813e+17
158 -17 1.0515935135654518e+17
160 -17 4.2932747422332064e+16
162 -17 1.5219378141729112e+16
164 -17 4.6297528854393450e+15
166 -17 1.1908458253653248e+15
168 -17 2.5308526087770219e+14
170 -17 4.3285207413475578e+13
172 -17 5.6824632213791113e+12
174 -17 5.3320412329508832e+11
176 -17 2.9390040289398041e+10
178 -17 5.3666197908463866e+08
102 -16 1.8919638464468472e+07
104 -16 8.0815252824885178e+09
106 -16 4.5059459685854596e+11
108 -16 8.7228993250628291e+12
110 -16 9.0210532313057734e+13
112 -16 6.2632588710263188e+14
114 -16 3.2414724778185680e+15
116 -16 1.3425952498200464e+16
118 -16 4.6265636402420144e+16
120 -16 1.3643553948671147e+17
122 -16 3.5001057992794950e+17
124 -16 7.9614144924624166e+17
126 -16 1.6198410645136087e+18
128 -16 2.9632312486528809e+18
130 -16 4.9127757578041446e+18
132 -16 7.4091735622964675e+18
134 -16 1.0196666318724196e+19
136 -16 1.2791924465392974e+19
138 -16 1.4692906300459655e+19
140 -16 1.5415645495555334e+19
142 -16 1.4771846215607890e+19
144 -16 1.2886733597172390e+19
146 -16 1.0224096547282854e+19
148 -16 7.3553832724974438e+18
150 -16 4.7766985611370496e+18
152 -16 2.7835021189676713e+18
154 -16 1.4520806697449249e+18
156 -16 6.7166325826280986e+17
158 -16 2.7320923858011795e+17
160 -16 9.6769538467515152e+16
162 -16 2.9445157148471088e+16
164 -16 7.5756809087917540e+15
166 -16 1.6138203461158150e+15
168 -16 2.7588051694755422e+14
170 -16 3.6367409809169172e+13
172 -16 3.4336491674730508e+12
174 -16 1.9292203822144177e+11
176 -16 3.8488553670191007e+09
98 -15 1.4143351854230630e+08
100 -15 3.9077263999820488e+10
102 -15 1.8103829072069839e+12
104 -15 3.2203101660608156e+13
106 -15 3.2283030205498756e+14
108 -15 2.2166448409584965e+15
110 -15 1.1570050703028600e+16
112 -15 4.8612240318659680e+16
114 -15 1.7138523432149299e+17
116 -15 5.1988594716659014e+17
118 -15 1.3811771046528394e+18
120 -15 3.2609846885602345e+18
122 -15 6.9081513169337037e+18
124 -15 1.3242353042623005e+19
126 -15 2.3077595410344747e+19
128 -15 3.6694423542283760e+19
130 -15 5.3413398589099942e+19
132 -15 7.1335347847246946e+19
134 -15 8.7252194136127128e+19
136 -15 9.7964959344901915e+19
138 -15 1.0080941084748366e+20
140 -15 9.5040292183395975e+19
142 -15 8.1799603932292907e+19
144 -15 6.4167060495467373e+19
146 -15 4.5642163119939543e+19
148 -15 2.9458714918827348e+19
150 -15 1.7069594687032693e+19
152 -15 8.8532637671786598e+18
154 -15 4.0820478019828628e+18
156 -15 1.6562489417785564e+18
158 -15 5.8570953885443814e+17
160 -15 1.7825841135401002e+17
162 -15 4.5849211492104480e+16
164 -15 9.7814560848213060e+15
166 -15 1.6809101099273735e+15
168 -15 2.2213185763676628e+14
170 -15 2.1081018188832848e+13
172 -15 1.2104916199095188e+12
174 -15 2.5781234846294273e+10
92 -14 2.8630039332335673e+04
94 -14 8.7478140164553154e+08
96 -14 1.6495371536533032e+11
98 -14 6.4306346633151963e+12
100 -14 1.0565193645004652e+14
102 -14 1.0257510597153746e+15
104 -14 6.9784688242204790e+15
106 -14 3.6655829036431792e+16
108 -14 1.5659061172716570e+17
110 -14 5.6443461432693536e+17
112 -14 1.7595293850731569e+18
114 -14 4.8329502836048128e+18
116 -14 1.1844878036252375e+19
118 -14 2.6213587157939704e+19
120 -14 5.2516538632218378e+19
122 -14 9.6113140935573668e+19
124 -14 1.6118954801523242e+20
126 -14 2.4807529579846789e+20
128 -14 3.5090746853307115e+20
130 -14 4.5745586187673115e+20
132 -14 5.4830707455634683e+20
134 -14 6.0563164872008820e+20
136 -14 6.1337389023416720e+20
138 -14 5.7132243410466728e+20
140 -14 4.8688177680293344e+20
142 -14 3.7814741740482671e+20
144 -14 2.6719243424399190e+20
146 -14 1.7124449381831891e+20
148 -14 9.8951982060134433e+19
150 -14 5.1090550476074951e+19
152 -14 2.3515511464576442e+19
154 -14 9.5249752735411220e+18
156 -14 3.3673528360184253e+18
158 -14 1.0241282520862188e+18
160 -14 2.6376024588508541e+17
162 -14 5.6516294511494536e+16
164 -14 9.7221426140036180e+15
166 -14 1.2904920422912025e+15
168 -14 1.2324747180085547e+14
170 -14 7.1893408918040889e+12
172 -14 1.6293052615034320e+11
88 -13 7.7165170625213918e+05
90 -13 4.4470556885067043e+09
92 -13 5.9887224444404382e+11
94 -13 1.9852013348409945e+13
96 -13 3.0459950467442188e+14
98 -13 2.8676715302614745e+15
100 -13 1.9389715871546968e+16
102 -13 1.0247242990869309e+17
104 -13 4.4449720225914067e+17
106 -13 1.6382769458834834e+18
108 -13 5.2566639311782943e+18
110 -13 1.4922168800687782e+19
112 -13 3.7975959236109615e+19
114 -13 8.7536289031265681e+19
116 -13 1.8362570603604263e+20
118 -13 3.5284070830343671e+20
120 -13 6.2388057555546813e+20
122 -13 1.0125251695737960e+21
124 -13 1.5180704797936082e+21
126 -13 2.1023325760465926e+21
128 -13 2.6853913562561852e+21
130 -13 3.1759979063978775e+21
132 -13 3.4592641910696748e+21
134 -13 3.4662225805344406e+21
136 -13 3.1954913810901888e+21
138 -13 2.7028649924071805e+21
140 -13 2.0864422414655037e+21
142 -13 1.4684858121104497e+21
144 -13 9.3731831604520432e+20
146 -13 5.3927035045409148e+20
148 -13 2.7811632901485386e+20
150 -13 1.2772401235919969e+20
152 -13 5.1772782317833519e+19
154 -13 1.8325649254256472e+19
156 -13 5.5905356369331968e+18
158 -13 1.4443334230958920e+18
160 -13 3.0927896821779008e+17
162 -13 5.3483260777460712e+16
164 -13 7.1317439940472720e+15
166 -13 6.8468373539107550e+14
168 -13 4.0622691538229617e+13
170 -13 9.7038822482063416e+11
84 -12 9.3699767109523043e+06
86 -12 1.8317597590640118e+10
88 -12 1.8342901180056255e+12
90 -12 5.3051282114826180e+13
92 -12 7.6096332366105750e+14
94 -12 6.9858156869841240e+15
96 -12 4.6898109736597608e+16
98 -12 2.4919019085549898e+17
100 -12 1.0984372409548193e+18
102 -12 4.1449678788339963e+18
104 -12 1.3690511511420959e+19
106 -12 4.0224431386177618e+19
108 -12 1.0642785560805091e+20
110 -12 2.5553512038278549e+20
112 -12 5.5989556029399066e+20
114 -12 1.1309155869033061e+21
116 -12 2.0999612537108378e+21
118 -12 3.6046255724323359e+21
120 -12 5.7247624670338655e+21
122 -12 8.4237665783386892e+21
124 -12 1.1477376661415931e+22
126 -12 1.4479079939435171e+22
128 -12 1.6917652017477990e+22
130 -12 1.8253963561076081e+22
132 -12 1.8149147861212432e+22
134 -12 1.6624196058984837e+22
136 -12 1.3970863302787440e+22
138 -12 1.0753866537893399e+22
140 -12 7.5446363883323680e+21
142 -12 4.8024684993280968e+21
144 -12 2.7618098525122834e+21
146 -12 1.4245923842197338e+21
148 -12 6.5462559869346552e+20
150 -12 2.6545609501442621e+20
152 -12 9.4086160006055821e+19
154 -12 2.8766409666156929e+19
156 -12 7.4531780316557414e+18
158 -12 1.6040650353737183e+18
160 -12 2.7802130985526173e+17
162 -12 3.7318345778972880e+16
164 -12 3.6066320748299690e+15
166 -12 2.1713963967704856e+14
168 -12 5.4324058234115039e+12
80 -11 6.8463217085458100e+07
82 -11 6.1153469835835022e+10
84 -11 4.7247708868439795e+12
86 -11 1.2118249990460788e+14
88 -11 1.6385294367002795e+15
90 -11 1.4661136931797392e+16
92 -11 9.7907431719588752e+16
94 -11 5.2395684199892352e+17
96 -11 2.3464768186882780e+18
98 -11 9.0576111414004675e+18
100 -11 3.0818074892623077e+19
102 -11 9.3667386181970428e+19
104 -11 2.5712930070988964e+20
106 -11 6.4452254914344570e+20
108 -11 1.4790171334646345e+21
110 -11 3.1318496747984488e+21
112 -11 6.1216575438703181e+21
114 -11 1.1090997353833174e+22
116 -11 1.8656686055049925e+22
118 -11 2.9120383874793973e+22
120 -11 4.2208106240545621e+22
122 -11 5.6905088428181627e+22
124 -11 7.1043352156071988e+22
126 -11 8.2395430188001004e+22
128 -11 8.8283885405631915e+22
130 -11 8.7474276844428528e+22
132 -11 7.9900756443963972e+22
134 -11 6.7015143619761959e+22
136 -11 5.1509101295875045e+22
138 -11 3.6103535348662940e+22
140 -11 2.2998062379217805e+22
142 -11 1.3222218368757541e+22
144 -11 6.8236861584612943e+21
146 -11 3.1411469561468546e+21
148 -11 1.2772559015007971e+21
150 -11 4.5410841766724921e+20
152 -11 1.3935322895377695e+20
154 -11 3.6221392993279943e+19
156 -11 7.8395227080664607e+18
158 -11 1.3659651326597350e+18
160 -11 1.8442542646839232e+17
162 -11 1.7955144493060806e+16
164 -11 1.0961843699723590e+15
166 -11 2.8563525816006039e+13
76 -10 3.4043118263981098e+08
78 -10 1.6485312417644220e+11
80 -10 1.0178744050846863e+13
82 -10 2.3329491295697153e+14
84 -10 2.9906658683488405e+15
86 -10 2.6180340418934620e+16
88 -10 1.7422129622569062e+17
90 -10 9.3982444577770381e+17
92 -10 4.2757182151981036e+18
94 -10 1.6908100540125166e+19
96 -10 5.9212053848515715e+19
98 -10 1.8598754150137292e+20
100 -10 5.3122230177202045e+20
102 -10 1.3883739560580242e+21
104 -10 3.3325830897160615e+21
106 -10 7.4104606633934172e+21
108 -10 1.5248990328889513e+22
110 -10 2.9170405154497845e+22
112 -10 5.1955087660018481e+22
114 -10 8.6083639494183590e+22
116 -10 1.3290583762980050e+23
118 -10 1.9097059861502567e+23
120 -10 2.5520236829582229e+23
122 -10 3.1751219962981705e+23
124 -10 3.6648115205121404e+23
126 -10 3.9192170045702995e+23
128 -10 3.8738463807772413e+23
130 -10 3.5356827079613672e+23
132 -10 2.9646210821230941e+23
134 -10 2.2804921020692187e+23
136 -10 1.6013499676714779e+23
138 -10 1.0213721950690096e+23
140 -10 5.8882283179712149e+22
142 -10 3.0511556354152816e+22
144 -10 1.4086710404815402e+22
146 -10 5.7479218057029595e+21
148 -10 2.0525095211459787e+21
150 -10 6.3245371812207605e+20
152 -10 1.6534100157597332e+20
154 -10 3.5977071532882510e+19
156 -10 6.3146249606985093e+18
158 -10 8.5818077091811226e+17
160 -10 8.4255253592788400e+16
162 -10 5.2176054717563150e+15
164 -10 1.4085185407472253e+14
72 -9 1.2039929115980318e+09
74 -9 3.5774816792954614e+11
76 -9 1.8009803152124703e+13
78 -9 3.7504049287101712e+14
80 -9 4.5804448984350350e+15
82 -9 3.9336618078611824e+16
84 -9 2.6121678079566819e+17
86 -9 1.4184136757386675e+18
88 -9 6.5694017858535168e+18
90 -9 2.6569289965252477e+19
92 -9 9.5888953353357754e+19
94 -9 3.1182433377484997e+20
96 -9 9.2427854845139668e+20
98 -9 2.5221879909486585e+21
100 -9 6.3405084713104557e+21
102 -9 1.4808921676680245e+22
104 -9 3.2095853709779085e+22
106 -9 6.4900057183173783e+22
108 -9 1.2225298117117105e+23
110 -9 2.1514317318577177e+23
112 -9 3.5345529587716208e+23
114 -9 5.4249859580890192e+23
116 -9 7.7517232079929882e+23
118 -9 1.0332445459600129e+24
120 -9 1.2820695830824771e+24
122 -9 1.4789200502124970e+24
124 -9 1.5840088370347510e+24
126 -9 1.5673700369510080e+24
128 -9 1.4336167436309978e+24
130 -9 1.2043923667530882e+24
132 -9 9.2982747061128593e+23
134 -9 6.5435348267299837e+23
136 -9 4.1923424520614656e+23
138 -9 2.4279853806777418e+23
140 -9 1.2634836673609003e+23
142 -9 5.8640939749521918e+22
144 -9 2.4061397673416510e+22
146 -9 8.6431755909896277e+21
148 -9 2.6800645966867427e+21
150 -9 7.0611822307276043e+20
152 -9 1.5457672947092432e+20
154 -9 2.7333675611792732e+19
156 -9 3.7480456552069504e+18
158 -9 3.7086132790198445e+17
160 -9 2.3320149079060124e+16
162 -9 6.5263141981658750e+14
68 -8 3.1241709858051782e+09
70 -8 6.1600499936175146e+11
72 -8 2.5996473327499363e+13
74 -8 4.9673270566177400e+14
76 -8 5.8125891302174040e+15
78 -8 4.9028770700302696e+16
80 -8 3.2427389969135802e+17
82 -8 1.7790581890908129e+18
84 -8 8.3751110538367857e+18
86 -8 3.4709623186078048e+19
88 -8 1.2895535055071702e+20
90 -8 4.3447564831059804e+20
92 -8 1.3404707704505161e+21
94 -8 3.8134022188898315e+21
96 -8 1.0036225145635554e+22
98 -8 2.4611417240588742e+22
100 -8 5.6300784660985407e+22
102 -8 1.2011056800243910e+23
104 -8 2.3975335093471850e+23
106 -8 4.4811268947388236e+23
108 -8 7.8383151674841803e+23
110 -8 1.2824639242933561e+24
112 -8 1.9626645283051167e+24
114 -8 2.8072397181419230e+24
116 -8 3.7449572481298121e+24
118 -8 4.6584586293097061e+24
120 -8 5.3891630052518355e+24
122 -8 5.7854907408264086e+24
124 -8 5.7521688213418659e+24
126 -8 5.2814009744682761e+24
128 -8 4.4641360510333804e+24
130 -8 3.4639768858202928e+24
132 -8 2.4512642938401228e+24
134 -8 1.5807785534844542e+24
136 -8 9.2157949657154047e+23
138 -8 4.8261273263987175e+23
140 -8 2.2569874895881999e+23
142 -8 9.3231080706097415e+22
144 -8 3.3740207273583701e+22
146 -8 1.0548580991064965e+22
148 -8 2.8035935573691062e+21
150 -8 6.1919238258117771e+20
152 -8 1.1051332826932693e+20
154 -8 1.5300231603476685e+19
156 -8 1.5327116252394191e+18
158 -8 9.7852235003252240e+16
160 -8 2.8229400258070270e+15
64 -7 5.9818153221329174e+09
66 -7 8.3377301002267273e+11
68 -7 3.0254849683812000e+13
70 -7 5.3418192207978481e+14
72 -7 6.0122547751430620e+15
74 -7 4.9951106676967520e+16
76 -7 3.2938389908352026e+17
78 -7 1.8212683051490028e+18
80 -7 8.7301151594840003e+18
82 -7 3.7070639178374423e+19
84 -7 1.4171802550161283e+20
86 -7 4.9495024590843360e+20
88 -7 1.5883374848880130e+21
90 -7 4.7162672382109653e+21
92 -7 1.3026646860476222e+22
94 -7 3.3545470345141056e+22
96 -7 8.0809532719452194e+22
98 -7 1.8242626632364178e+23
100 -7 3.8611820109578272e+23
102 -7 7.6685096296079951e+23
104 -7 1.4284071139835059e+24
106 -7 2.4956564165327443e+24
108 -7 4.0910028950313778e+24
110 -7 6.2740309727294173e+24
112 -7 9.0082448311211931e+24
114 -7 1.2078689039367920e+25
116 -7 1.5098287815841896e+25
118 -7 1.7577656886147392e+25
120 -7 1.8997448196291266e+25
122 -7 1.9019381949775850e+25
124 -7 1.7590708624213652e+25
126 -7 1.4993030857910440e+25
128 -7 1.1720637908034443e+25
130 -7 8.3708948320856744e+24
132 -7 5.4405218926871514e+24
134 -7 3.1961128210855074e+24
136 -7 1.6908212081373313e+24
138 -7 7.9746617308729940e+23
140 -7 3.3288939152698516e+23
142 -7 1.2154452672559500e+23
144 -7 3.8358009102260603e+22
146 -7 1.0300546731901582e+22
148 -7 2.3001964914845292e+21
150 -7 4.1542498681036512e+20
152 -7 5.8193009681217315e+19
154 -7 5.9103386798845030e+18
156 -7 3.8321457414447149e+17
158 -7 1.1388816587925814e+16
58 -6 2.6048454723747582e+06
60 -6 8.4559168443233099e+09
62 -6 8.8151990022699609e+11
64 -6 2.7919386583116125e+13
66 -6 4.5957424691558350e+14
68 -6 4.9879580011844280e+15
70 -6 4.0636113956353880e+16
72 -6 2.6836569343196758e+17
74 -6 1.4966596558805647e+18
76 -6 7.3031145849805076e+18
78 -6 3.1743706116625097e+19
80 -6 1.2516487224298617e+20
82 -6 4.5289046773124209e+20
84 -6 1.5108787647400475e+21
86 -6 4.6935287208773870e+21
88 -6 1.3575723753768032e+22
90 -6 3.6769816476495259e+22
92 -6 9.3443823396055757e+22
94 -6 2.2324691697578735e+23
96 -6 5.0163344901692550e+23
98 -6 1.0587774994137157e+24
100 -6 2.1031826520732212e+24
102 -6 3.9296444208217606e+24
104 -6 6.8917752634980084e+24
106 -6 1.1358971100281943e+25
108 -6 1.7550771742796149e+25
110 -6 2.5376409423913727e+25
112 -6 3.4309421662246538e+25
114 -6 4.3300841031434523e+25
116 -6 5.0868340369455343e+25
118 -6 5.5541898925917252e+25
120 -6 5.6224661457196790e+25
122 -6 5.2560147986448895e+25
124 -6 4.5224580035717844e+25
126 -6 3.5740512917010044e+25
128 -6 2.5816309032595360e+25
130 -6 1.6962325385395816e+25
132 -6 1.0085938729815796e+25
134 -6 5.3915066240184913e+24
136 -6 2.5722420233525079e+24
138 -6 1.0862549211028339e+24
140 -6 4.0153631681482061e+23
142 -6 1.2838284867175311e+23
144 -6 3.4868464848780994e+22
146 -6 7.8906181148495745e+21
148 -6 1.4430497130703571e+21
150 -6 2.0511482424164201e+20
152 -6 2.1156284375035826e+19
154 -6 1.4005177399974193e+18
156 -6 4.2824827752094880e+16
54 -5 7.5203647857411355e+06
56 -5 8.8355735997387314e+09
58 -5 7.1559939443894958e+11
60 -5 2.0115857191878203e+13
62 -5 3.0962233459804375e+14
64 -5 3.2540497012230660e+15
66 -5 2.6145414551487520e+16
68 -5 1.7175859398352810e+17
70 -5 9.6831527120431987e+17
72 -5 4.7964207501872323e+18
74 -5 2.1356230427614089e+19
76 -5 8.6771622057750020e+19
78 -5 3.2491165382631044e+20
80 -5 1.1302874866615735e+21
82 -5 3.6665294929932945e+21
84 -5 1.1135832880769552e+22
86 -5 3.1758792065591825e+22
88 -5 8.5340121870676697e+22
90 -5 2.1565928754595162e+23
92 -5 5.1427710870300548e+23
94 -5 1.1579125344041750e+24
96 -5 2.4529237262719406e+24
98 -5 4.8984738002422817e+24
100 -5 9.2233967060846841e+24
102 -5 1.6337262232768652e+25
104 -5 2.7193888400155392e+25
106 -5 4.2448278098980486e+25
108 -5 6.2119489518868667e+25
110 -5 8.5040466504341122e+25
112 -5 1.0867710067970127e+26
114 -5 1.2945040779146259e+26
116 -5 1.4319308006437361e+26
118 -5 1.4680679122546052e+26
120 -5 1.3924150222445719e+26
122 -5 1.2153453225035803e+26
124 -5 9.7393203545820874e+25
126 -5 7.1328577859359231e+25
128 -5 4.7516401399435453e+25
130 -5 2.8638299341428352e+25
132 -5 1.5536026585322842e+25
134 -5 7.5111025761018821e+24
136 -5 3.2182379161238754e+24
138 -5 1.2071775832739463e+24
140 -5 3.9205472094360656e+23
142 -5 1.0807619660236854e+23
144 -5 2.4817678328219155e+22
146 -5 4.6151669154108576e+21
148 -5 6.6645778044222086e+20
150 -5 7.0018222137148998e+19
152 -5 4.7298911440306545e+18
154 -5 1.4948077115598189e+17
50 -4 1.1972428894376824e+07
52 -4 6.7206194717327747e+09
54 -4 4.3864819247741467e+11
56 -4 1.1029192314214539e+13
58 -4 1.5985962139092847e+14
60 -4 1.6248259499763865e+15
62 -4 1.2846433684111920e+16
64 -4 8.4186036651051584e+16
66 -4 4.7804819203803891e+17
68 -4 2.4119051948147881e+18
70 -4 1.0997949751117988e+19
72 -4 4.6061744306829459e+19
74 -4 1.7865764192834657e+20
76 -4 6.4704888216711869e+20
78 -4 2.1964248105945756e+21
80 -4 7.0109016261123931e+21
82 -4 2.1069906697064567e+22
84 -4 5.9842096959860637e+22
86 -4 1.6063497570123989e+23
88 -4 4.0711641708583605e+23
90 -4 9.7611314739326943e+23
92 -4 2.2133298169335564e+24
94 -4 4.7369032531492067e+24
96 -4 9.5718009780176488e+24
98 -4 1.8238232568059425e+25
100 -4 3.2759932531254931e+25
102 -4 5.5308457507534244e+25
104 -4 8.7733195393901515e+25
106 -4 1.3045454309711290e+26
108 -4 1.8155575476321140e+26
110 -4 2.3583164918900170e+26
112 -4 2.8561545451515902e+26
114 -4 3.2166743270989551e+26
116 -4 3.3574522685687736e+26
118 -4 3.2377314414652095e+26
120 -4 2.8768428262940407e+26
122 -4 2.3452949679817939e+26
124 -4 1.7475949847881159e+26
126 -4 1.1847999078913358e+26
128 -4 7.2692152064031801e+25
130 -4 4.0086531656716442e+25
132 -4 1.9733845808062741e+25
134 -4 8.6038576339705543e+24
136 -4 3.2832277744288832e+24
138 -4 1.0840743464543978e+24
140 -4 3.0455626003530126e+23
142 -4 7.1240312561839628e+22
144 -4 1.3503473333178481e+22
146 -4 1.9874398363042138e+21
148 -4 2.1371327162418489e+20
150 -4 1.4773520917929193e+19
152 -4 4.8106420787767712e+17
46 -3 1.0984951686911212e+07
48 -3 3.6764728125169148e+09
50 -3 1.9667300480206592e+11
52 -3 4.4706064377856719e+12
54 -3 6.1300755356375422e+13
56 -3 6.0094101476304575e+14
58 -3 4.6867931000760500e+15
60 -3 3.0612449121070520e+16
62 -3 1.7496777768568502e+17
64 -3 8.9637484852635712e+17
66 -3 4.1892372894050918e+18
68 -3 1.8121976966184288e+19
70 -3 7.2982026152145846e+19
72 -3 2.7562054388096768e+20
74 -3 9.7854246472518769e+20
76 -3 3.2882350351517462e+21
78 -3 1.0435214291512414e+22
80 -3 3.1357517036201827e+22
82 -3 8.9368453004903517e+22
84 -3 2.4153321640701467e+23
86 -3 6.1840704878308053e+23
88 -3 1.5018180158263285e+24
90 -3 3.4525832296298562e+24
92 -3 7.5074610035580240e+24
94 -3 1.5424725226786618e+25
96 -3 2.9929823651216018e+25
98 -3 5.4743083324875972e+25
100 -3 9.4303858446578834e+25
102 -3 1.5259072832973791e+26
104 -3 2.3160543235617264e+26
106 -3 3.2905211500646509e+26
108 -3 4.3682130077275889e+26
110 -3 5.4076058476328756e+26
112 -3 6.2163708502041250e+26
114 -3 6.6243990541990922e+26
116 -3 6.5319395558774118e+26
118 -3 5.9265429760085417e+26
120 -3 4.9367700852078910e+26
122 -3 3.7611824624786643e+26
124 -3 2.6032379590654802e+26
126 -3 1.6298358182226443e+26
128 -3 9.1822331670852715e+25
130 -3 4.6185303999896167e+25
132 -3 2.0539302405588112e+25
134 -3 8.0082879878742183e+24
136 -3 2.7007938790756020e+24
138 -3 7.7474539369396232e+23
140 -3 1.8531314500872930e+23
142 -3 3.5893834820332393e+22
144 -3 5.4158978296835390e+21
146 -3 5.9575331558720392e+20
148 -3 4.2364650815463023e+19
150 -3 1.4286368982504620e+18
42 -2 6.3441454548185924e+06
44 -2 1.3763573693367088e+09
46 -2 6.2462544187053955e+10
48 -2 1.2876534994765903e+12
50 -2 1.6663651478118102e+13
52 -2 1.5812821726823578e+14
54 -2 1.2094997943434948e+15
56 -2 7.8717545173666500e+15
58 -2 4.5332783498008944e+16
60 -2 2.3661891145618214e+17
62 -2 1.1349141679503437e+18
64 -2 5.0702647476377846e+18
66 -2 2.1239684203056136e+19
68 -2 8.3826422085519213e+19
70 -2 3.1283765999504681e+20
72 -2 1.1071691252681720e+21
74 -2 3.7174780670278270e+21
76 -2 1.1856476111483366e+22
78 -2 3.5971728978659584e+22
80 -2 1.0383018648501123e+23
82 -2 2.8452188277365706e+23
84 -2 7.4167104906353105e+23
86 -2 1.8333784584404261e+24
88 -2 4.2981696123704604e+24
90 -2 9.5616596608228729e+24
92 -2 2.0098429045944746e+25
94 -2 3.9929854241683433e+25
96 -2 7.4893850451777723e+25
98 -2 1.3216946861258032e+26
100 -2 2.1922577887942543e+26
102 -2 3.4160476852993626e+26
104 -2 4.9805471105185796e+26
106 -2 6.7828801614293013e+26
108 -2 8.6185922584659091e+26
110 -2 1.0177859178881552e+27
112 -2 1.1133807048536027e+27
114 -2 1.1264854437439184e+27
116 -2 1.0493311791627733e+27
118 -2 8.9740839190210682e+26
120 -2 7.0099301302750301e+26
122 -2 4.9785172257308941e+26
124 -2 3.1971237464213016e+26
126 -2 1.8471253455489810e+26
128 -2 9.5220496347933435e+25
130 -2 4.3465239784582306e+25
132 -2 1.7367078525432996e+25
134 -2 6.0030756268398385e+24
136 -2 1.7672972080900957e+24
138 -2 4.3339551283075739e+23
140 -2 8.6207775835565578e+22
142 -2 1.3361712078755367e+22
144 -2 1.5135313045016792e+21
146 -2 1.1103342733399879e+20
148 -2 3.8944445242426491e+18
38 -1 2.1906747229498681e+06
40 -1 3.3985160014773750e+08
42 -1 1.3061860946184494e+10
44 -1 2.4629086285446503e+11
46 -1 3.0078388644200347e+12
48 -1 2.7534761212241289e+13
50 -1 2.0662301446634134e+14
52 -1 1.3407729578558728e+15
54 -1 7.8041956862580460e+15
56 -1 4.1573271956421536e+16
58 -1 2.0565748613764042e+17
60 -1 9.5499919881672333e+17
62 -1 4.1824242152362936e+18
64 -1 1.7332479857054960e+19
66 -1 6.8253497815434043e+19
68 -1 2.5539052168032977e+20
70 -1 9.1082075656301366e+20
72 -1 3.0955596937545599e+21
74 -1 1.0036726680581843e+22
76 -1 3.1027364171717995e+22
78 -1 9.1418311535030597e+22
80 -1 2.5641613615022651e+23
82 -1 6.8403923121489233e+23
84 -1 1.7372671085218452e+24
86 -1 4.1846159827046265e+24
88 -1 9.5652865459620327e+24
90 -1 2.0711206030341528e+25
92 -1 4.2383068642282771e+25
94 -1 8.1879445938641698e+25
96 -1 1.4917425907287462e+26
98 -1 2.5538164026059304e+26
100 -1 4.1026292036773940e+26
102 -1 6.1742097107910791e+26
104 -1 8.6855036657664198e+26
106 -1 1.1388418665875069e+27
108 -1 1.3875498008410176e+27
110 -1 1.5675563538583568e+27
112 -1 1.6364067813476909e+27
114 -1 1.5721045094906513e+27
116 -1 1.3860944307877685e+27
118 -1 1.1164440515875894e+27
120 -1 8.1794955642361290e+26
122 -1 5.4170654671663237e+26
124 -1 3.2232698856280203e+26
126 -1 1.7128732272565692e+26
128 -1 8.0462933988658783e+25
130 -1 3.3142269051868696e+25
132 -1 1.1795450139722605e+25
134 -1 3.5771808027939835e+24
136 -1 9.0517263225778077e+23
138 -1 1.8556002989268790e+23
140 -1 2.9689951318903433e+22
142 -1 3.4778244827085144e+21
144 -1 2.6372266014238029e+20
146 -1 9.6406246968032358e+18
34 0 4.2472720357609261e+05
36 0 4.8402034569053888e+07
38 0 1.6090666630028524e+09
40 0 2.7687569968235138e+10
42 0 3.1914017359301556e+11
44 0 2.8163422167762129e+12
46 0 2.0751222457854445e+13
48 0 1.3489686910037869e+14
50 0 7.9958324082660875e+14
52 0 4.4020599562937175e+15
54 0 2.2762439281309944e+16
56 0 1.1108197887036797e+17
58 0 5.1534838498615200e+17
60 0 2.2643465345414054e+18
62 0 9.4866113968244060e+18
64 0 3.7912286512209609e+19
66 0 1.4456424801000844e+20
68 0 5.2719540053861754e+20
70 0 1.8369784366065616e+21
72 0 6.1167838561131771e+21
74 0 1.9445534784137405e+22
76 0 5.9061232618462740e+22
78 0 1.7106332998893582e+23
80 0 4.7175102359658115e+23
82 0 1.2387638904848106e+24
84 0 3.0912071122070476e+24
86 0 7.3141555875884078e+24
88 0 1.6417338605413244e+25
90 0 3.4878223801309026e+25
92 0 6.9904075559856758e+25
94 0 1.3213250781122958e+26
96 0 2.3494619878922655e+26
98 0 3.9209672922171297e+26
100 0 6.1296302529111788e+26
102 0 8.9550498108128687e+26
104 0 1.2198590717425408e+27
106 0 1.5435653788499676e+27
108 0 1.8111098262012230e+27
110 0 1.9628569847166552e+27
112 0 1.9582843599489501e+27
114 0 1.7916929562912978e+27
116 0 1.4971194364980128e+27
118 0 1.1371112334614040e+27
120 0 7.8107262862157680e+26
122 0 4.8166232579640432e+26
124 0 2.6520857202709508e+26
126 0 1.2901261016789626e+26
128 0 5.5010180276360573e+25
130 0 2.0278200893041790e+25
132 0 6.3688761658423481e+24
134 0 1.6696773881592928e+24
136 0 3.5455381596959068e+23
138 0 5.8876448977228057e+22
140 0 7.1515527644249567e+21
142 0 5.6514600072267707e+20
144 0 2.1645305857437004e+19
28 1 1.5788447111524924e+01
30 1 3.4369875547787429e+04
32 1 3.0047405163236097e+06
34 1 8.7638439731210604e+07
36 1 1.3755506393255649e+09
38 1 1.4900408826632280e+10
40 1 1.2679217332036040e+11
42 1 9.3120149716631116e+11
44 1 6.2599288486545371e+12
46 1 3.9495297878667469e+13
48 1 2.3526034188430809e+14
50 1 1.3184354144587650e+15
52 1 6.9942241414384760e+15
54 1 3.5187125828783168e+16
56 1 1.6754326077551837e+17
58 1 7.6069107590599437e+17
60 1 3.2963650836850980e+18
62 1 1.3654362101207855e+19
64 1 5.4081739833590202e+19
66 1 2.0480283363716347e+20
68 1 7.4216683432919682e+20
70 1 2.5723160211098457e+21
72 1 8.5087010232379397e+21
74 1 2.6918497682084160e+22
76 1 8.1372978660449163e+22
78 1 2.3399459072428840e+23
80 1 6.4138753806829179e+23
82 1 1.6729399599219898e+24
84 1 4.1375388611674264e+24
86 1 9.7043124907640413e+24
88 1 2.1559895059894670e+25
90 1 4.5178879970180972e+25
92 1 8.9426481974408942e+25
94 1 1.6636322640831016e+26
96 1 2.9061488780597822e+26
98 1 4.7531156437203615e+26
100 1 7.2640797333945546e+26
102 1 1.0350665863767096e+27
104 1 1.3711461579996153e+27
106 1 1.6812579692655865e+27
108 1 1.9058375487049051e+27
110 1 1.9873788041372547e+27
112 1 1.9003459585867108e+27
114 1 1.6588968186796759e+27
116 1 1.3151342726554545e+27
118 1 9.4219511774192766e+26
120 1 6.0640414198279588e+26
122 1 3.4806277765937172e+26
124 1 1.7666845000096350e+26
126 1 7.8449459443486539e+25
128 1 3.0138661506580157e+25
130 1 9.8643667395300033e+24
132 1 2.6923472988984143e+24
134 1 5.9685441780170579e+23
136 1 1.0329502144037498e+23
138 1 1.3105057036361569e+22
140 1 1.0856791625472469e+21
142 1 4.3731120242531123e+19
32 2 2.6733622095167984e+03
34 2 1.8818339873649769e+06
36 2 1.2496591697940832e+08
38 2 3.1834438856767740e+09
40 2 4.7008637748727364e+10
42 2 4.8873969880207007e+11
44 2 4.0479346954742441e+12
46 2 2.8687664244588305e+13
48 2 1.8231523709129625e+14
50 2 1.0628717389886674e+15
52 2 5.8057304897845660e+15
54 2 2.9879650533661784e+16
56 2 1.4576438934927920e+17
58 2 6.7401347586290765e+17
60 2 2.9667876279078999e+18
62 2 1.2459914141689539e+19
64 2 5.0054627492381008e+19
66 2 1.9190303266969446e+20
68 2 7.0396077252494977e+20
70 2 2.4625342074686008e+21
72 2 8.2357939016307394e+21
74 2 2.6281465486578832e+22
76 2 7.9926924028411619e+22
78 2 2.3133428157514547e+23
80 2 6.3694587381980097e+23
82 2 1.6638801249704139e+24
84 2 4.1240529754584881e+24
86 2 9.6657363172569776e+24
88 2 2.1409382571148622e+25
90 2 4.4714048653416215e+25
92 2 8.7842419937957228e+25
94 2 1.6183263494459411e+26
96 2 2.7964613892845187e+26
98 2 4.5112205061723990e+26
100 2 6.7820255830478276e+26
102 2 9.4696486232720777e+26
104 2 1.2244139419606795e+27
106 2 1.4635343434672254e+27
108 2 1.6077154083600641e+27
110 2 1.6191716562618876e+27
112 2 1.4873760095972432e+27
114 2 1.2407442095069991e+27
116 2 9.3501762885516413e+26
118 2 6.3224924580224405e+26
120 2 3.8134818354870276e+26
122 2 2.0323581301989362e+26
124 2 9.4767153586915003e+25
126 2 3.8194640935166954e+25
128 2 1.3110308833903943e+25
130 2 3.7571821913938248e+24
132 2 8.7355603279607183e+23
134 2 1.5882216255379598e+23
136 2 2.1172478336533355e+22
138 2 1.8466905285087320e+21
140 2 7.8831457612622905e+19
36 3 1.2700767094737280e+05
38 3 4.4363587697258420e+07
40 3 2.3235484840179596e+09
42 3 5.2475753017815521e+10
44 3 7.2078036209061353e+11
46 3 7.2205618864952568e+12
48 3 5.8080505099521703e+13
50 3 3.9975041075814819e+14
52 3 2.4567217825431180e+15
54 3 1.3775373707183196e+16
56 3 7.1855754003665008e+16
58 3 3.5113704180218624e+17
60 3 1.6220583112117530e+18
62 3 7.1116033739216056e+18
64 3 2.9601606241288438e+19
66 3 1.1724182481946260e+20
68 3 4.4274624594868797e+20
70 3 1.5933437575965644e+21
72 3 5.4621264153845034e+21
74 3 1.7827482714731939e+22
76 3 5.5286104833624468e+22
78 3 1.6284503922353388e+23
80 3 4.5552039208538601e+23
82 3 1.2064384108223754e+24
84 3 3.0222516311465586e+24
86 3 7.1460235844106577e+24
88 3 1.5918119090232287e+25
90 3 3.3345992260525666e+25
92 3 6.5579929975936550e+25
94 3 1.2077915002270626e+26
96 3 2.0754358482734420e+26
98 3 3.3240163389392223e+26
100 3 4.9431800147697834e+26
102 3 6.8029925585175014e+26
104 3 8.6475950194750168e+26
106 3 1.0106994102275451e+27
108 3 1.0811452245191361e+27
110 3 1.0551620210851855e+27
112 3 9.3449268554575706e+26
114 3 7.4682047378827100e+26
116 3 5.3553083218190532e+26
118 3 3.4211730769568634e+26
120 3 1.9305250795391706e+26
122 3 9.5232445949703347e+25
124 3 4.0623599572000916e+25
126 3 1.4738220369070633e+25
128 3 4.4648658938642740e+24
130 3 1.0982980385697232e+24
132 3 2.1112753070045488e+23
134 3 2.9842409473865161e+22
136 3 2.7613001302481070e+21
138 3 1.2593383599920641e+20
40 4 2.9621220804733140e+06
42 4 6.0208127366413629e+08
44 4 2.5486182007734436e+10
46 4 5.1119550470925104e+11
48 4 6.5656627703758838e+12
50 4 6.2959930522535500e+13
52 4 4.9006143134422681e+14
54 4 3.2757780987279570e+15
56 4 1.9483982788551496e+16
58 4 1.0553956598734302e+17
60 4 5.3025723830111629e+17
62 4 2.4942158724578365e+18
64 4 1.1018326558769873e+19
66 4 4.6066706908517818e+19
68 4 1.8252048516648816e+20
70 4 6.8478865093530052e+20
72 4 2.4421174335358296e+21
74 4 8.2668073326818047e+21
76 4 2.6516092672208831e+22
78 4 8.0459910136906950e+22
80 4 2.3117742638181194e+23
82 4 6.2733046084680277e+23
84 4 1.6055717325477325e+24
86 4 3.8696353336548633e+24
88 4 8.7557944047420595e+24
90 4 1.8589242650038596e+25
92 4 3.6903694696678662e+25
94 4 6.8398776679902522e+25
96 4 1.1793731134518502e+26
98 4 1.8873202189468357e+26
100 4 2.7942735971260171e+26
102 4 3.8170160288133972e+26
104 4 4.7923735441457019e+26
106 4 5.5055692917174732e+26
108 4 5.7650493724246853e+26
110 4 5.4733517652986221e+26
112 4 4.6866490073453570e+26
114 4 3.5976151086835117e+26
116 4 2.4584489776463391e+26
118 4 1.4824142984131818e+26
120 4 7.8128257989832794e+25
122 4 3.5585781991586554e+25
124 4 1.3777023892676833e+25
126 4 4.4530370794348381e+24
128 4 1.1687127382882601e+24
130 4 2.3998097602061979e+23
132 4 3.6228199518615617e+22
134 4 3.5898645691741619e+21
136 4 1.7638992432115633e+20
44 5 4.0037777307876334e+07
46 5 5.2370770500966997e+09
48 5 1.8202496335807410e+11
50 5 3.2791870208015508e+12
52 5 3.9439871581646930e+13
54 5 3.6009229148218850e+14
56 5 2.6994180119164360e+15
58 5 1.7439293601005380e+16
60 5 1.0043375476077482e+17
62 5 5.2577186925684448e+17
64 5 2.5405574868322376e+18
66 5 1.1454868493066990e+19
68 5 4.8493709746199626e+19
70 5 1.9359795528597979e+20
72 5 7.2775813491876456e+20
74 5 2.5873025516679594e+21
76 5 8.6888431035147511e+21
78 5 2.7528954678066014e+22
80 5 8.2248161471559895e+22
82 5 2.3141554337590570e+23
84 5 6.1163502738956216e+23
86 5 1.5177509011556155e+24
88 5 3.5262232283540250e+24
90 5 7.6500111544079447e+24
92 5 1.5481759594962612e+25
94 5 2.9129994714370471e+25
96 5 5.0831198700239586e+25
98 5 8.1926316584706223e+25
100 5 1.2173460559419266e+26
102 5 1.6610171149039354e+26
104 5 2.0715986650126564e+26
106 5 2.3539569992420077e+26
108 5 2.4213257603104714e+26
110 5 2.2487445622402587e+26
112 5 1.8668761148616745e+26
114 5 1.3801896034639347e+26
116 5 8.9968688771320409e+25
118 5 5.1190129739269005e+25
120 5 2.5157996690402586e+25
122 5 1.0509321702385593e+25
124 5 3.6583980379605290e+24
126 5 1.0352883719022783e+24
128 5 2.2924191765089539e+23
130 5 3.7324637480159663e+22
132 5 3.9990444295205846e+21
134 5 2.1392620361873827e+20
48 6 3.4050966350522345e+08
50 6 3.0786697322253155e+10
52 6 8.9842435002577759e+11
54 6 1.4610331436766740e+13
56 6 1.6393082292579831e+14
58 6 1.4210040487205288e+15
60 6 1.0213828497458788e+16
62 6 6.3434830646543688e+16
64 6 3.5160485428966400e+17
66 6 1.7688389137927849e+18
68 6 8.2146137047837809e+18
70 6 3.5405518015797363e+19
72 6 1.4314118987269818e+20
74 6 5.4214829324953951e+20
76 6 1.9282171073309494e+21
78 6 6.4544516593536876e+21
80 6 2.0280137370453825e+22
82 6 5.9836572440363862e+22
84 6 1.6509315956819847e+23
86 6 4.2618614264433685e+23
88 6 1.0263721126779947e+24
90 6 2.3012057484928074e+24
92 6 4.7896816113696787e+24
94 6 9.2353667001890746e+24
96 6 1.6445164674909828e+25
98 6 2.6958538357924711e+25
100 6 4.0482015220817080e+25
102 6 5.5578586185222958e+25
104 6 6.9415032994995870e+25
106 6 7.8408293318227027e+25
108 6 7.9752944003526959e+25
110 6 7.2650878726408572e+25
112 6 5.8794018750120416e+25
114 6 4.1919336298662205e+25
116 6 2.6079804030771827e+25
118 6 1.3993594670301273e+25
120 6 6.3787004397507548e+24
122 6 2.4239035340687124e+24
124 6 7.4780806937841303e+23
126 6 1.8043990453956423e+23
128 6 3.2076641456944272e+22
130 6 3.7582118793138924e+21
132 6 2.2120358630047469e+20
52 7 1.9395519028425088e+09
54 7 1.2620190784294089e+11
56 7 3.1648756060266157e+12
58 7 4.6543623482799289e+13
60 7 4.8664544776532231e+14
62 7 3.9879610575578335e+15
64 7 2.7287800597844200e+16
66 7 1.6192094797292963e+17
68 7 8.5770139965830592e+17
70 7 4.1327166919686687e+18
72 7 1.8297306325962416e+19
74 7 7.5148022202199310e+19
76 7 2.8759634848745646e+20
78 7 1.0266108348910630e+21
80 7 3.4344204355864211e+21
82 7 1.0724054870314786e+22
84 7 3.1257292314493617e+22
86 7 8.4834565366807481e+22
88 7 2.1388618197498590e+23
90 7 5.0032565195197844e+23
92 7 1.0826441058097630e+24
94 7 2.1601222022928064e+24
96 7 3.9595609706979880e+24
98 7 6.6462893444917117e+24
100 7 1.0175351394028780e+25
102 7 1.4174965476496301e+25
104 7 1.7849869720310863e+25
106 7 2.0204363743082852e+25
108 7 2.0436274356949381e+25
110 7 1.8351225548841052e+25
112 7 1.4508139643140139e+25
114 7 9.9975266819196064e+24
116 7 5.9417280967020875e+24
118 7 2.9959910625021410e+24
120 7 1.2594095112180683e+24
122 7 4.2910497857441267e+23
124 7 1.1442620412784741e+23
126 7 2.2489221568335060e+22
128 7 2.9256255181861201e+21
130 7 1.9230840814143422e+20
54 8 1.6182675418246513e+07
56 8 7.3538518614060173e+09
58 8 3.7148491985287628e+11
60 8 8.0224166894628018e+12
62 8 1.0739306782151803e+14
64 8 1.0436576983189416e+15
66 8 8.0609464461787260e+15
68 8 5.2150530081592768e+16
70 8 2.9427931106962342e+17
72 8 1.4830841343194575e+18
74 8 6.7742222244248740e+18
76 8 2.8440652369513837e+19
78 8 1.1016815619118622e+20
80 8 3.9596831724117964e+20
82 8 1.3233912813209550e+21
84 8 4.1111542752386346e+21
86 8 1.1839651497549641e+22
88 8 3.1573599347938297e+22
90 8 7.7836947777525866e+22
92 8 1.7668869874918427e+23
94 8 3.6798324940059070e+23
96 8 7.0143125812030342e+23
98 8 1.2177867515015750e+24
100 8 1.9216268039383124e+24
102 8 2.7347656850582299e+24
104 8 3.4943747769876223e+24
106 8 3.9881646025788594e+24
108 8 4.0349823660797618e+24
110 8 3.5923089756215160e+24
112 8 2.7850074334222084e+24
114 8 1.8583732504523907e+24
116 8 1.0529568760000555e+24
118 8 4.9611146346852212e+23
120 8 1.8982901462060449e+23
122 8 5.6878605495869450e+22
124 8 1.2565954007306995e+22
126 8 1.8397030659940724e+21
128 8 1.3758392223353977e+20
58 9 8.3117279747606635e+07
60 9 2.0329394018583469e+10
62 9 7.8627567132227014e+11
64 9 1.4869838336114369e+13
66 9 1.8045027460764797e+14
68 9 1.6285006295792475e+15
70 9 1.1776808499177940e+16
72 9 7.1862908700771656e+16
74 9 3.8215248458522330e+17
76 9 1.8157357673061294e+18
78 9 7.8099283577083781e+18
80 9 3.0710635890765423e+19
82 9 1.1146520819748001e+20
84 9 3.7198228119591125e+20
86 9 1.1475197033479986e+21
88 9 3.2659462643895039e+21
90 9 8.5554112498946414e+21
92 9 2.0561176524623731e+22
94 9 4.5177797022061087e+22
96 9 9.0459398890401798e+22
98 9 1.6400160877890746e+23
100 9 2.6814220728255010e+23
102 9 3.9391151836110357e+23
104 9 5.1577169389689461e+23
106 9 5.9752590867822642e+23
108 9 6.0838964487967691e+23
110 9 5.3942736159490554e+23
112 9 4.1078362523372441e+23
114 9 2.6584639783456510e+23
116 9 1.4294365117349913e+23
118 9 6.2497021050762073e+22
120 9 2.1357180752870762e+22
122 9 5.4012564833562326e+21
124 9 9.0652360446309014e+20
126 9 7.8848762284685148e+19
62 10 3.2047488045398474e+08
64 10 3.9275324406335602e+10
66 10 1.2274970059257524e+12
68 10 2.0157700442903105e+13
70 10 2.2253799752009959e+14
72 10 1.8477087295061865e+15
74 10 1.2432262765737428e+16
76 10 7.0858047788702688e+16
78 10 3.5210680707461357e+17
80 10 1.5641969928386926e+18
82 10 6.2849182910836296e+18
84 10 2.2936395855027814e+19
86 10 7.6695072852334690e+19
88 10 2.3494808034067975e+20
90 10 6.5976715432397387e+20
92 10 1.6908075372941552e+21
94 10 3.9537238141275068e+21
96 10 8.3713168467186009e+21
98 10 1.5982169690439204e+22
100 10 2.7379269224550256e+22
102 10 4.1830097433593406e+22
104 10 5.6484920174254576e+22
106 10 6.7001282304352490e+22
108 10 6.9107210335163465e+22
110 10 6.1222458701789553e+22
112 10 4.6011362336339715e+22
114 10 2.8766134356706436e+22
116 10 1.4616972024840867e+22
118 10 5.8149531566494366e+21
120 10 1.7159996293510526e+21
122 10 3.3706778509751209e+20
124 10 3.4917614668656902e+19
66 11 6.5644227409374905e+08
68 11 5.5432143456609947e+10
70 11 1.3999602910155730e+12
72 11 2.0119412414804031e+13
74 11 1.9927259262925522e+14
76 11 1.5175540250420200e+15
78 11 9.4210447475963060e+15
80 11 4.9651204885221832e+16
82 11 2.2877755616819203e+17
84 11 9.3893588635270438e+17
86 11 3.4656670676253804e+18
88 11 1.1596640606275930e+19
90 11 3.5205602790966530e+19
92 11 9.7335651755537351e+19
94 11 2.4369402086688870e+20
96 11 5.4988325719561680e+20
98 11 1.1155116537323489e+21
100 11 2.0155153463356715e+21
102 11 3.2260383724042338e+21
104 11 4.5386365228377807e+21
106 11 5.5393377737071122e+21
108 11 5.8184436571584091e+21
110 11 5.1724216139706186e+21
112 11 3.8347183564150549e+21
114 11 2.3051873064636693e+21
116 11 1.0904746762350760e+21
118 11 3.8320242329836074e+20
120 11 9.0058435995643871e+19
122 11 1.1437153120767547e+19
70 12 9.1375938833222055e+08
72 12 5.5361754142689346e+10
74 12 1.1646843121988555e+12
76 12 1.4537776000266979e+13
78 12 1.2930214547437866e+14
80 12 8.9356212137314050e+14
82 12 5.0639431124328480e+15
84 12 2.4458537430194304e+16
86 12 1.0306842383380382e+17
88 12 3.8430048315995245e+17
90 12 1.2831684793389798e+18
92 12 3.8541398440820347e+18
94 12 1.0411743014416765e+19
96 12 2.5252930316896449e+19
98 12 5.4705610640382124e+19
100 12 1.0514411744995962e+20
102 12 1.7775295368149071e+20
104 12 2.6172633312865413e+20
106 12 3.3120335295416966e+20
108 12 3.5615272680895873e+20
110 12 3.1825484876086411e+20
112 12 2.3183261578558384e+20
114 12 1.3258239779960196e+20
116 12 5.6824157727455019e+19
118 12 1.6330899129839403e+19
120 12 2.6206299113311580e+18
74 13 9.5510314816045952e+08
76 13 3.8751698387321922e+10
78 13 6.8834163223791663e+11
80 13 7.5207559313644922e+12
82 13 5.9590035079344875e+13
84 13 3.6939193138976038e+14
86 13 1.8882033126676112e+15
88 13 8.2195651093747420e+15
90 13 3.1065449817137116e+16
92 13 1.0349393201083778e+17
94 13 3.0627396334260774e+17
96 13 8.0316156528219776e+17
98 13 1.8711939823345797e+18
100 13 3.8395959915402824e+18
102 13 6.8924061123379569e+18
104 13 1.0665070755349500e+19
106 13 1.4059825505327151e+19
108 13 1.5428100969260653e+19
110 13 1.3868131267623965e+19
112 13 9.7755564494225060e+18
114 13 5.2341077923946445e+18
116 13 1.8723956872300751e+18
118 13 3.9297489194670285e+17
76 14 8.7863391781527121e+06
78 14 6.3203668418117428e+08
80 14 1.9484103391163986e+10
82 14 2.8199537575814124e+11
84 14 2.7151965280192100e+12
86 14 1.8885236093478332e+13
88 14 1.0423330517268138e+14
90 14 4.7061620294326531e+14
92 14 1.8092405932004978e+15
94 14 5.9991617640732780e+15
96 14 1.7349928367421828e+16
98 14 4.3794223662291944e+16
100 14 9.6656811805452352e+16
102 14 1.8387302046642989e+17
104 14 3.0081480420126886e+17
106 14 4.1049659000448646e+17
108 14 4.6368901393910944e+17
110 14 4.1032979551058771e+17
112 14 2.7910820366231520e+17
114 14 1.2641033878872690e+17
116 14 3.5839322539703116e+16
80 15 7.4721594412817396e+06
82 15 3.2855494060688680e+08
84 15 6.5675504180049086e+09
86 15 8.1631739577642838e+10
88 15 6.5520702745670398e+11
90 15 3.9929510725602046e+12
92 15 1.8920463962818602e+13
94 15 7.4139101863744500e+13
96 15 2.4253307798266491e+14
98 15 6.8342537292453300e+14
100 15 1.6202487586724072e+15
102 15 3.3362770964984990e+15
104 15 5.6776147283138040e+15
106 15 8.1490164780777230e+15
108 15 9.0874637074470360e+15
110 15 8.0568810503086700e+15
112 15 4.6523633878337570e+15
114 15 1.8405633111814608e+15
84 16 3.9284395702103339e+06
86 16 9.7248352989221141e+07
88 16 1.6014794533010595e+09
90 16 1.4794705572382273e+10
92 16 1.0152140579815868e+11
94 16 5.0201105966777686e+11
96 16 2.0384899979430720e+12
98 16 6.4555223831364922e+12
100 16 1.7641683256395961e+13
102 16 3.8044518717483281e+13
104 16 7.0973819429722234e+13
106 16 9.9705967442850312e+13
108 16 1.1799291963287672e+14
110 16 8.6513068595975672e+13
112 16 4.9406574507998031e+13
88 17 7.0733345753445709e+05
90 17 1.8889490800233185e+07
92 17 1.9523972473848790e+08
94 17 1.5780504988661437e+09
96 17 7.9183855474795122e+09
98 17 3.4291566804511063e+10
100 17 1.0185717982744406e+11
102 17 2.7414795667077417e+11
104 17 4.8915927280444586e+11
106 17 8.1509546015090210e+11
108 17 7.4130663974932349e+11
110 17 6.4571476949077917e+11
92 18 5.7466849339477842e+04
94 18 8.9576206804687402e+05
96 18 1.0994828689701166e+07
98 18 5.5066554327147126e+07
100 18 2.9023734992716038e+08
102 18 7.4599240151142132e+08
104 18 2.1725420431440210e+09
106 18 2.4459441373612890e+09
108 18 3.6513801842546287e+09
100 19 2.9311152517032506e+03
102 19 6.8019472612788400e+05
104 19 1.3259412625938563e+06
106 19 6.1712143365107309e+06
