186 -31 4.3782305263174749e+02
188 -31 7.9090659900834464e+02
190 -31 3.5799528992736009e+02
192 -31 4.0124835034557469e+02
194 -31 2.2473544857390263e+02
196 -31 2.4170011499708405e+01
198 -31 3.1880324540538243e+01
200 -31 3.9921512059724660e+00
174 -30 1.0002328829575666e+03
176 -30 6.6632152338205515e+03
178 -30 1.3280165028061128e+04
180 -30 2.6955319968476706e+04
182 -30 5.5691799228405107e+04
184 -30 5.7436514665870636e+04
186 -30 4.9504494220448760e+04
188 -30 3.5512406252908026e+04
190 -30 1.5309550537453535e+04
192 -30 6.5001125569581200e+03
194 -30 1.9873084307659635e+03
196 -30 3.6699819023780458e+02
198 -30 1.5912920826459713e+01
162 -29 1.5746145454634162e+01
164 -29 5.5182431791853219e+02
166 -29 4.9844571410973203e+03
168 -29 2.7024522636314159e+04
170 -29 1.3360575260971751e+05
172 -29 4.1915906219780172e+05
174 -29 9.0003752688342088e+05
176 -29 1.5994362685947246e+06
178 -29 2.2728768720145468e+06
180 -29 2.5285493105278583e+06
182 -29 2.1336693171622325e+06
184 -29 1.4414432356370562e+06
186 -29 7.5220622735365492e+05
188 -29 2.9370908270093665e+05
190 -29 9.8663619493316510e+04
192 -29 1.9054283214435989e+04
194 -29 2.3913656596010464e+03
196 -29 1.3650674199746354e+02
156 -28 2.4193517583244027e+01
158 -28 2.0266045446860298e+03
160 -28 3.5857416202899170e+04
162 -28 2.7093366980189469e+05
164 -28 1.3098556338034980e+06
166 -28 4.7208300007190779e+06
168 -28 1.3032735062250579e+07
170 -28 2.7119741485211123e+07
172 -28 4.4545027119798608e+07
174 -28 6.1078528742581263e+07
176 -28 6.6340883294912152e+07
178 -28 5.8052404699886061e+07
180 -28 4.0980967377472743e+07
182 -28 2.2773056658325363e+07
184 -28 1.0155544985991722e+07
186 -28 3.5588290473718802e+06
188 -28 9.6802239769757562e+05
190 -28 1.6860944765975061e+05
192 -28 3.0241395553313465e+04
194 -28 3.4296841139807398e+03
196 -28 7.5548914641828262e+01
152 -27 3.6187373430376369e+03
154 -27 8.9035021544674397e+04
156 -27 1.0195312184272886e+06
158 -27 6.7755351045605671e+06
160 -27 3.0135037551282946e+07
162 -27 9.9682574154075161e+07
164 -27 2.5788639910237911e+08
166 -27 5.2437411381738251e+08
168 -27 8.5861233687447453e+08
170 -27 1.1553683836971226e+09
172 -27 1.2855372698788817e+09
174 -27 1.1748205651610687e+09
176 -27 8.8505285097930539e+08
178 -27 5.4468741047550845e+08
180 -27 2.7133463510519844e+08
182 -27 1.1178417342576106e+08
184 -27 3.5981135401383944e+07
186 -27 9.4844872013358660e+06
188 -27 1.9379714757929714e+06
190 -27 3.1994971064087091e+05
192 -27 2.5117969208519087e+04
194 -27 3.4645085182720254e+02
146 -26 1.2919581491380478e+02
148 -26 9.8192640986419618e+04
150 -26 1.8954214192925778e+06
152 -26 1.8188682240644716e+07
154 -26 1.0934924810747507e+08
156 -26 4.6349809040856338e+08
158 -26 1.4820763576601501e+09
160 -26 3.7334983249810638e+09
162 -26 7.5619299769727793e+09
164 -26 1.2486770417191902e+10
166 -26 1.7250651545756386e+10
168 -26 1.9879050273966114e+10
170 -26 1.9199547877019890e+10
172 -26 1.5570661738909595e+10
174 -26 1.0552517219911915e+10
176 -26 5.9875169656323566e+09
178 -26 2.8195313832836785e+09
180 -26 1.0989840523614595e+09
182 -26 3.4723268546542561e+08
184 -26 9.1104552699946597e+07
186 -26 1.7643790441651255e+07
188 -26 2.4882157181296567e+06
190 -26 1.9277437991831682e+05
192 -26 3.3495778747946661e+03
142 -25 6.9654693413208761e+03
144 -25 1.5115637972411704e+06
146 -25 2.6607347563070845e+07
148 -25 2.3251337651014969e+08
150 -25 1.3274332582086797e+09
152 -25 5.4485995240824947e+09
154 -25 1.7148664406698727e+10
156 -25 4.3098882946096664e+10
158 -25 8.8068656189497910e+10
160 -25 1.4915295858497485e+11
162 -25 2.1343118886152087e+11
164 -25 2.5740511097663239e+11
166 -25 2.6355399214999130e+11
168 -25 2.3213684904213110e+11
170 -25 1.7277633963388992e+11
172 -25 1.0975609062815233e+11
174 -25 5.9133529707279228e+10
176 -25 2.6695627508958736e+10
178 -25 1.0059956821520372e+10
180 -25 3.1279338971691370e+09
182 -25 7.8031675740530562e+08
184 -25 1.4542013949644208e+08
186 -25 2.0514258907779954e+07
188 -25 1.7982608044011386e+06
190 -25 4.6829060505314512e+04
138 -24 1.5219664660148221e+05
140 -24 1.7109032838866301e+07
142 -24 2.7719768974751979e+08
144 -24 2.3292805814622288e+09
146 -24 1.2891096204329710e+10
148 -24 5.2192751882379562e+10
150 -24 1.6389026250405179e+11
152 -24 4.1373677716363739e+11
154 -24 8.6607187518549829e+11
156 -24 1.5199313228914434e+12
158 -24 2.2619156249809341e+12
160 -24 2.8739782715401836e+12
162 -24 3.1511611533830596e+12
164 -24 2.9831699216268896e+12
166 -24 2.4338288434372959e+12
168 -24 1.7191958176595652e+12
170 -24 1.0399811129612384e+12
172 -24 5.3837017714422333e+11
174 -24 2.3582520668397211e+11
176 -24 8.6630978270422974e+10
178 -24 2.6122525279074463e+10
180 -24 6.3652520200773191e+09
182 -24 1.1903783136609931e+09
184 -24 1.6634932812763482e+08
186 -24 1.3761970527194053e+07
188 -24 3.3200336630194326e+05
132 -23 1.0440972593844267e+03
134 -23 2.0797866508410447e+06
136 -23 1.5456774914170459e+08
138 -23 2.3524977644378862e+09
140 -23 1.9186242162958141e+10
142 -23 1.0477380157291885e+11
144 -23 4.2292829787895087e+11
146 -23 1.3406646288467471e+12
148 -23 3.4617437435921133e+12
150 -23 7.4346972161339385e+12
152 -23 1.3511448498259408e+13
154 -23 2.1055841319837645e+13
156 -23 2.8239639953575742e+13
158 -23 3.3040539109291438e+13
160 -23 3.3619275270474828e+13
162 -23 2.9858252045537359e+13
164 -23 2.3193649004424230e+13
166 -23 1.5660965958795555e+13
168 -23 9.1380131092507988e+12
170 -23 4.5808176860657803e+12
172 -23 1.9559958410898950e+12
174 -23 7.0337613883976453e+11
176 -23 2.0841846352609775e+11
178 -23 5.0023963462272827e+10
180 -23 9.2222572806109905e+09
182 -23 1.2485088048519435e+09
184 -23 1.0142505337056167e+08
186 -23 2.6421130119275120e+06
128 -22 2.9101579070601576e+04
130 -22 2.0796242629148513e+07
132 -22 1.1713586425375888e+09
134 -22 1.7000063881888617e+10
136 -22 1.3515390812708224e+11
138 -22 7.3540166970135388e+11
140 -22 2.9914653153330439e+12
142 -22 9.6325109014448555e+12
144 -22 2.5445273312088406e+13
146 -22 5.6460843458431594e+13
148 -22 1.0667783940758545e+14
150 -22 1.7416879560578888e+14
152 -22 2.4741294592509219e+14
154 -22 3.0806110486511700e+14
156 -22 3.3672275585536844e+14
158 -22 3.2374975642933831e+14
160 -22 2.7470757538227366e+14
162 -22 2.0444974230460812e+14
164 -22 1.3324492548077544e+14
166 -22 7.5435386514485312e+13
168 -22 3.7002291338775203e+13
170 -22 1.5437484287979986e+13
172 -22 5.4538319154331172e+12
174 -22 1.5888517497350776e+12
176 -22 3.7521500563806555e+11
178 -22 6.8414913694454384e+10
180 -22 9.1322797437257710e+09
182 -22 7.4407905603525293e+08
184 -22 2.1151853979373619e+07
124 -21 4.2471629993385385e+05
126 -21 1.6987566721343839e+08
128 -21 7.7204764784414062e+09
130 -21 1.0683807771520009e+11
132 -21 8.4207417178165503e+11
134 -21 4.5831690692002793e+12
136 -21 1.8869207292991023e+13
138 -21 6.1875553628259742e+13
140 -21 1.6785221843638188e+14
142 -21 3.8491744252767544e+14
144 -21 7.5797652435559388e+14
146 -21 1.2952485850393030e+15
148 -21 1.9461550916137822e+15
150 -21 2.5718896664520475e+15
152 -21 3.0076383655235675e+15
154 -21 3.1230719970255415e+15
156 -21 2.8730765902065465e+15
158 -21 2.3416868827741975e+15
160 -21 1.6857769228741662e+15
162 -21 1.0685757848926498e+15
164 -21 5.9188144299967238e+14
166 -21 2.8317678506647994e+14
168 -21 1.1644994806841442e+14
170 -21 4.0387210522978961e+13
172 -21 1.1621541141641363e+13
174 -21 2.7052692055688755e+12
176 -21 4.8809899284220215e+11
178 -21 6.4458404370095451e+10
180 -21 5.2057673957851162e+09
182 -21 1.5194455360238272e+08
118 -20 2.3978719584982748e+01
120 -20 4.5875258303136276e+06
122 -20 1.1857764946262004e+09
124 -20 4.5054728385834793e+10
126 -20 6.0185194352913257e+11
128 -20 4.7107074765830996e+12
130 -20 2.5689886022580754e+13
132 -20 1.0711359694928655e+14
134 -20 3.5977557411748494e+14
136 -20 1.0031140714160734e+15
138 -20 2.3756850160842940e+15
140 -20 4.8723985921911740e+15
142 -20 8.7226292744580860e+15
144 -20 1.3778314724967968e+16
146 -20 1.9320492019039148e+16
148 -20 2.4109772712459952e+16
150 -20 2.6862574100879160e+16
152 -20 2.6712107978905448e+16
154 -20 2.3676049497319108e+16
156 -20 1.8707986466644128e+16
158 -20 1.3068269115697598e+16
160 -20 8.0997797378874790e+15
162 -20 4.3870008272004595e+15
164 -20 2.0674805949750725e+15
166 -20 8.3412971718755475e+14
168 -20 2.8605112581776481e+14
170 -20 8.1197454855572375e+13
172 -20 1.8729650513538426e+13
174 -20 3.3500232213048213e+12
176 -20 4.3656287644592334e+11
178 -20 3.5231500499818146e+10
180 -20 1.0632335391666212e+09
114 -19 2.2204339880008865e+03
116 -19 4.0154112782760300e+07
118 -19 7.1904900111026697e+09
120 -19 2.3638153940571661e+11
122 -19 3.0431641070939170e+12
124 -19 2.3630970852094156e+13
126 -19 1.2967996809843588e+14
128 -19 5.5157362913209500e+14
130 -19 1.8886162433420535e+15
132 -19 5.4148792627281510e+15
134 -19 1.3280853937476542e+16
136 -19 2.8335190657871008e+16
138 -19 5.3142479689481504e+16
140 -19 8.8045863602113152e+16
142 -19 1.3061509220852155e+17
144 -19 1.7340975193070323e+17
146 -19 2.0640866767189021e+17
148 -19 2.2109799371242522e+17
150 -19 2.1177095742334662e+17
152 -19 1.8244590784892694e+17
154 -19 1.4004153519014838e+17
156 -19 9.5697972805988944e+16
158 -19 5.7979818483603048e+16
160 -19 3.0905482203580204e+16
162 -19 1.4328134089215118e+16
164 -19 5.7271950258704460e+15
166 -19 1.9382769586751708e+15
168 -19 5.4559814175583962e+14
170 -19 1.2432731417409433e+14
172 -19 2.2021576371650707e+13
174 -19 2.8465089497996689e+12
176 -19 2.2875757221503870e+11
178 -19 7.1706341716944904e+09
110 -18 6.5987685935417569e+04
112 -18 2.9660133002188259e+08
114 -18 3.8864204273044418e+10
116 -18 1.1187398739476748e+12
118 -18 1.3934210689325666e+13
120 -18 1.0770857765740602e+14
122 -18 5.9474325355637450e+14
124 -18 2.5607769793875180e+15
126 -18 8.9620536530400330e+15
128 -18 2.6450629331240436e+16
130 -18 6.7146934318125536e+16
132 -18 1.4901232546229222e+17
134 -18 2.9120473324481747e+17
136 -18 5.0852346981711507e+17
138 -18 7.9491288705536256e+17
140 -18 1.1191415927604161e+18
142 -18 1.4192255731660941e+18
144 -18 1.6256295591308672e+18
146 -18 1.6793783864124398e+18
148 -18 1.5648898354657623e+18
150 -18 1.3109633733117670e+18
152 -18 9.8484014451870746e+17
154 -18 6.6174394106694246e+17
156 -18 3.9410667509121971e+17
158 -18 2.0650909179208458e+17
160 -18 9.4581291481306928e+16
162 -18 3.7371892282578352e+16
164 -18 1.2546785769450658e+16
166 -18 3.4920550701077810e+15
168 -18 7.9076439021055775e+14
170 -18 1.3889064962758608e+14
172 -18 1.7805540131460559e+13
174 -18 1.4273443711504038e+12
176 -18 4.6146639498619316e+10
106 -17 1.0522149588482915e+06
108 -17 1.8766152683972216e+09
110 -17 1.8769251645000836e+11
112 -17 4.8221072877154756e+12
114 -17 5.7649950845339695e+13
116 -17 4.4176900100034625e+14
118 -17 2.4597649883018180e+15
120 -17 1.0716353568629584e+16
122 -17 3.8469174830823640e+16
124 -17 1.1667667893236614e+17
126 -17 3.0596426366289062e+17
128 -17 7.0446531091429184e+17
130 -17 1.4411389126452462e+18
132 -17 2.6319816224601472e+18
134 -17 4.3416174170147732e+18
136 -17 6.4549410982612050e+18
138 -17 8.6970847691812372e+18
140 -17 1.0639751945854591e+19
142 -17 1.1797492535497959e+19
144 -17 1.1849760761481748e+19
146 -17 1.0791288716916664e+19
148 -17 8.8462001208795259e+18
150 -17 6.5270377495084493e+18
152 -17 4.3123802283030446e+18
154 -17 2.5328341253269033e+18
156 -17 1.3123135252034299e+18
158 -17 5.9426902404920090e+17
160 -17 2.3240676380070810e+17
162 -17 7.7341266887379184e+16
164 -17 2.1418301795705868e+16
166 -17 4.8049209658852120e+15
168 -17 8.3771297516614962e+14
170 -17 1.0674665566177170e+14
172 -17 8.5557769639885977e+12
174 -17 2.8521465676680658e+11
102 -16 1.1036471957356799e+07
104 -16 1.0305954595913475e+10
106 -16 8.0275147253847681e+11
108 -16 1.8564738414545102e+13
110 -16 2.1491171081907378e+14
112 -16 1.6338421075376248e+15
114 -16 9.1167621279589360e+15
116 -16 4.0406133951808776e+16
118 -16 1.4782650969689958e+17
120 -16 4.6103283427499635e+17
122 -16 1.2503231787514209e+18
124 -16 2.9880028541559148e+18
126 -16 6.3778305739954207e+18
128 -16 1.2230402780074602e+19
130 -16 2.1174143825689330e+19
132 -16 3.3243055225236177e+19
134 -16 4.7496532348219703e+19
136 -16 6.1757781082584818e+19
138 -16 7.3364429567065719e+19
140 -16 7.9125061257040019e+19
142 -16 7.7882440722705547e+19
144 -16 6.9410617093915820e+19
146 -16 5.6043161685117125e+19
148 -16 4.0667737273781895e+19
150 -16 2.6523121438617682e+19
152 -16 1.5382886916323314e+19
154 -16 7.8910641176024115e+18
156 -16 3.5370179601075497e+18
158 -16 1.3736760242054779e+18
160 -16 4.5449006233525146e+17
162 -16 1.2482648401722029e+17
164 -16 2.7885367434111320e+16
166 -16 4.8342365261202280e+15
168 -16 6.1119532873463975e+14
170 -16 4.9056536488256758e+13
172 -16 1.6721649026663728e+12
98 -15 8.9166039707095236e+07
100 -15 4.8498844061682320e+10
102 -15 3.0466989652395103e+12
104 -15 6.3950494524599969e+13
106 -15 7.1671464694072588e+14
108 -15 5.3692901623380200e+15
110 -15 3.0181901512636456e+16
112 -15 1.3565422427094955e+17
114 -15 5.0762284176233741e+17
116 -15 1.6296103704707963e+18
118 -15 4.5578019737155661e+18
120 -15 1.1296254741751075e+19
122 -15 2.5107467808996704e+19
124 -15 5.0390253318854861e+19
126 -15 9.1640164417372242e+19
128 -15 1.5170596384932315e+20
130 -15 2.2975449969397740e+20
132 -15 3.1796754224848568e+20
134 -15 4.0261507301626407e+20
136 -15 4.6572406996262296e+20
138 -15 4.9231647574214692e+20
140 -15 4.7467895986765208e+20
142 -15 4.1671880486916397e+20
144 -15 3.3121785947121425e+20
146 -15 2.3780600733268656e+20
148 -15 1.5336408500480275e+20
150 -15 8.8146061328332734e+19
152 -15 4.4822526959576990e+19
154 -15 1.9969065383499719e+19
156 -15 7.7020410041605755e+18
158 -15 2.5331994195570120e+18
160 -15 6.9294993194254502e+17
162 -15 1.5377428630624973e+17
164 -15 2.6541789323260432e+16
166 -15 3.3405128022704070e+15
168 -15 2.6756944109377744e+14
170 -15 9.3198621771331523e+12
94 -14 5.7809908224514246e+08
96 -14 1.9638634246075964e+11
98 -14 1.0061510163421723e+13
100 -14 1.9415684782862878e+14
102 -14 2.1077588998701028e+15
104 -14 1.5674308384789064e+16
106 -14 8.8483068675641904e+16
108 -14 4.0409949370799091e+17
110 -14 1.5432696526551370e+18
112 -14 5.0826321066165105e+18
114 -14 1.4688727713119525e+19
116 -14 3.7853221434062578e+19
118 -14 8.7459597876187431e+19
120 -14 1.8363819869194004e+20
122 -14 3.5066829491369928e+20
124 -14 6.1181929526268304e+20
126 -14 9.7774722804847018e+20
128 -14 1.4367892216308664e+21
130 -14 1.9361271541853905e+21
132 -14 2.3961492684492201e+21
134 -14 2.7185107391704796e+21
136 -14 2.8256593442667663e+21
138 -14 2.6881549845706729e+21
140 -14 2.3298661228566188e+21
142 -14 1.8313517865459916e+21
144 -14 1.3018192857707562e+21
146 -14 8.3049970009136785e+20
148 -14 4.7437383184601435e+20
150 -14 2.4012070968263252e+20
152 -14 1.0624336406721190e+20
154 -14 4.0787688583021822e+19
156 -14 1.3332755865471465e+19
158 -14 3.6394701261065339e+18
160 -14 8.0436639311956275e+17
162 -14 1.3834783778915664e+17
164 -14 1.7362046746521010e+16
166 -14 1.3938680123163525e+15
168 -14 4.9473192286001922e+13
90 -13 3.0017403375155473e+09
92 -13 6.7593358129272681e+11
94 -13 2.9075175279309328e+13
96 -13 5.1658912048700062e+14
98 -13 5.4387352058132010e+15
100 -13 4.0127287686346728e+16
102 -13 2.2782707747869971e+17
104 -13 1.0550311258782537e+18
106 -13 4.1079316973074371e+18
108 -13 1.3921809823136266e+19
110 -13 4.1591254561988346e+19
112 -13 1.1097230443043861e+20
114 -13 2.6771928895060381e+20
116 -13 5.8752355095014408e+20
118 -13 1.1753337794666365e+21
120 -13 2.1582143037964825e+21
122 -13 3.6458259462460922e+21
124 -13 5.6739500831930958e+21
126 -13 8.1283520225346931e+21
128 -13 1.0727830240438946e+22
130 -13 1.3044133589362592e+22
132 -13 1.4603203059205802e+22
134 -13 1.4992220451332359e+22
136 -13 1.4090949662693887e+22
138 -13 1.2098315065032922e+22
140 -13 9.4280199579180875e+21
142 -13 6.6469030087974254e+21
144 -13 4.2172528964228817e+21
146 -13 2.3938597093495496e+21
148 -13 1.2034374948304884e+21
150 -13 5.3205043850994064e+20
152 -13 2.0337184217572927e+20
154 -13 6.6263050605738058e+19
156 -13 1.8070624561686036e+19
158 -13 3.9789329734034273e+18
160 -13 6.8363448834514432e+17
162 -13 8.5687984060273216e+16
164 -13 6.8838037532549800e+15
166 -13 2.4893506901901481e+14
84 -12 6.8742040690842061e+05
86 -12 1.2384373938756725e+10
88 -12 1.9661970990167004e+12
90 -12 7.2053584811888734e+13
92 -12 1.1973350882667975e+15
94 -12 1.2226929193103890e+16
96 -12 8.9305384635553760e+16
98 -12 5.0941261934799162e+17
100 -12 2.3933499927055447e+18
102 -12 9.5262890530597130e+18
104 -12 3.3156870150412730e+19
106 -12 1.0235866986845415e+20
108 -12 2.8343117210492548e+20
110 -12 7.1152725140727765e+20
112 -12 1.6293140865075461e+21
114 -12 3.4242438410679018e+21
116 -12 6.6199945690674731e+21
118 -12 1.1806622228015779e+22
120 -12 1.9441040807157932e+22
122 -12 2.9589005422952519e+22
124 -12 4.1616749000922830e+22
126 -12 5.4152937084366736e+22
128 -12 6.5001585084963041e+22
130 -12 7.1860207154262864e+22
132 -12 7.3095455555631505e+22
134 -12 6.8122453857346978e+22
136 -12 5.8007321453970420e+22
138 -12 4.4935827049303943e+22
140 -12 3.1589968055698637e+22
142 -12 1.9966952506135063e+22
144 -12 1.1300090987124200e+22
146 -12 5.6606951907916408e+21
148 -12 2.4954215577349915e+21
150 -12 9.5161663313158550e+20
152 -12 3.1011152198483050e+20
154 -12 8.4325882443330077e+19
156 -12 1.8599844674202657e+19
158 -12 3.1898075855600865e+18
160 -12 4.0016887690967008e+17
162 -12 3.2164261296548784e+16
164 -12 1.1831857899553960e+15
80 -11 1.0768414338721182e+07
82 -11 4.1044584082465988e+10
84 -11 4.7919163853563262e+12
86 -11 1.5308260080483391e+14
88 -11 2.3781004154809585e+15
90 -11 2.3589268537988620e+16
92 -11 1.7125002122121667e+17
94 -11 9.8063343380692045e+17
96 -11 4.6660917961948180e+18
98 -11 1.9033995044935152e+19
100 -11 6.7995146732079989e+19
102 -11 2.1688985270038164e+20
104 -11 6.2279534725729563e+20
106 -11 1.6287351489399454e+21
108 -11 3.8959869768245539e+21
110 -11 8.5753770717044246e+21
112 -11 1.7445223542035573e+22
114 -11 3.2796378060055663e+22
116 -11 5.7239081519261843e+22
118 -11 9.2448008839554610e+22
120 -11 1.3842036408357354e+23
122 -11 1.9238741422514623e+23
124 -11 2.4747252318157031e+23
126 -11 2.9441849641984198e+23
128 -11 3.2274379301082514e+23
130 -11 3.2633834348608662e+23
132 -11 3.0275510773917978e+23
134 -11 2.5672083891967737e+23
136 -11 1.9847931350181313e+23
138 -11 1.3903171909832448e+23
140 -11 8.7582360651905641e+22
142 -11 4.9489326158185559e+22
144 -11 2.4782041834972747e+22
146 -11 1.0907095625638848e+22
148 -11 4.1685476886587072e+21
150 -11 1.3568003940705042e+21
152 -11 3.6898605619120308e+20
154 -11 8.1449409171168166e+19
156 -11 1.4024712965032544e+19
158 -11 1.7572881451788329e+18
160 -11 1.4209410622280675e+17
162 -11 5.3134807661361040e+15
76 -10 7.6502993546194151e+07
78 -10 1.0887067706706317e+11
80 -10 9.6669848749672148e+12
82 -10 2.7350494928182056e+14
84 -10 4.0196839761896460e+15
86 -10 3.8773921290336848e+16
88 -10 2.7979010932713078e+17
90 -10 1.6080016546009108e+18
92 -10 7.7679059773490842e+18
94 -10 3.2281943660220396e+19
96 -10 1.1872720477388312e+20
98 -10 3.9063091789923831e+20
100 -10 1.1651106018639896e+21
102 -10 3.1703923901731533e+21
104 -10 7.9319375860365535e+21
106 -10 1.8317765519254487e+22
108 -10 3.9161637028728052e+22
110 -10 7.7657542589895219e+22
112 -10 1.4324611134765622e+23
114 -10 2.4583073864614026e+23
116 -10 3.9170764627566562e+23
118 -10 5.8053621246657625e+23
120 -10 7.9923546646115065e+23
122 -10 1.0216733022019846e+24
124 -10 1.2072086994292398e+24
126 -10 1.3199485578112021e+24
128 -10 1.3298956451267550e+24
130 -10 1.2294999841781366e+24
132 -10 1.0418925483003390e+24
134 -10 8.0430120756222082e+23
136 -10 5.6285873204581166e+23
138 -10 3.5521253368375832e+23
140 -10 2.0084923276785775e+23
142 -10 1.0067866145496938e+23
144 -10 4.4386036224939841e+22
146 -10 1.6964132432454997e+22
148 -10 5.5379317256296249e+21
150 -10 1.5097294185585839e+21
152 -10 3.3434104776800574e+20
154 -10 5.7630027748256965e+19
156 -10 7.2548705334437028e+18
158 -10 5.9020958726623795e+17
160 -10 2.2412590328386048e+16
72 -9 3.2961405781913149e+08
74 -9 2.2849109193471027e+11
76 -9 1.6140179906847369e+13
78 -9 4.0747577624206762e+14
80 -9 5.6686437525666670e+15
82 -9 5.3455606702847264e+16
84 -9 3.8273911938521562e+17
86 -9 2.2187023269684818e+18
88 -9 1.0853680036265705e+19
90 -9 4.6135042223336563e+19
92 -9 1.7447003427813579e+20
94 -9 5.9255897480992221e+20
96 -9 1.8316487246642206e+21
98 -9 5.1934452120208089e+21
100 -9 1.3576771369170377e+22
102 -9 3.2895220753531293e+22
104 -9 7.3878689155440154e+22
106 -9 1.5473660793909614e+23
108 -9 3.0156550858404603e+23
110 -9 5.4863077763826850e+23
112 -9 9.3130347045617204e+23
114 -9 1.4735536115897124e+24
116 -9 2.1707530657570366e+24
118 -9 2.9729951763542659e+24
120 -9 3.7870259337137864e+24
122 -9 4.4686678545307702e+24
124 -9 4.8764973774066628e+24
126 -9 4.9160986916084275e+24
128 -9 4.5513347311470926e+24
130 -9 3.8566849730935527e+24
132 -9 2.9833878993738622e+24
134 -9 2.0922107275386455e+24
136 -9 1.3236153549526415e+24
138 -9 7.4920431151875992e+23
140 -9 3.7731877319342058e+23
142 -9 1.6683427524371260e+23
144 -9 6.4057267032282798e+22
146 -9 2.0975140265481707e+22
148 -9 5.7360212609655175e+21
150 -9 1.2766150184024458e+21
152 -9 2.2111692686420509e+20
154 -9 2.8057633531400782e+19
156 -9 2.2942146886733143e+18
158 -9 8.8592457662737728e+16
68 -8 9.5267089515186286e+08
70 -8 3.7958144435809290e+11
72 -8 2.1849005206885207e+13
74 -8 5.0005583465255556e+14
76 -8 6.6240008878574050e+15
78 -8 6.1192084906644696e+16
80 -8 4.3448005202291226e+17
82 -8 2.5346529888826281e+18
84 -8 1.2590602245568473e+19
86 -8 5.4771323864091689e+19
88 -8 2.1242525080865246e+20
90 -8 7.4510983256492592e+20
92 -8 2.3889261382988307e+21
94 -8 7.0698658600827465e+21
96 -8 1.9306831635556459e+22
98 -8 4.8991675579850297e+22
100 -8 1.1582971227437589e+23
102 -8 2.5582341529302402e+23
104 -8 5.2765375184037847e+23
106 -8 1.0188150661232506e+24
108 -8 1.8379868747738102e+24
110 -8 3.1033601369276549e+24
112 -8 4.8860441153142239e+24
114 -8 7.1844270981464511e+24
116 -8 9.8405504859706006e+24
118 -8 1.2531587784816423e+25
120 -8 1.4820718227700069e+25
122 -8 1.6221746240563631e+25
124 -8 1.6379326093664188e+25
126 -8 1.5219395415816693e+25
128 -8 1.2951181683834031e+25
130 -8 1.0062805795661883e+25
132 -8 7.0845857668882035e+24
134 -8 4.5037325613717502e+24
136 -8 2.5644312963646306e+24
138 -8 1.2966311106932483e+24
140 -8 5.7672398862498221e+23
142 -8 2.2264497167693558e+23
144 -8 7.3365465413759218e+22
146 -8 2.0212448912101486e+22
148 -8 4.5197842806957587e+21
150 -8 7.9084194375586480e+20
152 -8 1.0097645963258369e+20
154 -8 8.3548633949256827e+18
156 -8 3.2744371532247827e+17
64 -7 1.9327645522428880e+09
66 -7 4.9592993966457281e+11
68 -7 2.3885301280604211e+13
70 -7 5.0026587132948488e+14
72 -7 6.3353422494649730e+15
74 -7 5.7086546951583792e+16
76 -7 4.0394610443223360e+17
78 -7 2.3708887312731571e+18
80 -7 1.1932581458980798e+19
82 -7 5.3052346938585129e+19
84 -7 2.1109242555033695e+20
86 -7 7.6588178516399371e+20
88 -7 2.5463054315050600e+21
90 -7 7.8321909821024376e+21
92 -7 2.2416081995145125e+22
94 -7 5.9657658509607085e+22
96 -7 1.4843065314700725e+23
98 -7 3.4586137590779865e+23
100 -7 7.5516137643407457e+23
102 -7 1.5488550835443319e+24
104 -7 2.9714259071506208e+24
106 -7 5.3480114138416867e+24
108 -7 9.0183405773387526e+24
110 -7 1.4213534780710082e+25
112 -7 2.0946674620582827e+25
114 -7 2.8782471031060075e+25
116 -7 3.6797304121945557e+25
118 -7 4.3703089653261633e+25
120 -7 4.8090849817561144e+25
122 -7 4.8875395528861892e+25
124 -7 4.5670488513110178e+25
126 -7 3.9126891082760589e+25
128 -7 3.0573141527488761e+25
130 -7 2.1706563607784729e+25
132 -7 1.3904682728357348e+25
134 -7 7.9800642936489370e+24
136 -7 4.0648050927399638e+24
138 -7 1.8211462479716887e+24
140 -7 7.0877470069167399e+23
142 -7 2.3546321982460334e+23
144 -7 6.5435231189506579e+22
146 -7 1.4773184926075910e+22
148 -7 2.6082549474578971e+21
150 -7 3.3669404992016056e+20
152 -7 2.8241137303822320e+19
154 -7 1.1301463719580549e+18
60 -6 2.8472728552015481e+09
62 -6 5.0327049657567853e+11
64 -6 2.0717909803237168e+13
66 -6 4.0049778484995125e+14
68 -6 4.8542167872556080e+15
70 -6 4.2940397050313760e+16
72 -6 3.0175566490915130e+17
74 -6 1.7797368808104852e+18
76 -6 9.0943609391589601e+18
78 -6 4.1257247206619038e+19
80 -6 1.6888846175580127e+20
82 -6 6.3234382327385738e+20
84 -6 2.1816657407055005e+21
86 -6 6.9832418987014630e+21
88 -6 2.0858480417844910e+22
90 -6 5.8300007619497260e+22
92 -6 1.5284756722390862e+23
94 -6 3.7586184898027332e+23
96 -6 8.6984630725115070e+23
98 -6 1.8907898823768087e+24
100 -6 3.8662982486409881e+24
102 -6 7.4273370882062262e+24
104 -6 1.3397913119191253e+25
106 -6 2.2645310008754726e+25
108 -6 3.5922555834463378e+25
110 -6 5.3201497912593190e+25
112 -6 7.3601400773816913e+25
114 -6 9.4954962169596886e+25
116 -6 1.1362604952971487e+26
118 -6 1.2604007418545657e+26
120 -6 1.2919316156652308e+26
122 -6 1.2193040272318004e+26
124 -6 1.0551362484645773e+26
126 -6 8.3292309724778831e+25
128 -6 5.9710327613955480e+25
130 -6 3.8637100756885249e+25
132 -6 2.2413056283012955e+25
134 -6 1.1536419797103114e+25
136 -6 5.2229237110810960e+24
138 -6 2.0551362497642233e+24
140 -6 6.9014088193206661e+23
142 -6 1.9392579756586276e+23
144 -6 4.4394267997014139e+22
146 -6 7.9243292866737508e+21
148 -6 1.0374966122495813e+21
150 -6 8.8454161016901861e+19
152 -6 3.6086957277848771e+18
56 -5 3.0468782302141294e+09
58 -5 3.9280447582866760e+11
60 -5 1.4030019628848215e+13
62 -5 2.5223832422060672e+14
64 -5 2.9418263984560585e+15
66 -5 2.5505316851726568e+16
68 -5 1.7822796300165168e+17
70 -5 1.0540547814590930e+18
72 -5 5.4453414308876913e+18
74 -5 2.5197786537303171e+19
76 -5 1.0601610279525520e+20
78 -5 4.0902917418048795e+20
80 -5 1.4666773630425608e+21
82 -5 4.8939841603824685e+21
84 -5 1.5286395098478024e+22
86 -5 4.4874505313779288e+22
88 -5 1.2381874148787193e+23
90 -5 3.2229191524736063e+23
92 -5 7.8925986572284998e+23
94 -5 1.8241273560422415e+24
96 -5 3.9690246690767222e+24
98 -5 8.1409053023822213e+24
100 -5 1.5726894815572696e+25
102 -5 2.8558055832337716e+25
104 -5 4.8730898719303461e+25
106 -5 7.7905156394334986e+25
108 -5 1.1669112766489069e+26
110 -5 1.6313202796143891e+26
112 -5 2.1264898245330033e+26
114 -5 2.5756407677177740e+26
116 -5 2.8950877806390693e+26
118 -5 3.0045679625045610e+26
120 -5 2.8726780838983797e+26
122 -5 2.5178237883905574e+26
124 -5 2.0132817534971359e+26
126 -5 1.4627724486105371e+26
128 -5 9.5830151032210853e+25
130 -5 5.6297931134655522e+25
132 -5 2.9381941552535706e+25
134 -5 1.3501416391979751e+25
136 -5 5.3801757431291120e+24
138 -5 1.8339612818675694e+24
140 -5 5.2266922641927562e+23
142 -5 1.2133768755914523e+23
144 -5 2.2047178726321636e+22
146 -5 2.9319502588030642e+21
148 -5 2.5480445096198380e+20
150 -5 1.0667109179513598e+19
50 -4 9.4084428198039811e+05
52 -4 2.3378198195840068e+09
54 -4 2.3063261588521301e+11
56 -4 7.2783351276052197e+12
58 -4 1.2181159959613427e+14
60 -4 1.3660793969161190e+15
62 -4 1.1593250655025284e+16
64 -4 8.0570668492955344e+16
66 -4 4.7807734516231571e+17
68 -4 2.5037909934307057e+18
70 -4 1.1819140816295496e+19
72 -4 5.1014021512701968e+19
74 -4 2.0365368341027730e+20
76 -4 7.5583463433867782e+20
78 -4 2.6310851934665473e+21
80 -4 8.6215941943083852e+21
82 -4 2.6529431682878995e+22
84 -4 7.7176516443447304e+22
86 -4 2.1222117878311327e+23
88 -4 5.5165630684142825e+23
90 -4 1.3540729645601065e+24
92 -4 3.1443046583539567e+24
94 -4 6.8951829304908699e+24
96 -4 1.4276218282198226e+25
98 -4 2.7859889059241325e+25
100 -4 5.1235779288781176e+25
102 -4 8.8474344835537962e+25
104 -4 1.4343891022777738e+26
106 -4 2.1785917377752965e+26
108 -4 3.0912416709584152e+26
110 -4 4.0929958380138261e+26
112 -4 5.0365030225840263e+26
114 -4 5.7515722183253303e+26
116 -4 6.0677623477976717e+26
118 -4 5.8954077030723237e+26
120 -4 5.2540007131918210e+26
122 -4 4.2729487355416548e+26
124 -4 3.1540197169629239e+26
126 -4 2.1039487537964159e+26
128 -4 1.2566883011890915e+26
130 -4 6.6743098126399579e+25
132 -4 3.1141943412042748e+25
134 -4 1.2642462202532353e+25
136 -4 4.3823202126549480e+24
138 -4 1.2736804784343779e+24
140 -4 3.0099839831766417e+23
142 -4 5.5698504537610866e+22
144 -4 7.5730674704882975e+21
146 -4 6.7272721928550705e+20
148 -4 2.8984186576301330e+19
46 -3 1.2529585688642508e+06
48 -3 1.2735389639536910e+09
50 -3 1.0026412009778543e+11
52 -3 2.8087958331558276e+12
54 -3 4.3823258693227562e+13
56 -3 4.7304613662112288e+14
58 -3 3.9327212737930670e+15
60 -3 2.7045629458734536e+16
62 -3 1.6128986885398918e+17
64 -3 8.5307860628888358e+17
66 -3 4.1122098208149760e+18
68 -3 1.8237527547157623e+19
70 -3 7.5226484837757977e+19
72 -3 2.9027653461369310e+20
74 -3 1.0535174099309591e+21
76 -3 3.6138085809465417e+21
78 -3 1.1723431610817402e+22
80 -3 3.5953184150019688e+22
82 -3 1.0468066009511761e+23
84 -3 2.8869650255305651e+23
86 -3 7.5506196994085621e+23
88 -3 1.8723395127518709e+24
90 -3 4.3945398391287949e+24
92 -3 9.7709075723110973e+24
94 -3 2.0521869817091956e+25
96 -3 4.0672874596099194e+25
98 -3 7.6039607301636478e+25
100 -3 1.3375080057880782e+26
102 -3 2.2066755822592992e+26
104 -3 3.4161356726992881e+26
106 -3 4.9411304432035877e+26
108 -3 6.6683408924452654e+26
110 -3 8.3825457057109464e+26
112 -3 9.7601871196389928e+26
114 -3 1.0510643279224163e+27
116 -3 1.0424210300715739e+27
118 -3 9.4760374198477483e+26
120 -3 7.8675207369664307e+26
122 -3 5.9322732370707221e+26
124 -3 4.0388729296717727e+26
126 -3 2.4638529256968257e+26
128 -3 1.3361137886199229e+26
130 -3 6.3702596846601453e+25
132 -3 2.6377764937079101e+25
134 -3 9.3603035123789959e+24
136 -3 2.7787251948818641e+24
138 -3 6.7192859981658783e+23
140 -3 1.2734490465764609e+23
142 -3 1.7730317210209397e+22
144 -3 1.6157740023476933e+21
146 -3 7.1887705126972269e+19
42 -2 9.4139343632901623e+05
44 -2 4.7791556682396007e+08
46 -2 3.0626647618489044e+10
48 -2 7.6926157506368640e+11
50 -2 1.1281823888157102e+13
52 -2 1.1682023540649416e+14
54 -2 9.5090604519299825e+14
56 -2 6.4861953593954160e+15
58 -2 3.8660767455219792e+16
60 -2 2.0744463953996749e+17
62 -2 1.0206244296538496e+18
64 -2 4.6541722993315564e+18
66 -2 1.9882040610378834e+19
68 -2 7.9889775915821580e+19
70 -2 3.0317679431445276e+20
72 -2 1.0914423272617185e+21
74 -2 3.7253182057459205e+21
76 -2 1.2100241437861662e+22
78 -2 3.7359212318415521e+22
80 -2 1.0956856897953748e+23
82 -2 3.0581969220927560e+23
84 -2 8.1160507484074928e+23
86 -2 2.0451545921509265e+24
88 -2 4.8849421686256657e+24
90 -2 1.1056556064639702e+25
92 -2 2.3700436888719902e+25
94 -2 4.7996576772451632e+25
96 -2 9.1694024096804004e+25
98 -2 1.6487235271340898e+26
100 -2 2.7870778139228551e+26
102 -2 4.4200981298739063e+26
104 -2 6.5480732841946396e+26
106 -2 9.0609476132713075e+26
108 -2 1.1661872469691278e+27
110 -2 1.3931909886895411e+27
112 -2 1.5375339480642640e+27
114 -2 1.5634401245516498e+27
116 -2 1.4581578939774607e+27
118 -2 1.2418493448198587e+27
120 -2 9.6125849409275548e+26
122 -2 6.7052468630259126e+26
124 -2 4.1965648700264448e+26
126 -2 2.3331485029076638e+26
128 -2 1.1416720418051727e+26
130 -2 4.8521055970304309e+25
132 -2 1.7656245250452583e+25
134 -2 5.3774488175768536e+24
136 -2 1.3370280233015942e+24
138 -2 2.6039296012515018e+23
140 -2 3.7315932350740148e+22
142 -2 3.5150794926388255e+21
144 -2 1.6233079500900119e+20
38 -1 3.7056178250100685e+05
40 -1 1.1727200484885895e+08
42 -1 6.2007755988534260e+09
44 -1 1.4134988190839066e+11
46 -1 1.9420144487994060e+12
48 -1 1.9225256935007887e+13
50 -1 1.5272186815669684e+14
52 -1 1.0299220073851912e+15
54 -1 6.1729004103374560e+15
56 -1 3.3607658311368064e+16
58 -1 1.6963955087021178e+17
60 -1 8.0032457945729843e+17
62 -1 3.5555404996013793e+18
64 -1 1.4952684456461414e+19
66 -1 5.9693435889889624e+19
68 -1 2.2633554441555159e+20
70 -1 8.1690255082473207e+20
72 -1 2.8157938982099076e+21
74 -1 9.2616665778413655e+21
76 -1 2.9025343910661465e+22
78 -1 8.6628535145717471e+22
80 -1 2.4651781729300572e+23
82 -1 6.6774211983507896e+23
84 -1 1.7204846197091017e+24
86 -1 4.2145040868136160e+24
88 -1 9.7851937165474865e+24
90 -1 2.1526101215520022e+25
92 -1 4.4755572319423189e+25
94 -1 8.7937918129003432e+25
96 -1 1.6270049626948906e+26
98 -1 2.8301639430442042e+26
100 -1 4.6173000463097176e+26
102 -1 7.0535747220161392e+26
104 -1 1.0055997066523307e+27
106 -1 1.3347420898618343e+27
108 -1 1.6435539942207395e+27
110 -1 1.8693612611170193e+27
112 -1 1.9603895153348728e+27
114 -1 1.8847234926747646e+27
116 -1 1.6562248176868749e+27
118 -1 1.3199622443974241e+27
120 -1 9.5057764385444775e+26
122 -1 6.1322762458774120e+26
124 -1 3.5150523801447091e+26
126 -1 1.7722029288976163e+26
128 -1 7.7684081195309926e+25
130 -1 2.9173014015488327e+25
132 -1 9.1733986291685315e+24
134 -1 2.3537183328101934e+24
136 -1 4.7378151374111708e+23
138 -1 7.0316106532553297e+22
140 -1 6.8580475464917063e+21
142 -1 3.2977439362171876e+20
34 0 7.8784194491932372e+04
36 0 1.6666878024679307e+07
38 0 7.4636298414742601e+08
40 0 1.5351347666507530e+10
42 0 1.9729611367434393e+11
44 0 1.8706442060451072e+12
46 0 1.4438919004482795e+13
48 0 9.6963487792334859e+13
50 0 5.8706986736394988e+14
52 0 3.2865573787194290e+15
54 0 1.7256765766864574e+16
56 0 8.5226442761438288e+16
58 0 3.9888681756912294e+17
60 0 1.7703381018566733e+18
62 0 7.4890513915939963e+18
64 0 3.0214374928122905e+19
66 0 1.1635798707564555e+20
68 0 4.2815957873256143e+20
70 0 1.5077047977934987e+21
72 0 5.0696722811208272e+21
74 0 1.6284497671605021e+22
76 0 4.9979561015074026e+22
78 0 1.4639152869922758e+23
80 0 4.0812919623352226e+23
82 0 1.0847277384862133e+24
84 0 2.7419515340489226e+24
86 0 6.5760191552613171e+24
88 0 1.4959224483531929e+25
90 0 3.2175631555488393e+25
92 0 6.5376620515363750e+25
94 0 1.2525697126981441e+26
96 0 2.2580927173065827e+26
98 0 3.8200481977547752e+26
100 0 6.0470820902669312e+26
102 0 8.9376030464361378e+26
104 0 1.2302450240448446e+27
106 0 1.5700198138667719e+27
108 0 1.8539228368978605e+27
110 0 2.0167766858972627e+27
112 0 2.0115113671111700e+27
114 0 1.8323462773740076e+27
116 0 1.5158503191754352e+27
118 0 1.1312698094300887e+27
120 0 7.5665285667937349e+26
122 0 4.5013489434159575e+26
124 0 2.3542483902714998e+26
126 0 1.0697477003886137e+26
128 0 4.1666178017828829e+25
130 0 1.3597582814163068e+25
132 0 3.6247776465499291e+24
134 0 7.5790245751758128e+23
136 0 1.1738305419598183e+23
138 0 1.1918571830412963e+22
140 0 6.0102520476696130e+20
30 1 6.8440587345411959e+03
32 1 1.0484621262320930e+06
34 1 3.9817484857631698e+07
36 1 7.3665453075354588e+08
38 1 8.8271943086775150e+09
40 1 8.0207330834600006e+10
42 1 6.1020366961403418e+11
44 1 4.1789197412305801e+12
46 1 2.6691698318784176e+13
48 1 1.6023411497505462e+14
50 1 9.0843113526139238e+14
52 1 4.8714630595567640e+15
54 1 2.4683309829331852e+16
56 1 1.1867270677305267e+17
58 1 5.4273465969020800e+17
60 1 2.3690051896068593e+18
62 1 9.8799191759422382e+18
64 1 3.9342772146438414e+19
66 1 1.4983902469174156e+20
68 1 5.4572157445786016e+20
70 1 1.9039267577251171e+21
72 1 6.3468624657301897e+21
74 1 2.0252193740343791e+22
76 1 6.1623339870170284e+22
78 1 1.7893095264706006e+23
80 1 4.9493205800761240e+23
82 1 1.3019337667913475e+24
84 1 3.2521532990612263e+24
86 1 7.7073852886021465e+24
88 1 1.7298320325787990e+25
90 1 3.6661192484981286e+25
92 1 7.3276286906232405e+25
94 1 1.3780109296890612e+26
96 1 2.4329488939756489e+26
98 1 4.0253327459240061e+26
100 1 6.2088073679700553e+26
102 1 8.9225622020251396e+26
104 1 1.1904342389170289e+27
106 1 1.4674709497880596e+27
108 1 1.6667693627510306e+27
110 1 1.7372689675669378e+27
112 1 1.6521228182325931e+27
114 1 1.4273965884031807e+27
116 1 1.1125961885554045e+27
118 1 7.7695804344422488e+26
120 1 4.8229316772381330e+26
122 1 2.6345751856325356e+26
124 1 1.2499159859808490e+26
126 1 5.0801082421775467e+25
128 1 1.7334589833569502e+25
130 1 4.8294379419180016e+24
132 1 1.0564662103279510e+24
134 1 1.7110419989359003e+23
136 1 1.8294379394893817e+22
138 1 9.7200075072674726e+20
34 2 3.9305872204648517e+05
36 2 4.2100941610731840e+07
38 2 1.3728476441175842e+09
40 2 2.3359944126431046e+10
42 2 2.6778728266950067e+11
44 2 2.3539920560387124e+12
46 2 1.7301524560062125e+13
48 2 1.1257739945502281e+14
50 2 6.6715099276307838e+14
52 2 3.6912156870261880e+15
54 2 1.9144921597228504e+16
56 2 9.3931914729778848e+16
58 2 4.3666478323273517e+17
60 2 1.9320249019413855e+18
62 2 8.1428669524200018e+18
64 2 3.2791558937653092e+19
66 2 1.2619262437896862e+20
68 2 4.6370987230417820e+20
70 2 1.6302833273410028e+21
72 2 5.4775952839212983e+21
74 2 1.7564028699118768e+22
76 2 5.3707999863860414e+22
78 2 1.5642973606049135e+23
80 2 4.3314868933638028e+23
82 2 1.1396134424338900e+24
84 2 2.8446267629311166e+24
86 2 6.7193373727131693e+24
88 2 1.5004113402906670e+25
90 2 3.1591485140359937e+25
92 2 6.2511102637019872e+25
94 2 1.1611011853819198e+26
96 2 2.0218284859185093e+26
98 2 3.2836104919384280e+26
100 2 4.9709553357220688e+26
102 2 6.9761036937896697e+26
104 2 9.0556211284143092e+26
106 2 1.0827794752811811e+27
108 2 1.1872527628912363e+27
110 2 1.1887157198258884e+27
112 2 1.0810873426707644e+27
114 2 8.8664333165315683e+26
116 2 6.5123343288785133e+26
118 2 4.2529393536127066e+26
120 2 2.4429832432690435e+26
122 2 1.2191187118320941e+26
124 2 5.2130924260232790e+25
126 2 1.8715454945539037e+25
128 2 5.4891707423744980e+24
130 2 1.2666242198953099e+24
132 2 2.1638286099242828e+23
134 2 2.4483699432848806e+22
136 2 1.3832163976172670e+21
36 3 5.4494271096422181e+03
38 3 9.5478991603433136e+06
40 3 7.5196924965113592e+08
42 3 2.1062561250954018e+10
44 3 3.3135261664835791e+11
46 3 3.6156901058269810e+12
48 3 3.0872992839899785e+13
50 3 2.1995389651439816e+14
52 3 1.3805976649592605e+15
54 3 7.8717414294422730e+15
56 3 4.1536730464809800e+16
58 3 2.0442502114588742e+17
60 3 9.4809871272863846e+17
62 3 4.1622090161391278e+18
64 3 1.7349826072540318e+19
66 3 6.8770226143670985e+19
68 3 2.5965535120664907e+20
70 3 9.3590422485472589e+20
72 3 3.2109788679039447e+21
74 3 1.0498299868577018e+22
76 3 3.2663528348450099e+22
78 3 9.6527400301478099e+22
80 3 2.7100586974296119e+23
82 3 7.2058545459380732e+23
84 3 1.8117080855556067e+24
86 3 4.3049149715086401e+24
88 3 9.6428251915735860e+24
90 3 2.0294139220362389e+25
92 3 4.0130509646802129e+25
94 3 7.4256780516982245e+25
96 3 1.2820390055347445e+26
98 3 2.0605406374497169e+26
100 3 3.0753775601769986e+26
102 3 4.2396231355483125e+26
104 3 5.3843929667699474e+26
106 3 6.2688218691200852e+26
108 3 6.6664543472431187e+26
110 3 6.4252376573332131e+26
112 3 5.5956237382470179e+26
114 3 4.3653535168498586e+26
116 3 3.0235036677091040e+26
118 3 1.8422271581781222e+26
120 3 9.7530228226940446e+25
122 3 4.4210851278283474e+25
124 3 1.6860776848902527e+25
126 3 5.2520875774924349e+24
128 3 1.2870160177450665e+24
130 3 2.3379786406198759e+23
132 3 2.8203086482539903e+22
134 3 1.7122147862264181e+21
40 4 2.2925419515762929e+05
42 4 1.3068164954179110e+08
44 4 7.8140188118011398e+09
46 4 1.9132346098765182e+11
48 4 2.7803964566408491e+12
50 4 2.8803670600898883e+13
52 4 2.3618333261059875e+14
54 4 1.6290844455679368e+15
56 4 9.9265104720190380e+15
58 4 5.4518917114018080e+16
60 4 2.7537737517228067e+17
62 4 1.2967420067992755e+18
64 4 5.7372667357297418e+18
66 4 2.3937572026290393e+19
68 4 9.4702765464486953e+19
70 4 3.5524982100727130e+20
72 4 1.2647309097382296e+21
74 4 4.2707279470754865e+21
76 4 1.3687077307482672e+22
78 4 4.1593165575300472e+22
80 4 1.1951310073242407e+23
82 4 3.2461236988687841e+23
84 4 8.3120013752473324e+23
86 4 2.0050498130370079e+24
88 4 4.5480746177008448e+24
90 4 9.6789284758316590e+24
92 4 1.9238506899352179e+25
94 4 3.5705953379016213e+25
96 4 6.1643974083811999e+25
98 4 9.8766485709970962e+25
100 4 1.4619363036143881e+26
102 4 1.9911994974173962e+26
104 4 2.4859253847016091e+26
106 4 2.8320726805902747e+26
108 4 2.9293803814198279e+26
110 4 2.7315378397391957e+26
112 4 2.2827670924392209e+26
114 4 1.6920951613742023e+26
116 4 1.1042419043922207e+26
118 4 6.2642609882823886e+25
120 4 3.0461643380103398e+25
122 4 1.2420429411663210e+25
124 4 4.1447365889522621e+24
126 4 1.0913679736790188e+24
128 4 2.1296954759198638e+23
130 4 2.7681214918217500e+22
132 4 1.8205355534491732e+21
44 5 3.9182947864416502e+06
46 5 1.1252299059756660e+09
48 5 5.2974765329641457e+10
50 5 1.1377780447366414e+12
52 5 1.5225814078612076e+13
54 5 1.4925845452591006e+14
56 5 1.1727448670092362e+15
58 5 7.7831235037999490e+15
60 5 4.5582429417901528e+16
62 5 2.4099297145125024e+17
64 5 1.1694494770837571e+18
66 5 5.2749576869848648e+18
68 5 2.2264392150133088e+19
70 5 8.8371286353590895e+19
72 5 3.3139857982032419e+20
74 5 1.1721609565037138e+21
76 5 3.9117167836850569e+21
78 5 1.2352242426384333e+22
80 5 3.6791863950714698e+22
82 5 1.0303560717214179e+23
84 5 2.7175350829873607e+23
86 5 6.7255940422101176e+23
88 5 1.5594765742281556e+24
90 5 3.3769846407071638e+24
92 5 6.8269670813696023e+24
94 5 1.2822624018788290e+25
96 5 2.2315091463177351e+25
98 5 3.5828814065192869e+25
100 5 5.2969122237064851e+25
102 5 7.1708634625118162e+25
104 5 8.8537227473191851e+25
106 5 9.9189204141940148e+25
108 5 1.0019431903238799e+26
110 5 9.0691993583511599e+25
112 5 7.2831359884508422e+25
114 5 5.1400598913221270e+25
116 5 3.1587866972137500e+25
118 5 1.6606871892860212e+25
120 5 7.3374323343637884e+24
122 5 2.6516554649257160e+24
124 5 7.5652710966696118e+23
126 5 1.6044997219763641e+23
128 5 2.2713940511518058e+22
130 5 1.6373008276143850e+21
48 6 3.8792611805475987e+07
50 6 6.4755685746641235e+09
52 6 2.4625536534768863e+11
54 6 4.6490755593764424e+12
56 6 5.7421191214419484e+13
58 6 5.3001004949897450e+14
60 6 3.9511018541890455e+15
62 6 2.5159459453864536e+16
64 6 1.4116228016083133e+17
66 6 7.1553205888902963e+17
68 6 3.3193502646216136e+18
70 6 1.4249614015857185e+19
72 6 5.7160349406110925e+19
74 6 2.1478701540939638e+20
76 6 7.5812624627402605e+20
78 6 2.5151811033374052e+21
80 6 7.8344079232340601e+21
82 6 2.2899864810534851e+22
84 6 6.2785359401116387e+22
86 6 1.6103332149587794e+23
88 6 3.8562213758438389e+23
90 6 8.5898271181197133e+23
92 6 1.7766533559383811e+24
94 6 3.4028683324194600e+24
96 6 6.0090062243493743e+24
98 6 9.7629899359325348e+24
100 6 1.4521580679075967e+25
102 6 1.9677553118345959e+25
104 6 2.4176438109540828e+25
106 6 2.6775113142107075e+25
108 6 2.6525196443279906e+25
110 6 2.3348879901782711e+25
112 6 1.8055826873316180e+25
114 6 1.2136017732795857e+25
116 6 6.9874485080848836e+24
118 6 3.3828449435592282e+24
120 6 1.3398272844146725e+24
122 6 4.1956473171170093e+23
124 6 9.7900252182555209e+22
126 6 1.5269726520969873e+22
128 6 1.2257908882069476e+21
52 7 2.3523261974662626e+08
54 7 2.5563810216796547e+10
56 7 8.0197972338548401e+11
58 7 1.3490687849943379e+13
60 7 1.5309141322929675e+14
62 7 1.3242020813163015e+15
64 7 9.3659674261545240e+15
66 7 5.6696597078604928e+16
68 7 3.0293819416491219e+17
70 7 1.4555952791754796e+18
72 7 6.4151346563432960e+18
74 7 2.6076267765060211e+19
76 7 9.8503227630268465e+19
78 7 3.4800083546654500e+20
80 7 1.1481881295856849e+21
82 7 3.5374211493666368e+21
84 7 1.0170076291121908e+22
86 7 2.7235589102595199e+22
88 7 6.7926615558142200e+22
90 7 1.5717653345298020e+23
92 7 3.3581742158420259e+23
94 7 6.6131497284786215e+23
96 7 1.1977958757265443e+24
98 7 1.9824581761278242e+24
100 7 2.9882889079486013e+24
102 7 4.0759287359534903e+24
104 7 5.0179094208571525e+24
106 7 5.5164134814811458e+24
108 7 5.3851979798534126e+24
110 7 4.6237657732507309e+24
112 7 3.4434104371777918e+24
114 7 2.1987065822839825e+24
116 7 1.1812504464765297e+24
118 7 5.2020061257070449e+23
120 7 1.8091798652630546e+23
122 7 4.7046295307091872e+22
124 7 8.2079421666989714e+21
126 7 7.4521228251185480e+20
56 8 9.3270286846557283e+08
58 8 7.0679962641295013e+10
60 8 1.8650563500636335e+12
62 8 2.8085700278089922e+13
64 8 2.9191726234515931e+14
66 8 2.3580641154321510e+15
68 8 1.5713581986852492e+16
70 8 8.9715702964952640e+16
72 8 4.5265322986974208e+17
74 8 2.0558535607771622e+18
76 8 8.5191052804140247e+18
78 8 3.2546592619897369e+19
80 8 1.1473491596432269e+20
82 8 3.7646656578505736e+20
84 8 1.1467892488936682e+21
86 8 3.2428910494724276e+21
88 8 8.4827473542199682e+21
90 8 2.0527345618214302e+22
92 8 4.5673529933555799e+22
94 8 9.3439392148515967e+22
96 8 1.7478804186986435e+23
98 8 2.9683651067378596e+23
100 8 4.5707706892879128e+23
102 8 6.3315329020480717e+23
104 8 7.8413051502303502e+23
106 8 8.6019914420899311e+23
108 8 8.3089018435634292e+23
110 8 6.9578872077750460e+23
112 8 4.9996540228613767e+23
114 8 3.0220582079272417e+23
116 8 1.4986117706826856e+23
118 8 5.8855540817145841e+22
120 8 1.7300804719182015e+22
122 8 3.4307181025731381e+21
124 8 3.5926073467815677e+20
60 9 2.5980258736770501e+09
62 9 1.3901525905413889e+11
64 9 3.1357360360317461e+12
66 9 4.2056720567142641e+13
68 9 4.0045734054872231e+14
70 9 3.0058773198421450e+15
72 9 1.8701460991487888e+16
74 9 9.9977467170102592e+16
76 9 4.7271187544304282e+17
78 9 2.0063439995379407e+18
80 9 7.7424516161610578e+18
82 9 2.7409605651120718e+19
84 9 8.9400789456405840e+19
86 9 2.6929345478230340e+20
88 9 7.4540201030618015e+20
90 9 1.9031473876480195e+21
92 9 4.4461905887442753e+21
94 9 9.4994793496962589e+21
96 9 1.8494333750330371e+22
98 9 3.2554480221960356e+22
100 9 5.1455660448347645e+22
102 9 7.2808665162961004e+22
104 9 9.1250665104720729e+22
106 9 1.0053367569816648e+23
108 9 9.6183261618326630e+22
110 9 7.8870593893321901e+22
112 9 5.4384855294761580e+22
114 9 3.0884338328381742e+22
116 9 1.3900264876035189e+22
118 9 4.6903097743406919e+21
120 9 1.0759140114902480e+21
122 9 1.3248028985838851e+20
62 10 1.4537901657335954e+07
64 10 4.8098564216324081e+09
66 10 1.9849902007146674e+11
68 10 3.7649753134169678e+12
70 10 4.5495992527053367e+13
72 10 3.9516846821779644e+14
74 10 2.7306848235952955e+15
76 10 1.5697065646757010e+16
78 10 7.7951726465105904e+16
80 10 3.4150165223116934e+17
82 10 1.3399294443827451e+18
84 10 4.7682863074365757e+18
86 10 1.5459745392142664e+19
88 10 4.5743341871214060e+19
90 10 1.2383618245671041e+20
92 10 3.0589485156795023e+20
94 10 6.8759628489663526e+20
96 10 1.4018878940081564e+21
98 10 2.5728993983856504e+21
100 10 4.2156965614101096e+21
102 10 6.1220661043997463e+21
104 10 7.8161617118429174e+21
106 10 8.6735329048973017e+21
108 10 8.2380411944445464e+21
110 10 6.5915159268633304e+21
112 10 4.3508775875079297e+21
114 10 2.2777940888362840e+21
116 10 8.9992236025322930e+20
118 10 2.4180227413036456e+20
120 10 3.5968838035651600e+19
66 11 3.2794221997455329e+07
68 11 6.5746539009236326e+09
70 11 2.0418562654828922e+11
72 11 3.3279544046324785e+12
74 11 3.5270268149073133e+13
76 11 2.7947305447583000e+14
78 11 1.7584253322050412e+15
80 11 9.2679426573763800e+15
82 11 4.2073536905557512e+16
84 11 1.6843943546093597e+17
86 11 6.0212927294078707e+17
88 11 1.9353352374529930e+18
90 11 5.6347098221317304e+18
92 11 1.4832747081552089e+19
94 11 3.5329604745522192e+19
96 11 7.5697895173363909e+19
98 11 1.4538898832834472e+20
100 11 2.4789510037409487e+20
102 11 3.7197188286157423e+20
104 11 4.8518183568538036e+20
106 11 5.4384772544116431e+20
108 11 5.1225476921102329e+20
110 11 3.9849300754692394e+20
112 11 2.4706142081620194e+20
114 11 1.1631341084056936e+20
116 11 3.7310414557865255e+19
118 11 6.8472910299436698e+18
70 12 5.9220041287560433e+07
72 12 5.9618514354165821e+09
74 12 1.5133615875635269e+11
76 12 2.0890204865386155e+12
78 12 1.9586640002018027e+13
80 12 1.3855826835070858e+14
82 12 7.8691115137373562e+14
84 12 3.7328788678665425e+15
86 12 1.5310979243130824e+16
88 12 5.5025957805950072e+16
90 12 1.7491138169604909e+17
92 12 4.9750476976516192e+17
94 12 1.2659197955997394e+18
96 12 2.8757149923873905e+18
98 12 5.8141013567458570e+18
100 12 1.0359240922432426e+19
102 12 1.6047172221066936e+19
104 12 2.1458948859489731e+19
106 12 2.4153506085621256e+19
108 12 2.2596772116748546e+19
110 12 1.6803698291538186e+19
112 12 9.5940177667671921e+18
114 12 3.7363907534764564e+18
116 12 8.6844489100281549e+17
74 13 4.8269331275623769e+07
76 13 3.7723404343170137e+09
78 13 7.8127065929910233e+10
80 13 9.1509173097936121e+11
82 13 7.4997079441053740e+12
84 13 4.6938430953075258e+13
86 13 2.3620891347594959e+14
88 13 9.9617406634294900e+14
90 13 3.5998285188553020e+15
92 13 1.1283263492093686e+16
94 13 3.1294880815403576e+16
96 13 7.5764254679398288e+16
98 13 1.6236431281679891e+17
100 13 3.0212188885011962e+17
102 13 4.8739176809759149e+17
104 13 6.6280779453013389e+17
106 13 7.5341550979162982e+17
108 13 6.8076335771668838e+17
110 13 4.8014475965920275e+17
112 13 2.2952935134665856e+17
114 13 6.8991648577425112e+16
78 14 2.5605333195469305e+07
80 14 1.6107544882056997e+09
82 14 2.6474064533926014e+10
84 14 2.6970009132387830e+11
86 14 1.9002055102994978e+12
88 14 1.0397436330267818e+13
90 14 4.5258628638888047e+13
92 14 1.6571906915709553e+14
94 14 5.0928866306267344e+14
96 14 1.3600141061831918e+15
98 14 3.0899258594392195e+15
100 14 6.0965887362376440e+15
102 14 1.0051949324787782e+16
104 14 1.4089921830991244e+16
106 14 1.5558362266059994e+16
108 14 1.3845019080718638e+16
110 14 8.1246234970965160e+15
112 14 3.2849617483268670e+15
82 15 1.6653093210616503e+07
84 15 4.2216305038438332e+08
86 15 6.0542313687775221e+09
88 15 4.9801830030748779e+10
90 15 3.0575028024949329e+11
92 15 1.3815265011506768e+12
94 15 5.1558467874396191e+12
96 15 1.5243784011878906e+13
98 15 3.8831981084125117e+13
100 15 7.9649467940712938e+13
102 15 1.4103298938057359e+14
104 15 1.9111234338976397e+14
106 15 2.1660547753259650e+14
108 15 1.5719423536053638e+14
110 15 8.7853972045848328e+13
84 16 2.0425005117683246e+05
86 16 4.5384999997378290e+06
88 16 8.6310355360580087e+07
90 16 7.8290633089397228e+08
92 16 5.7298004200437183e+09
94 16 2.6068304918276722e+10
96 16 1.0150641461593533e+11
98 16 2.7686845502405841e+11
100 16 6.7405859233788708e+11
102 16 1.1476349247367380e+12
104 16 1.7519683421631807e+12
106 16 1.5346072246125703e+12
108 16 1.2421264815386067e+12
88 17 4.1185713869230014e+04
90 17 8.4084322156014352e+05
92 17 7.2098803073403863e+06
94 17 6.3623412131832145e+07
96 17 2.6421716438408619e+08
98 17 1.1260607714061794e+09
100 17 2.5301186621218987e+09
102 17 6.0273489550096617e+09
104 17 6.4917663962389793e+09
106 17 8.4121178846599808e+09
96 18 2.4573985669388558e+05
98 18 7.4565242249008408e+05
100 18 4.8582352835621545e+06
102 18 6.3553782713413490e+06
104 18 1.8757270310903486e+07
