162 -27 2.3875930116026236e+01
164 -27 4.7489734451024717e+01
168 -27 2.5357998391864993e+02
156 -26 6.7605223138130714e+02
158 -26 3.4211040972412652e+03
160 -26 3.6450732145318079e+03
162 -26 1.0298722473731908e+04
164 -26 1.4806316086171844e+04
166 -26 2.2428019896654969e+03
168 -26 9.7303022142923874e+03
144 -25 2.0248201480149906e+00
146 -25 1.1325501461968867e+02
148 -25 1.0941270794261634e+03
150 -25 8.3058300800976285e+03
152 -25 5.3161482801000529e+04
154 -25 1.3714960732743164e+05
156 -25 2.5022667875557565e+05
158 -25 4.6322638180956658e+05
160 -25 4.4344237305269105e+05
162 -25 4.1460202305195288e+05
164 -25 3.4546406028611789e+05
166 -25 8.9288564630287277e+04
168 -25 8.6844439457133529e+04
140 -24 3.3927191089167172e+02
142 -24 8.9537090952010403e+03
144 -24 7.5838021399456964e+04
146 -24 4.1648748748198530e+05
148 -24 1.5444916913935246e+06
150 -24 3.7803441801976752e+06
152 -24 7.2475134391225362e+06
154 -24 1.0795173746574402e+07
156 -24 1.2692803539135752e+07
158 -24 1.2295825988594733e+07
160 -24 9.4351659131404068e+06
162 -24 5.8320535771005275e+06
164 -24 3.1934829234183854e+06
166 -24 8.7384322271035914e+05
168 -24 4.4105571153131616e+05
134 -23 1.9543759317005478e+02
136 -23 1.7007663123846818e+04
138 -23 2.8798849576855038e+05
140 -23 2.0850388783390652e+06
142 -23 9.2900541054079644e+06
144 -23 2.9683950076479249e+07
146 -23 7.0362399756829858e+07
148 -23 1.2980653291055769e+08
150 -23 1.9707889219308919e+08
152 -23 2.4229336247248515e+08
154 -23 2.4872781458657846e+08
156 -23 2.1506544975359458e+08
158 -23 1.5507233893610302e+08
160 -23 9.3866861708084881e+07
162 -23 4.6307180849423192e+07
164 -23 2.0080737709433891e+07
166 -23 4.9536659352712352e+06
168 -23 1.8743706508885336e+06
130 -22 1.0955106857659575e+04
132 -22 4.6115432351875573e+05
134 -22 5.4896607426509410e+06
136 -22 3.4101535422596015e+07
138 -22 1.3891730965985700e+08
140 -22 4.1629941460212809e+08
142 -22 9.6217088745663226e+08
144 -22 1.7935794943303993e+09
146 -22 2.7703858600705667e+09
148 -22 3.5816720298668375e+09
150 -22 3.9535870885028987e+09
152 -22 3.7362732584985666e+09
154 -22 3.0227283531316376e+09
156 -22 2.1131345085084295e+09
158 -22 1.2651746436107869e+09
160 -22 6.4137132536186194e+08
162 -22 2.7111502181470597e+08
164 -22 9.7630984039889857e+07
166 -22 2.2261530116712779e+07
168 -22 6.2396275750534274e+06
124 -21 2.0059293557199387e+03
126 -21 2.9012435762769950e+05
128 -21 7.4926055522362636e+06
130 -21 7.2298587124439970e+07
132 -21 4.0550143243618202e+08
134 -21 1.5637936669867408e+09
136 -21 4.5668302737284517e+09
138 -21 1.0554941006962048e+10
140 -21 2.0027528263794930e+10
142 -21 3.1967882998872894e+10
144 -21 4.3530695836326538e+10
146 -21 5.1379823014222801e+10
148 -21 5.2652329637957458e+10
150 -21 4.7107200935636139e+10
152 -21 3.6948589734695213e+10
154 -21 2.5321229398152733e+10
156 -21 1.5125787187728313e+10
158 -21 7.7902378252975225e+09
160 -21 3.4241501869890089e+09
162 -21 1.2553036772102830e+09
164 -21 3.8819754849870497e+08
166 -21 7.9478369052051842e+07
168 -21 1.7828453669039886e+07
120 -20 6.6020145988434291e+04
122 -20 4.6222233681016294e+06
124 -20 8.6242018269460380e+07
126 -20 7.2610284170717120e+08
128 -20 3.8158160817186608e+09
130 -20 1.4298223630062922e+10
132 -20 4.1287407537836220e+10
134 -20 9.6927850680093521e+10
136 -20 1.8917611500942987e+11
138 -20 3.1388038002450079e+11
140 -20 4.5023666379905859e+11
142 -20 5.6545465386520435e+11
144 -20 6.2614144402340259e+11
146 -20 6.1172673475523669e+11
148 -20 5.2982313526271191e+11
150 -20 4.0584031945030707e+11
152 -20 2.7530010507372180e+11
154 -20 1.6470227195372470e+11
156 -20 8.6084712978906143e+10
158 -20 3.8907880629830719e+10
160 -20 1.5029927135553293e+10
162 -20 4.8530905581426315e+09
164 -20 1.3012906266424890e+09
166 -20 2.3904719563750753e+08
168 -20 4.3718581184448384e+07
114 -19 3.0508935551519476e+03
116 -19 1.1255996013002628e+06
118 -19 5.1137471710418031e+07
120 -19 7.6857978544350028e+08
122 -19 5.9311816670337830e+09
124 -19 2.9838290720289619e+10
126 -19 1.1052521080768985e+11
128 -19 3.2076796723136572e+11
130 -19 7.6924279718643640e+11
132 -19 1.5510802616135520e+12
134 -19 2.6856453338220498e+12
136 -19 4.0697996814971284e+12
138 -19 5.4358161211899229e+12
140 -19 6.4324920080982061e+12
142 -19 6.8129443607491250e+12
144 -19 6.4407375248319453e+12
146 -19 5.4363263715490908e+12
148 -19 4.1153161994166592e+12
150 -19 2.7726775000160029e+12
152 -19 1.6595393331497012e+12
154 -19 8.7799817509500867e+11
156 -19 4.0685732583839459e+11
158 -19 1.6300798436031290e+11
160 -19 5.6031456084208473e+10
162 -19 1.5986509023232149e+10
164 -19 3.7645771520728884e+09
166 -19 6.1467867311451054e+08
168 -19 9.2234141024636984e+07
110 -18 7.6877675914695341e+04
112 -18 1.3000340851351025e+07
114 -18 4.3745193180612826e+08
116 -18 5.6739581378824310e+09
118 -18 4.0930450285444588e+10
120 -18 2.0155060321482312e+11
122 -18 7.4332550655383423e+11
124 -18 2.1985811588048010e+12
126 -18 5.3920722423304258e+12
128 -18 1.1284423200836057e+13
130 -18 2.0442442597189512e+13
132 -18 3.2605276216235977e+13
134 -18 4.6159540779765977e+13
136 -18 5.8415806972604664e+13
138 -18 6.6290424691618344e+13
140 -18 6.7773681157445156e+13
142 -18 6.2459024492524820e+13
144 -18 5.1980628797866125e+13
146 -18 3.8911120610120781e+13
148 -18 2.6153843754849008e+13
150 -18 1.5718078296407227e+13
152 -18 8.4016640317093379e+12
154 -18 3.9797383880751533e+12
156 -18 1.6458972298752942e+12
158 -18 5.9120388100999182e+11
160 -18 1.8006885747055588e+11
162 -18 4.5679699762181480e+10
164 -18 9.4446894961492233e+09
166 -18 1.3678844086628313e+09
168 -18 1.7042396833683616e+08
104 -17 4.8556311454870632e+02
106 -17 1.0840119404388107e+06
108 -17 1.1432244051012294e+08
110 -17 3.0550933963031864e+09
112 -17 3.5667760504274734e+10
114 -17 2.4721797467996509e+11
116 -17 1.1981348066249944e+12
118 -17 4.4653578468697227e+12
120 -17 1.3454096936258307e+13
122 -17 3.3975499918188809e+13
124 -17 7.3705879768608219e+13
126 -17 1.3958529073960905e+14
128 -17 2.3420671558000381e+14
130 -17 3.5051857372733350e+14
132 -17 4.7136922820661262e+14
134 -17 5.7206666982802850e+14
136 -17 6.2992350136641025e+14
138 -17 6.2780621184232350e+14
140 -17 5.6913239488291388e+14
142 -17 4.6611834089339412e+14
144 -17 3.4695673032489738e+14
146 -17 2.3292771660714550e+14
148 -17 1.4070877218741016e+14
150 -17 7.6094411959280516e+13
152 -17 3.6639287071364898e+13
154 -17 1.5622066353607631e+13
156 -17 5.8039838473807168e+12
158 -17 1.8660437900231106e+12
160 -17 5.0805570833142511e+11
162 -17 1.1435283703625397e+11
164 -17 2.0761646073263306e+10
166 -17 2.6651519077376218e+09
168 -17 2.7324960086089224e+08
100 -16 1.2662192374321412e+04
102 -16 1.0915127212021630e+07
104 -16 8.2072194065639293e+08
106 -16 1.8374888238729790e+10
108 -16 1.9745138165102951e+11
110 -16 1.3245958625929756e+12
112 -16 6.3932131453154883e+12
114 -16 2.4025045893704789e+13
116 -16 7.4016077437046312e+13
118 -16 1.9244411202332853e+14
120 -16 4.3403018131989775e+14
122 -16 8.5834000276085075e+14
124 -16 1.5104442138120520e+15
126 -16 2.3874728761814890e+15
128 -16 3.4053264134600220e+15
130 -16 4.4014135264294560e+15
132 -16 5.1855555046061370e+15
134 -16 5.5621484018411640e+15
136 -16 5.4451087894676810e+15
138 -16 4.8631120198737720e+15
140 -16 3.9536744161116760e+15
142 -16 2.9276764974577320e+15
144 -16 1.9686438092097735e+15
146 -16 1.1939387072037695e+15
148 -16 6.5465431454275962e+14
150 -16 3.2011676300902638e+14
152 -16 1.3968403972126278e+14
154 -16 5.3643493811459219e+13
156 -16 1.7967028352446703e+13
158 -16 5.1760998377755410e+12
160 -16 1.2566564322665317e+12
162 -16 2.5129059687584262e+11
164 -16 4.0081817179438980e+10
166 -16 4.5075557959517765e+09
168 -16 3.8589701263797772e+08
96 -15 1.9773386294403666e+05
98 -15 8.6831938259002253e+07
100 -15 4.9761743021118250e+09
102 -15 9.7060520877116272e+10
104 -15 9.7428484945138806e+11
106 -15 6.3665528129448037e+12
108 -15 3.0634944901392984e+13
110 -15 1.1674085570253611e+14
112 -15 3.6784306093912219e+14
114 -15 9.8756916815242688e+14
116 -15 2.3038648361783280e+15
118 -15 4.7580836060094000e+15
120 -15 8.7724584892180300e+15
122 -15 1.4615728948017184e+16
124 -15 2.2019418536161836e+16
126 -15 3.0266046469877332e+16
128 -15 3.7984127178641144e+16
130 -15 4.3731170303411440e+16
132 -15 4.6094179217996368e+16
134 -15 4.4446824248752600e+16
136 -15 3.9379528909182040e+16
138 -15 3.1872262475939500e+16
140 -15 2.3513074835032444e+16
142 -15 1.5832913465147404e+16
144 -15 9.6844721436848160e+15
146 -15 5.3507953004169380e+15
148 -15 2.6614466203728470e+15
150 -15 1.1835371886881630e+15
152 -15 4.6717725731752488e+14
154 -15 1.6211829169046025e+14
156 -15 4.8915987005947250e+13
158 -15 1.2648978337363686e+13
160 -15 2.7448769034133135e+12
162 -15 4.8600328206068787e+11
164 -15 6.7971723983949181e+10
166 -15 6.6739807630139494e+09
168 -15 4.7094709360623294e+08
92 -14 2.1955419592740727e+06
94 -14 5.6996110885175121e+08
96 -14 2.6057569060512707e+10
98 -14 4.5172993551062744e+11
100 -14 4.2822093923780957e+12
102 -14 2.7449283894281602e+13
104 -14 1.3196487501243517e+14
106 -14 5.1018682711663181e+14
108 -14 1.6434908699220055e+15
110 -14 4.5478908377081970e+15
112 -14 1.1010123576246452e+16
114 -14 2.3685687468985560e+16
116 -14 4.5790955043638688e+16
118 -14 8.0111600402165648e+16
120 -14 1.2754871629533485e+17
122 -14 1.8576973423631933e+17
124 -14 2.4834101562788717e+17
126 -14 3.0454621619174349e+17
128 -14 3.4400884838889773e+17
130 -14 3.5749812697419456e+17
132 -14 3.4195722549497459e+17
134 -14 3.0018033878499750e+17
136 -14 2.4244437423600582e+17
138 -14 1.7913768564151622e+17
140 -14 1.2108625460996790e+17
142 -14 7.4546668294924688e+16
144 -14 4.1648258665410496e+16
146 -14 2.1017353603761260e+16
148 -14 9.5217496388768480e+15
150 -14 3.8512703414781365e+15
152 -14 1.3786250360191412e+15
154 -14 4.3278998072149788e+14
156 -14 1.1754757034850622e+14
158 -14 2.7247102483749375e+13
160 -14 5.2672364926460273e+12
162 -14 8.2339527654869604e+11
164 -14 1.0063915046154332e+11
166 -14 8.5882912230791817e+09
168 -14 5.0105714804865330e+08
86 -13 8.0968240408279723e+02
88 -13 1.8609721287876099e+07
90 -13 3.1890999791314344e+09
92 -13 1.1912613369372818e+11
94 -13 1.8492229449062729e+12
96 -13 1.6753795759521178e+13
98 -13 1.0565637254649122e+14
100 -13 5.0842908024841362e+14
102 -13 1.9901463272590992e+15
104 -13 6.5636390521346060e+15
106 -13 1.8697794946567232e+16
108 -13 4.6921259861082768e+16
110 -13 1.0528117408397749e+17
112 -13 2.1350335538096925e+17
114 -13 3.9203034956409414e+17
116 -13 6.5750481478288294e+17
118 -13 1.0153070262865155e+18
120 -13 1.4389960583470298e+18
122 -13 1.8830981487892828e+18
124 -13 2.2700632821204611e+18
126 -13 2.5316506520398019e+18
128 -13 2.6024847010514642e+18
130 -13 2.4719402393307187e+18
132 -13 2.1614349495072625e+18
134 -13 1.7458131902690908e+18
136 -13 1.2932642405591363e+18
138 -13 8.7984483221681421e+17
140 -13 5.4563884018733856e+17
142 -13 3.0795030753721997e+17
144 -13 1.5768818651302509e+17
146 -13 7.2762187645266720e+16
148 -13 3.0142856962454464e+16
150 -13 1.1088987555939892e+16
152 -13 3.6018730974509550e+15
154 -13 1.0205997548440131e+15
156 -13 2.4962042794868434e+14
158 -13 5.1648601684041516e+13
160 -13 8.8511567381327676e+12
162 -13 1.2239205339431665e+12
164 -13 1.2970030353323935e+11
166 -13 9.5401587558660297e+09
168 -13 4.5602121133675736e+08
82 -12 3.0772242108174978e+04
84 -12 1.2613251369544157e+08
86 -12 1.5214453795142689e+10
88 -12 4.6789162776374530e+11
90 -12 6.6222138355388994e+12
92 -12 5.7674119417124805e+13
94 -12 3.5768113776368094e+14
96 -12 1.7285684452343882e+15
98 -12 6.8736900970318440e+15
100 -12 2.3202269816202812e+16
102 -12 6.8184560827231840e+16
104 -12 1.7762735574233379e+17
106 -12 4.1602227439451130e+17
108 -12 8.8110579204512038e+17
110 -12 1.6990686570087112e+18
112 -12 3.0065236879140444e+18
114 -12 4.8955629948574843e+18
116 -12 7.3603901607226348e+18
118 -12 1.0250283622353992e+19
120 -12 1.3166539740804628e+19
122 -12 1.5703663610570330e+19
124 -12 1.7353112288781259e+19
126 -12 1.7760447139484436e+19
128 -12 1.6818853723535833e+19
130 -12 1.4730568368607087e+19
132 -12 1.1902750638208068e+19
134 -12 8.8473199382934497e+18
136 -12 6.0511516737034629e+18
138 -12 3.7855105842556037e+18
140 -12 2.1623946573510195e+18
142 -12 1.1223494706922828e+18
144 -12 5.2748251612114048e+17
146 -12 2.2284102441385952e+17
148 -12 8.4272648966611568e+16
150 -12 2.8214257187872672e+16
152 -12 8.2913579799443010e+15
154 -12 2.1179090367322658e+15
156 -12 4.6408914962743562e+14
158 -12 8.5745606826353062e+13
160 -12 1.3014304216957496e+13
162 -12 1.5735288797228948e+12
164 -12 1.4451101436022577e+11
166 -12 9.0786327480067272e+09
168 -12 3.5204274352806777e+08
78 -11 4.9731234361575561e+05
80 -11 6.8408679909726083e+08
82 -11 6.0128934395520798e+10
84 -11 1.5714673923514788e+12
86 -11 2.0492116333505172e+13
88 -11 1.7207540904357731e+14
90 -11 1.0583535946536410e+15
92 -11 5.1384335236854900e+15
94 -11 2.0747592760428336e+16
96 -11 7.1781162335078376e+16
98 -11 2.1820610047324864e+17
100 -11 5.8921513199963443e+17
102 -11 1.4380970837792809e+18
104 -11 3.1870672160333184e+18
106 -11 6.4646658240145080e+18
108 -11 1.2050549096850469e+19
110 -11 2.0745594836996485e+19
112 -11 3.3027688617250603e+19
114 -11 4.8828477527043121e+19
116 -11 6.7002001828471226e+19
118 -11 8.5334405907520569e+19
120 -11 1.0106035821698236e+20
122 -11 1.1100913746694839e+20
124 -11 1.1356081552766994e+20
126 -11 1.0756481168836636e+20
128 -11 9.4270045300604830e+19
130 -11 7.6477861181866574e+19
132 -11 5.7162341599891620e+19
134 -11 3.9399219905406935e+19
136 -11 2.4888417123398955e+19
138 -11 1.4380359898454065e+19
140 -11 7.5667690221137326e+18
142 -11 3.6214294609081001e+18
144 -11 1.5588403606451246e+18
146 -11 6.0350492953534259e+17
148 -11 2.0760633660816566e+17
150 -11 6.3202735749931120e+16
152 -11 1.6820801300267980e+16
154 -11 3.8636572364737265e+15
156 -11 7.5625076381103188e+14
158 -11 1.2393469458668197e+14
160 -11 1.6560930396346117e+13
162 -11 1.7433102311575559e+12
164 -11 1.3741315530411832e+11
166 -11 7.2730582625211868e+09
168 -11 2.2683594124931026e+08
74 -10 4.7074701460792338e+06
76 -10 2.9821674141386933e+09
78 -10 1.9654496898405365e+11
80 -10 4.4695200308535615e+12
82 -10 5.4192929696267680e+13
84 -10 4.4016794426032681e+14
86 -10 2.6827649249119300e+15
88 -10 1.3123829999874830e+16
90 -10 5.3885073502052584e+16
92 -10 1.9220609441281293e+17
94 -10 6.0150262714323968e+17
96 -10 1.6919532148530990e+18
98 -10 4.3053936729227607e+18
100 -10 9.9879846246630625e+18
102 -10 2.1276203865987195e+19
104 -10 4.1826577151558214e+19
106 -10 7.6109965595956707e+19
108 -10 1.2858238803369422e+20
110 -10 2.0190422007547095e+20
112 -10 2.9533558029740212e+20
114 -10 4.0168504501639388e+20
116 -10 5.0888316147285171e+20
118 -10 6.0035704444732794e+20
120 -10 6.6004706423393747e+20
122 -10 6.7460442260027605e+20
124 -10 6.4092342839422471e+20
126 -10 5.6424833076293390e+20
128 -10 4.6041442521326630e+20
130 -10 3.4744039660938055e+20
132 -10 2.4148600088411708e+20
134 -10 1.5420303257759076e+20
136 -10 9.0216802262641754e+19
138 -10 4.8192239668252164e+19
140 -10 2.3393598425738826e+19
142 -10 1.0302217458673220e+19
144 -10 4.0687108357715809e+18
146 -10 1.4395176756899620e+18
148 -10 4.5016216796720595e+17
150 -10 1.2436131121533859e+17
152 -10 2.9834591626566360e+16
154 -10 6.1506222077512320e+15
156 -10 1.0709570963994702e+15
158 -10 1.5497756691105703e+14
160 -10 1.8103130867989109e+13
162 -10 1.6432561951241724e+12
164 -10 1.0986981123644272e+11
166 -10 4.8041601556322756e+09
168 -10 1.1608227585301346e+08
70 -9 2.9728889951123353e+07
72 -9 1.0240162032311443e+10
74 -9 5.2552110375384045e+11
76 -9 1.0517286080216760e+13
78 -9 1.1984775352816578e+14
80 -9 9.4995703282759825e+14
82 -9 5.7605031603284080e+15
84 -9 2.8393856459465216e+16
86 -9 1.1928620523679707e+17
88 -9 4.3633270833149907e+17
90 -9 1.4172578128231268e+18
92 -9 4.1376286341855191e+18
94 -9 1.1004296522036685e+19
96 -9 2.6727037027205284e+19
98 -9 5.9855722337901896e+19
100 -9 1.2437923216188342e+20
102 -9 2.3917362745499599e+20
104 -9 4.2934239816598893e+20
106 -9 7.1593052309850476e+20
108 -9 1.1154053600086224e+21
110 -9 1.6211608715448135e+21
112 -9 2.1995483328363973e+21
114 -9 2.7850534747386104e+21
116 -9 3.2892337804750162e+21
118 -9 3.6258488710640079e+21
120 -9 3.7230427139946452e+21
122 -9 3.5573109006818817e+21
124 -9 3.1508130165427552e+21
126 -9 2.5924534444137550e+21
128 -9 1.9737149635914944e+21
130 -9 1.3856200255345784e+21
132 -9 8.9519298763426968e+20
134 -9 5.3103136633198353e+20
136 -9 2.8824989667132968e+20
138 -9 1.4248048719710437e+20
140 -9 6.3783208198189089e+19
142 -9 2.5749604406043779e+19
144 -9 9.3342631731421491e+18
146 -9 3.0096441235211489e+18
148 -9 8.5787271319650189e+17
150 -9 2.1355034329155424e+17
152 -9 4.5986834338119632e+16
154 -9 8.4675855721697800e+15
156 -9 1.3068947945238840e+15
158 -9 1.6567998889434744e+14
160 -9 1.6747866979555998e+13
162 -9 1.2989935090567588e+12
164 -9 7.2082916320831482e+10
166 -9 2.5240644662784109e+09
168 -9 4.6134095812778294e+07
66 -8 1.3094431044822483e+08
68 -8 2.7268992105357456e+10
70 -8 1.1259681812137666e+12
72 -8 2.0278338116031742e+13
74 -8 2.1921013409498022e+14
76 -8 1.6949988548389875e+15
78 -8 1.0291535707303088e+16
80 -8 5.1390762029196168e+16
82 -8 2.2021923286721427e+17
84 -8 8.2836251890462106e+17
86 -8 2.7856703305467023e+18
88 -8 8.4759678138428989e+18
90 -8 2.3551144502269469e+19
92 -8 6.0207203466581172e+19
94 -8 1.4207336519010699e+20
96 -8 3.1102645317740999e+20
98 -8 6.3543310871278636e+20
100 -8 1.2074383299821980e+21
102 -8 2.1466707479712741e+21
104 -8 3.5656375522685952e+21
106 -8 5.5347491184586009e+21
108 -8 8.0532456660186274e+21
110 -8 1.0943964374731541e+22
112 -8 1.3906752241493709e+22
114 -8 1.6501702915407395e+22
116 -8 1.8306176580552262e+22
118 -8 1.8943227059322338e+22
120 -8 1.8241656082384212e+22
122 -8 1.6327244763162154e+22
124 -8 1.3565814566368787e+22
126 -8 1.0436372704551579e+22
128 -8 7.4131330812149739e+21
130 -8 4.8554029650199351e+21
132 -8 2.9241030397327867e+21
134 -8 1.6108445246794634e+21
136 -8 8.1079695352891048e+20
138 -8 3.6980424707736817e+20
140 -8 1.5266065745212552e+20
142 -8 5.6608563751572726e+19
144 -8 1.8723972014931538e+19
146 -8 5.5013888306792458e+18
148 -8 1.4185955993233029e+18
150 -8 3.1835139650629869e+17
152 -8 6.1453358495893512e+16
154 -8 1.0030232607822306e+16
156 -8 1.3606574280652898e+15
158 -8 1.5011615040757625e+14
160 -8 1.2978839764829754e+13
162 -8 8.4108964272112476e+11
164 -8 3.7900009340318848e+10
166 -8 1.0096457946614413e+09
168 -8 1.1867392508669868e+07
62 -7 4.0459210798191750e+08
64 -7 5.5760563241103264e+10
66 -7 1.9170725480944968e+12
68 -7 3.1310139457995562e+13
70 -7 3.2465508532502919e+14
72 -7 2.4742018917193845e+15
74 -7 1.4994321117953378e+16
76 -7 7.5874632699878544e+16
78 -7 3.3285954144832269e+17
80 -7 1.2916044367403556e+18
82 -7 4.5009620158940774e+18
84 -7 1.4295055860502450e+19
86 -7 4.1576378082691932e+19
88 -7 1.1164304926191295e+20
90 -7 2.7788533262536285e+20
92 -7 6.4501142430007860e+20
94 -7 1.3951405063859499e+21
96 -7 2.8222946097591133e+21
98 -7 5.3493762362947488e+21
100 -7 9.4980849111324552e+21
102 -7 1.5788916811183239e+22
104 -7 2.4609513517061459e+22
106 -7 3.5944860445490064e+22
108 -7 4.9157461333322548e+22
110 -7 6.3009857351112806e+22
112 -7 7.5396621671856364e+22
114 -7 8.4409205415611449e+22
116 -7 8.8228723326165677e+22
118 -7 8.5993071884926890e+22
120 -7 7.7812588511859921e+22
122 -7 6.5517348335671493e+22
124 -7 5.1048922683762945e+22
126 -7 3.6823694174213359e+22
128 -7 2.4479572760819623e+22
130 -7 1.4949101505664602e+22
132 -7 8.3827845922946548e+21
134 -7 4.2910260681665874e+21
136 -7 1.9988989785686477e+21
138 -7 8.4217611882651779e+20
140 -7 3.2008925782944953e+20
142 -7 1.0876243248049780e+20
144 -7 3.2885354394487878e+19
146 -7 8.7576909127265669e+18
148 -7 2.0386750888288771e+18
150 -7 4.0927771282573683e+17
152 -7 7.0267833927635176e+16
154 -7 1.0118120460441190e+16
156 -7 1.1949424919676088e+15
158 -7 1.1298556498253005e+14
160 -7 8.2370374970550273e+12
162 -7 4.3531044119765314e+11
164 -7 1.5114476566778530e+10
166 -7 2.6970503796339321e+08
168 -7 1.2549971967835580e+06
56 -6 2.0899744001176913e+05
58 -6 8.8216132701672053e+08
60 -6 8.6443910233151520e+10
62 -6 2.5417437099132515e+12
64 -6 3.8355192948925211e+13
66 -6 3.8302958215441019e+14
68 -6 2.8728262932427140e+15
70 -6 1.7474682362394682e+16
72 -6 8.9700411132953792e+16
74 -6 4.0350320275968941e+17
76 -6 1.6159063282805202e+18
78 -6 5.8496063720379300e+18
80 -6 1.9378189265439547e+19
82 -6 5.9123603661832102e+19
84 -6 1.6720172344161449e+20
86 -6 4.4088844296467461e+20
88 -6 1.0837029969371097e+21
90 -6 2.4921710900645562e+21
92 -6 5.3768349972029222e+21
94 -6 1.0865986827629290e+22
96 -6 2.0659054543022554e+22
98 -6 3.6855369839543417e+22
100 -6 6.1702163007975381e+22
102 -6 9.6919968468020597e+22
104 -6 1.4300535840693057e+23
106 -6 1.9784605815991122e+23
108 -6 2.5637943804768459e+23
110 -6 3.1105136810532403e+23
112 -6 3.5270561075958652e+23
114 -6 3.7380178797835675e+23
116 -6 3.6906807660716949e+23
118 -6 3.3904341456088500e+23
120 -6 2.8974837926375752e+23
122 -6 2.2947741552614215e+23
124 -6 1.6807766446192335e+23
126 -6 1.1364818457362356e+23
128 -6 7.0733975530367282e+22
130 -6 4.0340052313859447e+22
132 -6 2.1062982929091901e+22
134 -6 1.0005674215889806e+22
136 -6 4.3146573038212067e+21
138 -6 1.6770717146667058e+21
140 -6 5.8519829518980330e+20
142 -6 1.8184053456833308e+20
144 -6 4.9920273769142772e+19
146 -6 1.2036321322376333e+19
148 -6 2.5131419109680763e+18
150 -6 4.5023245557111245e+17
152 -6 6.8204806376011848e+16
154 -6 8.5747257161500100e+15
156 -6 8.7267146534361000e+14
158 -6 6.9722030305085359e+13
160 -6 4.1587229197149302e+12
162 -6 1.7254146338580557e+11
164 -6 4.1723224342911205e+09
166 -6 3.3791216324871823e+07
52 -5 1.2554086739341230e+06
54 -5 1.3703685840487514e+09
56 -5 1.0090668698212875e+11
58 -5 2.5758482988677866e+12
60 -5 3.6347099498568023e+13
62 -5 3.5096970702053562e+14
64 -5 2.6031185897618975e+15
66 -5 1.5842771436212288e+16
68 -5 8.2730209413140912e+16
70 -5 3.8122346086218291e+17
72 -5 1.5801593241603953e+18
74 -5 5.9613950432332104e+18
76 -5 2.0649024330441122e+19
78 -5 6.6272634228027286e+19
80 -5 1.9768582541919879e+20
82 -5 5.5208741107305185e+20
84 -5 1.4421851148739703e+21
86 -5 3.5362368392344549e+21
88 -5 8.1467622239257672e+21
90 -5 1.7637418533211481e+22
92 -5 3.5950847181309138e+22
94 -5 6.8933172186321741e+22
96 -5 1.2417693786754795e+23
98 -5 2.1058541355105096e+23
100 -5 3.3572868522666048e+23
102 -5 5.0235046529566721e+23
104 -5 7.0586779120690777e+23
106 -5 9.2954447283635621e+23
108 -5 1.1456373645498449e+24
110 -5 1.3208109845110640e+24
112 -5 1.4240473375437848e+24
114 -5 1.4312177264338706e+24
116 -5 1.3385727816077576e+24
118 -5 1.1638953710251368e+24
120 -5 9.3823800633624329e+23
122 -5 7.0032606420488241e+23
124 -5 4.8272609616582034e+23
126 -5 3.0626211870510681e+23
128 -5 1.7835545754567302e+23
130 -5 9.5035710411534110e+22
132 -5 4.6122765150903750e+22
134 -5 2.0345138967376900e+22
136 -5 8.0981641153102972e+21
138 -5 2.8992334365042195e+21
140 -5 9.2654211518022694e+20
142 -5 2.6233239360764025e+20
144 -5 6.5306468337221222e+19
146 -5 1.4164439964858010e+19
148 -5 2.6458142136357350e+18
150 -5 4.1927845905932794e+17
152 -5 5.5488584551402312e+16
154 -5 6.0073643312172790e+15
156 -5 5.1940073091601050e+14
158 -5 3.4247430878986316e+13
160 -5 1.6118823728481826e+12
162 -5 4.7548083432044418e+10
164 -5 6.1206184564624393e+08
48 -4 3.0472392898848779e+06
50 -4 1.5029899040719447e+09
52 -4 8.6526921718116699e+10
54 -4 1.9545656215526062e+12
56 -4 2.5898222220213270e+13
58 -4 2.4224906594481041e+14
60 -4 1.7790323608905555e+15
62 -4 1.0912014196689264e+16
64 -4 5.8039420447910288e+16
66 -4 2.7393283690028947e+17
68 -4 1.1755048500851295e+18
70 -4 4.6207390750011822e+18
72 -4 1.6773385994052250e+19
74 -4 5.6767284547960422e+19
76 -4 1.7935517966327035e+20
78 -4 5.3113392537571964e+20
80 -4 1.4778787102569199e+21
82 -4 3.8737536421861466e+21
84 -4 9.5508486765820647e+21
86 -4 2.2217595167626121e+22
88 -4 4.8681481440814044e+22
90 -4 1.0064099957258331e+23
92 -4 1.9594394048730867e+23
94 -4 3.5959218877480641e+23
96 -4 6.2080156528863285e+23
98 -4 1.0081526828376178e+24
100 -4 1.5389048240380490e+24
102 -4 2.2049573260226267e+24
104 -4 2.9637004815814301e+24
106 -4 3.7300591286052219e+24
108 -4 4.3933550351032202e+24
110 -4 4.8352778269839429e+24
112 -4 4.9609337368925698e+24
114 -4 4.7386991004950214e+24
116 -4 4.2087241169788619e+24
118 -4 3.4654425349790481e+24
120 -4 2.6400499985190007e+24
122 -4 1.8599354496158980e+24
124 -4 1.2054785121954952e+24
126 -4 7.1768590277633668e+23
128 -4 3.9152860889896403e+23
130 -4 1.9451249132183062e+23
132 -4 8.7838428533476083e+22
134 -4 3.5891164647713141e+22
136 -4 1.3184574280455370e+22
138 -4 4.3282248310277370e+21
140 -4 1.2638476129394596e+21
142 -4 3.2531808584075064e+20
144 -4 7.3098972434085356e+19
146 -4 1.4182292057037212e+19
148 -4 2.3487193641274547e+18
150 -4 3.2635698999901939e+17
152 -4 3.7413589493665392e+16
154 -4 3.4514288448621820e+15
156 -4 2.4596092561735550e+14
158 -4 1.2865418387339723e+13
160 -4 4.4210271969081769e+11
162 -4 7.6313660540532627e+09
164 -4 2.0189108721108977e+07
44 -3 4.1016400886332002e+06
46 -3 1.1366480188727796e+09
48 -3 5.2882392573051880e+10
50 -3 1.0751779407432711e+12
52 -3 1.3441378794031455e+13
54 -3 1.2218707947433389e+14
56 -3 8.9102362095479575e+14
58 -3 5.4882381031365050e+15
60 -3 2.9707393200805240e+16
62 -3 1.4430802889033914e+17
64 -3 6.4034799283656115e+17
66 -3 2.6330468093904850e+18
68 -3 1.0058800378784879e+19
70 -3 3.5873973405353357e+19
72 -3 1.2043879653917744e+20
74 -3 3.7966244959348084e+20
76 -3 1.1281823709015264e+21
78 -3 3.1667738256445129e+21
80 -3 8.4019289415691094e+21
82 -3 2.1027080479928182e+22
84 -3 4.9779003718893350e+22
86 -3 1.1129493669500441e+23
88 -3 2.3481156418260122e+23
90 -3 4.6754916207008258e+23
92 -3 8.7818063222089236e+23
94 -3 1.5539463573891707e+24
96 -3 2.5856387713945683e+24
98 -3 4.0455467153998405e+24
100 -3 5.9463654714452887e+24
102 -3 8.2075499410895149e+24
104 -3 1.0595484974989740e+25
106 -3 1.2791781204450725e+25
108 -3 1.4429734352866897e+25
110 -3 1.5171682378774123e+25
112 -3 1.4854354745960436e+25
114 -3 1.3527998544746402e+25
116 -3 1.1416110146089758e+25
118 -3 8.9210014329471663e+24
120 -3 6.4351647015516402e+24
122 -3 4.2739792725524009e+24
124 -3 2.6086478284698356e+24
126 -3 1.4591869038169438e+24
128 -3 7.4423342201155772e+23
130 -3 3.4512819146556621e+23
132 -3 1.4466211732405987e+23
134 -3 5.4625220506278179e+22
136 -3 1.8485251888409152e+22
138 -3 5.5575913958839639e+21
140 -3 1.4777691361189031e+21
142 -3 3.4408195659489405e+20
144 -3 6.9284898491157561e+19
146 -3 1.1964811193029059e+19
148 -3 1.7375998630154757e+18
150 -3 2.0964287810454608e+17
152 -3 2.0463894453529928e+16
154 -3 1.5669952834016430e+15
156 -3 8.9494441582531359e+13
158 -3 3.4809821672807695e+12
160 -3 7.4279438412597778e+10
162 -3 4.1550027770969409e+08
40 -2 3.2343477423145967e+06
42 -2 5.7272974470777786e+08
44 -2 2.2305121636605957e+10
46 -2 4.0892976887245056e+11
48 -2 4.8592692691033193e+12
50 -2 4.3058333009783188e+13
52 -2 3.1024738066182294e+14
54 -2 1.9261749594316840e+15
56 -2 1.0622514283321308e+16
58 -2 5.3177042952182640e+16
60 -2 2.4585537261102048e+17
62 -2 1.0541127037485210e+18
64 -2 4.2483037866652831e+18
66 -2 1.6065288647753535e+19
68 -2 5.7328343424376193e+19
70 -2 1.9303625292372011e+20
72 -2 6.1539320860641919e+20
74 -2 1.8597865061002932e+21
76 -2 5.3191912549363692e+21
78 -2 1.4420631713754772e+22
80 -2 3.6974878715476653e+22
82 -2 8.9809124837088945e+22
84 -2 2.0636999302308632e+23
86 -2 4.4824377258079644e+23
88 -2 9.1856484813072143e+23
90 -2 1.7772570010722568e+24
92 -2 3.2427642085201988e+24
94 -2 5.5683034302359699e+24
96 -2 8.9849145255097480e+24
98 -2 1.3612839567084719e+25
100 -2 1.9360368930225532e+25
102 -2 2.5770154671598513e+25
104 -2 3.2074806353335245e+25
106 -2 3.7291447596713492e+25
108 -2 4.0396574813235157e+25
110 -2 4.0740008878639027e+25
112 -2 3.8181357865188989e+25
114 -2 3.3165389113182483e+25
116 -2 2.6643065441809662e+25
118 -2 1.9768139917797331e+25
120 -2 1.3516446292382598e+25
122 -2 8.4818391153791052e+24
124 -2 4.8769927740852481e+24
126 -2 2.5590361880809889e+24
128 -2 1.2205417730496061e+24
130 -2 5.2657538052539528e+23
132 -2 2.0496357820035568e+23
134 -2 7.1478566050072306e+22
136 -2 2.2183251703380006e+22
138 -2 6.0983943219829035e+21
140 -2 1.4695012561118167e+21
142 -2 3.0745324258024155e+20
144 -2 5.5200840440984805e+19
146 -2 8.3927259473384622e+18
148 -2 1.0619189981576370e+18
150 -2 1.0934703639553821e+17
152 -2 8.9151526267980080e+15
154 -2 5.4829486411103569e+14
156 -2 2.3555596998621273e+13
158 -2 5.9211198542417126e+11
160 -2 5.2630776110972958e+09
36 -1 1.4975275629294470e+06
38 -1 1.8384787995639729e+08
40 -1 6.0487719765437984e+09
42 -1 1.0173419648299934e+11
44 -1 1.1407414816065078e+12
46 -1 9.7957236236621973e+12
48 -1 7.0107001216222234e+13
50 -1 4.3794965177524869e+14
52 -1 2.4708971783805430e+15
54 -1 1.2842072022618058e+16
56 -1 6.2005427127049432e+16
58 -1 2.8025581836845581e+17
60 -1 1.1966063743556193e+18
62 -1 4.8137152697705871e+18
64 -1 1.8370457181738236e+19
66 -1 6.6538400133979996e+19
68 -1 2.2812587783171169e+20
70 -1 7.4495736365951064e+20
72 -1 2.3098787702267988e+21
74 -1 6.8054678616356369e+21
76 -1 1.9032593733642143e+22
78 -1 5.0500526747047629e+22
80 -1 1.2692155814914581e+23
82 -1 3.0200117418223279e+23
84 -1 6.8075906890659272e+23
86 -1 1.4486882414257292e+24
88 -1 2.9087416843805254e+24
90 -1 5.5101070231353240e+24
92 -1 9.8229023098787925e+24
94 -1 1.6468517980096470e+25
96 -1 2.5894132897331559e+25
98 -1 3.8212697104044814e+25
100 -1 5.2770329250759001e+25
102 -1 6.8092492985717928e+25
104 -1 8.2015111431082005e+25
106 -1 9.2075834220489046e+25
108 -1 9.6058695351016904e+25
110 -1 9.3164274695686539e+25
112 -1 8.3649674205184403e+25
114 -1 6.9489878706024296e+25
116 -1 5.3268285093895919e+25
118 -1 3.7596147505076035e+25
120 -1 2.4362232714522409e+25
122 -1 1.4453432932225483e+25
124 -1 7.8302154495077906e+24
126 -1 3.8532075227762986e+24
128 -1 1.7175548057052120e+24
130 -1 6.8999237497879174e+23
132 -1 2.4888852744259456e+23
134 -1 7.9837182501410128e+22
136 -1 2.2697223361498536e+22
138 -1 5.6671280130174002e+21
140 -1 1.2321612406606911e+21
142 -1 2.3042250695456437e+20
144 -1 3.6598507589568950e+19
146 -1 4.8473165935574856e+18
148 -1 5.2565786842149875e+17
150 -1 4.5262766357752320e+16
152 -1 2.9793033515576060e+15
154 -1 1.3974878893269372e+14
156 -1 4.0218514288928706e+12
158 -1 4.8047381993935219e+10
160 -1 6.3329060016899392e+07
32 0 3.7009115730452375e+05
34 0 3.3132950372839574e+07
36 0 9.4014988659307945e+08
38 0 1.4470251369424793e+10
40 0 1.5371537443693497e+11
42 0 1.2853640717189187e+12
44 0 9.1280550116124688e+12
46 0 5.7945014764992273e+13
48 0 3.3860005511131762e+14
50 0 1.8421925872457225e+15
52 0 9.4103229932039540e+15
54 0 4.5403962039999728e+16
56 0 2.0707071978174691e+17
58 0 8.9649133060780262e+17
60 0 3.6930594452174679e+18
62 0 1.4463339671442235e+19
64 0 5.3993035890851791e+19
66 0 1.9179433687678022e+20
68 0 6.4907618422699721e+20
70 0 2.0903181279832076e+21
72 0 6.4146646969637730e+21
74 0 1.8701596334450398e+22
76 0 5.1755608613649253e+22
78 0 1.3594164438101205e+23
80 0 3.3873502615630461e+23
82 0 7.9848731322845312e+23
84 0 1.7778185684390260e+24
86 0 3.7416505316316374e+24
88 0 7.4126201447611314e+24
90 0 1.3840480051305847e+25
92 0 2.4259350941738799e+25
94 0 3.9926935047628562e+25
96 0 6.1568031064380999e+25
98 0 8.8816067392163870e+25
100 0 1.1967344624842315e+26
102 0 1.5041693961131965e+26
104 0 1.7594001760486277e+26
106 0 1.9132919654222662e+26
108 0 1.9298470785476007e+26
110 0 1.8030053553783157e+26
112 0 1.5571485450271373e+26
114 0 1.2393158896690040e+26
116 0 9.0786470776919944e+25
118 0 6.0993543294524589e+25
120 0 3.7530908786471133e+25
122 0 2.1058782888918446e+25
124 0 1.0739834541578083e+25
126 0 4.9577183875024808e+24
128 0 2.0637737887595040e+24
130 0 7.7088588682042101e+23
132 0 2.5643178411015327e+23
134 0 7.5689419685720488e+22
136 0 1.9639052641668264e+22
138 0 4.4425397859922236e+21
140 0 8.6576693631938567e+20
142 0 1.4327398237148493e+20
144 0 1.9900926053851967e+19
146 0 2.2683403809759700e+18
148 0 2.0668208964065568e+17
150 0 1.4466555425830064e+16
152 0 7.3050832354528800e+14
154 0 2.3464879843748223e+13
156 0 3.5043994906221124e+11
158 0 9.9511742383442366e+08
26 1 3.9731613366488631e+01
28 1 3.6852013529272852e+04
30 1 2.5492405570800183e+06
32 1 6.2623131923721425e+07
34 1 8.8317241539275396e+08
36 1 8.8814680276348915e+09
38 1 7.2211787667122345e+10
40 1 5.2436289924479877e+11
42 1 3.5131262328357441e+12
44 1 2.2185726134423477e+13
46 1 1.3194662775470472e+14
48 1 7.4030632681606262e+14
50 1 3.9147419965683385e+15
52 1 1.9540142730789904e+16
54 1 9.2782809008987984e+16
56 1 4.2037730221293549e+17
58 1 1.8105647084100040e+18
60 1 7.4387235980839014e+18
62 1 2.9121586595000513e+19
64 1 1.0882456345940958e+20
66 1 3.8750927888498590e+20
68 1 1.3152893573770332e+21
70 1 4.2543496390071325e+21
72 1 1.3097793481810379e+22
74 1 3.8274142102543671e+22
76 1 1.0626052532485066e+23
78 1 2.7945658911802229e+23
80 1 6.9646700697083919e+23
82 1 1.6397046843015154e+24
84 1 3.6470587650458553e+24
86 1 7.6324686758403190e+24
88 1 1.5051883518570178e+25
90 1 2.7867976466883861e+25
92 1 4.8388501593897692e+25
94 1 7.8663921676238238e+25
96 1 1.1955001468463216e+26
98 1 1.6964943040710038e+26
100 1 2.2422924773483439e+26
102 1 2.7556142636143086e+26
104 1 3.1448757302538312e+26
106 1 3.3292629398237430e+26
108 1 3.2545434088369089e+26
110 1 2.9397377933006058e+26
112 1 2.4485628068570518e+26
114 1 1.8722839571386386e+26
116 1 1.3120789882963879e+26
118 1 8.4118110716052466e+25
120 1 4.9153452119891773e+25
122 1 2.6084903051726796e+25
124 1 1.2538630009403269e+25
126 1 5.4266918489422965e+24
128 1 2.1074654539949891e+24
130 1 7.3046501958439507e+23
132 1 2.2423495824545946e+23
134 1 6.0550803545829258e+22
136 1 1.4268692126752676e+22
138 1 2.9014096294809531e+21
140 1 5.0317346865301350e+20
142 1 7.3257092964870210e+19
144 1 8.7845090296464814e+18
146 1 8.4293512058023475e+17
148 1 6.2626938427404992e+16
150 1 3.3970384749109650e+15
152 1 1.1992831188423806e+14
154 1 2.1189803788064922e+12
156 1 9.4300123775442619e+09
30 2 5.6984276035362864e+03
32 2 2.6029584753468921e+06
34 2 1.3853017926974291e+08
36 2 3.0279890105338912e+09
38 2 4.0483319229092125e+10
40 2 3.9455365683475665e+11
42 2 3.1398947713069717e+12
44 2 2.1830879432499184e+13
46 2 1.3745878744682812e+14
48 2 8.0587999252469000e+14
50 2 4.4214156511313220e+15
52 2 2.2870544651522924e+16
54 2 1.1213272951170115e+17
56 2 5.2084327827304326e+17
58 2 2.3056784624037414e+18
60 2 9.7209195538822021e+18
62 2 3.9016441024867017e+19
64 2 1.4893675244863324e+20
66 2 5.4224013345940203e+20
68 2 1.8778520152268753e+21
70 2 6.1842774024223719e+21
72 2 1.9357707256662438e+22
74 2 5.7539113253488671e+22
76 2 1.6203127446080277e+23
78 2 4.3171190104507688e+23
80 2 1.0863705753887133e+24
82 2 2.5820829636610268e+24
84 2 5.7819640677158507e+24
86 2 1.2169649303356663e+25
88 2 2.4039716042141192e+25
90 2 4.4505695327444642e+25
92 2 7.7108870433050496e+25
94 2 1.2473610764645487e+26
96 2 1.8803527051598204e+26
98 2 2.6405459459423385e+26
100 2 3.4413369371943760e+26
102 2 4.1614458954576674e+26
104 2 4.6552940761031251e+26
106 2 4.8107678788370063e+26
108 2 4.5860505398792514e+26
110 2 4.0184663262160957e+26
112 2 3.2323776059496384e+26
114 2 2.3806624749787375e+26
116 2 1.6018610596359993e+26
118 2 9.8048827939737938e+25
120 2 5.4514647997818343e+25
122 2 2.7413283675816183e+25
124 2 1.2409238336645394e+25
126 2 5.0336808293358554e+24
128 2 1.8220165982252804e+24
130 2 5.8450030670752866e+23
132 2 1.6505035383059838e+23
134 2 4.0624070661566932e+22
136 2 8.6530796752893421e+21
138 2 1.5711716137059845e+21
140 2 2.4032027954489973e+20
142 2 3.0331891400220877e+19
144 2 3.0724057270687933e+18
146 2 2.4246814956483370e+17
148 2 1.4067603729077060e+16
150 2 5.4078396786990162e+14
152 2 1.1041430188845443e+13
154 2 6.6991469313232422e+10
34 3 3.4795650943607156e+05
36 3 8.0229283476718515e+07
38 3 3.4169289876783504e+09
40 3 6.6949079575304909e+10
42 3 8.4203313424268701e+11
44 3 7.9674317331494971e+12
46 3 6.2195133801793281e+13
48 3 4.2268926627557756e+14
50 3 2.5925187386674360e+15
52 3 1.4704316235399202e+16
54 3 7.7612555120632480e+16
56 3 3.8539016129547840e+17
58 3 1.8059424298306673e+18
60 3 8.0165705837946051e+18
62 3 3.3735754314910188e+19
64 3 1.3496864744600669e+20
66 3 5.1127016465297900e+20
68 3 1.8401905649498891e+21
70 3 6.2851229907681144e+21
72 3 2.0318973595174797e+22
74 3 6.2270412997278694e+22
76 3 1.8012881742843765e+23
78 3 4.9223711653158392e+23
80 3 1.2659984360585373e+24
82 3 3.0719862099318238e+24
84 3 6.9900684550346345e+24
86 3 1.4925741257525770e+25
88 3 2.9811304528800096e+25
90 3 5.5737929160458303e+25
92 3 9.7120596474048477e+25
94 3 1.5746425167102097e+26
96 3 2.3727825878280130e+26
98 3 3.3184758430440117e+26
100 3 4.2957385655039194e+26
102 3 5.1380760598194668e+26
104 3 5.6666689041062061e+26
106 3 5.7509135229680014e+26
108 3 5.3579370248801082e+26
110 3 4.5741401151712591e+26
112 3 3.5686216853536432e+26
114 3 2.5396913191603098e+26
116 3 1.6431980931414504e+26
118 3 9.6336924901607829e+25
120 3 5.0988391533601320e+25
122 3 2.4291479361945268e+25
124 3 1.0365528400995668e+25
126 3 3.9432045328841254e+24
128 3 1.3275276643690248e+24
130 3 3.9363144237551312e+23
132 3 1.0169957459566295e+23
134 3 2.2738037910934399e+22
136 3 4.3459756081097285e+21
138 3 6.9866931788820093e+20
140 3 9.3008818147956130e+19
142 3 9.9823980487723090e+18
144 3 8.3652286274729216e+17
146 3 5.1784411668999328e+16
148 3 2.1540635732332115e+15
150 3 4.9639518612994172e+13
152 3 3.7987614417755322e+11
38 4 9.8908883959003314e+06
40 4 1.4208524365582755e+09
42 4 4.9985896800926552e+10
44 4 8.8820748146816174e+11
46 4 1.0590251685653723e+13
48 4 9.7119176705651984e+13
50 4 7.4121319674386850e+14
52 4 4.9450115171048420e+15
54 4 2.9691087546976524e+16
56 4 1.6413125289461181e+17
58 4 8.4384845466902771e+17
60 4 4.0601704761839114e+18
62 4 1.8368553610446432e+19
64 4 7.8517368255472517e+19
66 4 3.1685021916191883e+20
68 4 1.2083208945471408e+21
70 4 4.3519288752426655e+21
72 4 1.4788752300992828e+22
74 4 4.7339469280461868e+22
76 4 1.4292064311045623e+23
78 4 4.0581393258642265e+23
80 4 1.0832261028552671e+24
82 4 2.7116481881603605e+24
84 4 6.3472921730673265e+24
86 4 1.3888857886562587e+25
88 4 2.8385984406589097e+25
90 4 5.3988516108621231e+25
92 4 9.5508719615366492e+25
94 4 1.5665495394570195e+26
96 4 2.3803612371089388e+26
98 4 3.3402597156336458e+26
100 4 4.3253188954594080e+26
102 4 5.1486479953556928e+26
104 4 5.6321205884635962e+26
106 4 5.6422919642803299e+26
108 4 5.1673240491301629e+26
110 4 4.3176752061907224e+26
112 4 3.2823328640457519e+26
114 4 2.2629692079631441e+26
116 4 1.4109739133363459e+26
118 4 7.9435499578918757e+25
120 4 4.0104852916653779e+25
122 4 1.8128070824903941e+25
124 4 7.2833557378579863e+24
126 4 2.5935920146184155e+24
128 4 8.1173716030735672e+23
130 4 2.2127013288390652e+23
132 4 5.2296671404096806e+22
134 4 1.0538007480166766e+22
136 4 1.7909712552132107e+21
138 4 2.5231053395294913e+20
140 4 2.8680490922437767e+19
142 4 2.5535652296061583e+18
144 4 1.6903564302553581e+17
146 4 7.6176408517577330e+15
148 4 1.9514314314511222e+14
150 4 1.8057691961441174e+12
42 5 1.7048545587908906e+08
44 5 1.6383959438031237e+10
46 5 4.8752885917528827e+11
48 5 7.9164166457881787e+12
50 5 8.9793893360875375e+13
52 5 7.9323973306595675e+14
54 5 5.9164772044776780e+15
56 5 3.8590402702039464e+16
58 5 2.2680349148463427e+17
60 5 1.2251161600164641e+18
62 5 6.1352089661915750e+18
64 5 2.8681915003104477e+19
66 5 1.2557286650858519e+20
68 5 5.1708762375203357e+20
70 5 2.0010666166929591e+21
72 5 7.2729698437494693e+21
74 5 2.4775975257896974e+22
76 5 7.9167909384844934e+22
78 5 2.3725976285140316e+23
80 5 6.6501657598526983e+23
82 5 1.7410915312625675e+24
84 5 4.2504786048833390e+24
86 5 9.6598563216920564e+24
88 5 2.0406577366456454e+25
90 5 3.9969987631768225e+25
92 5 7.2504262575894912e+25
94 5 1.2149309869865107e+26
96 5 1.8774272507357639e+26
98 5 2.6705008234834920e+26
100 5 3.4820809848448082e+26
102 5 4.1605930833617346e+26
104 5 4.5428661821234822e+26
106 5 4.5222075364178613e+26
108 5 4.0947529116047969e+26
110 5 3.3634480619231665e+26
112 5 2.5003494808939769e+26
114 5 1.6770326424249159e+26
116 5 1.0123901698102718e+26
118 5 5.4746120473950014e+25
120 5 2.6443166744266335e+25
122 5 1.1332007895798317e+25
124 5 4.2935559368270118e+24
126 5 1.4302190631106357e+24
128 5 4.1434917521647068e+23
130 5 1.0380606381707594e+23
132 5 2.2225477468094942e+22
134 5 4.0106527557445920e+21
136 5 6.0057887845978761e+20
138 5 7.2706417826560950e+19
140 5 6.8975856662660424e+18
142 5 4.8936294917670554e+17
144 5 2.3805829606484696e+16
146 5 6.7516857598578050e+14
148 5 7.3189441620112471e+12
46 6 1.8984851533151002e+09
48 6 1.3188873174013026e+11
50 6 3.3505051944932837e+12
52 6 5.0245602649395062e+13
54 6 5.3902268879806950e+14
56 6 4.6139872201719100e+15
58 6 3.3319108967133992e+16
60 6 2.1207780078204438e+17
62 6 1.2173575681862420e+18
64 6 6.4075862253036810e+18
66 6 3.1178377689324462e+19
68 6 1.4126172134273358e+20
70 6 5.9733235176588234e+20
72 6 2.3607426070428191e+21
74 6 8.7124825051847281e+21
76 6 2.9977217690498993e+22
78 6 9.6298303058241345e+22
80 6 2.8762875884106156e+23
82 6 7.9953174436742931e+23
84 6 2.0645519674969380e+24
86 6 4.9375045964842843e+24
88 6 1.0923671695351648e+25
90 6 2.2310071804915329e+25
92 6 4.1994570511285234e+25
94 6 7.2604286111912152e+25
96 6 1.1532279081613491e+26
98 6 1.6761399607188500e+26
100 6 2.2250430868423922e+26
102 6 2.6897245549618762e+26
104 6 2.9549047076727039e+26
106 6 2.9434343856022734e+26
108 6 2.6524641653179612e+26
110 6 2.1549601843157837e+26
112 6 1.5750490398480196e+26
114 6 1.0322917931532756e+26
116 6 6.0419692814770536e+25
118 6 3.1491815310764221e+25
120 6 1.4553468563060913e+25
122 6 5.9236617405808725e+24
124 6 2.1157709415862628e+24
126 6 6.5769594040993097e+23
128 6 1.7624213481516479e+23
130 6 4.0324382243218080e+22
132 6 7.7764685681579000e+21
134 6 1.2429631142733412e+21
136 6 1.6079201021647146e+20
138 6 1.6369086582877868e+19
140 6 1.2467293182893801e+18
142 6 6.5720358513757712e+16
144 6 2.0488870525671118e+15
146 6 2.5640547190322566e+13
48 7 2.2056209629855145e+07
50 7 1.4570321093691313e+10
52 7 7.5787752843460889e+11
54 7 1.6883182209091844e+13
56 7 2.3386579586702366e+14
58 7 2.3801187858372765e+15
60 7 1.9508402973775000e+16
62 7 1.3667351677165398e+17
64 7 8.4555938574345472e+17
66 7 4.7278630704136929e+18
68 7 2.4171627053314478e+19
70 7 1.1377278391032308e+20
72 7 4.9684827845184415e+20
74 7 2.0162890802277856e+21
76 7 7.6056578013093723e+21
78 7 2.6572510586715020e+22
80 7 8.6048969931134752e+22
82 7 2.5799737712645358e+23
84 7 7.1420977726498027e+23
86 7 1.8231412782202098e+24
88 7 4.2826522919988983e+24
90 7 9.2426975132059027e+24
92 7 1.8264954296624019e+25
94 7 3.3046652891900257e+25
96 7 5.4525084855201989e+25
98 7 8.1856665881373786e+25
100 7 1.1166351750244640e+26
102 7 1.3791917519598490e+26
104 7 1.5383192865410748e+26
106 7 1.5468984021220232e+26
108 7 1.3960262032369464e+26
110 7 1.1293819457444426e+26
112 7 8.1573481183701795e+25
114 7 5.2508689039269333e+25
116 7 2.9971194319106645e+25
118 7 1.5076919332141564e+25
120 7 6.6774378034138669e+24
122 7 2.5878410033270572e+24
124 7 8.6969695201876822e+23
126 7 2.5173918291129630e+23
128 7 6.2065216355826135e+22
130 7 1.2883762174785596e+22
132 7 2.2135751511160993e+21
134 7 3.0856788491407517e+20
136 7 3.3788381375874335e+19
138 7 2.7776807869744522e+18
140 7 1.5915204143973299e+17
142 7 5.4795646022368530e+15
144 7 7.7965586568508703e+13
52 8 3.3396447730683768e+08
54 8 7.7525342241344162e+10
56 8 3.2043404595086807e+12
58 8 6.3163475693327711e+13
60 8 8.1086477092480062e+14
62 8 7.8156297659039080e+15
64 8 6.1662189086107728e+16
66 8 4.1597567716080237e+17
68 8 2.4943782529149578e+18
70 8 1.3481993327900348e+19
72 8 6.6493348243082322e+19
74 8 3.0180970369222935e+20
76 8 1.2632192480004669e+21
78 8 4.8812197605847933e+21
80 8 1.7420103186206503e+22
82 8 5.7155994803790967e+22
84 8 1.7248352670960455e+23
86 8 4.7661910139440385e+23
88 8 1.2070545767765492e+24
90 8 2.7913393028603778e+24
92 8 5.8841587914274015e+24
94 8 1.1270234498459717e+25
96 8 1.9576624177000585e+25
98 8 3.0784440270754874e+25
100 8 4.3636783145898441e+25
102 8 5.5642950961004486e+25
104 8 6.3692712196078615e+25
106 8 6.5114576844348395e+25
108 8 5.9410620242712957e+25
110 8 4.8196050627416831e+25
112 8 3.4648434909900170e+25
114 8 2.2005841012279423e+25
116 8 1.2273579824520160e+25
118 8 5.9972482664707970e+24
120 8 2.5524050759092751e+24
122 8 9.3912603401786514e+23
124 8 2.9695858636705224e+23
126 8 7.9813785643325374e+22
128 8 1.8000864214505985e+22
130 8 3.3582527129369916e+21
132 8 5.0671919179469233e+20
134 8 6.0273696892609552e+19
136 8 5.3849520726289213e+18
138 8 3.3714401135739034e+17
140 8 1.2802442942905860e+16
142 8 2.0674590337085503e+14
56 9 2.3162362915703373e+09
58 9 3.0334057671332269e+11
60 9 1.0146803365085945e+13
62 9 1.7909362039650572e+14
64 9 2.1240107085700642e+15
66 9 1.9437184127426388e+16
68 9 1.4621710005242384e+17
70 9 9.5178420850412877e+17
72 9 5.4798691713476239e+18
74 9 2.8495228122008912e+19
76 9 1.3498097175739292e+20
78 9 5.8513649809017766e+20
80 9 2.3281966146035505e+21
82 9 8.4980538909766818e+21
84 9 2.8388857178750846e+22
86 9 8.6470623806191896e+22
88 9 2.4001222891881813e+23
90 9 6.0403896653457459e+23
92 9 1.3767726660648365e+24
94 9 2.8343079503709505e+24
96 9 5.2599207863870899e+24
98 9 8.7659660594993676e+24
100 9 1.3099029221134168e+25
102 9 1.7465334531115980e+25
104 9 2.0735032001826690e+25
106 9 2.1823313802747600e+25
108 9 2.0312264822977906e+25
110 9 1.6661818170313517e+25
112 9 1.2001097189440307e+25
114 9 7.5638029790228243e+24
116 9 4.1503434423755123e+24
118 9 1.9713562951496326e+24
120 9 8.0724128281556580e+23
122 9 2.8273938818850124e+23
124 9 8.3778996687454075e+22
126 9 2.0825191000800724e+22
128 9 4.2630984168927045e+21
130 9 7.0543298847610529e+20
132 9 9.1808681735652278e+19
134 9 8.9900935324265114e+18
136 9 6.1769870445627443e+17
138 9 2.5988424505961292e+16
140 9 4.7610170346146538e+14
60 10 1.0153530512865187e+10
62 10 8.6758853001286841e+11
64 10 2.4417820377207660e+13
66 10 3.8388000698967512e+14
68 10 4.2447068868629695e+15
70 10 3.6467934188382952e+16
72 10 2.6302982679314029e+17
74 10 1.6331628293838738e+18
76 10 9.0178024694400020e+18
78 10 4.4787936248474001e+19
80 10 2.0223295589428563e+20
82 10 8.3016936617409708e+20
84 10 3.1149269453677988e+21
86 10 1.0605707274087100e+22
88 10 3.2755977943999113e+22
90 10 9.1304391367438079e+22
92 10 2.2910031608944378e+23
94 10 5.1501845577130792e+23
96 10 1.0369865696213206e+24
98 10 1.8621122135786313e+24
100 10 2.9734260756451847e+24
102 10 4.2031882853439306e+24
104 10 5.2450286597293738e+24
106 10 5.7557921280799488e+24
108 10 5.5267496021817660e+24
110 10 4.6314481306559516e+24
112 10 3.3745881694921925e+24
114 10 2.1256386527991228e+24
116 10 1.1520516998547902e+24
118 10 5.3544572573329072e+23
120 10 2.1127389467754564e+23
122 10 7.0297541193964678e+22
124 10 1.9497948476464532e+22
126 10 4.4394359654358634e+21
128 10 8.1519160387467110e+20
130 10 1.1742889395631450e+20
132 10 1.2731612448490750e+19
134 10 9.6874261934994176e+17
136 10 4.5513957564858768e+16
138 10 9.4813941454158962e+14
64 11 3.0258319801360016e+10
66 11 1.9057571246609658e+12
68 11 4.4291767430220125e+13
70 11 6.3354753093839275e+14
72 11 6.4623238802969160e+15
74 11 5.2534723029067896e+16
76 11 3.5713443067828710e+17
78 11 2.1136945773579640e+18
80 11 1.1096257928703705e+19
82 11 5.2360268757861638e+19
84 11 2.2310642402107644e+20
86 11 8.6060779876333807e+20
88 11 2.9978112201741634e+21
90 11 9.3984396710428080e+21
92 11 2.6360509022647559e+22
94 11 6.5961803645825925e+22
96 11 1.4662675673291969e+23
98 11 2.8831621815752500e+23
100 11 5.0074193691286062e+23
102 11 7.6198387203027887e+23
104 11 1.0152960037200938e+24
106 11 1.1776729418336829e+24
108 11 1.1832091874949120e+24
110 11 1.0253350606391229e+24
112 11 7.6301614761725413e+23
114 11 4.8501173793711526e+23
116 11 2.6160272567295218e+23
118 11 1.1921192716562725e+23
120 11 4.5450234467337114e+22
122 11 1.4350735915891009e+22
124 11 3.7066071490190372e+21
126 11 7.6801023150596502e+20
128 11 1.2411024758450440e+20
130 11 1.5095761719046717e+19
132 11 1.2887193277708436e+18
134 11 6.8185946419879360e+16
136 11 1.6230425088374688e+15
68 12 7.1900073424059357e+10
70 12 3.0279339633502925e+12
72 12 6.2187883974830453e+13
74 12 7.9191476579729825e+14
76 12 7.5349848296515140e+15
78 12 5.7061186817023280e+16
80 12 3.6738174373106624e+17
82 12 2.0493043448033139e+18
84 12 1.0162218646236420e+19
86 12 4.5061453107981148e+19
88 12 1.7976724483013814e+20
90 12 6.4092607232483512e+20
92 12 2.0470958622699388e+21
94 12 5.7784514041029203e+21
96 12 1.4468269875962443e+22
98 12 3.1741505985466230e+22
100 12 6.1048641553624340e+22
102 12 1.0195877654795055e+23
104 12 1.4747240652787777e+23
106 12 1.8375587422265043e+23
108 12 1.9609990459767555e+23
110 12 1.7812249789286108e+23
112 12 1.3724899808983850e+23
114 12 8.8978171751656562e+22
116 12 4.8203149708389998e+22
118 12 2.1652693812280461e+22
120 12 7.9890743169558648e+21
122 12 2.3921117660269269e+21
124 12 5.6955020413658713e+20
126 12 1.0564839952695579e+20
128 12 1.4619110943615218e+19
130 12 1.4200586512398566e+18
132 12 8.5526499920423952e+16
134 12 2.3513282181632580e+15
70 13 7.1512740181003344e+08
72 13 1.0852581924211894e+11
74 13 3.7954936543171606e+12
76 13 6.5014442513633477e+13
78 13 7.6092159273578238e+14
80 13 6.5973915160874650e+15
82 13 4.6897473822008648e+16
84 13 2.8161873161450848e+17
86 13 1.4791835836110326e+18
88 13 6.8438099247805430e+18
90 13 2.8260670896235827e+19
92 13 1.0368298284222012e+20
94 13 3.3701084319921032e+20
96 13 9.6249708491721841e+20
98 13 2.4032978999643823e+21
100 13 5.2158273360147136e+21
102 13 9.7560364534223256e+21
104 13 1.5645758751151827e+22
106 13 2.1349175484052446e+22
108 13 2.4639349948915030e+22
110 13 2.3931262521111986e+22
112 13 1.9351283167186477e+22
114 13 1.2956786428887234e+22
116 13 7.1154096866847925e+21
118 13 3.1787858983046233e+21
120 13 1.1359295088712006e+21
122 13 3.2064080644743869e+20
124 13 6.9769220434530091e+19
126 13 1.1258445418456797e+19
128 13 1.2693291214607040e+18
130 13 8.8795425077188944e+16
132 13 2.8577258151307820e+15
74 14 1.2222598544705977e+09
76 14 1.2895202215610384e+11
78 14 3.4132884424000557e+12
80 14 5.2465075488347164e+13
82 14 5.4459119637915906e+14
84 14 4.3729814991958815e+15
86 14 2.8710513794450316e+16
88 14 1.6094033075156608e+17
90 14 7.8240577954321638e+17
92 14 3.3534104767174011e+18
94 14 1.2670736910292822e+19
96 14 4.1977072784613884e+19
98 14 1.2107153900395323e+20
100 14 3.0246828672376118e+20
102 14 6.4643190152978511e+20
104 14 1.1731787508643041e+21
106 14 1.7903335054006747e+21
108 14 2.2873067011121191e+21
110 14 2.4149321629064563e+21
112 14 2.0929591554951201e+21
114 14 1.4717401708717846e+21
116 14 8.3108895441308156e+20
118 14 3.7091614709614084e+20
120 14 1.2874900591300621e+20
122 14 3.4074027773812818e+19
124 14 6.6101116029695078e+18
126 14 8.9112609116967565e+17
128 14 7.4112575475499648e+16
130 14 2.8519290934801335e+15
78 15 1.5983950674439876e+09
80 15 9.9003408567717926e+10
82 15 2.3286353639714639e+12
84 15 3.1059365789426469e+13
86 15 2.9136663255109838e+14
88 15 2.1360824934644640e+15
90 15 1.2941619612083448e+16
92 15 6.6576940196804976e+16
94 15 2.9803860337390925e+17
96 15 1.1565388260501381e+18
98 15 3.9234719450452767e+18
100 15 1.1450375081719435e+19
102 15 2.8476269200536396e+19
104 15 5.9704588066972090e+19
106 15 1.0451185711305884e+20
108 15 1.5075414213544500e+20
110 15 1.7759504376535378e+20
112 15 1.6841266897391845e+20
114 15 1.2711301078388802e+20
116 15 7.4953961863451967e+19
118 15 3.3784046756616053e+19
120 15 1.1409113491282541e+19
122 15 2.7837951262008100e+18
124 15 4.6547559228508979e+17
126 15 4.7714389307976400e+16
128 15 2.2723744275243295e+15
82 16 1.0450943538345534e+09
84 16 5.7393769032077065e+10
86 16 1.1554646764153542e+12
88 16 1.3375403187391438e+13
90 16 1.1381268340796733e+14
92 16 7.6261570014489288e+14
94 16 4.1897141582918195e+15
96 16 1.9629890083878448e+16
98 16 7.8774154716810608e+16
100 16 2.7160631516546406e+17
102 16 7.9804814083247974e+17
104 16 1.9778187549113162e+18
106 16 4.0436917726631813e+18
108 16 6.7655518091780229e+18
110 16 9.0831691008292987e+18
112 16 9.6702196877291479e+18
114 16 8.0070891087287306e+18
116 16 5.0424625384618332e+18
118 16 2.3326853548386253e+18
120 16 7.6339608699960166e+17
122 16 1.6779642317813654e+17
124 16 2.2296108270813012e+16
126 16 1.3808737765156628e+15
86 17 5.0901917850902581e+08
88 17 2.6269491940673515e+10
90 17 3.9513587328642444e+11
92 17 4.2008460022537583e+12
94 17 3.1797085458327926e+13
96 17 1.8980306536735475e+14
98 17 9.3817195369343212e+14
100 17 3.9070442238830930e+15
102 17 1.3727178535014374e+16
104 17 4.0459178161519008e+16
106 17 9.8611899029039552e+16
108 17 1.9514094252453267e+17
110 17 3.0640994500267776e+17
112 17 3.7479200068583334e+17
114 17 3.4858073839400250e+17
116 17 2.3953070775262173e+17
118 17 1.1557423134154674e+17
120 17 3.6714887600131584e+16
122 17 6.8443188862076770e+15
124 17 5.9525300455187425e+14
90 18 3.6793776491262770e+08
92 18 7.2670946455151615e+09
94 18 1.0387582981510791e+11
96 18 9.0970631981977319e+11
98 18 6.0155596356568389e+12
100 18 3.1693971001881430e+13
102 18 1.3754101087712622e+14
104 18 4.8381681376067469e+14
106 18 1.4301718551637350e+15
108 18 3.3732821666570255e+15
110 18 6.3775788997850790e+15
112 18 9.1122311492387380e+15
114 18 9.8463726949516960e+15
116 18 7.4070364569434990e+15
118 18 3.8370563018902300e+15
120 18 1.1382387023610332e+15
122 18 1.6107191958486962e+14
92 19 3.5360267699319711e+06
94 19 8.9736777707509831e+07
96 19 1.6568937841192431e+09
98 19 1.6765647252500231e+10
100 19 1.2619457958750531e+11
102 19 6.9676909392978528e+11
104 19 3.2155613544957720e+12
106 19 1.1190274110299613e+13
108 19 3.3346357742377637e+13
110 19 7.3945958506151781e+13
112 19 1.3089572655987461e+14
114 19 1.5846418358102659e+14
116 19 1.4185535826480991e+14
118 19 6.9561712894927586e+13
120 19 2.1160639102243188e+13
96 20 5.7302867309100111e+05
98 20 1.4348503587464735e+07
100 20 1.6389993361449561e+08
102 20 1.4758592836736746e+09
104 20 8.7723478929296265e+09
106 20 4.7103141878416664e+10
108 20 1.5342122286962204e+11
110 20 4.7011998555208685e+11
112 20 8.9015406115992627e+11
114 20 1.4594345937048682e+12
116 20 1.1873306545330278e+12
118 20 7.8127750531494946e+11
104 21 4.9291851775383195e+06
106 21 4.3483460673629694e+07
108 21 3.8055741713997966e+08
110 21 9.6197219751497269e+08
112 21 3.2417367953683252e+09
114 21 4.0650011783742847e+09
116 21 6.3643531347887316e+09
108 22 5.0375521873250247e+04
110 22 1.2700939201594356e+06
112 22 1.3908418781637240e+06
114 22 6.7034053784852624e+06
