176 -29 1.9843942233625145e+00
170 -28 2.4997020433718575e+02
172 -28 3.3675707165619792e+02
174 -28 1.5953318418782569e+01
176 -28 5.0079154749999827e+02
158 -27 8.0567188174296945e+01
160 -27 7.2382984291068897e+02
162 -27 1.5914173354725708e+03
164 -27 7.3061725414054026e+03
166 -27 2.0831519432249788e+04
168 -27 1.6991493872859934e+04
170 -27 2.6314891293690704e+04
172 -27 2.5382102715740999e+04
174 -27 4.2461706466089599e+03
176 -27 8.5744862828323276e+03
152 -26 6.4414134439480767e+02
154 -26 1.0692240658502888e+04
156 -26 4.9233752885604124e+04
158 -26 1.4266910271713918e+05
160 -26 4.0419705306234478e+05
162 -26 6.8335655144656531e+05
164 -26 8.8520379210303596e+05
166 -26 1.0623210576147342e+06
168 -26 8.0067745442761248e+05
170 -26 5.4364885361810622e+05
172 -26 3.1781641314322298e+05
174 -26 7.5524494668210464e+04
176 -26 4.3425572271777623e+04
144 -25 1.8367373879342972e+02
146 -25 4.5010072964582696e+03
148 -25 5.9423428493764943e+04
150 -25 4.1527937274710095e+05
152 -25 1.6281588712126655e+06
154 -25 4.6200474117301265e+06
156 -25 1.0108903605031189e+07
158 -25 1.7121422629434299e+07
160 -25 2.2974988397698279e+07
162 -25 2.5289330021576714e+07
164 -25 2.2654689110347949e+07
166 -25 1.6565908490908565e+07
168 -25 9.9720699309731480e+06
170 -25 4.7343055227672076e+06
172 -25 1.9749650331070689e+06
174 -25 4.2946956394533336e+05
176 -25 1.6742724285966955e+05
140 -24 1.1109961089771656e+04
142 -24 2.0488412454537209e+05
144 -24 1.7381942333540886e+06
146 -24 9.1726642799110748e+06
148 -24 3.2900901638410080e+07
150 -24 8.6342822009371683e+07
152 -24 1.8085878738168371e+08
154 -24 3.0181957035541493e+08
156 -24 4.1102122070425236e+08
158 -24 4.7369550025792968e+08
160 -24 4.4926709135981989e+08
162 -24 3.6291695840646082e+08
164 -24 2.4803092846692109e+08
166 -24 1.4243184886847329e+08
168 -24 6.7776677312455907e+07
170 -24 2.6959715861757126e+07
172 -24 9.1561449217173960e+06
174 -24 1.7966753133276284e+06
176 -24 5.3431848310096329e+05
134 -23 4.2283471063276911e+03
136 -23 2.9882983969326370e+05
138 -23 4.2241694997632103e+06
140 -23 2.9863980132302590e+07
142 -23 1.3899560294348627e+08
144 -23 4.6417579454530466e+08
146 -23 1.1917174803984139e+09
148 -23 2.4466234092373610e+09
150 -23 4.1286750844744558e+09
152 -23 5.8311416710862617e+09
154 -23 6.9719885473791475e+09
156 -23 7.1365494759634209e+09
158 -23 6.2778329768495922e+09
160 -23 4.7790866614417324e+09
162 -23 3.1255544073052888e+09
164 -23 1.7693993830249741e+09
166 -23 8.5468106099173367e+08
168 -23 3.4742417669621599e+08
170 -23 1.1704309407914913e+08
172 -23 3.3265062342895336e+07
174 -23 5.9223655790030854e+06
176 -23 1.2991474790910953e+06
128 -22 7.6488428167756183e+01
130 -22 1.3670385981033643e+05
132 -22 4.8949100238710120e+06
134 -22 5.7022799053863026e+07
136 -22 3.6519217069862062e+08
138 -22 1.5903162549049051e+09
140 -22 5.1414107294644451e+09
142 -22 1.3031337960153252e+10
144 -22 2.6931642199663586e+10
146 -22 4.6455653660287384e+10
148 -22 6.8115925213247803e+10
150 -22 8.5870925622444138e+10
152 -22 9.4095464280004623e+10
154 -22 8.9797598746142990e+10
156 -22 7.5087817363295410e+10
158 -22 5.5130091676106514e+10
160 -22 3.5382820716493874e+10
162 -22 1.9793269589517448e+10
164 -22 9.6095484812615891e+09
166 -22 4.0036362682466388e+09
168 -22 1.4052235095996499e+09
170 -22 4.0994926952405542e+08
172 -22 9.9420650974750191e+07
174 -22 1.5516591512467178e+07
176 -22 2.8387490120310322e+06
124 -21 1.4599602851234058e+04
126 -21 2.2582101633595088e+06
128 -21 5.7485820047138423e+07
130 -21 5.8098355618624187e+08
132 -21 3.4860536508536897e+09
134 -21 1.4604592040566946e+10
136 -21 4.6696499181568672e+10
138 -21 1.1905184277498711e+11
140 -21 2.5018952904439941e+11
142 -21 4.4606698445814502e+11
144 -21 6.8306570070062439e+11
146 -21 9.0728319002897083e+11
148 -21 1.0616237029223229e+12
150 -21 1.0934230057509685e+12
152 -21 9.9792009564417163e+11
154 -21 8.0555314408782739e+11
156 -21 5.7672161691102869e+11
158 -21 3.6547467418564777e+11
160 -21 2.0357594183900580e+11
162 -21 9.9274500704864868e+10
164 -21 4.2070270126743065e+10
166 -21 1.5315827622652630e+10
168 -21 4.7055351894697762e+09
170 -21 1.1958547414823568e+09
172 -21 2.4956416267571035e+08
174 -21 3.4669196119405106e+07
176 -21 4.9319433016526550e+06
118 -20 1.4558462594429713e+02
120 -20 3.2975213264214899e+05
122 -20 2.5729136006826207e+07
124 -20 5.2391778907659203e+08
126 -20 4.8066538697241430e+09
128 -20 2.7678820974593147e+10
130 -20 1.1362606269135783e+11
132 -20 3.6204822615136639e+11
134 -20 9.3727389981507959e+11
136 -20 2.0256599144788223e+12
138 -20 3.7459470937649785e+12
140 -20 5.9936722331368457e+12
142 -20 8.4332773120667236e+12
144 -20 1.0477764856303289e+13
146 -20 1.1594871546266594e+13
148 -20 1.1437818811570760e+13
150 -20 1.0103263102754590e+13
152 -20 7.9613352460121230e+12
154 -20 5.6028302576097695e+12
156 -20 3.5122422937489443e+12
158 -20 1.9547492818487969e+12
160 -20 9.5945329398150354e+11
162 -20 4.1219255044333270e+11
164 -20 1.5397235476023349e+11
166 -20 4.9277510362437134e+10
168 -20 1.3282530615134398e+10
170 -20 2.9352378428840132e+09
172 -20 5.2966259390438253e+08
174 -20 6.4021514316371366e+07
176 -20 7.5639150160805974e+06
114 -19 7.6974083722501155e+03
116 -19 4.2291105902894093e+06
118 -19 2.2780542418990698e+08
120 -19 3.9307647596129408e+09
122 -19 3.3738479688546810e+10
124 -19 1.8826230793146686e+11
126 -19 7.7136662509460413e+11
128 -19 2.4801867855808252e+12
130 -19 6.5400572628134629e+12
132 -19 1.4579649720816355e+13
134 -19 2.7975651214258066e+13
136 -19 4.6891228773068375e+13
138 -19 6.9610748550408562e+13
140 -19 9.1790666625279938e+13
142 -19 1.0854405486617978e+14
144 -19 1.1525725765883712e+14
146 -19 1.1006995113044584e+14
148 -19 9.4663953151194688e+13
150 -19 7.3319041663200359e+13
152 -19 5.1014957730329578e+13
154 -19 3.1866570986468133e+13
156 -19 1.7695492436271367e+13
158 -19 8.7481555896139092e+12
160 -19 3.8117680679244902e+12
162 -19 1.4548975605533245e+12
164 -19 4.7979298748536572e+11
166 -19 1.3543731146669157e+11
168 -19 3.2024980654548351e+10
170 -19 6.1936553760939016e+09
172 -19 9.6119883085174179e+08
174 -19 1.0140973111679305e+08
176 -19 9.6267767048378550e+06
110 -18 1.5891613122541519e+05
112 -18 4.0212380173999868e+07
114 -18 1.6666424236156936e+09
116 -18 2.5208035411495258e+10
118 -18 2.0562909145771997e+11
120 -18 1.1312894361913916e+12
122 -18 4.6413130943581318e+12
124 -18 1.5152315185060783e+13
126 -18 4.0961804958277328e+13
128 -18 9.4192952827801531e+13
130 -18 1.8799844609332369e+14
132 -18 3.3046137686733831e+14
134 -18 5.1589209726373188e+14
136 -18 7.2191629098809875e+14
138 -18 9.0752698789022150e+14
140 -18 1.0305447708283336e+15
142 -18 1.0604480155178432e+15
144 -18 9.8841671131403375e+14
146 -18 8.3476716416005812e+14
148 -18 6.3750379683202788e+14
150 -18 4.4009467315678481e+14
152 -18 2.7318268344071828e+14
154 -18 1.5238800858908953e+14
156 -18 7.5792302234234109e+13
158 -18 3.3433325100935117e+13
160 -18 1.3008467958070514e+13
162 -18 4.4214908941852988e+12
164 -18 1.2897392437938806e+12
166 -18 3.2079311181736658e+11
168 -18 6.6550732136056725e+10
170 -18 1.1178394054140293e+10
172 -18 1.4925916615513163e+09
174 -18 1.3462878560509989e+08
176 -18 1.0214603679248109e+07
104 -17 2.4541513280467902e+02
106 -17 1.9602562642519870e+06
108 -17 3.0750995100350553e+08
110 -17 1.0337858146783583e+10
112 -17 1.4228206578191708e+11
114 -17 1.1177971483939141e+12
116 -17 6.0715655215931318e+12
118 -17 2.5089272324195973e+13
120 -17 8.3250684828637406e+13
122 -17 2.3136270762731019e+14
124 -17 5.5002896060619500e+14
126 -17 1.1421296794311878e+15
128 -17 2.0964998408327508e+15
130 -17 3.4521934323577750e+15
132 -17 5.0949719527700350e+15
134 -17 6.8026056432279170e+15
136 -17 8.2427618439349320e+15
138 -17 9.0881652465073220e+15
140 -17 9.1249833480703240e+15
142 -17 8.3388187014019780e+15
144 -17 6.9381384096219060e+15
146 -17 5.2421389690776490e+15
148 -17 3.5913353267666690e+15
150 -17 2.2293960990908020e+15
152 -17 1.2461449596776152e+15
154 -17 6.2472154112349400e+14
156 -17 2.7879505334456903e+14
158 -17 1.1031385395438078e+14
160 -17 3.8375658388940516e+13
162 -17 1.1574350233260301e+13
164 -17 2.9936281532470439e+12
166 -17 6.5527291414008569e+11
168 -17 1.1850169594335115e+11
170 -17 1.7270198459970642e+10
172 -17 1.9611640722321398e+09
174 -17 1.4985808240481138e+08
176 -17 9.2736292870544195e+06
100 -16 8.7475569217884822e+03
102 -16 1.7961132258439809e+07
104 -16 1.9935212896828320e+09
106 -16 5.6477263955376724e+10
108 -16 7.1386987433950647e+11
110 -16 5.4469703314654336e+12
112 -16 2.9429968017319633e+13
114 -16 1.2235920484813738e+14
116 -16 4.1449451015305750e+14
118 -16 1.1825284908810168e+15
120 -16 2.9093378361949515e+15
122 -16 6.2857235758955890e+15
124 -16 1.2061408098781376e+16
126 -16 2.0805212504517320e+16
128 -16 3.2418305127313508e+16
130 -16 4.5795339221626776e+16
132 -16 5.9025895159110768e+16
134 -16 6.9470695671492232e+16
136 -16 7.4783233251563328e+16
138 -16 7.3599214655620144e+16
140 -16 6.6302299425274208e+16
142 -16 5.4525525335131008e+16
144 -16 4.0984435154074880e+16
146 -16 2.7997322020335972e+16
148 -16 1.7369204342753300e+16
150 -16 9.7292111300895580e+15
152 -16 4.9129560075183520e+15
154 -16 2.2167077723599335e+15
156 -16 8.9220177723573100e+14
158 -16 3.1600231785902594e+14
160 -16 9.8035212127142484e+13
162 -16 2.6302253692970012e+13
164 -16 6.0144681843580762e+12
166 -16 1.1541804889979180e+12
168 -16 1.8129582992280386e+11
170 -16 2.2650719125335674e+10
172 -16 2.1754327055249395e+09
174 -16 1.3838364513595915e+08
176 -16 6.4437520155294761e+06
96 -15 1.3431235569965126e+05
98 -15 1.3486300742153481e+08
100 -15 1.1184807270088902e+10
102 -15 2.7264505927541132e+11
104 -15 3.2163589185833203e+12
106 -15 2.3895552680865758e+13
108 -15 1.2812346897829567e+14
110 -15 5.3933842427382656e+14
112 -15 1.8629324328507880e+15
114 -15 5.4591138221111300e+15
116 -15 1.3881759270066708e+16
118 -15 3.1158731114360332e+16
120 -15 6.2580925878921544e+16
122 -15 1.1311547462104235e+17
124 -15 1.8527689857143632e+17
126 -15 2.7694716726630902e+17
128 -15 3.7829745492256301e+17
130 -15 4.7434104385416742e+17
132 -15 5.4562121138591782e+17
134 -15 5.7641699927960781e+17
136 -15 5.5923498720523872e+17
138 -15 4.9879960556246195e+17
140 -15 4.0741129560983002e+17
142 -15 3.0401950184945274e+17
144 -15 2.0748459476838179e+17
146 -15 1.2883402351194418e+17
148 -15 7.2595240814758416e+16
150 -15 3.6879077145709504e+16
152 -15 1.6831534725687816e+16
154 -15 6.8626457960470110e+15
156 -15 2.4810881527817210e+15
158 -15 7.8696391938376812e+14
160 -15 2.1763315468926053e+14
162 -15 5.1696128509588391e+13
164 -15 1.0408717763983102e+13
166 -15 1.7398893662651680e+12
168 -15 2.3554436356765338e+11
170 -15 2.4986116752193016e+10
172 -15 1.9973598770366547e+09
174 -15 1.0219290913271385e+08
176 -15 3.8092008560294583e+06
92 -14 1.5586259969290998e+06
94 -14 8.4641402689233625e+08
96 -14 5.4336784329819923e+10
98 -14 1.1649870972333525e+12
100 -14 1.2916369751163316e+13
102 -14 9.3734636612606359e+13
104 -14 5.0133808406408894e+14
106 -14 2.1304312288809480e+15
108 -14 7.5040048498349930e+15
110 -14 2.2591264174724088e+16
112 -14 5.9481025895301880e+16
114 -14 1.3878441384276574e+17
116 -14 2.9072716644386048e+17
118 -14 5.5032308248511360e+17
120 -14 9.4900836495606246e+17
122 -14 1.4962256386275162e+18
124 -14 2.1651670270019415e+18
126 -14 2.8827248813327114e+18
128 -14 3.5358255817425439e+18
130 -14 3.9948376919658737e+18
132 -14 4.1633637720993341e+18
134 -14 3.9946109464873994e+18
136 -14 3.5349465239043405e+18
138 -14 2.8742071609907169e+18
140 -14 2.1406091127376179e+18
142 -14 1.4616266435813089e+18
144 -14 9.0939192638699776e+17
146 -14 5.1440820699747194e+17
148 -14 2.6338291985126880e+17
150 -14 1.2165366022165141e+17
152 -14 5.0302253277799344e+16
154 -14 1.8503610871216744e+16
156 -14 5.9989092259755190e+15
158 -14 1.7042845979088068e+15
160 -14 4.1835675731643219e+14
162 -14 8.7517457783745453e+13
164 -14 1.5381019521419719e+13
166 -14 2.2249247699150947e+12
168 -14 2.5677563479662970e+11
170 -14 2.2772123474790386e+10
172 -14 1.4745999730993454e+09
174 -14 5.9019019755703837e+07
176 -14 1.4659889075245231e+06
88 -13 1.3976896942999797e+07
90 -13 4.5028400566322355e+09
92 -13 2.2929924358033151e+11
94 -13 4.3654982653844956e+12
96 -13 4.5885220285684516e+13
98 -13 3.2634705034443506e+14
100 -13 1.7451620182620765e+15
102 -13 7.4804690206171930e+15
104 -13 2.6927389699159824e+16
106 -13 8.3321672930095552e+16
108 -13 2.2683875387226694e+17
110 -13 5.5005966846799974e+17
112 -13 1.2025020021604964e+18
114 -13 2.3846525053110682e+18
116 -13 4.3226507413142149e+18
118 -13 7.1907779423457137e+18
120 -13 1.1005236274795264e+19
122 -13 1.5542588486827479e+19
124 -13 2.0264925284445827e+19
126 -13 2.4451228740159418e+19
128 -13 2.7297144126260494e+19
130 -13 2.8179959255248773e+19
132 -13 2.6847393103766757e+19
134 -13 2.3620706118008529e+19
136 -13 1.9142205891088093e+19
138 -13 1.4284525134283958e+19
140 -13 9.7594811413997076e+18
142 -13 6.0915648811742095e+18
144 -13 3.4664604365885814e+18
146 -13 1.7924317501514655e+18
148 -13 8.3548111622690202e+17
150 -13 3.5024550875657376e+17
152 -13 1.3084614192134296e+17
154 -13 4.3299384894823792e+16
156 -13 1.2591550210606684e+16
158 -13 3.1801818899461595e+15
160 -13 6.9019767150903162e+14
162 -13 1.2653615286433442e+14
164 -13 1.9284526874045758e+13
166 -13 2.3821211473919399e+12
168 -13 2.3061639637582718e+11
170 -13 1.6752606654834209e+10
172 -13 8.5209106227567077e+08
174 -13 2.4177900769392535e+07
176 -13 3.8511039333148557e+05
84 -12 9.6789338841841087e+07
86 -12 2.0115419176398964e+10
88 -12 8.3257131270100891e+11
90 -12 1.4300962046158973e+13
92 -12 1.4291664466313869e+14
94 -12 9.9690769181405638e+14
96 -12 5.3315193321391920e+15
98 -12 2.3181372856424268e+16
100 -12 8.5215986141434464e+16
102 -12 2.7176350549684605e+17
104 -12 7.6415483989357747e+17
106 -12 1.9280536977395599e+18
108 -12 4.3926592718482038e+18
110 -12 9.1302757916249508e+18
112 -12 1.7376886729756250e+19
114 -12 3.0462193514039685e+19
116 -12 4.9269627957485576e+19
118 -12 7.3745263735701938e+19
120 -12 1.0230104948101638e+20
122 -12 1.3150642675488247e+20
124 -12 1.5705348959590882e+20
126 -12 1.7354985917959137e+20
128 -12 1.7822648137403544e+20
130 -12 1.6911217808386150e+20
132 -12 1.4846991199779747e+20
134 -12 1.2035469262698853e+20
136 -12 8.9852649536447988e+19
138 -12 6.1566074433380033e+19
140 -12 3.8699582879945155e+19
142 -12 2.2170897603349697e+19
144 -12 1.1548581762090373e+19
146 -12 5.4484961419056763e+18
148 -12 2.3121284978057349e+18
150 -12 8.7786627331288742e+17
152 -12 2.9576585499871738e+17
154 -12 8.8010195814979104e+16
156 -12 2.2784484385444252e+16
158 -12 5.0984815077238440e+15
160 -12 9.7087640562344338e+14
162 -12 1.5468747728177216e+14
164 -12 2.0180350635014234e+13
166 -12 2.0995586850560884e+12
168 -12 1.6718648475489194e+11
170 -12 9.5501276581751442e+09
172 -12 3.5195146364699835e+08
174 -12 5.7339208199982103e+06
78 -11 5.1216233679544988e+04
80 -11 5.2824944009194124e+08
82 -11 7.4531460275546234e+10
84 -11 2.5715379319831484e+12
86 -11 4.0185131988788078e+13
88 -11 3.8554834780053581e+14
90 -11 2.6473439354503965e+15
92 -11 1.4191903608300224e+16
94 -11 6.2578440403907288e+16
96 -11 2.3522727054277610e+17
98 -11 7.7103345951704973e+17
100 -11 2.2464125944793656e+18
102 -11 5.8849882513033318e+18
104 -11 1.4002373532326568e+19
106 -11 3.0479846031456813e+19
108 -11 6.1076561927386358e+19
110 -11 1.1269498078388319e+20
112 -11 1.9282753404113368e+20
114 -11 3.0577363103751714e+20
116 -11 4.5074519119231739e+20
118 -11 6.1725948083047917e+20
120 -11 7.8654167039615068e+20
122 -11 9.3190460689741932e+20
124 -11 1.0258986916367811e+21
126 -11 1.0485145990978638e+21
128 -11 9.9544076159162293e+20
130 -11 8.7500505055292149e+20
132 -11 7.1008040195950877e+20
134 -11 5.3198677703184037e+20
136 -11 3.6653323143790107e+20
138 -11 2.3163979205246334e+20
140 -11 1.3384271581026111e+20
142 -11 7.0337362062307000e+19
144 -11 3.3563981909747991e+19
146 -11 1.4418292988058880e+19
148 -11 5.5634449482897807e+18
150 -11 1.9098103176693729e+18
152 -11 5.7881664196851341e+17
154 -11 1.5393906041917392e+17
156 -11 3.5389300051273316e+16
158 -11 6.9614451445712930e+15
160 -11 1.1511100739782662e+15
162 -11 1.5770718304451397e+14
164 -11 1.7350029890034146e+13
166 -11 1.4887888784927666e+12
168 -11 9.3954196002865723e+10
170 -11 3.9312319006790371e+09
172 -11 8.8663334960651591e+07
74 -10 9.2555093203561462e+05
76 -10 2.2491862805513191e+09
78 -10 2.2795411028573340e+11
80 -10 6.6709577336835527e+12
82 -10 9.6174457666335562e+13
84 -10 8.8775590052168912e+14
86 -10 6.0204012136661040e+15
88 -10 3.2413472966944788e+16
90 -10 1.4510678004647632e+17
92 -10 5.5719042280062246e+17
94 -10 1.8840216764033792e+18
96 -10 5.6846092804424940e+18
98 -10 1.5511055241691976e+19
100 -10 3.8541372909698580e+19
102 -10 8.7913958377001501e+19
104 -10 1.8483230672302909e+20
106 -10 3.6029975057394054e+20
108 -10 6.5139571082167674e+20
110 -10 1.0953678792435908e+21
112 -10 1.7161112395396714e+21
114 -10 2.5037394448016820e+21
116 -10 3.4046897561534050e+21
118 -10 4.3187642188189249e+21
120 -10 5.0989798596235326e+21
122 -10 5.6090782557950664e+21
124 -10 5.7376182064407097e+21
126 -10 5.4552138259223942e+21
128 -10 4.8033809643701440e+21
130 -10 3.9172192717322825e+21
132 -10 2.9523399529275468e+21
134 -10 2.0469998537469238e+21
136 -10 1.3042267829199045e+21
138 -10 7.6006788422152225e+20
140 -10 4.0379279693927285e+20
142 -10 1.9463642790785709e+20
144 -10 8.4829069373667361e+19
146 -10 3.3205135147632837e+19
148 -10 1.1600981945416495e+19
150 -10 3.5878844463870060e+18
152 -10 9.7564975304377280e+17
154 -10 2.3031109823661667e+17
156 -10 4.6644051915371920e+16
158 -10 7.9963803019529560e+15
160 -10 1.1378939351682120e+15
162 -10 1.3178766090669917e+14
164 -10 1.1973590719774988e+13
166 -10 8.1860115000597388e+11
168 -10 3.8347778542299644e+10
170 -10 1.0036943385205822e+09
172 -10 5.5738650685396893e+06
70 -9 7.7981697580257915e+06
72 -9 7.4550274187734766e+09
74 -9 5.6669751572350854e+11
76 -9 1.4309390061463732e+13
78 -9 1.9227349496269141e+14
80 -9 1.7203944369838055e+15
82 -9 1.1571056984471664e+16
84 -9 6.2588864101035736e+16
86 -9 2.8402898925651162e+17
88 -9 1.1197035538956255e+18
90 -9 3.9011940145882143e+18
92 -9 1.2207431623243000e+19
94 -9 3.4649831796928594e+19
96 -9 9.0115327069852795e+19
98 -9 2.1593594678053516e+20
100 -9 4.7764658301001813e+20
102 -9 9.8162390742934513e+20
104 -9 1.8790127173863520e+21
106 -9 3.3535698879356663e+21
108 -9 5.5802575165343096e+21
110 -9 8.6758973943078013e+21
112 -9 1.2595029157606679e+22
114 -9 1.7098093388912665e+22
116 -9 2.1653022720023639e+22
118 -9 2.5610517846406826e+22
120 -9 2.8237844062303316e+22
122 -9 2.8999306893442381e+22
124 -9 2.7687320557686637e+22
126 -9 2.4525495876642522e+22
128 -9 2.0125508991826149e+22
130 -9 1.5249355296850710e+22
132 -9 1.0671093568646918e+22
134 -9 6.8550118279493053e+21
136 -9 4.0373401602352323e+21
138 -9 2.1714011387846247e+21
140 -9 1.0605088078407445e+21
142 -9 4.6811140843905417e+20
144 -9 1.8614326408311230e+20
146 -9 6.6152604946199937e+19
148 -9 2.0870874494848274e+19
150 -9 5.7927665315692984e+18
152 -9 1.3992771243608297e+18
154 -9 2.9169215193232064e+17
156 -9 5.1591878526505504e+16
158 -9 7.6304062642974130e+15
160 -9 9.2116055636891638e+14
162 -9 8.8122718372920156e+13
164 -9 6.4203663737086875e+12
166 -9 3.2869287683929736e+11
168 -9 9.8940978257318878e+09
170 -9 8.7499034439124569e+07
66 -8 3.9920340304550551e+07
68 -8 1.9034214795433941e+10
70 -8 1.1220826922285942e+12
72 -8 2.5127480088499992e+13
74 -8 3.1766377897012862e+14
76 -8 2.7630741008688955e+15
78 -8 1.8427221744174048e+16
80 -8 1.0030578395917558e+17
82 -8 4.6440486905307584e+17
84 -8 1.8757455311477740e+18
86 -8 6.7498000485456650e+18
88 -8 2.1889109622573052e+19
90 -8 6.4875122518379209e+19
92 -8 1.7644093388225203e+20
94 -8 4.4369921339597429e+20
96 -8 1.0353171778220985e+21
98 -8 2.2504034529233359e+21
100 -8 4.5562002901724394e+21
102 -8 8.6312138541959909e+21
104 -8 1.5284084123570924e+22
106 -8 2.5345027030188850e+22
108 -8 3.9344527431702491e+22
110 -8 5.7178285244731890e+22
112 -8 7.7687509520055173e+22
114 -8 9.8831992664401627e+22
116 -8 1.1730237062199139e+23
118 -8 1.3015653134054194e+23
120 -8 1.3440774113588149e+23
122 -8 1.2918728183619820e+23
124 -8 1.1545430769030028e+23
126 -8 9.5525614348121619e+22
128 -8 7.3141538664779084e+22
130 -8 5.1643374353099948e+22
132 -8 3.3564567483475315e+22
134 -8 2.0000599465558295e+22
136 -8 1.0878712941945339e+22
138 -8 5.3862375393718530e+21
140 -8 2.4152642259273751e+21
142 -8 9.7532120080621384e+20
144 -8 3.5249189947237460e+20
146 -8 1.1326157235867075e+20
148 -8 3.2140457996998562e+19
150 -8 7.9464014679445996e+18
152 -8 1.7008284713157699e+18
154 -8 3.0985915110217722e+17
156 -8 4.7318268720712984e+16
158 -8 5.9285235809464520e+15
160 -8 5.9479211006200025e+14
162 -8 4.5689952432947797e+13
164 -8 2.5117934975450088e+12
166 -8 8.4714716288790100e+10
168 -8 1.0719994198481710e+09
62 -7 1.3360230883502039e+08
64 -7 3.7169683796701126e+10
66 -7 1.7642046275958008e+12
68 -7 3.5422741459474523e+13
70 -7 4.2440396872596244e+14
72 -7 3.6070045168431380e+15
74 -7 2.3998628767636212e+16
76 -7 1.3154346536210243e+17
78 -7 6.1984734705473894e+17
80 -7 2.5732014787274117e+18
82 -7 9.5550987396028641e+18
84 -7 3.2277989449649795e+19
86 -7 9.9698685902917960e+19
88 -7 2.8430122911964424e+20
90 -7 7.5156802199073862e+20
92 -7 1.8528873348925890e+21
94 -7 4.2565179991983915e+21
96 -7 9.1395595179723986e+21
98 -7 1.8413774043097065e+22
100 -7 3.4736053554141100e+22
102 -7 6.1414816678833312e+22
104 -7 1.0201987201544621e+23
106 -7 1.5899224031097636e+23
108 -7 2.3200610341701218e+23
110 -7 3.1757647883216757e+23
112 -7 4.0694297653434224e+23
114 -7 4.8687334892846607e+23
116 -7 5.4457140765607149e+23
118 -7 5.6810437817923011e+23
120 -7 5.5162893305835204e+23
122 -7 4.9828194487354065e+23
124 -7 4.1698668888503639e+23
126 -7 3.2293290542374330e+23
128 -7 2.3075054522354423e+23
130 -7 1.5186404974416298e+23
132 -7 9.1729274181840827e+22
134 -7 5.0595603339363079e+22
136 -7 2.5406925446962173e+22
138 -7 1.1573571183472953e+22
140 -7 4.7488046232061115e+21
142 -7 1.7479812728733520e+21
144 -7 5.7239724159203371e+20
146 -7 1.6575063990350781e+20
148 -7 4.1985274188424045e+19
150 -7 9.2077876792581898e+18
152 -7 1.7245908403175703e+18
154 -7 2.7150655947307536e+17
156 -7 3.5304305763291444e+16
158 -7 3.6775543253743230e+15
160 -7 2.9636022569382994e+14
162 -7 1.7321088819047400e+13
164 -7 6.4459212149874695e+11
166 -7 1.0260854797565956e+10
168 -7 1.9460111921570037e+07
58 -6 3.0580959244186032e+08
60 -6 5.4838370352980820e+10
62 -6 2.1610326539548938e+12
64 -6 3.9455506514087633e+13
66 -6 4.5145330219209375e+14
68 -6 3.7663187947363160e+15
70 -6 2.4950770351337892e+16
72 -6 1.3806435728871896e+17
74 -6 6.6347242992653466e+17
76 -6 2.8295193078590121e+18
78 -6 1.0879387671541170e+19
80 -6 3.8162640160020382e+19
82 -6 1.2340324961768856e+20
84 -6 3.6928056062858632e+20
86 -6 1.0273362077802366e+21
88 -6 2.6747119690579842e+21
90 -6 6.5108450662301733e+21
92 -6 1.4867666401503306e+22
94 -6 3.1873706692323297e+22
96 -6 6.4214019222798143e+22
98 -6 1.2152619869669798e+23
100 -6 2.1628293975365121e+23
102 -6 3.6153351614035338e+23
104 -6 5.6789524668627394e+23
106 -6 8.3779732949464349e+23
108 -6 1.1582303543114171e+24
110 -6 1.4994484323874229e+24
112 -6 1.8162080927774555e+24
114 -6 2.0560248025518301e+24
116 -6 2.1716417739814773e+24
118 -6 2.1357036350839229e+24
120 -6 1.9551321558765869e+24
122 -6 1.6581797460226380e+24
124 -6 1.3031402101458256e+24
126 -6 9.4577715269097929e+23
128 -6 6.3114217815627521e+23
130 -6 3.8661809558682134e+23
132 -6 2.1672644111048403e+23
134 -6 1.1067362450883819e+23
136 -6 5.1260951859740593e+22
138 -6 2.1411085731945091e+22
140 -6 8.0274485205388849e+21
142 -6 2.6831400512617385e+21
144 -6 7.9362251982701999e+20
146 -6 2.0561764924421757e+20
148 -6 4.6200082525862289e+19
150 -6 8.8961457000553748e+18
152 -6 1.4428303808633477e+18
154 -6 1.9367384207027427e+17
156 -6 2.0956524495650844e+16
158 -6 1.7651746546475518e+15
160 -6 1.0876396532608319e+14
162 -6 4.3667043146421011e+12
164 -6 8.2873396054162537e+10
166 -6 2.9962597445891070e+08
54 -5 4.8478597987171209e+08
56 -5 6.0600222537464203e+10
58 -5 2.0303149693521621e+12
60 -5 3.4181267369395445e+13
62 -5 3.7438606715596731e+14
64 -5 3.0677434918478065e+15
66 -5 2.0269598145297344e+16
68 -5 1.1347914554719450e+17
70 -5 5.5548739776088307e+17
72 -5 2.4359627491889695e+18
74 -5 9.7055687174172815e+18
76 -5 3.5458125393118622e+19
78 -5 1.1985267272332350e+20
80 -5 3.7690595795952265e+20
82 -5 1.1071166585180421e+21
84 -5 3.0492776452359198e+21
86 -5 7.8823325040382648e+21
88 -5 1.9175926233463475e+22
90 -5 4.3854606127253290e+22
92 -5 9.4480462603766932e+22
94 -5 1.9183857213227593e+23
96 -5 3.6653506877341973e+23
98 -5 6.5922014684016108e+23
100 -5 1.1156110101506471e+24
102 -5 1.7756242116783110e+24
104 -5 2.6536036383785426e+24
106 -5 3.7227689051683179e+24
108 -5 4.8950187826167146e+24
110 -5 6.0247686287716315e+24
112 -5 6.9278595569811758e+24
114 -5 7.4379007999599834e+24
116 -5 7.4406638223023533e+24
118 -5 6.9123348376928652e+24
120 -5 5.9683829641295493e+24
122 -5 4.7691296477043400e+24
124 -5 3.5173150740195927e+24
126 -5 2.3886834043357392e+24
128 -5 1.4894057463294675e+24
130 -5 8.5014229436365655e+23
132 -5 4.4171263819812767e+23
134 -5 2.0847471232656537e+23
136 -5 8.8848923566575175e+22
138 -5 3.3965707599767012e+22
140 -5 1.1590557708185709e+22
142 -5 3.5019274013608787e+21
144 -5 9.2961711054833661e+20
146 -5 2.1416135086191568e+20
148 -5 4.2346375693449921e+19
150 -5 7.0693080028420352e+18
152 -5 9.7946449666421082e+17
154 -5 1.0972626001074043e+17
156 -5 9.6236825389141440e+15
158 -5 6.2186869407472600e+14
160 -5 2.6781671432180441e+13
162 -5 5.8117216901311926e+11
164 -5 3.1413942793260531e+09
48 -4 1.7192394334513534e+05
50 -4 5.3498960322645092e+08
52 -4 4.9105916774743805e+10
54 -4 1.4321428653808940e+12
56 -4 2.2354660475674594e+13
58 -4 2.3560089891416781e+14
60 -4 1.8973323848442148e+15
62 -4 1.2516358694323494e+16
64 -4 7.0862447759124560e+16
66 -4 3.5429367000946022e+17
68 -4 1.5986382569219958e+18
70 -4 6.5986181991648901e+18
72 -4 2.5129352362462142e+19
74 -4 8.9043500948640842e+19
76 -4 2.9486992436773342e+20
78 -4 9.1588933590730775e+20
80 -4 2.6757311172901942e+21
82 -4 7.3574620930332521e+21
84 -4 1.9082922121162108e+22
86 -4 4.6734962997591871e+22
88 -4 1.0786616754322440e+23
90 -4 2.3507641230576795e+23
92 -4 4.8375664367066489e+23
94 -4 9.3872516869930968e+23
96 -4 1.7170551790413240e+24
98 -4 2.9573820269627824e+24
100 -4 4.7880069065827332e+24
102 -4 7.2976485750272172e+24
104 -4 1.0435570168090403e+25
106 -4 1.4006490660023080e+25
108 -4 1.7572331729103703e+25
110 -4 2.0614374518173777e+25
112 -4 2.2570417583282238e+25
114 -4 2.3016792538474330e+25
116 -4 2.1842897253255745e+25
118 -4 1.9212962054437453e+25
120 -4 1.5654566801512154e+25
122 -4 1.1781097176740638e+25
124 -4 8.1654221053922592e+24
126 -4 5.1948934617878012e+24
128 -4 3.0224152119660329e+24
130 -4 1.6031731982035623e+24
132 -4 7.7249498474638625e+23
134 -4 3.3602447159355749e+23
136 -4 1.3136178143058776e+23
138 -4 4.5863400041715123e+22
140 -4 1.4177706499734134e+22
142 -4 3.8510261769367239e+21
144 -4 9.1120863645384337e+20
146 -4 1.8520099385486187e+20
148 -4 3.1840279613139345e+19
150 -4 4.5452285190951767e+18
152 -4 5.2762305927771104e+17
154 -4 4.7974567061816472e+16
156 -4 3.2472938811848355e+15
158 -4 1.4820738392411706e+14
160 -4 3.6062586010797725e+12
162 -4 2.5619635527736107e+10
44 -3 4.4733507817401830e+05
46 -3 4.0317606304981923e+08
48 -3 2.8574924723891617e+10
50 -3 7.3288904144993726e+11
52 -3 1.0678683700647420e+13
54 -3 1.0856481539691581e+14
56 -3 8.5977364392744812e+14
58 -3 5.6720756138577380e+15
60 -3 3.2426205017255216e+16
62 -3 1.6571932588408877e+17
64 -3 7.7103146380113894e+17
66 -3 3.3026674838208906e+18
68 -3 1.3153738553827869e+19
70 -3 4.8916751312032481e+19
72 -3 1.7096485544342792e+20
74 -3 5.6186560156727063e+20
76 -3 1.7457755140944589e+21
78 -3 5.1259049908196071e+21
80 -3 1.4206639810498253e+22
82 -3 3.7301943826816908e+22
84 -3 9.2704907261202936e+22
86 -3 2.1759988436877223e+23
88 -3 4.8353068300668883e+23
90 -3 1.0154709399326630e+24
92 -3 2.0134080386178872e+24
94 -3 3.7641747905179766e+24
96 -3 6.6370729515262648e+24
98 -3 1.1014843692088815e+25
100 -3 1.7183974737834278e+25
102 -3 2.5159759958425357e+25
104 -3 3.4572201628510438e+25
106 -3 4.4430107514710373e+25
108 -3 5.3416149936402065e+25
110 -3 5.9896605458533870e+25
112 -3 6.2554615126055925e+25
114 -3 6.0802844232764923e+25
116 -3 5.4779404043640207e+25
118 -3 4.5692264892530549e+25
120 -3 3.5168709595453765e+25
122 -3 2.4951149892360925e+25
124 -3 1.6240151759383579e+25
126 -3 9.6707016226296850e+24
128 -3 5.2534607003138547e+24
130 -3 2.5884513383779795e+24
132 -3 1.1530264184468893e+24
134 -3 4.6153032054953859e+23
136 -3 1.6502633532954343e+23
138 -3 5.2325226536133517e+22
140 -3 1.4592484431183565e+22
142 -3 3.5406474493035524e+21
144 -3 7.4006094898893370e+20
146 -3 1.3118892533305428e+20
148 -3 1.9360835409039049e+19
150 -3 2.3223713862608358e+18
152 -3 2.1930733016374451e+17
154 -3 1.5489193274630572e+16
156 -3 7.4601447709326338e+14
158 -3 1.9963547262295188e+13
160 -3 1.7395733236882303e+11
40 -2 4.6137764616161044e+05
42 -2 2.0276288093426079e+08
44 -2 1.1475055301007231e+10
46 -2 2.6319680168118097e+11
48 -2 3.5922713332834072e+12
50 -2 3.5074770962087410e+13
52 -2 2.7353302214975344e+14
54 -2 1.7966955458818200e+15
56 -2 1.0412628954442084e+16
58 -2 5.4497791661358240e+16
60 -2 2.6156247395785805e+17
62 -2 1.1665033932664141e+18
64 -2 4.8637789172606761e+18
66 -2 1.9046327998750564e+19
68 -2 7.0406709067445281e+19
70 -2 2.4616878282465254e+20
72 -2 8.1511852793234352e+20
74 -2 2.5570893351616952e+21
76 -2 7.6153062644901174e+21
78 -2 2.1527043154451620e+22
80 -2 5.7680630578754565e+22
82 -2 1.4648553504764739e+23
84 -2 3.5280019353481835e+23
86 -2 8.0427645472953431e+23
88 -2 1.7356603005336432e+24
90 -2 3.5384921703933294e+24
92 -2 6.8168726417418046e+24
94 -2 1.2361773904293124e+25
96 -2 2.1132430734051657e+25
98 -2 3.3951431424808547e+25
100 -2 5.1232048244970374e+25
102 -2 7.2445210554900529e+25
104 -2 9.5931992016850084e+25
106 -2 1.1874502310597141e+26
108 -2 1.3708282427763243e+26
110 -2 1.4737137551420622e+26
112 -2 1.4715466266348204e+26
114 -2 1.3638918519078148e+26
116 -2 1.1688727639501045e+26
118 -2 9.2514039327590791e+25
120 -2 6.7398480246372668e+25
122 -2 4.5054475026946789e+25
124 -2 2.7562338717220915e+25
126 -2 1.5370999348750018e+25
128 -2 7.7730809547771035e+24
130 -2 3.5531245627121873e+24
132 -2 1.4617426843744134e+24
134 -2 5.3669192455991981e+23
136 -2 1.7478265218346735e+23
138 -2 5.0112250214243742e+22
140 -2 1.2512408953995005e+22
142 -2 2.6927488389645714e+21
144 -2 4.9254958824567905e+20
146 -2 7.5026558495969837e+19
148 -2 9.3232838261754020e+18
150 -2 9.1527319203003981e+17
152 -2 6.7398552250999656e+16
154 -2 3.4214667579639030e+15
156 -2 9.9144277426426344e+13
158 -2 1.0171109194229961e+12
36 -1 2.4695848030521785e+05
38 -1 6.4381272391925305e+07
40 -1 2.9841118223329506e+09
42 -1 6.1413353378845123e+10
44 -1 7.8731337929135181e+11
46 -1 7.4011510951363076e+12
48 -1 5.6709686395441852e+13
50 -1 3.7289614490990131e+14
52 -1 2.1889491180582132e+15
54 -1 1.1778352856890044e+16
56 -1 5.8685677983273856e+16
58 -1 2.7371583313796109e+17
60 -1 1.2007423231145692e+18
62 -1 4.9823720639000044e+18
64 -1 1.9586814263987753e+19
66 -1 7.3007164686604485e+19
68 -1 2.5904799875425072e+20
70 -1 8.7445484583448111e+20
72 -1 2.8060496161422212e+21
74 -1 8.5701115889146795e+21
76 -1 2.4881853584736904e+22
78 -1 6.8663750342559285e+22
80 -1 1.8010553355121980e+23
82 -1 4.4830904292761193e+23
84 -1 1.0566361722481764e+24
86 -1 2.3592233441821512e+24
88 -1 4.9847079593236257e+24
90 -1 9.9403813601388930e+24
92 -1 1.8698490000470618e+25
94 -1 3.3112016876836013e+25
96 -1 5.5146135886825724e+25
98 -1 8.6235919774411803e+25
100 -1 1.2635653795303539e+26
102 -1 1.7336210791589802e+26
104 -1 2.2221313470584421e+26
106 -1 2.6541380746456321e+26
108 -1 2.9522655637449179e+26
110 -1 3.0497340633215764e+26
112 -1 2.9211928648614098e+26
114 -1 2.5862131027736326e+26
116 -1 2.1132362532073912e+26
118 -1 1.5885512752030741e+26
120 -1 1.0955573807565362e+26
122 -1 6.9073470548694415e+25
124 -1 3.9717530744770416e+25
126 -1 2.0697806315341852e+25
128 -1 9.7495318293279388e+24
130 -1 4.1303916584748773e+24
132 -1 1.5630976400389023e+24
134 -1 5.2446436218013480e+23
136 -1 1.5507776353064842e+23
138 -1 3.9945089917794162e+22
140 -1 8.8755743181984298e+21
142 -1 1.6770657995719663e+21
144 -1 2.6437848030340950e+20
146 -1 3.4064529567441764e+19
148 -1 3.4743348715365617e+18
150 -1 2.6691272671648038e+17
152 -1 1.4227402894697468e+16
154 -1 4.4397139061839988e+14
156 -1 5.2166411488370781e+12
32 0 6.7262175672132071e+04
34 0 1.1521270843495745e+07
36 0 4.4787659922487915e+08
38 0 8.3145036274641647e+09
40 0 9.9648601729773972e+10
42 0 9.0425875135044141e+11
44 0 6.7970106718730303e+12
46 0 4.4983336786334141e+13
48 0 2.7113792962167697e+14
50 0 1.5161812269290882e+15
52 0 7.9363585371678070e+15
54 0 3.9188100559987888e+16
56 0 1.8316524984487357e+17
58 0 8.1185379310053414e+17
60 0 3.4226341537495547e+18
62 0 1.3751182433296593e+19
64 0 5.2648610136458445e+19
66 0 1.9249026026635307e+20
68 0 6.6957553316484730e+20
70 0 2.2252497327202658e+21
72 0 7.0475433320093005e+21
74 0 2.1259244207144939e+22
76 0 6.1012564618902898e+22
78 0 1.6656056344821774e+23
80 0 4.3198762654699711e+23
82 0 1.0626108717645423e+24
84 0 2.4765487567924918e+24
86 0 5.4598140843369010e+24
88 0 1.1369072206940465e+25
90 0 2.2320298084890316e+25
92 0 4.1285892573369755e+25
94 0 7.1815798125240245e+25
96 0 1.1722985933670871e+26
98 0 1.7930689509648447e+26
100 0 2.5646172098462434e+26
102 0 3.4257573464979090e+26
104 0 4.2642938674197612e+26
106 0 4.9395279112598178e+26
108 0 5.3094613034357098e+26
110 0 5.2833476716384335e+26
112 0 4.8635436527205641e+26
114 0 4.1253515937099031e+26
116 0 3.2185045138844026e+26
118 0 2.3013504638595772e+26
120 0 1.5038165250728838e+26
122 0 8.9464267367013030e+25
124 0 4.8309501819329803e+25
126 0 2.3565422032209567e+25
128 0 1.0315590390257702e+25
130 0 4.0388472726983194e+24
132 0 1.4019001016141789e+24
134 0 4.2872829227708206e+23
136 0 1.1426401741850474e+23
138 0 2.6288023866183271e+22
140 0 5.1445440412062025e+21
142 0 8.4194849190861537e+20
144 0 1.1267743771817827e+20
146 0 1.1948002794922693e+19
148 0 9.5907285256184320e+17
150 0 5.3843651067803600e+16
152 0 1.7941910207086935e+15
154 0 2.3720154781690000e+13
28 1 7.2578941018936348e+03
30 1 8.8168554718024272e+05
32 1 2.9094229503399961e+07
34 1 4.8800248612083447e+08
36 1 5.4824695331134529e+09
38 1 4.7865540279137642e+10
40 1 3.5914787098886963e+11
42 1 2.4710542201814487e+12
44 1 1.5923683124083553e+13
46 1 9.6527233190774812e+13
48 1 5.5239859309844625e+14
50 1 2.9814562125033670e+15
52 1 1.5219498219887512e+16
54 1 7.3725264426588016e+16
56 1 3.3981263221605811e+17
58 1 1.4925539908272980e+18
60 1 6.2628952708649595e+18
62 1 2.5064018034737365e+19
64 1 9.5784721364617216e+19
66 1 3.4982151239841461e+20
68 1 1.2193080070379162e+21
70 1 4.0547717996693758e+21
72 1 1.2842091428273608e+22
74 1 3.8799054819786947e+22
76 1 1.1149245750439534e+23
78 1 3.0436443925365049e+23
80 1 7.8797315223923956e+23
82 1 1.9335905611087314e+24
84 1 4.4922046485082354e+24
86 1 9.8591216684655304e+24
88 1 2.0392915086121165e+25
90 1 3.9718728800945164e+25
92 1 7.2741774080522379e+25
94 1 1.2501278314828418e+26
96 1 2.0107571534602167e+26
98 1 3.0261260027014562e+26
100 1 4.2465219511369123e+26
102 1 5.5517804787367910e+26
104 1 6.7438806614773426e+26
106 1 7.5974010634996079e+26
108 1 7.9255627827212472e+26
110 1 7.6301315657461795e+26
112 1 6.7666130357121935e+26
114 1 5.5111959685393700e+26
116 1 4.1109507009146618e+26
118 1 2.8008839026380278e+26
120 1 1.7359691566189889e+26
122 1 9.7527435719164250e+25
124 1 4.9434849003449033e+25
126 1 2.2514012130451902e+25
128 1 9.1559183234958621e+24
130 1 3.3024904211674006e+24
132 1 1.0485019545945346e+24
134 1 2.9061046436713412e+23
136 1 6.9476264276043416e+22
138 1 1.4123026261585821e+22
140 1 2.4057008424600658e+21
142 1 3.3560312331108090e+20
144 1 3.7133719378078859e+19
146 1 3.1215260335017661e+18
148 1 1.8407448704015366e+17
150 1 6.5493728931441900e+15
152 1 9.6020666389456000e+13
32 2 5.4743560844848037e+05
34 2 4.7348768236755162e+07
36 2 1.3389944824836345e+09
38 2 2.0795013188803612e+10
40 2 2.2515004203952612e+11
42 2 1.9197426522665681e+12
44 2 1.3974428742695730e+13
46 2 9.0718098518335953e+13
48 2 5.4403951149502475e+14
50 2 3.0452046729034615e+15
52 2 1.6037835078216932e+16
54 2 7.9995835969283104e+16
56 2 3.7808012877467782e+17
58 2 1.7030472502605276e+18
60 2 7.3006769141860966e+18
62 2 2.9852950533561553e+19
64 2 1.1661453387969629e+20
66 2 4.3363670735641320e+20
68 2 1.5395198871513176e+21
70 2 5.2065696478875322e+21
72 2 1.6778388340866703e+22
74 2 5.1381972029779418e+22
76 2 1.4949921165412723e+23
78 2 4.1237516675664315e+23
80 2 1.0779019429326503e+24
82 2 2.6673203252158802e+24
84 2 6.2311056197195220e+24
86 2 1.3722846837902502e+25
88 2 2.8436615504875133e+25
90 2 5.5403150149445031e+25
92 2 1.0116410795164787e+26
94 2 1.7299995894731738e+26
96 2 2.7627934018883696e+26
98 2 4.1108305917756322e+26
100 2 5.6964247157919759e+26
102 2 7.3241633000896408e+26
104 2 8.7267360458766453e+26
106 2 9.6111225632508339e+26
108 2 9.7622808364651951e+26
110 2 9.1197910388525078e+26
112 2 7.8226173508978635e+26
114 2 6.1334079919151236e+26
116 2 4.3848026677985069e+26
118 2 2.8501172317907719e+26
120 2 1.6774268571076858e+26
122 2 8.9041032069170059e+25
124 2 4.2389361876720994e+25
126 2 1.8016675913692889e+25
128 2 6.7865493374768759e+24
130 2 2.2500112575129972e+24
132 2 6.5070868371765413e+23
134 2 1.6223407615631618e+23
136 2 3.4448612177273785e+22
138 2 6.1300664287483197e+21
140 2 8.9274678294582932e+20
142 2 1.0353618065621855e+20
144 2 9.1301184315722629e+18
146 2 5.6744856434732659e+17
148 2 2.1551942642278644e+16
150 2 3.4737375574728069e+14
34 3 2.1922178224199266e+04
36 3 1.7487813171188563e+07
38 3 1.1351430439388454e+09
40 3 2.7933596521562759e+10
42 3 4.0508055804092712e+11
44 3 4.2101014704864307e+12
46 3 3.5061087675080160e+13
48 3 2.4875171696017416e+14
50 3 1.5779981190731910e+15
52 3 9.1290862583224080e+15
54 3 4.9109213601497824e+16
56 3 2.4798656672643034e+17
58 3 1.1811575933569265e+18
60 3 5.3350124182180997e+18
62 3 2.2835771422320865e+19
64 3 9.2979472426458006e+19
66 3 3.5992399309626684e+20
68 3 1.3225065215654722e+21
70 3 4.6261692722817752e+21
72 3 1.5360513907361749e+22
74 3 4.8383446675082323e+22
76 3 1.4448840350304366e+23
78 3 4.0775993523365463e+23
80 3 1.0894319277488173e+24
82 3 2.7446636485493505e+24
84 3 6.5144431082034657e+24
86 3 1.4546935164725602e+25
88 3 3.0476199785106184e+25
90 3 5.9833826171657527e+25
92 3 1.0987480673818661e+26
94 3 1.8835573971546897e+26
96 3 3.0046281619523091e+26
98 3 4.4596123847862559e+26
100 3 6.1322420222960301e+26
102 3 7.8104993378520707e+26
104 3 9.1739669545973123e+26
106 3 9.9278202700105615e+26
108 3 9.8658161882283931e+26
110 3 8.9860657063856973e+26
112 3 7.4745583783094702e+26
114 3 5.6599889963859019e+26
116 3 3.8902029737023432e+26
118 3 2.4176655969578780e+26
120 3 1.3533574167600816e+26
122 3 6.7836990425857426e+25
124 3 3.0308557448817902e+25
126 3 1.2006859884600031e+25
128 3 4.1792461079963485e+24
130 3 1.2687907517470405e+24
132 3 3.3205443350411195e+23
134 3 7.3981838263754183e+22
136 3 1.3797990169488889e+22
138 3 2.1128876908000995e+21
140 3 2.5736534815601292e+20
142 3 2.3904307411776094e+19
144 3 1.5715356225852813e+18
146 3 6.3812728865896656e+16
148 3 1.1239079488280836e+15
38 4 8.0303036477647594e+05
40 4 3.1905485946218157e+08
42 4 1.6005038540317348e+10
44 4 3.4990052507849744e+11
46 4 4.7349143910247227e+12
48 4 4.7275876606292953e+13
50 4 3.8251206293455969e+14
52 4 2.6553596863730585e+15
54 4 1.6403409146273764e+16
56 4 9.2717058694831936e+16
58 4 4.8426794738950234e+17
60 4 2.3707243466428754e+18
62 4 1.0882558405560242e+19
64 4 4.7273163389722313e+19
66 4 1.9411957659104241e+20
68 4 7.5420364167315246e+20
70 4 2.7729939729244121e+21
72 4 9.6409536532486596e+21
74 4 3.1739893761597451e+22
76 4 9.8575409414276372e+22
78 4 2.8882879583938536e+23
80 4 7.9779345746203387e+23
82 4 2.0723430016712914e+24
84 4 5.0527890347454553e+24
86 4 1.1552950311416883e+25
88 4 2.4735155370572091e+25
90 4 4.9445924922086074e+25
92 4 9.2091685457351470e+25
94 4 1.5961412210330468e+26
96 4 2.5674462475770205e+26
98 4 3.8269026629047261e+26
100 4 5.2639669061591302e+26
102 4 6.6777954148546280e+26
104 4 7.7872605126855395e+26
106 4 8.3254881064399820e+26
108 4 8.1395559125640702e+26
110 4 7.2562821614727097e+26
112 4 5.8807698935713240e+26
114 4 4.3166865654750291e+26
116 4 2.8577915503517764e+26
118 4 1.7013121709651012e+26
120 4 9.0624250501884939e+25
122 4 4.2961284303050561e+25
124 4 1.8008420870262425e+25
126 4 6.6358171424544748e+24
128 4 2.1296829233082349e+24
130 4 5.8849300470665342e+23
132 4 1.3838085515515132e+23
134 4 2.7269398167903713e+22
136 4 4.4044136585345043e+21
138 4 5.6684515294553696e+20
140 4 5.5677030581398921e+19
142 4 3.8930906899710152e+18
144 4 1.6890544906075664e+17
146 4 3.2459350197118200e+15
42 5 1.8249348877180040e+07
44 5 3.6916914043033943e+09
46 5 1.4959399072508292e+11
48 5 2.9103953167876626e+12
50 5 3.7004268111323156e+13
52 5 3.5384530784483569e+14
54 5 2.7768721218524130e+15
56 5 1.8752378514349040e+16
58 5 1.1344817982012261e+17
60 5 6.2337619585922266e+17
62 5 3.1678923304275292e+18
64 5 1.5027522174227077e+19
66 5 6.6792557840081953e+19
68 5 2.7907883136543683e+20
70 5 1.0985174507136137e+21
72 5 4.0727122883043142e+21
74 5 1.4214334624046527e+22
76 5 4.6642055183090544e+22
78 5 1.4378087390550717e+23
80 5 4.1637688483509639e+23
82 5 1.1291914912959851e+24
84 5 2.8654911691314413e+24
86 5 6.7881285572726327e+24
88 5 1.5008929739018677e+25
90 5 3.0843124984414106e+25
92 5 5.8949144724552535e+25
94 5 1.0428217043334692e+26
96 5 1.7049467535805526e+26
98 5 2.5723690931047792e+26
100 5 3.5711554600889251e+26
102 5 4.5451596923713786e+26
104 5 5.2971011012469876e+26
106 5 5.6330713394172129e+26
108 5 5.4504887140041143e+26
110 5 4.7792522459571507e+26
112 5 3.7904029846396294e+26
114 5 2.7069953650678286e+26
116 5 1.7326094006319107e+26
118 5 9.9039069425566962e+25
120 5 5.0272748145719620e+25
122 5 2.2538839458427546e+25
124 5 8.8613103034138555e+24
126 5 3.0282794320235720e+24
128 5 8.9073451160285072e+23
130 5 2.2291020926290981e+23
132 5 4.6672267228112352e+22
134 5 8.0149981952114971e+21
136 5 1.0967609714736577e+21
138 5 1.1464547314878572e+20
140 5 8.5434831154573711e+18
142 5 3.9812184354192659e+17
144 5 8.3409527531157330e+15
46 6 2.2649228194256794e+08
48 6 2.9161343988121548e+10
50 6 9.7514998386536792e+11
52 6 1.7141909152209182e+13
54 6 2.0415196694557738e+14
56 6 1.8690046560849740e+15
58 6 1.4144011679492308e+16
60 6 9.2874614705620656e+16
62 6 5.4532450856837101e+17
64 6 2.9130371138582999e+18
66 6 1.4369033932997214e+19
68 6 6.5977915542339240e+19
70 6 2.8253189656484885e+20
72 6 1.1354930038500262e+21
74 6 4.2638084742656672e+21
76 6 1.5007761278909219e+22
78 6 4.9369925222437615e+22
80 6 1.5194109652229645e+23
82 6 4.3630266041736452e+23
84 6 1.1668680137901247e+24
86 6 2.9042259181428833e+24
88 6 6.7075257030267679e+24
90 6 1.4360756566055832e+25
92 6 2.8409102667772968e+25
94 6 5.1915334946435763e+25
96 6 8.7161297498059217e+25
98 6 1.3443817715624102e+26
100 6 1.8990055714859430e+26
102 6 2.4472192370405996e+26
104 6 2.8717236959893265e+26
106 6 3.0582891541336926e+26
108 6 2.9464468609586128e+26
110 6 2.5585674271884062e+26
112 6 1.9948129325469648e+26
114 6 1.3914268748579197e+26
116 6 8.6423868328504514e+25
118 6 4.7523140907858101e+25
120 6 2.3030306430889847e+25
122 6 9.7590228760617555e+24
124 6 3.5940907280593436e+24
126 6 1.1361495645976828e+24
128 6 3.0461303993174667e+23
130 6 6.8387520514505962e+22
132 6 1.2572835821647347e+22
134 6 1.8419072851631703e+21
136 6 2.0642679618737160e+20
138 6 1.6513762982155377e+19
140 6 8.2978036227070502e+17
142 6 1.9064963321022180e+16
50 7 1.8555394719662945e+09
52 7 1.6200012852893384e+11
54 7 4.5900956521258438e+12
56 7 7.3236468187457859e+13
58 7 8.1901131726426812e+14
60 7 7.1401328723446350e+15
62 7 5.2148785719128328e+16
64 7 3.3141080344522170e+17
66 7 1.8831610959191519e+18
68 7 9.7412687160122839e+18
70 7 4.6451205377362829e+19
72 7 2.0511516378928624e+20
74 7 8.4316278054965438e+20
76 7 3.2233092936543282e+21
78 7 1.1495056420339127e+22
80 7 3.8140516104577713e+22
82 7 1.1754260035944068e+23
84 7 3.3593844172195941e+23
86 7 8.8917210984748628e+23
88 7 2.1762538260351158e+24
90 7 4.9092355940575075e+24
92 7 1.0192346652495529e+25
94 7 1.9410818816077539e+25
96 7 3.3891746926952918e+25
98 7 5.4019332052309109e+25
100 7 7.8418113684800575e+25
102 7 1.0319369716792647e+26
104 7 1.2305776482851870e+26
106 7 1.3234055141098927e+26
108 7 1.2791780219591200e+26
110 7 1.1059655144030115e+26
112 7 8.5273225424722105e+25
114 7 5.8378558437836061e+25
116 7 3.5308354088623264e+25
118 7 1.8742117043453451e+25
120 7 8.6779028544751297e+24
122 7 3.4768908309430647e+24
124 7 1.1942563064252450e+24
126 7 3.4768141932599062e+23
128 7 8.4490094035616188e+22
130 7 1.6795023224146267e+22
132 7 2.6559752067022706e+21
134 7 3.2116269083189143e+20
136 7 2.7823226413076206e+19
138 7 1.5200783422393713e+18
140 7 3.8410727368205456e+16
54 8 1.0402894220425047e+10
56 8 6.5758633638006824e+11
58 8 1.5942017271433537e+13
60 8 2.3266850655740916e+14
62 8 2.4311928447242760e+15
64 8 2.0235708364070060e+16
66 8 1.4128546581734318e+17
68 8 8.6484602748107200e+17
70 8 4.7344445494388009e+18
72 8 2.3590854768009318e+19
74 8 1.0785454334695449e+20
76 8 4.5639101626219653e+20
78 8 1.7848153944869833e+21
80 8 6.4728353302674303e+21
82 8 2.1690205566672489e+22
84 8 6.7223203565090032e+22
86 8 1.9188761056683761e+23
88 8 5.0408021184666050e+23
90 8 1.2141179775578960e+24
92 8 2.6793409030595206e+24
94 8 5.3934493582449627e+24
96 8 9.8932310177474114e+24
98 8 1.6481285879603033e+25
100 8 2.4849636940223088e+25
102 8 3.3780342423436154e+25
104 8 4.1341994258092383e+25
106 8 4.5293325688305194e+25
108 8 4.4257196517660982e+25
110 8 3.8412768674214902e+25
112 8 2.9513892291956477e+25
114 8 1.9929009656668164e+25
116 8 1.1769601082389970e+25
118 8 6.0450376149836557e+24
120 8 2.6787848957842811e+24
122 8 1.0140653235227558e+24
124 8 3.2428968277270094e+23
126 8 8.6355837195392769e+22
128 8 1.8786174917868477e+22
130 8 3.2414439147868363e+21
132 8 4.2756719215667105e+20
134 8 4.0415586652512895e+19
136 8 2.4208597100248970e+18
138 8 6.7758070623628664e+16
56 9 8.3638746084762380e+07
58 9 4.1540356198943169e+10
60 9 1.9575940846410662e+12
62 9 4.1460403257890023e+13
64 9 5.5135350544820931e+14
66 9 5.4189388096111960e+15
68 9 4.2697071172986528e+16
70 9 2.8510554542947549e+17
72 9 1.6676482180373284e+18
74 9 8.7523103769697116e+18
76 9 4.1677033445620122e+19
78 9 1.8218305714777584e+20
80 9 7.3040903177645720e+20
82 9 2.6987072935213112e+21
84 9 9.1692639147562495e+21
86 9 2.8606933299700068e+22
88 9 8.1708133895567483e+22
90 9 2.1323355632844198e+23
92 9 5.0726482558958986e+23
94 9 1.0944067208834225e+24
96 9 2.1378404876140046e+24
98 9 3.7690639398421820e+24
100 9 5.9729233906785148e+24
102 9 8.4887574338590113e+24
104 9 1.0767226026003091e+25
106 9 1.2145232226805930e+25
108 9 1.2117907272886537e+25
110 9 1.0652475267187339e+25
112 9 8.2028472017767700e+24
114 9 5.4992988065640667e+24
116 9 3.1924070053357131e+24
118 9 1.5907954031442266e+24
120 9 6.7485961420525887e+23
122 9 2.4104622080737018e+23
124 9 7.1321933876427466e+22
126 9 1.7195466589763365e+22
128 9 3.2837018169138448e+21
130 9 4.7851249065158345e+20
132 9 4.9891939528153457e+19
134 9 3.3112368509375027e+18
136 9 1.0348496976306426e+17
60 10 6.4383488866822565e+08
62 10 1.1674166405904015e+11
64 10 4.3843956611156914e+12
66 10 8.1175650800684719e+13
68 10 9.8980454070135125e+14
70 10 9.0468657515811200e+15
72 10 6.7436346107864384e+16
74 10 4.2742946399611642e+17
76 10 2.3812979470240599e+18
78 10 1.1894303860584684e+19
80 10 5.3892333780209795e+19
82 10 2.2223127494562608e+20
84 10 8.3964023164044758e+20
86 10 2.8961716654961810e+21
88 10 9.1141095860571514e+21
90 10 2.6092763018862271e+22
92 10 6.7728747333651767e+22
94 10 1.5891141038761879e+23
96 10 3.3523069649900979e+23
98 10 6.3439640807014213e+23
100 10 1.0719540422862848e+24
102 10 1.6126510030886594e+24
104 10 2.1463872491267921e+24
106 10 2.5216410222066448e+24
108 10 2.5975692007812247e+24
110 10 2.3341312889318023e+24
112 10 1.8177437457059564e+24
114 10 1.2190589383000566e+24
116 10 6.9861198366323566e+23
118 10 3.3894356118166598e+23
120 10 1.3776897109190486e+23
122 10 4.6230579099324868e+22
124 10 1.2568058862369222e+22
126 10 2.6984856152432695e+21
128 10 4.4136877780328166e+20
130 10 5.1534090226092884e+19
132 10 3.8323654362751928e+18
134 10 1.3534974075405981e+17
64 11 2.3519807691443386e+09
66 11 2.4154278540883832e+11
68 11 7.3203390833448340e+12
70 11 1.1990661783780647e+14
72 11 1.3343028214745898e+15
74 11 1.1406739544672912e+16
76 11 7.9608948075866624e+16
78 11 4.7700213708203949e+17
80 11 2.5137773873879291e+18
82 11 1.1843995778739050e+19
84 11 5.0458001699018555e+19
86 11 1.9522704650567018e+20
88 11 6.8498056594459735e+20
90 11 2.1797470803574658e+21
92 11 6.2582554035833044e+21
94 11 1.6178751645066604e+22
96 11 3.7418284782734472e+22
98 11 7.7132025620812641e+22
100 11 1.4095254339963405e+23
102 11 2.2751521874508849e+23
104 11 3.2245581664631264e+23
106 11 3.9980539487353336e+23
108 11 4.2985526780174671e+23
110 11 3.9904798578222953e+23
112 11 3.1787442533579046e+23
114 11 2.1502982401681558e+23
116 11 1.2247407116604145e+23
118 11 5.8041019851343418e+22
120 11 2.2590836852966254e+22
122 11 7.0843708437895819e+21
124 11 1.7457697974161884e+21
126 11 3.2649936848948697e+20
128 11 4.3439282480847397e+19
130 11 3.6834095212949565e+18
132 11 1.4935793565085101e+17
68 12 5.3013361863260422e+09
70 12 3.6708100272096674e+11
72 12 9.3092778897932617e+12
74 12 1.3342071567944969e+14
76 12 1.3605100641756150e+15
78 12 1.0715366512169706e+16
80 12 7.0269090013629776e+16
82 12 3.9313299301678035e+17
84 12 1.9466728203769272e+18
86 12 8.5785421254887178e+18
88 12 3.4007061549792666e+19
90 12 1.2166604013932729e+20
92 12 3.9129331521378845e+20
94 12 1.1283848099459650e+21
96 12 2.9013805755903954e+21
98 12 6.6074180201164843e+21
100 12 1.3261225164601754e+22
102 12 2.3341164382823383e+22
104 12 3.5765244417345837e+22
106 12 4.7410528195618875e+22
108 12 5.4060159770392118e+22
110 12 5.2551389116647606e+22
112 12 4.3257740175087327e+22
114 12 2.9782519140259748e+22
116 12 1.6958959072144758e+22
118 12 7.8889011664373594e+21
120 12 2.9307023203640667e+21
122 12 8.5237594626279997e+20
124 12 1.8650602493582839e+20
126 12 2.8962884207600439e+19
128 12 2.8644518488359593e+18
130 12 1.3621857273792616e+17
72 13 8.2249189865162201e+09
74 13 4.2792454732113666e+11
76 13 8.7159187041919189e+12
78 13 1.1225646388478247e+14
80 13 1.0287397836959766e+15
82 13 7.5079170114334010e+15
84 13 4.5482149769524560e+16
86 13 2.3761735940715827e+17
88 13 1.0891698111882780e+18
90 13 4.4428776497292426e+18
92 13 1.6179503504480207e+19
94 13 5.2671230862852211e+19
96 13 1.5206430434796306e+20
98 13 3.8830764456391554e+20
100 13 8.6936474717023030e+20
102 13 1.6928391706373220e+21
104 13 2.8515955990616112e+21
106 13 4.1102532519186284e+21
108 13 5.0418297619527647e+21
110 13 5.2176548259171412e+21
112 13 4.4888208558180275e+21
114 13 3.1817900416529565e+21
116 13 1.8308231615372261e+21
118 13 8.3619056262869143e+20
120 13 2.9625635134484873e+20
122 13 7.8473022137679299e+19
124 13 1.4658653089774531e+19
126 13 1.7360849968907640e+18
128 13 9.9646450290032832e+16
76 14 1.0388655219806986e+10
78 14 3.4917684072522113e+11
80 14 6.2053496236219326e+12
82 14 6.9112670969717922e+13
84 14 5.7988884336595812e+14
86 14 3.8522918414975000e+15
88 14 2.1470616786756636e+16
90 14 1.0299445453903683e+17
92 14 4.3325965117703027e+17
94 14 1.6095094472227679e+18
96 14 5.2829584212617871e+18
98 14 1.5275206479509643e+19
100 14 3.8616848792437121e+19
102 14 8.4470399277914685e+19
104 14 1.5881819447819505e+20
106 14 2.5334618911297923e+20
108 14 3.3969843923897844e+20
110 14 3.7864914379702279e+20
112 14 3.4631513302671956e+20
114 14 2.5606467324924759e+20
116 14 1.4980667779203770e+20
118 14 6.7484521481075974e+19
120 14 2.2579957139528081e+19
122 14 5.2864109323019039e+18
124 14 7.7983677323671616e+17
126 14 5.6161256757656560e+16
78 15 6.4914384618549138e+07
80 15 7.5500927838564844e+09
82 15 2.1570462190140125e+11
84 15 3.1209812895115474e+12
86 15 3.1427628050234445e+13
88 15 2.3509326168986928e+14
90 15 1.4214461257476445e+15
92 15 7.1757751407560760e+15
94 15 3.1203163198539880e+16
96 15 1.1846644090325998e+17
98 15 3.9163817453716896e+17
100 15 1.1261782752543784e+18
102 15 2.8032746553306491e+18
104 15 5.9555049861289902e+18
106 15 1.0682534803329550e+19
108 15 1.5932026536021697e+19
110 15 1.9480842719975801e+19
112 15 1.9232406481726738e+19
114 15 1.4968239272301578e+19
116 15 8.9898149022127872e+18
118 15 3.9952719815558103e+18
120 15 1.2365852664829558e+18
122 15 2.3920628632252710e+17
124 15 2.2967854155228024e+16
82 16 3.9854095590967074e+07
84 16 4.0043256058664098e+09
86 16 8.6707684202556717e+10
88 16 1.1301190337544902e+12
90 16 1.0010863411931920e+13
92 16 6.6701689714738289e+13
94 16 3.6223918888112562e+14
96 16 1.6379681104574575e+15
98 16 6.3490333415989260e+15
100 16 2.1108948047413788e+16
102 16 6.0287795933480240e+16
104 16 1.4613361485091846e+17
106 16 2.9766270783123450e+17
108 16 5.0006451727688781e+17
110 16 6.8175524309768819e+17
112 16 7.3242914455065395e+17
114 16 6.0984777575499443e+17
116 16 3.7534175250949856e+17
118 16 1.6387428448800640e+17
120 16 4.4430856498279536e+16
122 16 6.2127717396883950e+15
86 17 1.9131269932279140e+07
88 17 1.1555911615028715e+09
90 17 2.3675088462338547e+10
92 17 2.8178858397026544e+11
94 17 2.1268771324483386e+12
96 17 1.2883790071835951e+13
98 17 6.0756233579285023e+13
100 17 2.4157673165395266e+14
102 17 7.9792358020279000e+14
104 17 2.2481083045619030e+15
106 17 5.2117828043854200e+15
108 17 1.0048751348617416e+16
110 17 1.5269718160494448e+16
112 17 1.8284828508085700e+16
114 17 1.6089744956682112e+16
116 17 1.0381864737456852e+16
118 17 4.0874891404524665e+15
120 17 9.4192449169301412e+14
90 18 2.9507262629946023e+06
92 18 2.1338983058921993e+08
94 18 5.0117893633797350e+09
96 18 4.3081354693347099e+10
98 18 3.0983358442197125e+11
100 18 1.5073503012117390e+12
102 18 6.2474788278831660e+12
104 18 2.0155530350120293e+13
106 18 5.5484371339611102e+13
108 18 1.1871476048969330e+14
110 18 2.1129654286096853e+14
112 18 2.6954895836268900e+14
114 18 2.6606997940419781e+14
116 18 1.5488773279746609e+14
118 18 6.1839640485246047e+13
94 19 3.3742744036438968e+05
96 19 6.0739552243921772e+07
98 19 5.2064669472363299e+08
100 19 4.7271673463793478e+09
102 19 2.3026267866470943e+10
104 19 1.0155893087291493e+11
106 19 3.0449383155714362e+11
108 19 8.3185325227434509e+11
110 19 1.4976594150216289e+12
112 19 2.3992498806448438e+12
114 19 2.0269164332432756e+12
116 19 1.4604684307267336e+12
98 20 5.6225789299422246e+05
100 20 4.1561672359085418e+06
102 20 4.0235797618556261e+07
104 20 1.6764919544219711e+08
106 20 8.6357065691167939e+08
108 20 2.2024043121463594e+09
110 20 6.4310986245977459e+09
112 20 7.4082035390489883e+09
114 20 1.0526113849066711e+10
106 21 3.2802244789931210e+04
108 21 2.2962950538802752e+06
110 21 4.2676768608839419e+06
112 21 1.7227970029363122e+07
