176 -31 9.9271438390084495e+02
178 -31 9.4932536850093329e+03
180 -31 2.7681004110104052e+04
182 -31 4.5400939922505459e+04
184 -31 6.2690323090687918e+04
186 -31 5.0486655721431242e+04
188 -31 3.2143947669826790e+04
190 -31 1.8911039075967063e+04
192 -31 3.6396297336749130e+03
164 -30 3.9688877921644332e+00
166 -30 3.1740457570345671e+02
168 -30 5.0123894092305027e+03
170 -30 3.2785666533592659e+04
172 -30 1.5097461013040884e+05
174 -30 5.5023151500252099e+05
176 -30 1.4777622665276008e+06
178 -30 2.7123126094777095e+06
180 -30 3.5145038584558601e+06
182 -30 3.5018856317745079e+06
184 -30 2.4116067615193678e+06
186 -30 1.3156166419536367e+06
188 -30 5.0491109952858783e+05
190 -30 6.5909122042682182e+04
160 -29 7.3726568721064723e+02
162 -29 1.7552366718101057e+04
164 -29 1.9626812966312340e+05
166 -29 1.2587584106216866e+06
168 -29 5.2613569337508446e+06
170 -29 1.6797052561859991e+07
172 -29 4.1379741192382865e+07
174 -29 7.6872415115607470e+07
176 -29 1.0808239094163702e+08
178 -29 1.1365041001878694e+08
180 -29 9.1187699382135123e+07
182 -29 5.4124610706233203e+07
184 -29 2.3923682331489198e+07
186 -29 6.6565306351464167e+06
188 -29 6.7647254415253166e+05
156 -28 2.0979126926432065e+04
158 -28 4.2613209185614844e+05
160 -28 4.1821880767847844e+06
162 -28 2.5393771999972649e+07
164 -28 1.0602475929743019e+08
166 -28 3.2755672508392286e+08
168 -28 7.9079116660058773e+08
170 -28 1.4978356487606874e+09
172 -28 2.2041048452169461e+09
174 -28 2.5410178199661484e+09
176 -28 2.2441632409573336e+09
178 -28 1.5356004161249089e+09
180 -28 7.8868651711670589e+08
182 -28 2.8959915931562370e+08
184 -28 6.7534850924801081e+07
186 -28 6.3283328874395061e+06
150 -27 1.1837589904311864e+02
152 -27 3.3571500781000231e+05
154 -27 6.5285831836991245e+06
156 -27 6.0787631851503477e+07
158 -27 3.6114101234079355e+08
160 -27 1.5071946439391551e+09
162 -27 4.7107476072291098e+09
164 -27 1.1452515075576611e+10
166 -27 2.2222593368370255e+10
168 -27 3.4480869499629158e+10
170 -27 4.2602035811700867e+10
172 -27 4.1991731753021225e+10
174 -27 3.2351649535229874e+10
176 -27 1.9507445892245934e+10
178 -27 8.8996752688795567e+09
180 -27 2.9116632533831515e+09
182 -27 6.2185402986965358e+08
184 -27 5.6006425292623237e+07
146 -26 3.7951275227555325e+03
148 -26 3.8916347641781573e+06
150 -26 7.3734293281825855e+07
152 -26 6.7492770292990279e+08
154 -26 3.9781882155579267e+09
156 -26 1.6766737831649086e+10
158 -26 5.3435494292735207e+10
160 -26 1.3373457137444763e+11
162 -26 2.6905635221044699e+11
164 -26 4.3781507094206525e+11
166 -26 5.8201957497654736e+11
168 -26 6.2658660465267102e+11
170 -26 5.4639885525221869e+11
172 -26 3.8002309094624493e+11
174 -26 2.0870455222094537e+11
176 -26 8.7243663754722244e+10
178 -26 2.6599233576997440e+10
180 -26 5.3115237270257568e+09
182 -26 4.5350454813160527e+08
142 -25 8.0419646282235801e+04
144 -25 3.6188258689290322e+07
146 -25 6.6973699672018313e+08
148 -25 6.1187748666665640e+09
150 -25 3.6225595835379898e+10
152 -25 1.5494030665260449e+11
154 -25 5.0688476372638983e+11
156 -25 1.3087594495772898e+12
158 -25 2.7438650229844893e+12
160 -25 4.7191192589288662e+12
162 -25 6.7101497221374131e+12
164 -25 7.8796330968573340e+12
166 -25 7.6216863422071426e+12
168 -25 6.0585479267037861e+12
170 -25 3.8858411831295610e+12
172 -25 1.9872597460186553e+12
174 -25 7.8301199523823462e+11
176 -25 2.2537609419095193e+11
178 -25 4.2256834759065315e+10
180 -25 3.4729476903152924e+09
136 -24 3.9935008204715938e+00
138 -24 1.1182538919750217e+06
140 -24 2.8409185608429104e+08
142 -24 5.1548426944154568e+09
144 -24 4.7185846416808350e+10
146 -24 2.8234958467648657e+11
148 -24 1.2294850446944731e+12
150 -24 4.1350280568746270e+12
152 -24 1.1093270150364354e+13
154 -24 2.4307909797950238e+13
156 -24 4.4159186649118414e+13
158 -24 6.6937169774676641e+13
160 -24 8.5004640630455062e+13
162 -24 9.0806470892522406e+13
164 -24 8.0769473271737656e+13
166 -24 5.9621512120391742e+13
168 -24 3.5920816596692914e+13
170 -24 1.7393095688336111e+13
172 -24 6.4924755577902822e+12
174 -24 1.7827159490506318e+12
176 -24 3.1810594896454083e+11
178 -24 2.5291934630231621e+10
132 -23 4.2616051621569130e+02
134 -23 1.1478546351098647e+07
136 -23 1.9463180850228145e+09
138 -23 3.4769474110964157e+10
140 -23 3.1803596575526141e+11
142 -23 1.9319263577559482e+12
144 -23 8.5992480959074863e+12
146 -23 2.9744447933684020e+13
148 -23 8.2812455630410031e+13
150 -23 1.8952111754846650e+14
152 -23 3.6289871563662850e+14
154 -23 5.8646180215236012e+14
156 -23 8.0346956927914600e+14
158 -23 9.3464042481306238e+14
160 -23 9.2396006725422650e+14
162 -23 7.6916897778019962e+14
164 -23 5.3395036417857394e+14
166 -23 3.0570154614252875e+14
168 -23 1.4093247322443091e+14
170 -23 5.0503657333646945e+13
172 -23 1.3269505667222117e+13
174 -23 2.2673728250500493e+12
176 -23 1.7531807677071396e+11
128 -22 1.1257401580230448e+04
130 -22 9.6308101579808250e+07
132 -22 1.1777649682640383e+10
134 -22 2.0763515172621735e+11
136 -22 1.9146772013508125e+12
138 -22 1.1789406539192828e+13
140 -22 5.3634884707116906e+13
142 -22 1.9120760144037422e+14
144 -22 5.5113749434909144e+14
146 -22 1.3185908761015422e+15
148 -22 2.6589328480011720e+15
150 -22 4.5564391723800270e+15
152 -22 6.6970649505200660e+15
154 -22 8.4367748802598570e+15
156 -22 9.1215252562647680e+15
158 -22 8.4476273141147680e+15
160 -22 6.6566989935749290e+15
162 -22 4.4097904888389585e+15
164 -22 2.4114564809923120e+15
166 -22 1.0665365441413265e+15
168 -22 3.6749689339298481e+14
170 -22 9.3193506975567781e+13
172 -22 1.5388111344610777e+13
174 -22 1.1603152613980999e+12
124 -21 1.8619715198334894e+05
126 -21 6.9102623714594626e+08
128 -21 6.4392404208724213e+10
130 -21 1.1185270600806985e+12
132 -21 1.0387240516960717e+13
134 -21 6.4865454939499492e+13
136 -21 3.0141753000109838e+14
138 -21 1.1024941631548210e+15
140 -21 3.2906356734330465e+15
142 -21 8.2105603565410680e+15
144 -21 1.7362325684349432e+16
146 -21 3.1503355342005264e+16
148 -21 4.9360013300774584e+16
150 -21 6.7005531680330664e+16
152 -21 7.8797482482947168e+16
154 -21 8.0246042454546432e+16
156 -21 7.0517908849906352e+16
158 -21 5.2931934207694552e+16
160 -21 3.3560670727347264e+16
162 -21 1.7677951291314060e+16
164 -21 7.5647489951796600e+15
166 -21 2.5246061711602525e+15
168 -21 6.1987818681306325e+14
170 -21 9.9090070186955594e+13
172 -21 7.3214329693682578e+12
120 -20 2.6376292438922725e+06
122 -20 4.3030830158060007e+09
124 -20 3.1895174928762616e+11
126 -20 5.4563248533183613e+12
128 -20 5.0752799653243477e+13
130 -20 3.2097072145901431e+14
132 -20 1.5220944592912018e+15
134 -20 5.7238529742811620e+15
136 -20 1.7656199972139782e+16
138 -20 4.5775395055218184e+16
140 -20 1.0156201624413667e+17
142 -20 1.9419964396196973e+17
144 -20 3.2341645858449338e+17
146 -20 4.6928414723485530e+17
148 -20 5.9672764577344883e+17
150 -20 6.6268664847045914e+17
152 -20 6.4231040993302720e+17
154 -20 5.3900653130317312e+17
156 -20 3.8884088616072307e+17
158 -20 2.3814927669229290e+17
160 -20 1.2141631491852171e+17
162 -20 5.0337632410897960e+16
164 -20 1.6332485048384272e+16
166 -20 3.8934446689530160e+15
168 -20 6.0666661430263938e+14
170 -20 4.4017454139909156e+13
116 -19 2.7836775794309508e+07
118 -19 2.3736599461253262e+10
120 -19 1.4452064465558579e+12
122 -19 2.4078042423945812e+13
124 -19 2.2413316039612784e+14
126 -19 1.4334279274168140e+15
128 -19 6.9182886790044320e+15
130 -19 2.6650610068126112e+16
132 -19 8.5000854986937376e+16
134 -19 2.2914855954610874e+17
136 -19 5.2973803497635904e+17
138 -19 1.0656844909798870e+18
140 -19 1.8769988382654479e+18
142 -19 2.9064188648582620e+18
144 -19 3.9634598690511380e+18
146 -19 4.7765203806234870e+18
148 -19 5.0575527091401165e+18
150 -19 4.6950332044028150e+18
152 -19 3.7971982965994609e+18
154 -19 2.6473430848625039e+18
156 -19 1.5713022948069146e+18
158 -19 7.7880646738055731e+17
160 -19 3.1451555754732346e+17
162 -19 9.9473430053887872e+16
164 -19 2.3132353571870188e+16
166 -19 3.5154482975699860e+15
168 -19 2.5173075456449897e+14
112 -18 2.2772768582328963e+08
114 -18 1.1588726172967024e+11
116 -18 5.9228853762988359e+12
118 -18 9.5817907452377203e+13
120 -18 8.9051366646164112e+14
122 -18 5.7389304403128220e+15
124 -18 2.8244775874074920e+16
126 -18 1.1141751089664629e+17
128 -18 3.6599162514143270e+17
130 -18 1.0221158748066360e+18
132 -18 2.4654059610780037e+18
134 -18 5.1999815546032957e+18
136 -18 9.6621398038482412e+18
138 -18 1.5911171031643871e+19
140 -18 2.3211403762605818e+19
142 -18 3.0083916533834289e+19
144 -18 3.4615487973035299e+19
146 -18 3.5190936887504396e+19
148 -18 3.1513145319832404e+19
150 -18 2.4668709454711607e+19
152 -18 1.6699778873372770e+19
154 -18 9.6552337118604923e+18
156 -18 4.6777688494978345e+18
158 -18 1.8481734547622520e+18
160 -18 5.7065925077175136e+17
162 -18 1.2979390828217136e+17
164 -18 1.9313343733297060e+16
166 -18 1.3646826483131335e+15
108 -17 1.4972325098390660e+09
110 -17 4.9901334371572498e+11
112 -17 2.1777236833619914e+13
114 -17 3.4229413348425650e+14
116 -17 3.1632168458148220e+15
118 -17 2.0578192486629152e+16
120 -17 1.0276343520159510e+17
122 -17 4.1541197967829184e+17
124 -17 1.4030777521320796e+18
126 -17 4.0542131169370424e+18
128 -17 1.0189361793090478e+19
130 -17 2.2508724604902433e+19
132 -17 4.4019916435451077e+19
134 -17 7.6661574242795471e+19
136 -17 1.1921827285326029e+20
138 -17 1.6565408034164474e+20
140 -17 2.0563142262269542e+20
142 -17 2.2786485336389783e+20
144 -17 2.2402366480494546e+20
146 -17 1.9446322699884750e+20
148 -17 1.4824221311904793e+20
150 -17 9.7895346664167064e+19
152 -17 5.5308540647844512e+19
154 -17 2.6224128503345938e+19
156 -17 1.0137463302113595e+19
158 -17 3.0748448701266565e+18
160 -17 6.8694589581987366e+17
162 -17 1.0030686182499211e+17
164 -17 7.0084426041975460e+15
104 -16 8.2885134887672739e+09
106 -16 1.8930114963226460e+12
108 -16 7.1829749732231906e+13
110 -16 1.0887206229854770e+15
112 -16 1.0002655999625542e+16
114 -16 6.5539309462431888e+16
116 -16 3.3262809772872960e+17
118 -16 1.3735039063449733e+18
120 -16 4.7716232039112540e+18
122 -16 1.4268978827381631e+19
124 -16 3.7262013995730641e+19
126 -16 8.5967242434592850e+19
128 -16 1.7668304469744809e+20
130 -16 3.2490726160934345e+20
132 -16 5.3586266793046141e+20
134 -16 7.9584154562184387e+20
136 -16 1.0615018613815312e+21
138 -16 1.2723678209022141e+21
140 -16 1.3643796886374559e+21
142 -16 1.3037252687169344e+21
144 -16 1.1037493970225399e+21
146 -16 8.2172245963044448e+20
148 -16 5.3125319753875063e+20
150 -16 2.9449450143861241e+20
152 -16 1.3704038040525776e+20
154 -16 5.2113597767759307e+19
156 -16 1.5547786883921983e+19
158 -16 3.4149800615393894e+18
160 -16 4.9097111208321293e+17
162 -16 3.3967797842090688e+16
98 -15 1.8670485859447552e+06
100 -15 3.8631663175961037e+10
102 -15 6.2746221549920293e+12
104 -15 2.0966471072681447e+14
106 -15 3.0762924750987165e+15
108 -15 2.8025022746163508e+16
110 -15 1.8455828100653085e+17
112 -15 9.4903556088117965e+17
114 -15 4.0039268051401513e+18
116 -15 1.4290033951130194e+19
118 -15 4.4144309158827852e+19
120 -15 1.1981840575176576e+20
122 -15 2.8832078348303139e+20
124 -15 6.2090775430654303e+20
126 -15 1.2045536570251480e+21
128 -15 2.1042158377660302e+21
130 -15 3.3228628938777124e+21
132 -15 4.7484039936555384e+21
134 -15 6.1179304783973093e+21
136 -15 7.1258659017836210e+21
138 -15 7.4433549104392008e+21
140 -15 6.9453411226139608e+21
142 -15 5.7557193342075693e+21
144 -15 4.2007710375336047e+21
146 -15 2.6709001035284029e+21
148 -15 1.4552048211931090e+21
150 -15 6.6670487041369427e+20
152 -15 2.5025553860316414e+20
154 -15 7.3520820462351589e+19
156 -15 1.5935626414922252e+19
158 -15 2.2635260773607360e+18
160 -15 1.5549637549514230e+17
94 -14 3.0278316644505240e+07
96 -14 1.4932384203066296e+11
98 -14 1.8103426588540664e+13
100 -14 5.4095255538292869e+14
102 -14 7.6252998192776100e+15
104 -14 6.8881601286996400e+16
106 -14 4.5552743822557504e+17
108 -14 2.3723218374134267e+18
110 -14 1.0223674557651331e+19
112 -14 3.7472803994830684e+19
114 -14 1.1942683160956951e+20
116 -14 3.3643873734332921e+20
118 -14 8.4347432166897943e+20
120 -14 1.9023353664130297e+21
122 -14 3.8763911145344373e+21
124 -14 7.1578601645348634e+21
126 -14 1.2012990156350857e+22
128 -14 1.8317545982359763e+22
130 -14 2.5341657543535443e+22
132 -14 3.1806379020230934e+22
134 -14 3.6108408742955572e+22
136 -14 3.6920760458750416e+22
138 -14 3.3815485932109954e+22
140 -14 2.7553800927649120e+22
142 -14 1.9788113802042033e+22
144 -14 1.2391717284564980e+22
146 -14 6.6628188526541432e+21
148 -14 3.0132243727142533e+21
150 -14 1.1157427358647545e+21
152 -14 3.2457882804749278e+20
154 -14 6.9622966071156998e+19
156 -14 9.7889498845930045e+18
158 -14 6.6914826919038861e+17
90 -13 2.5387633074879807e+08
92 -13 4.7813018437244714e+11
94 -13 4.5016037075616344e+13
96 -13 1.2140648127133268e+15
98 -13 1.6540710993930050e+16
100 -13 1.4771095425693280e+17
102 -13 9.7856426514610150e+17
104 -13 5.1607746643662561e+18
106 -13 2.2698809038570152e+19
108 -13 8.5327931429775491e+19
110 -13 2.8063248492362393e+20
112 -13 8.1874695482326398e+20
114 -13 2.1381562048200036e+21
116 -13 5.0438494194531251e+21
118 -13 1.0793777176932591e+22
120 -13 2.1051197012014948e+22
122 -13 3.7389903834263612e+22
124 -13 6.0671470904205757e+22
126 -13 8.9852343269789169e+22
128 -13 1.2121276200997455e+23
130 -13 1.4883520016205833e+23
132 -13 1.6571377567192855e+23
134 -13 1.6655260153391578e+23
136 -13 1.5022063450332171e+23
138 -13 1.2068514466797443e+23
140 -13 8.5529601185159114e+22
142 -13 5.2948003459587511e+22
144 -13 2.8127676586510365e+22
146 -13 1.2587462964460569e+22
148 -13 4.6211915631299626e+21
150 -13 1.3328275888221737e+21
152 -13 2.8319678042974673e+20
154 -13 3.9565794323192521e+19
156 -13 2.6940742979654241e+18
86 -12 1.3739816147104261e+09
88 -12 1.2764069423859587e+12
90 -12 9.5859979058617766e+13
92 -12 2.3507913586804820e+15
94 -12 3.0972830406403632e+16
96 -12 2.7345260525296554e+17
98 -12 1.8147893214576430e+18
100 -12 9.7082437816921190e+18
102 -12 4.3462054532566254e+19
104 -12 1.6750403295126277e+20
106 -12 5.6771895399298413e+20
108 -12 1.7135686901373149e+21
110 -12 4.6601523392033765e+21
112 -12 1.1484956031502774e+22
114 -12 2.5772652053297281e+22
116 -12 5.2914373669765140e+22
118 -12 9.9474276754246286e+22
120 -12 1.7152339695495888e+23
122 -12 2.7109790055600992e+23
124 -12 3.9225072934056047e+23
126 -12 5.1925953998143428e+23
128 -12 6.2658895722749665e+23
130 -12 6.8684710227517890e+23
132 -12 6.8096964709489777e+23
134 -12 6.0655096695380519e+23
136 -12 4.8183427288351797e+23
138 -12 3.3809164687316536e+23
140 -12 2.0733060773270134e+23
142 -12 1.0930641383040302e+23
144 -12 4.8547187249939722e+22
146 -12 1.7681485599207458e+22
148 -12 5.0714169232103246e+21
150 -12 1.0716343531103428e+21
152 -12 1.4895598620577962e+20
154 -12 1.0113537785173262e+19
82 -11 5.3300972043041239e+09
84 -11 2.8048421040989082e+12
86 -11 1.7299663636444288e+14
88 -11 3.9025319287732270e+15
90 -11 4.9674355578041712e+16
92 -11 4.3322734052459379e+17
94 -11 2.8839798680738396e+18
96 -11 1.5596720145130770e+19
98 -11 7.1090604639504384e+19
100 -11 2.8102552934224046e+20
102 -11 9.8077257787709679e+20
104 -11 3.0669982819501259e+21
106 -11 8.6558948496586446e+21
108 -11 2.2272891672824040e+22
110 -11 5.2418295660169340e+22
112 -11 1.1313032255942518e+23
114 -11 2.2471985605475856e+23
116 -11 4.1055389252284753e+23
118 -11 6.9143659708109403e+23
120 -11 1.0704685005141918e+24
122 -11 1.5218517535421572e+24
124 -11 1.9845672535729140e+24
126 -11 2.3646580916939231e+24
128 -11 2.5620669558125199e+24
130 -11 2.5127073682777500e+24
132 -11 2.2185932678147717e+24
134 -11 1.7483035695829705e+24
136 -11 1.2172572722532191e+24
138 -11 7.4202218977398806e+23
140 -11 3.8913295602689988e+23
142 -11 1.7184530553392177e+23
144 -11 6.2281240892105676e+22
146 -11 1.7799355939604763e+22
148 -11 3.7517060088470747e+21
150 -11 5.1991772924368165e+20
152 -11 3.5392470143768048e+19
78 -10 1.5305019251769171e+10
80 -10 5.0868927996819443e+12
82 -10 2.6285099956251928e+14
84 -10 5.5064873430911720e+15
86 -10 6.7654595489842432e+16
88 -10 5.8394885621134080e+17
90 -10 3.8919066278255795e+18
92 -10 2.1270584352296157e+19
94 -10 9.8697289844416659e+19
96 -10 3.9904523819704464e+20
98 -10 1.4335455809343225e+21
100 -10 4.6390209198196355e+21
102 -10 1.3602579760899387e+22
104 -10 3.6481148636343346e+22
106 -10 8.9873669442417159e+22
108 -10 2.0380599617811789e+23
110 -10 4.2696825276804706e+23
112 -10 8.2662714548222566e+23
114 -10 1.4793254878052115e+24
116 -10 2.4429035893175922e+24
118 -10 3.7277884112993054e+24
120 -10 5.2330744086313633e+24
122 -10 6.7493310156615916e+24
124 -10 7.9590863184459645e+24
126 -10 8.5537171548377983e+24
128 -10 8.3337286402835620e+24
130 -10 7.3093504378159600e+24
132 -10 5.7304968333163890e+24
134 -10 3.9766953823834688e+24
136 -10 2.4131308245848724e+24
138 -10 1.2611849484026882e+24
140 -10 5.5549984222518155e+23
142 -10 2.0105909943795311e+23
144 -10 5.7314680924942807e+22
146 -10 1.2088736553862110e+22
148 -10 1.6802559151706795e+21
150 -10 1.1472793972138541e+20
74 -9 3.3344533303605450e+10
76 -9 7.5309401245079639e+12
78 -9 3.3326113373104125e+14
80 -9 6.5140956324775670e+15
82 -9 7.7460424448277264e+16
84 -9 6.5999302835130355e+17
86 -9 4.4046593205801144e+18
88 -9 2.4302186336142725e+19
90 -9 1.1466606924123952e+20
92 -9 4.7488614241402172e+20
94 -9 1.7552115999944760e+21
96 -9 5.8684122589234201e+21
98 -9 1.7862318212602839e+22
100 -9 4.9931100707400687e+22
102 -9 1.2868360263421585e+23
104 -9 3.0630454331284624e+23
106 -9 6.7624855719562014e+23
108 -9 1.3849378891358012e+24
110 -9 2.6296054648472338e+24
112 -9 4.6323433317239835e+24
114 -9 7.5567161520251635e+24
116 -9 1.1396068221557912e+25
118 -9 1.5855537868367191e+25
120 -9 2.0295961435461136e+25
122 -9 2.3811624308440612e+25
124 -9 2.5464963331230567e+25
126 -9 2.4715358375033126e+25
128 -9 2.1614567353171687e+25
130 -9 1.6896228168544937e+25
132 -9 1.1708744540196352e+25
134 -9 7.0985259705109937e+24
136 -9 3.7063117696024039e+24
138 -9 1.6343208336237662e+24
140 -9 5.9148284330291600e+23
142 -9 1.6899227617272814e+23
144 -9 3.5732451442593544e+22
146 -9 4.9796458787386635e+21
148 -9 3.4320881223711293e+20
70 -8 5.5638493419883507e+10
72 -8 9.0481061012149062e+12
74 -8 3.4968690705865425e+14
76 -8 6.3977619913951230e+15
78 -8 7.3718061149535632e+16
80 -8 6.2067928294882445e+17
82 -8 4.1418252533846318e+18
84 -8 2.3033485646945821e+19
86 -8 1.1054007655303884e+20
88 -8 4.6750570966705006e+20
90 -8 1.7789804428871567e+21
92 -8 6.1314326019983823e+21
94 -8 1.9370520402612627e+22
96 -8 5.6360321541413443e+22
98 -8 1.5176838224729317e+23
100 -8 3.7929862444521703e+23
102 -8 8.8107558391635880e+23
104 -8 1.9072779624985254e+24
106 -8 3.8395245009840717e+24
108 -8 7.1988709845147419e+24
110 -8 1.2544268161005858e+25
112 -8 2.0290289456914848e+25
114 -8 3.0409244205496494e+25
116 -8 4.2105877506842145e+25
118 -8 5.3684418214220992e+25
120 -8 6.2796842641001708e+25
122 -8 6.7078643320401732e+25
124 -8 6.5033800317036547e+25
126 -8 5.6876585609672667e+25
128 -8 4.4528449691188935e+25
130 -8 3.0867788748199933e+25
132 -8 1.8754011180362304e+25
134 -8 9.8196836593541302e+24
136 -8 4.3435830807990228e+24
138 -8 1.5772611165560174e+24
140 -8 4.5296104983918301e+23
142 -8 9.6318496983261077e+22
144 -8 1.3520584804275883e+22
146 -8 9.4284145869471246e+20
64 -7 1.0329046014670219e+07
66 -7 7.1387465796929565e+10
68 -7 8.7495645559441221e+12
70 -7 2.9895171847815231e+14
72 -7 5.1479236261107140e+15
74 -7 5.7594106257401512e+16
76 -7 4.7866947841963002e+17
78 -7 3.1880108124433879e+18
80 -7 1.7881419625410636e+19
82 -7 8.7075193107084329e+19
84 -7 3.7657239370076252e+20
86 -7 1.4674802403389253e+21
88 -7 5.2251245537597566e+21
90 -7 1.7098956907314672e+22
92 -7 5.1786668420820227e+22
94 -7 1.4563228474512167e+23
96 -7 3.8169140260590596e+23
98 -7 9.3429625421996050e+23
100 -7 2.1324540747766617e+24
102 -7 4.5498363741909572e+24
104 -7 9.0615582620616083e+24
106 -7 1.6852187428671970e+25
108 -7 2.9196138913566903e+25
110 -7 4.7038279960051355e+25
112 -7 7.0321719475071292e+25
114 -7 9.7212274750111058e+25
116 -7 1.2393449941619021e+26
118 -7 1.4508653720381814e+26
120 -7 1.5518249228990774e+26
122 -7 1.5085473181347543e+26
124 -7 1.3236014795982975e+26
126 -7 1.0400068949123706e+26
128 -7 7.2460026445181597e+25
130 -7 4.4199181941414410e+25
132 -7 2.3277031444876472e+25
134 -7 1.0353929611018157e+25
136 -7 3.7917270716586984e+24
138 -7 1.0956731083357626e+24
140 -7 2.3521424805993166e+23
142 -7 3.3372551874885322e+22
144 -7 2.3629975086125532e+21
60 -6 3.7093063432030007e+07
62 -6 7.0194388436807770e+10
64 -6 6.7316322053532988e+12
66 -6 2.0615307192477416e+14
68 -6 3.3491027245203785e+15
70 -6 3.6361872529500856e+16
72 -6 2.9826298258334438e+17
74 -6 1.9808545714142113e+18
76 -6 1.1164484717012437e+19
78 -6 5.5197891186337071e+19
80 -6 2.4338081144246095e+20
82 -6 9.7308930488298111e+20
84 -6 3.5708791553569886e+21
86 -6 1.2105019971127214e+22
88 -6 3.8123872724856556e+22
90 -6 1.1200614461503403e+23
92 -6 3.0737927675481592e+23
94 -6 7.9127112679964283e+23
96 -6 1.9057478178206407e+24
98 -6 4.3049023369774602e+24
100 -6 9.1156441280272048e+24
102 -6 1.8058260640839466e+25
104 -6 3.3443757597213631e+25
106 -6 5.7863487800897817e+25
108 -6 9.3235076616802845e+25
110 -6 1.3961738174416014e+26
112 -6 1.9341754095625209e+26
114 -6 2.4749163309072029e+26
116 -6 2.9082392937661471e+26
118 -6 3.1271424838091905e+26
120 -6 3.0590098484637019e+26
122 -6 2.7009554749270025e+26
124 -6 2.1372361703138019e+26
126 -6 1.5000862896840707e+26
128 -6 9.2242548059247439e+25
130 -6 4.9003501799331510e+25
132 -6 2.2006872848325228e+25
134 -6 8.1334150689252549e+24
136 -6 2.3807590927899364e+24
138 -6 5.1723142435611001e+23
140 -6 7.4510000253138553e+22
142 -6 5.3764256018572604e+21
56 -5 6.0630735382588871e+07
58 -5 5.2531406540872314e+10
60 -5 4.0721152058608945e+12
62 -5 1.1242135634110553e+14
64 -5 1.7292991565307235e+15
66 -5 1.8207223110956052e+16
68 -5 1.4704877677724045e+17
70 -5 9.7269752119313267e+17
72 -5 5.5143315948929659e+18
74 -5 2.7562762046004163e+19
76 -5 1.2388199624829824e+20
78 -5 5.0848910617954111e+20
80 -5 1.9209545617394447e+21
82 -5 6.7463371303527897e+21
84 -5 2.2076214007173134e+22
86 -5 6.7696656588377118e+22
88 -5 1.9463877750298233e+23
90 -5 5.2596994091169122e+23
92 -5 1.3368390859397479e+24
94 -5 3.1960968798628165e+24
96 -5 7.1817702322796395e+24
98 -5 1.5160109941951234e+25
100 -5 3.0034491555586939e+25
102 -5 5.5715437936763544e+25
104 -5 9.6674548891122190e+25
106 -5 1.5640594781819988e+26
108 -5 2.3533587397349959e+26
110 -5 3.2827834553833078e+26
112 -5 4.2287616058229542e+26
114 -5 5.0111086097227604e+26
116 -5 5.4333582392185884e+26
118 -5 5.3640281449989730e+26
120 -5 4.7832655652861965e+26
122 -5 3.8258524969013405e+26
124 -5 2.7142665793596225e+26
126 -5 1.6892550781663431e+26
128 -5 9.0784566590951162e+25
130 -5 4.1332249999316194e+25
132 -5 1.5487183868650506e+25
134 -5 4.6027026343085762e+24
136 -5 1.0167626052027278e+24
138 -5 1.4950469305340165e+23
140 -5 1.1024144725738623e+22
52 -4 6.0320177067049421e+07
54 -4 2.9584004838747509e+10
56 -4 1.8942512386339294e+12
58 -4 4.7513231653545414e+13
60 -4 6.9219985490487125e+14
62 -4 7.0642203361967390e+15
64 -4 5.6105703117243280e+16
66 -4 3.6909462165744698e+17
68 -4 2.1019818029051889e+18
70 -4 1.0623116279280067e+19
72 -4 4.8674360375481459e+19
74 -4 2.0433816306974317e+20
76 -4 7.9557965744580775e+20
78 -4 2.8894243223533928e+21
80 -4 9.8330386449096424e+21
82 -4 3.1445539903396209e+22
84 -4 9.4639151089067112e+22
86 -4 2.6893908595692185e+23
88 -4 7.2096898864632409e+23
90 -4 1.8239488855987256e+24
92 -4 4.3490114611906931e+24
94 -4 9.7837690652785662e+24
96 -4 2.0705124844416221e+25
98 -4 4.1192376457714967e+25
100 -4 7.6889021579881493e+25
102 -4 1.3435670226665704e+26
104 -4 2.1918701711220973e+26
106 -4 3.3297499544489647e+26
108 -4 4.6911233550534090e+26
110 -4 6.1112538453948665e+26
112 -4 7.3288409034707030e+26
114 -4 8.0439869208372995e+26
116 -4 8.0458782995909118e+26
118 -4 7.2741809896160105e+26
120 -4 5.9018367586188244e+26
122 -4 4.2492776421072438e+26
124 -4 2.6865202423551900e+26
126 -4 1.4672592010902957e+26
128 -4 6.7922477484853481e+25
130 -4 2.5944506594878953e+25
132 -4 7.8543540837583647e+24
134 -4 1.7735985889207010e+24
136 -4 2.6693149028018134e+23
138 -4 2.0249847945191657e+22
48 -3 3.8990120049131319e+07
50 -3 1.2201370770885590e+10
52 -3 6.5777601302241626e+11
54 -3 1.5119612111410523e+13
56 -3 2.0859469229515619e+14
58 -3 2.0573525819863648e+15
60 -3 1.6035770862695996e+16
62 -3 1.0488275625235181e+17
64 -3 5.9864389755493760e+17
66 -3 3.0572668671115284e+18
68 -3 1.4245013947979870e+19
70 -3 6.1407010468190650e+19
72 -3 2.4592864908454350e+20
74 -3 9.2548177829366596e+20
76 -3 3.2729407909836158e+21
78 -3 1.0928829947315669e+22
80 -3 3.4474979239906890e+22
82 -3 1.0303463778521182e+23
84 -3 2.9134171702892764e+23
86 -3 7.7993502605152278e+23
88 -3 1.9759639271345149e+24
90 -3 4.7324230020854979e+24
92 -3 1.0712476418961558e+25
94 -3 2.2848983937853109e+25
96 -3 4.5868889402405131e+25
98 -3 8.6550721558803769e+25
100 -3 1.5295549046857630e+26
102 -3 2.5289662360468009e+26
104 -3 3.8937587967708059e+26
106 -3 5.5671431291963642e+26
108 -3 7.3647337050304808e+26
110 -3 8.9726760118424954e+26
112 -3 1.0016978352263352e+27
114 -3 1.0192814940511673e+27
116 -3 9.3795512624403858e+26
118 -3 7.7497312969144584e+26
120 -3 5.6907872102096219e+26
122 -3 3.6675587142114940e+26
124 -3 2.0467731758021026e+26
126 -3 9.6787190681480459e+25
128 -3 3.7804043826009624e+25
130 -3 1.1728760281178397e+25
132 -3 2.7210766449560260e+24
134 -3 4.2147392481351671e+23
136 -3 3.3077619190159666e+22
44 -2 1.6450199308737082e+07
46 -2 3.5730823646244454e+09
48 -2 1.6485026817424219e+11
50 -2 3.4702358243882285e+12
52 -2 4.5281402125013031e+13
54 -2 4.3157851470072025e+14
56 -2 3.2956877076316900e+15
58 -2 2.1350608101032172e+16
60 -2 1.2205489961713842e+17
62 -2 6.3023964992557338e+17
64 -2 2.9947079448522076e+18
66 -2 1.3227205727412443e+19
68 -2 5.4757214885917311e+19
70 -2 2.1365776554720061e+20
72 -2 7.8689760094948622e+20
74 -2 2.7479530349330180e+21
76 -2 9.0994172409715999e+21
78 -2 2.8629909635935213e+22
80 -2 8.5518007577695249e+22
82 -2 2.4260083079621937e+23
84 -2 6.5340119834584534e+23
86 -2 1.6694043956840511e+24
88 -2 4.0424078604731413e+24
90 -2 9.2533135782030473e+24
92 -2 1.9994087533099766e+25
94 -2 4.0730007254510676e+25
96 -2 7.8062693944635970e+25
98 -2 1.4028205650375522e+26
100 -2 2.3593841219799786e+26
102 -2 3.7004666149978239e+26
104 -2 5.3958420950428152e+26
106 -2 7.2836624435163274e+26
108 -2 9.0655691208238668e+26
110 -2 1.0337011440619762e+27
112 -2 1.0744477122133186e+27
114 -2 1.0117377321512235e+27
116 -2 8.5500274331191154e+26
118 -2 6.4339218867001061e+26
120 -2 4.2531770381510062e+26
122 -2 2.4336957739638888e+26
124 -2 1.1824540257473835e+26
126 -2 4.7491953219189332e+25
128 -2 1.5173126185706630e+25
130 -2 3.6302012693386654e+24
132 -2 5.8224408984523755e+23
134 -2 4.7570603805079547e+22
40 -1 4.3890212150417287e+06
42 -1 6.9447991061508489e+08
44 -1 2.7817862147249016e+10
46 -1 5.3601253903940875e+11
48 -1 6.6284766358005117e+12
50 -1 6.0813979318269742e+13
52 -1 4.5398610796333562e+14
54 -1 2.9137870983887385e+15
56 -1 1.6698043909364516e+16
58 -1 8.7565291487693168e+16
60 -1 4.2580060690110291e+17
62 -1 1.9386702166694561e+18
64 -1 8.3192499887285064e+18
66 -1 3.3807378988726100e+19
68 -1 1.3038624111126372e+20
70 -1 4.7746932266638200e+20
72 -1 1.6656035885262145e+21
74 -1 5.5353066494182933e+21
76 -1 1.7528788817971000e+22
78 -1 5.2849806520825399e+22
80 -1 1.5178656934893575e+23
82 -1 4.1437549345858325e+23
84 -1 1.0736283016560112e+24
86 -1 2.6429781069988074e+24
88 -1 6.1607140974971942e+24
90 -1 1.3572632561776427e+25
92 -1 2.8234243607201710e+25
94 -1 5.5270794632394380e+25
96 -1 1.0161862196589194e+26
98 -1 1.7485394325685348e+26
100 -1 2.8103971893618456e+26
102 -1 4.1962082379798607e+26
104 -1 5.8100277770925873e+26
106 -1 7.4173765981742553e+26
108 -1 8.6901629009010647e+26
110 -1 9.2842382845011582e+26
112 -1 8.9870771971366486e+26
114 -1 7.8207224933857383e+26
116 -1 6.0548141285705709e+26
118 -1 4.1252097463711729e+26
120 -1 2.4359268619548607e+26
122 -1 1.2220113361498168e+26
124 -1 5.0761482535501224e+25
126 -1 1.6806762569292262e+25
128 -1 4.1736320644599442e+24
130 -1 6.9745320232068370e+23
132 -1 5.9670994101098441e+22
36 0 6.6867353520726890e+05
38 0 7.9988430251347452e+07
40 0 2.8078764475973582e+09
42 0 4.9836896562721947e+10
44 0 5.7926314815059729e+11
46 0 5.1131950587850010e+12
48 0 3.7373625932387312e+13
50 0 2.3834907104524794e+14
52 0 1.3811677803820142e+15
54 0 7.4230804139945080e+15
56 0 3.7402403963833536e+16
58 0 1.7792364430700547e+17
60 0 8.0020395405208550e+17
62 0 3.4233692725151171e+18
64 0 1.3938364013152504e+19
66 0 5.3995959408934748e+19
68 0 1.9983522325676039e+20
70 0 7.0581968474336500e+20
72 0 2.3832883872887194e+21
74 0 7.6706713380589467e+21
76 0 2.3590563371706231e+22
78 0 6.9056780676386032e+22
80 0 1.9274812226662927e+23
82 0 5.1173373681421297e+23
84 0 1.2905613794961194e+24
86 0 3.0844271691473032e+24
88 0 6.9756257723097692e+24
90 0 1.4911849405316379e+25
92 0 3.0012147388381109e+25
94 0 5.6783865989950561e+25
96 0 1.0064286885064092e+26
98 0 1.6657257999054893e+26
100 0 2.5657660837160076e+26
102 0 3.6661003729046754e+26
104 0 4.8305140002973592e+26
106 0 5.8456459084975075e+26
108 0 6.4535956284412013e+26
110 0 6.4661528974571539e+26
112 0 5.8215446525830549e+26
114 0 4.6714808481553490e+26
116 0 3.2986665797181923e+26
118 0 2.0211306954929139e+26
120 0 1.0541857701448974e+26
122 0 4.5563791576634372e+25
124 0 1.5716624609425998e+25
126 0 4.0782276454501859e+24
128 0 7.1478833264321330e+23
130 0 6.4575052657644278e+22
30 1 2.4083530652993279e+01
32 1 4.3831690876765737e+04
34 1 4.1409698561194581e+06
36 1 1.2685741732519372e+08
38 1 2.0740650798615146e+09
40 1 2.2652562868755508e+10
42 1 1.9185129465999725e+11
44 1 1.3857524037922478e+12
46 1 9.0639128709356582e+12
48 1 5.5368067978254180e+13
50 1 3.1908058029241969e+14
52 1 1.7377909881623270e+15
54 1 8.9074382211835470e+15
56 1 4.3210930116550392e+16
58 1 1.9893868658435222e+17
60 1 8.7104393100841779e+17
62 1 3.6351166723597189e+18
64 1 1.4456990321546160e+19
66 1 5.5056956498166358e+19
68 1 1.9989379428142950e+20
70 1 6.9453792307899571e+20
72 1 2.3044807263698021e+21
74 1 7.2981299294647175e+21
76 1 2.2069173308499387e+22
78 1 6.3630059887942760e+22
80 1 1.7456246738361735e+23
82 1 4.5482257244104592e+23
84 1 1.1255401673981908e+24
86 1 2.6364497420538175e+24
88 1 5.8328159811609614e+24
90 1 1.2171361731025105e+25
92 1 2.3855415452183995e+25
94 1 4.3882041373976336e+25
96 1 7.5317385271752641e+25
98 1 1.2051058692333337e+26
100 1 1.7883488364793078e+26
102 1 2.4500964669342006e+26
104 1 3.0812946573436864e+26
106 1 3.5403405050845229e+26
108 1 3.6937049849859981e+26
110 1 3.4649908576337270e+26
112 1 2.8992085917155533e+26
114 1 2.1374232671651145e+26
116 1 1.3683263418823685e+26
118 1 7.4643994877314653e+25
120 1 3.3784440778927421e+25
122 1 1.2236777527625682e+25
124 1 3.3460161834587373e+24
126 1 6.1908667244490221e+23
128 1 5.9521224854125876e+22
34 2 2.0570174418853771e+03
36 2 1.6969888585655910e+06
38 2 1.2314403220847876e+08
40 2 3.3093977820285311e+09
42 2 5.0406039184256271e+10
44 2 5.3000897383699487e+11
46 2 4.3658320614076108e+12
48 2 3.0241410279601230e+13
50 2 1.8639511489026212e+14
52 2 1.0503813927761101e+15
54 2 5.5095151632120090e+15
56 2 2.7124235654883128e+16
58 2 1.2648034515761008e+17
60 2 5.5829341894310368e+17
62 2 2.3431576205819576e+18
64 2 9.3730390828584714e+18
66 2 3.5739179374558921e+19
68 2 1.3007758717179953e+20
70 2 4.5169815609648991e+20
72 2 1.4989269184779256e+21
74 2 4.7382273264692935e+21
76 2 1.4283536772924160e+22
78 2 4.0944617691606057e+22
80 2 1.1159303097647671e+23
82 2 2.8855752238553752e+23
84 2 7.0690698661415815e+23
86 2 1.6370283029452342e+24
88 2 3.5699863110853782e+24
90 2 7.3208164442314449e+24
92 2 1.4080859981013119e+25
94 2 2.5311741212538928e+25
96 2 4.2343196565451077e+25
98 2 6.5823648420930682e+25
100 2 9.4434811752226466e+25
102 2 1.2450873561029631e+26
104 2 1.5001068688448486e+26
106 2 1.6405323704143384e+26
108 2 1.6160325097202924e+26
110 2 1.4202033115165735e+26
112 2 1.1004072160528089e+26
114 2 7.4170182499952080e+25
116 2 4.2626639392711144e+25
118 2 2.0387794562794861e+25
120 2 7.8137094642583974e+24
122 2 2.2657091348998990e+24
124 2 4.4644409507807462e+23
126 2 4.6091570643780042e+22
38 3 7.4519808390965336e+04
40 3 2.8741731401837610e+07
42 3 1.6334595478501675e+09
44 3 3.8463765485979553e+10
46 3 5.4173034181392792e+11
48 3 5.4269678214375518e+12
50 3 4.3041501878639141e+13
52 3 2.8834055759149875e+14
54 3 1.7027033348624735e+15
56 3 9.1564408269645960e+15
58 3 4.5347682131385624e+16
60 3 2.0993896688425366e+17
62 3 9.1576784229333222e+17
64 3 3.7763085680953068e+18
66 3 1.4745088939180300e+19
68 3 5.4811564732594266e+19
70 3 1.9363468053500523e+20
72 3 6.5131559807065679e+20
74 3 2.0828548496927878e+21
76 3 6.3371653222006040e+21
78 3 1.8278533948236364e+22
80 3 5.0069462086699469e+22
82 3 1.2960536887479219e+23
84 3 3.1706056589019556e+23
86 3 7.3177276445947069e+23
88 3 1.5861419357525054e+24
90 3 3.2234879352628732e+24
92 3 6.1193916417445884e+24
94 3 1.0827445645425105e+25
96 3 1.7766566021968936e+25
98 3 2.6963861201964567e+25
100 3 3.7575363129534269e+25
102 3 4.7835837472619653e+25
104 3 5.5346005220751197e+25
106 3 5.7735023960676865e+25
108 3 5.3725243454874765e+25
110 3 4.4121939820547124e+25
112 3 3.1559141626426715e+25
114 3 1.9276330741509936e+25
116 3 9.8183093448984063e+24
118 3 4.0100303263141112e+24
120 3 1.2447286519094852e+24
122 3 2.6348603129895683e+23
124 3 2.9512826825966619e+22
42 4 1.2404393493251887e+06
44 4 2.7717609272924578e+08
46 4 1.2512626713374784e+10
48 4 2.6120624048788110e+11
50 4 3.3876546098914600e+12
52 4 3.2074908539362133e+13
54 4 2.4334786335547553e+14
56 4 1.5636904948748248e+15
58 4 8.8655462435914710e+15
60 4 4.5415701090833504e+16
62 4 2.1419745297801984e+17
64 4 9.3822840059123290e+17
66 4 3.8465425800867011e+18
68 4 1.4874868844642277e+19
70 4 5.4400599475732365e+19
72 4 1.8822846078283357e+20
74 4 6.1712056628918931e+20
76 4 1.9133179472688558e+21
78 4 5.6238398440534494e+21
80 4 1.5616125358984919e+22
82 4 4.0907202754847592e+22
84 4 1.0092889307297907e+23
86 4 2.3402321888997844e+23
88 4 5.0841604202429582e+23
90 4 1.0310236745827885e+24
92 4 1.9476679166519921e+24
94 4 3.4136109071812221e+24
96 4 5.5253729628590101e+24
98 4 8.2197369317060315e+24
100 4 1.1180375732394021e+25
102 4 1.3814988196618421e+25
104 4 1.5386141305914860e+25
106 4 1.5316158160258310e+25
108 4 1.3454910039148064e+25
110 4 1.0302239345132913e+25
112 4 6.7436299936177329e+24
114 4 3.6866794961464957e+24
116 4 1.6207646420409420e+24
118 4 5.4330002172079747e+23
120 4 1.2471207341669215e+23
122 4 1.5336755688053733e+22
46 5 1.2221460933757573e+07
48 5 1.6807115977001846e+09
50 5 6.1299069335863327e+10
52 5 1.1301474629941682e+12
54 5 1.3555200591133070e+13
56 5 1.2088439023066334e+14
58 5 8.7142596939513738e+14
60 5 5.3396775110583960e+15
62 5 2.8783679859986288e+16
64 5 1.4024857916943491e+17
66 5 6.2564753237494490e+17
68 5 2.5846611034437514e+18
70 5 9.9709316301037240e+18
72 5 3.6059616728653930e+19
74 5 1.2280829576613557e+20
76 5 3.9369524897810206e+20
78 5 1.1890083999377884e+21
80 5 3.3801734131772786e+21
82 5 9.0381336390371618e+21
84 5 2.2700481440615714e+22
86 5 5.3330692240592498e+22
88 5 1.1687462477089014e+23
90 5 2.3873367723699114e+23
92 5 4.5169583093432242e+23
94 5 7.8856371466510268e+23
96 5 1.2664932390959729e+24
98 5 1.8599263262989621e+24
100 5 2.4774587697972065e+24
102 5 2.9802027632914020e+24
104 5 3.1989728062807409e+24
106 5 3.0377553484290942e+24
108 5 2.5153351873057259e+24
110 5 1.7821455106926692e+24
112 5 1.0565912899119904e+24
114 5 5.0464068180098145e+23
116 5 1.8438785648368521e+23
118 5 4.6386369207628196e+22
120 5 6.3425718781788165e+21
50 6 7.2333290047079742e+07
52 6 6.8168484731046963e+09
54 6 2.0154084738113522e+11
56 6 3.3048001297621201e+12
58 6 3.6359630185272312e+13
60 6 3.0340369327518375e+14
62 6 2.0642809675334655e+15
64 6 1.1945034369628638e+16
66 6 6.0863751335914312e+16
68 6 2.7988113446738432e+17
70 6 1.1737946122667771e+18
72 6 4.5437343392232745e+18
74 6 1.6346845194685209e+19
76 6 5.4836035143351058e+19
78 6 1.7248732737270740e+20
80 6 5.0707562000727363e+20
82 6 1.3957927716571269e+21
84 6 3.5920877550511042e+21
86 6 8.6178370353568353e+21
88 6 1.9216145349884949e+22
90 6 3.9730514961917878e+22
92 6 7.5708996915389656e+22
94 6 1.3261732251570021e+23
96 6 2.1264202441101257e+23
98 6 3.0923722883696814e+23
100 6 4.0582456578380350e+23
102 6 4.7557509606085145e+23
104 6 4.9316242041318932e+23
106 6 4.4623892654273200e+23
108 6 3.4589047123984633e+23
110 6 2.2458260389683707e+23
112 6 1.1791441285531313e+23
114 6 4.7462389728144202e+22
116 6 1.3213476733892617e+22
118 6 2.0372936890034241e+21
54 7 2.7858291874046493e+08
56 7 1.8787666206808266e+10
58 7 4.6122190741368359e+11
60 7 6.6747803978877578e+12
62 7 6.6965289389789352e+13
64 7 5.1839873109383800e+14
66 7 3.2999474690900535e+15
68 7 1.7906125540746192e+16
70 7 8.5602898444605680e+16
72 7 3.6681793148465043e+17
74 7 1.4334579893240128e+18
76 7 5.1422996961546854e+18
78 7 1.7061041322760436e+19
80 7 5.2541891524129833e+19
82 7 1.5050794104591571e+20
84 7 3.9967326180755761e+20
86 7 9.8641105128701441e+20
88 7 2.2503167940830183e+21
90 7 4.7359692568290887e+21
92 7 9.1572366677265508e+21
94 7 1.6201082210890549e+22
96 7 2.6023762700511828e+22
98 7 3.7661285759602672e+22
100 7 4.8734927820225818e+22
102 7 5.5823555366866330e+22
104 7 5.5853027978931511e+22
106 7 4.7891902565181259e+22
108 7 3.4462326956214851e+22
110 7 2.0101704320134215e+22
112 7 9.0213158638260238e+21
114 7 2.8136255902556037e+21
116 7 4.9473121258326144e+20
56 8 5.4057605322512367e+05
58 8 6.9023121231600785e+08
60 8 3.5465721199639427e+10
62 8 7.3798793364342407e+11
64 8 9.4134050316203926e+12
66 8 8.5924283229982156e+13
68 8 6.1085073915784550e+14
70 8 3.5869345804902430e+15
72 8 1.8070236739270496e+16
74 8 7.9944568789286368e+16
76 8 3.1638265196312557e+17
78 8 1.1365826400740375e+18
80 8 3.7283990077373123e+18
82 8 1.1242373337869130e+19
84 8 3.1198363353376874e+19
86 8 7.9689120046536294e+19
88 8 1.8755838612304105e+20
90 8 4.0471186803976516e+20
92 8 7.9671164854203122e+20
94 8 1.4280518110839722e+21
96 8 2.3049509241731455e+21
98 8 3.3334308323949612e+21
100 8 4.2603734759530661e+21
102 8 4.7653655147432515e+21
104 8 4.5761994907906086e+21
106 8 3.6932489175936066e+21
108 8 2.4185594836807922e+21
110 8 1.2263892807193020e+21
112 8 4.3394803880907145e+20
114 8 8.8560901260351160e+19
60 9 4.4145515350075280e+06
62 9 1.1097977440366113e+09
64 9 4.5883298232748405e+10
66 9 8.1819644008977417e+11
68 9 9.2400876382896895e+12
70 9 7.5915431396564609e+13
72 9 4.9232819447020862e+14
74 9 2.6458212016335320e+15
76 9 1.2191889857062896e+16
78 9 4.9236331812045160e+16
80 9 1.7714613544755936e+17
82 9 5.7480669706067546e+17
84 9 1.6934618222081001e+18
86 9 4.5431009406599706e+18
88 9 1.1077103353824231e+19
90 9 2.4671602561269813e+19
92 9 4.9725702815859761e+19
94 9 9.0415888122295648e+19
96 9 1.4731812729309215e+20
98 9 2.1258735043254685e+20
100 9 2.6875249111489217e+20
102 9 2.9182813162075170e+20
104 9 2.6699277531520506e+20
106 9 1.9884488816209881e+20
108 9 1.1537191727849688e+20
110 9 4.6856437414092341e+19
112 9 1.1299480183102710e+19
64 10 1.0760532713079948e+07
66 10 1.2598369936129389e+09
68 10 4.0452731786936295e+10
70 10 6.2490357683381030e+11
72 10 6.2119216458531992e+12
74 10 4.5828351051486695e+13
76 10 2.6760608002803356e+14
78 10 1.2989714321828558e+15
80 10 5.3728159675698440e+15
82 10 1.9427162457790768e+16
84 10 6.2377524339140992e+16
86 10 1.7861334292243648e+17
88 10 4.6077378959572742e+17
90 10 1.0653245094229065e+18
92 10 2.2132511702188052e+18
94 10 4.1082334543313285e+18
96 10 6.7495566955879608e+18
98 10 9.7322824033992663e+18
100 10 1.2077279426100597e+19
102 10 1.2672262731648586e+19
104 10 1.0834805498430267e+19
106 10 7.2960822457291049e+18
108 10 3.4245142280086164e+18
110 10 9.9529663655572685e+17
68 11 1.8135472869269654e+07
70 11 9.9951408672201955e+08
72 11 2.4945496042549370e+10
74 11 3.2596817029803705e+11
76 11 2.8433338839355259e+12
78 11 1.8483626631426008e+13
80 11 9.5788956997349297e+13
82 11 4.1127346755256875e+14
84 11 1.4996802474420435e+15
86 11 4.7433108742256480e+15
88 11 1.3181080380535350e+16
90 11 3.2143871146847956e+16
92 11 6.9645191648840456e+16
94 11 1.3254935521061806e+17
96 11 2.2042736155911549e+17
98 11 3.1450874381140877e+17
100 11 3.8269189983382963e+17
102 11 3.7843470842556736e+17
104 11 2.9881491958041779e+17
106 11 1.6347686805436208e+17
108 11 5.8602482778195480e+16
72 12 1.6505059961259514e+07
74 12 5.9075052764055765e+08
76 12 1.0561020246564480e+10
78 12 1.1543581864146152e+11
80 12 8.5761561687786389e+11
82 12 4.8226833703496953e+12
84 12 2.1507396179610324e+13
86 12 7.9663964038244531e+13
88 12 2.4690078369404722e+14
90 12 6.5956170060751725e+14
92 12 1.4998314062038980e+15
94 12 2.9803496547201635e+15
96 12 4.9824337193104390e+15
98 12 7.1514944067793800e+15
100 12 8.2241982704123160e+15
102 12 7.7385418361223820e+15
104 12 4.9513785717211750e+15
106 12 2.2376354655024395e+15
76 13 9.1992576452241354e+06
78 13 2.2090441695450842e+08
80 13 3.0368328101011753e+09
82 13 2.6038002210941216e+10
84 13 1.6256777608333356e+11
86 13 7.5179590876060620e+11
88 13 2.8307820756826309e+12
90 13 8.4587108281613789e+12
92 13 2.1500312747889836e+13
94 13 4.4108730240562547e+13
96 13 7.7659056351231094e+13
98 13 1.0601432606915980e+14
100 13 1.2162517184121011e+14
102 13 9.1136396378533547e+13
104 13 5.3487551684828633e+13
80 14 2.4455253085961402e+06
82 14 4.8650799556356087e+07
84 14 4.8492060102753747e+08
86 14 3.4312524237655697e+09
88 14 1.6304404305562815e+10
90 14 6.2974199593161591e+10
92 14 1.7529703707854471e+11
94 14 4.2091348029955035e+11
96 14 7.1357934213850110e+11
98 14 1.0722176144619310e+12
100 14 9.4908909790222583e+11
102 14 7.6466234328136133e+11
84 15 2.6035796886879916e+05
86 15 3.9964025458393740e+06
88 15 3.6749865737053670e+07
90 15 1.7860516554577547e+08
92 15 7.6118208973633564e+08
94 15 1.8045640245424035e+09
96 15 4.2074052293899674e+09
98 15 4.5908043576698074e+09
100 15 5.6620803914164019e+09
90 16 9.1606444463984692e+04
92 16 5.0893631460030336e+05
94 16 3.8490902311627227e+06
96 16 5.6221611692560399e+06
98 16 1.5377780343890203e+07
94 17 1.1601632302141043e+02
96 17 5.6763575168187735e+03
