164 -28 1.6159125748572376e+02
158 -27 9.0790479960130654e+02
160 -27 1.2441560012431906e+04
162 -27 2.8613908145572377e+03
164 -27 1.0815000122801444e+05
152 -26 2.1114021344467924e+03
154 -26 7.0835571722605528e+04
156 -26 3.6921152727521618e+05
158 -26 1.0456262661646581e+06
160 -26 3.8517406591124414e+06
162 -26 1.5252705491108103e+06
164 -26 7.4446554367376352e+06
146 -25 2.4451158128944408e+03
148 -25 1.6425735796020113e+05
150 -25 2.0534636010629754e+06
152 -25 9.9655012823638730e+06
154 -25 3.4436346509656765e+07
156 -25 7.9334867903840601e+07
158 -25 1.2107177196726641e+08
160 -25 2.1383023422130531e+08
162 -25 1.0733840386800799e+08
164 -25 2.1284406808377019e+08
140 -24 1.4298378981655064e+03
142 -24 1.9791631813745436e+05
144 -24 5.1812074434837177e+06
146 -24 4.1927169144646332e+07
148 -24 1.9516506082921001e+08
150 -24 6.1555333136330366e+08
152 -24 1.4794930069420290e+09
154 -24 2.7733655029754100e+09
156 -24 4.3022292702356129e+09
158 -24 5.1196026393456354e+09
160 -24 6.1378930525775318e+09
162 -24 3.2868153756576633e+09
164 -24 4.1425210064741745e+09
134 -23 3.3011733345951012e+02
136 -23 1.3155246443728663e+05
138 -23 6.9358902355233934e+06
140 -23 9.6276469230364650e+07
142 -23 6.3801007196166623e+08
144 -23 2.7334630132943511e+09
146 -23 8.5888740972699881e+09
148 -23 2.1209848307877438e+10
150 -23 4.2352450518214272e+10
152 -23 7.2364680973821457e+10
154 -23 1.0357160612720169e+11
156 -23 1.2892032053364308e+11
158 -23 1.3204401417523502e+11
160 -23 1.2832801336695204e+11
162 -23 6.9207121996823807e+10
164 -23 6.3382179270095375e+10
130 -22 4.4541303664488587e+04
132 -22 5.0168112010080125e+06
134 -22 1.2655627362350133e+08
136 -22 1.2790264112257140e+09
138 -22 7.4594699379405403e+09
140 -22 3.0579479819756516e+10
142 -22 9.5851339047695740e+10
144 -22 2.4326601896398108e+11
146 -22 5.1938121474748065e+11
148 -22 9.4961058999905115e+11
150 -22 1.5086701831488562e+12
152 -22 2.1271445048350618e+12
154 -22 2.6127554757330693e+12
156 -22 2.8230704190996606e+12
158 -22 2.5899069762936479e+12
160 -22 2.1484214355986440e+12
162 -22 1.1327703776075498e+12
164 -22 8.1692163878645435e+11
124 -21 6.0803998841347093e+03
126 -21 1.8687997085422787e+06
128 -21 9.3742613643570557e+07
130 -21 1.5711051877705920e+09
132 -21 1.3088562475998205e+10
134 -21 7.0889537031006149e+10
136 -21 2.8355885801886505e+11
138 -21 8.9194341028518835e+11
140 -21 2.3354923051212354e+12
142 -21 5.2286840874425547e+12
144 -21 1.0246653640639100e+13
146 -21 1.7695820884869402e+13
148 -21 2.7347722145741352e+13
150 -21 3.7722987735971898e+13
152 -21 4.6643156141842531e+13
154 -21 5.1307472168661688e+13
156 -21 4.9734951024761438e+13
158 -21 4.1584825674145508e+13
160 -21 3.0788721992321875e+13
162 -21 1.5621108809366916e+13
164 -21 9.1986342471760508e+12
120 -20 3.0146129721487517e+05
122 -20 3.6785757346415341e+07
124 -20 1.1382818285940716e+09
126 -20 1.4781317817954630e+10
128 -20 1.1007899288594119e+11
130 -20 5.6845436569440466e+11
132 -20 2.2413008177027822e+12
134 -20 7.1713198900646973e+12
136 -20 1.9357585040182711e+13
138 -20 4.5301475500251133e+13
140 -20 9.3924161153993781e+13
142 -20 1.7378999595578184e+14
144 -20 2.9063724755960412e+14
146 -20 4.3929252997174156e+14
148 -20 6.0264084210279138e+14
150 -20 7.4599127044150300e+14
152 -20 8.3638430411990275e+14
154 -20 8.3763418237251900e+14
156 -20 7.4523562501108650e+14
158 -20 5.7519484619193250e+14
160 -20 3.8626674285727456e+14
162 -20 1.8707913402413162e+14
164 -20 9.3076723263298219e+13
114 -19 1.2694824205692599e+04
116 -19 6.7364070927796224e+06
118 -19 4.5973095753553319e+08
120 -19 1.0325041291599886e+10
122 -19 1.1412328796484808e+11
124 -19 7.9033447473451221e+11
126 -19 3.9563910058579976e+12
128 -19 1.5557808110520412e+13
130 -19 5.0747172663522391e+13
132 -19 1.4106144027388250e+14
134 -19 3.4481330626853269e+14
136 -19 7.5011601461267588e+14
138 -19 1.4778549089087470e+15
140 -19 2.6378394646424050e+15
142 -19 4.3077033698688340e+15
144 -19 6.4211698916006330e+15
146 -19 8.7689475239398630e+15
148 -19 1.0952932110736876e+16
150 -19 1.2469826350723692e+16
152 -19 1.2830623110452760e+16
154 -19 1.1911390278549780e+16
156 -19 9.8582085369738580e+15
158 -19 7.0728844433483460e+15
160 -19 4.3752236748565230e+15
162 -19 2.0082559016963558e+15
164 -19 8.5912910396059250e+14
110 -18 4.1541176130540407e+05
112 -18 9.1127593123782873e+07
114 -18 4.1677061854636302e+09
116 -18 7.6084368350708008e+10
118 -18 7.4969834311406311e+11
120 -18 4.9441698163284102e+12
122 -18 2.4327471675468996e+13
124 -18 9.6169344867478328e+13
126 -18 3.1982033730211806e+14
128 -18 9.1712436242732388e+14
130 -18 2.3367993027644955e+15
132 -18 5.3354330884976040e+15
134 -18 1.1067750720089572e+16
136 -18 2.0943729345863320e+16
138 -18 3.6459958857874496e+16
140 -18 5.8568116712404672e+16
142 -18 8.6534476010385504e+16
144 -18 1.1828526354750014e+17
146 -18 1.4854889645311907e+17
148 -18 1.7143873050691168e+17
150 -18 1.8095039047182845e+17
152 -18 1.7442679151036947e+17
154 -18 1.5133392435956989e+17
156 -18 1.1677337097583789e+17
158 -18 7.8563052961851632e+16
160 -18 4.5146760804357320e+16
162 -18 1.9660850611058256e+16
164 -18 7.3583165952599780e+15
104 -17 3.0784421158508421e+03
106 -17 6.8494649572167639e+06
108 -17 8.7524682215085614e+08
110 -17 3.0409911983969955e+10
112 -17 4.7425727653444403e+11
114 -17 4.3275912231725283e+12
116 -17 2.7547188138670504e+13
118 -17 1.3441557243290505e+14
120 -17 5.3497903180785650e+14
122 -17 1.8179976538785228e+15
124 -17 5.3800256885619500e+15
126 -17 1.4221944979138792e+16
128 -17 3.3951477367991696e+16
130 -17 7.3734411052641136e+16
132 -17 1.4772162423836493e+17
134 -17 2.7271729941313939e+17
136 -17 4.6635069064605203e+17
138 -17 7.3913279870244966e+17
140 -17 1.0874036341196166e+18
142 -17 1.4872213154903224e+18
144 -17 1.8844817092405606e+18
146 -17 2.2079698458398909e+18
148 -17 2.3897932488335252e+18
150 -17 2.3674861089956920e+18
152 -17 2.1387118433361830e+18
154 -17 1.7482523081814976e+18
156 -17 1.2696350531597256e+18
158 -17 8.0207493211373850e+17
160 -17 4.3032758964283520e+17
162 -17 1.7696936642174250e+17
164 -17 5.8657663507151504e+16
100 -16 9.2079319188107940e+04
102 -16 7.5159450739122927e+07
104 -16 6.5039471493317165e+09
106 -16 1.8698625755329694e+11
108 -16 2.5889372452710059e+12
110 -16 2.2344651171659938e+13
112 -16 1.3815347378421378e+14
114 -16 6.7290111903303900e+14
116 -16 2.7107249462006985e+15
118 -16 9.3933334758540140e+15
120 -16 2.8649254780185844e+16
122 -16 7.8424601769959408e+16
124 -16 1.9494451749583408e+17
126 -16 4.4453347011663546e+17
128 -16 9.3514542942313434e+17
130 -16 1.8236831164585370e+18
132 -16 3.2990908813825618e+18
134 -16 5.5649897435282739e+18
136 -16 8.7607229079005123e+18
138 -16 1.2876158027099199e+19
140 -16 1.7673095725131921e+19
142 -16 2.2589956943132217e+19
144 -16 2.6845443058871484e+19
146 -16 2.9601914080456155e+19
148 -16 3.0157298355351581e+19
150 -16 2.8204034373112648e+19
152 -16 2.4100866758897201e+19
154 -16 1.8592646915406393e+19
156 -16 1.2732622021680286e+19
158 -16 7.6027200676629955e+18
160 -16 3.8279613289074637e+18
162 -16 1.4837818923216013e+18
164 -16 4.3959952101551059e+17
96 -15 1.5339165375292341e+06
98 -15 6.2338484705330038e+08
100 -15 4.1086430250059402e+10
102 -15 9.9478089581726038e+11
104 -15 1.2534808210149324e+13
106 -15 1.0303684654231891e+14
108 -15 6.2908838840984525e+14
110 -15 3.0575017785477920e+15
112 -15 1.2480953875030424e+16
114 -15 4.4243781284112112e+16
116 -15 1.3909054055532712e+17
118 -15 3.9377824153869978e+17
120 -15 1.0184265935514842e+18
122 -15 2.4239054935256310e+18
124 -15 5.3437667271454720e+18
126 -15 1.0934456570612494e+19
128 -15 2.0877808753128796e+19
130 -15 3.7351391074537497e+19
132 -15 6.2453139644073755e+19
134 -15 9.7966046102671819e+19
136 -15 1.4426590891009702e+20
138 -15 1.9879930442493493e+20
140 -15 2.5628160515635243e+20
142 -15 3.0859099837656236e+20
144 -15 3.4749973306570480e+20
146 -15 3.6236012639475827e+20
148 -15 3.4978346032213007e+20
150 -15 3.1082153793240210e+20
152 -15 2.5169905302229873e+20
154 -15 1.8417403353822763e+20
156 -15 1.1961187397651584e+20
158 -15 6.7480948591735022e+19
160 -15 3.1953573918876590e+19
162 -15 1.1686946921450785e+19
164 -15 3.1204030616148797e+18
90 -14 2.8853274097377277e+02
92 -14 1.7153016923366874e+07
94 -14 4.2425991215615096e+09
96 -14 2.2150506319832407e+11
98 -14 4.6407280412346621e+12
100 -14 5.4098432771333516e+13
102 -14 4.2866415811617100e+14
104 -14 2.5833543740224740e+15
106 -14 1.2634594193648024e+16
108 -14 5.2279261481948688e+16
110 -14 1.8926507808885584e+17
112 -14 6.1331226138604506e+17
114 -14 1.7980459729735414e+18
116 -14 4.8193055936880425e+18
118 -14 1.1980077696577303e+19
120 -14 2.7574866347452350e+19
122 -14 5.9256882225596293e+19
124 -14 1.1915447406484836e+20
126 -14 2.2470046575290823e+20
128 -14 3.9776087698066421e+20
130 -14 6.6284478121057740e+20
132 -14 1.0388111865240131e+21
134 -14 1.5294930319306643e+21
136 -14 2.1245382791999883e+21
138 -14 2.7689045499428749e+21
140 -14 3.3837419917078309e+21
142 -14 3.8721114515312371e+21
144 -14 4.1316450099000451e+21
146 -14 4.1022465363208763e+21
148 -14 3.7693295426295405e+21
150 -14 3.1900603873204849e+21
152 -14 2.4594723518202008e+21
154 -14 1.7109896061455858e+21
156 -14 1.0552832351118233e+21
158 -14 5.6506278751296789e+20
160 -14 2.5260533789103987e+20
162 -14 8.7039727200615514e+19
164 -14 2.1057502598596559e+19
86 -13 1.9748751066677516e+04
88 -13 1.4534704106417423e+08
90 -13 2.4327949060874702e+10
92 -13 1.0291794113074424e+12
94 -13 1.9074155169947871e+13
96 -13 2.0882304818728006e+14
98 -13 1.6042762008935960e+15
100 -13 9.5662676023651980e+15
102 -13 4.6998325887651872e+16
104 -13 1.9740127840765386e+17
106 -13 7.3281997234979021e+17
108 -13 2.4423754782735785e+18
110 -13 7.4149684576477614e+18
112 -13 2.0662916129285673e+19
114 -13 5.3348367259133280e+19
116 -13 1.2858736512910639e+20
118 -13 2.8911436585729203e+20
120 -13 6.1124699292455757e+20
122 -13 1.2111931244588318e+21
124 -13 2.2693965154449173e+21
126 -13 3.9929573022768672e+21
128 -13 6.6354045338688034e+21
130 -13 1.0441069745054899e+22
132 -13 1.5462107002796725e+22
134 -13 2.1612093644370382e+22
136 -13 2.8493510551781033e+22
138 -13 3.5322422829265774e+22
140 -13 4.1157283408397738e+22
142 -13 4.4847648043489961e+22
144 -13 4.5673254839140468e+22
146 -13 4.3293350413710809e+22
148 -13 3.8023387158740929e+22
150 -13 3.0699392511302309e+22
152 -13 2.2596821864222235e+22
154 -13 1.4973060192379238e+22
156 -13 8.8062929332867254e+21
158 -13 4.4797045096671425e+21
160 -13 1.8956472827392429e+21
162 -13 6.1511115117395050e+20
164 -13 1.3589334810434966e+20
82 -12 4.6263915954654064e+05
84 -12 9.8175332304846215e+08
86 -12 1.1841864255534311e+11
88 -12 4.1554349391914912e+12
90 -12 6.8648965708836312e+13
92 -12 7.1033752202761500e+14
94 -12 5.3284046041770920e+15
96 -12 3.1646222876266212e+16
98 -12 1.5651802925885821e+17
100 -12 6.6984658057453440e+17
102 -12 2.5440112245009480e+18
104 -12 8.7463803257509560e+18
106 -12 2.7479769738731209e+19
108 -12 7.9690558912203129e+19
110 -12 2.1412439290116050e+20
112 -12 5.3765752361361093e+20
114 -12 1.2675230567090899e+21
116 -12 2.8091196873459027e+21
118 -12 5.8719810928000075e+21
120 -12 1.1555858961019720e+22
122 -12 2.1537594608181504e+22
124 -12 3.7870612786299728e+22
126 -12 6.3172741975903373e+22
128 -12 9.9586586961107931e+22
130 -12 1.4863382646477933e+23
132 -12 2.0972559026917801e+23
134 -12 2.7979723335261928e+23
136 -12 3.5199213156485164e+23
138 -12 4.1694615774251869e+23
140 -12 4.6456996285064657e+23
142 -12 4.8478539392496763e+23
144 -12 4.7315481124240036e+23
146 -12 4.2981919574867121e+23
148 -12 3.6165602355952254e+23
150 -12 2.7923335352442490e+23
152 -12 1.9644302144821096e+23
154 -12 1.2457302828497180e+23
156 -12 6.9795708372189549e+22
158 -12 3.3797059872457952e+22
160 -12 1.3567240359906296e+22
162 -12 4.1510297046059576e+21
164 -12 8.3889237163450132e+20
78 -11 5.7605769012073092e+06
80 -11 5.4212355539797297e+09
82 -11 4.8339243995064972e+11
84 -11 1.4204333213656430e+13
86 -11 2.1421926615066306e+14
88 -11 2.1154584099292038e+15
90 -11 1.5561275478469110e+16
92 -11 9.1991790769038720e+16
94 -11 4.6036411916931776e+17
96 -11 2.0075897062745149e+18
98 -11 7.8436257982022103e+18
100 -11 2.7807076669257957e+19
102 -11 9.0636962269248684e+19
104 -11 2.7236556947089326e+20
106 -11 7.6419899660302628e+20
108 -11 2.0071850762788355e+21
110 -11 4.9514702259188725e+21
112 -11 1.1542539627538321e+22
114 -11 2.5323475958244363e+22
116 -11 5.2484238421926026e+22
118 -11 1.0335006243105065e+23
120 -11 1.9235795142000995e+23
122 -11 3.3969977541278419e+23
124 -11 5.6910893572755731e+23
126 -11 9.0451888003338311e+23
128 -11 1.3625250132100456e+24
130 -11 1.9434714260504756e+24
132 -11 2.6219611185616341e+24
134 -11 3.3523214404464754e+24
136 -11 4.0435073328814127e+24
138 -11 4.6003568441992169e+24
140 -11 4.9183524952248604e+24
142 -11 4.9320256556265361e+24
144 -11 4.6224212422299699e+24
146 -11 4.0288215551373572e+24
148 -11 3.2508219089043298e+24
150 -11 2.4084286872352843e+24
152 -11 1.6250753050656437e+24
154 -11 9.8566874137865799e+23
156 -11 5.2799664183167160e+23
158 -11 2.4352811622281029e+23
160 -11 9.2712609560283956e+22
162 -11 2.6816313080475336e+22
164 -11 4.9987347369161937e+21
74 -10 4.8259385757401302e+07
76 -10 2.4035306003766514e+10
78 -10 1.6329210967189932e+12
80 -10 4.1048368168697102e+13
82 -10 5.7098093315398100e+14
84 -10 5.4356321225073220e+15
86 -10 3.9320396424689224e+16
88 -10 2.3284541928267843e+17
90 -10 1.1775553327867484e+18
92 -10 5.2586973270268396e+18
94 -10 2.1135176353090212e+19
96 -10 7.7423205210015498e+19
98 -10 2.6150193327764187e+20
100 -10 8.2036840342995757e+20
102 -10 2.4021237784931908e+21
104 -10 6.6112540845533771e+21
106 -10 1.7130160108079373e+22
108 -10 4.1848214857739793e+22
110 -10 9.6810772289980706e+22
112 -10 2.1174428245816263e+23
114 -10 4.3958342351760582e+23
116 -10 8.6521984074537962e+23
118 -10 1.6188631559998421e+24
120 -10 2.8756797891617157e+24
122 -10 4.8585802688543124e+24
124 -10 7.7906341794091368e+24
126 -10 1.1862821243544304e+25
128 -10 1.7150176746250326e+25
130 -10 2.3501684894664617e+25
132 -10 3.0542252346860107e+25
134 -10 3.7526907063577960e+25
136 -10 4.3563387908594307e+25
138 -10 4.7658461979635898e+25
140 -10 4.9095306715081734e+25
142 -10 4.7406414564496166e+25
144 -10 4.2720056669999268e+25
146 -10 3.5855847727973092e+25
148 -10 2.7783266105265358e+25
150 -10 1.9786913118557189e+25
152 -10 1.2800948616073609e+25
154 -10 7.4434815996115799e+24
156 -10 3.8141998011446858e+24
158 -10 1.6763769657455098e+24
160 -10 6.0711915461357694e+23
162 -10 1.6592465784573299e+23
164 -10 2.8552549992978587e+22
70 -9 2.8769810440055978e+08
72 -9 8.4027391288455780e+10
74 -9 4.4792685064267881e+12
76 -9 9.8818161139270969e+13
78 -9 1.2849206126010580e+15
80 -9 1.1812353951204040e+16
82 -9 8.4678199942972208e+16
84 -9 5.0427006294408717e+17
86 -9 2.5930300752548260e+18
88 -9 1.1874165648711651e+19
90 -9 4.9126748619809292e+19
92 -9 1.8669999800938666e+20
94 -9 6.5632295936508337e+20
96 -9 2.1473883996595080e+21
98 -9 6.5922535839903032e+21
100 -9 1.8981165514074150e+22
102 -9 5.1670379880891225e+22
104 -9 1.3285920747511301e+23
106 -9 3.2355579419836378e+23
108 -9 7.4701129927353919e+23
110 -9 1.6400595369768349e+24
112 -9 3.4165253020365944e+24
114 -9 6.7710622795145548e+24
116 -9 1.2780826737989458e+25
118 -9 2.2932866747071467e+25
120 -9 3.9079398011680501e+25
122 -9 6.3509927003608351e+25
124 -9 9.8092879620204172e+25
126 -9 1.4388720157754811e+26
128 -9 2.0059608599456830e+26
130 -9 2.6539499773674918e+26
132 -9 3.3221211381406759e+26
134 -9 3.9408907724059597e+26
136 -9 4.4168673395271991e+26
138 -9 4.6671964847929350e+26
140 -9 4.6373464255486275e+26
142 -9 4.3195267702795268e+26
144 -9 3.7539947302709906e+26
146 -9 3.0354858604880653e+26
148 -9 2.2662428654114590e+26
150 -9 1.5514330240684982e+26
152 -9 9.6541055309127072e+25
154 -9 5.3799119641536735e+25
156 -9 2.6448806237917880e+25
158 -9 1.1094743292630409e+25
160 -9 3.8181789445031286e+24
162 -9 9.8744389018112590e+23
164 -9 1.5733327356357435e+23
66 -8 1.2341847258035088e+09
68 -8 2.2843195238569473e+11
70 -8 9.8736892270845508e+12
72 -8 1.9487509656715531e+14
74 -8 2.3923048822965550e+15
76 -8 2.1452928339433260e+16
78 -8 1.5290384273961328e+17
80 -8 9.1802638414287117e+17
82 -8 4.8246159206241485e+18
84 -8 2.2641521882656182e+19
86 -8 9.7114755816860008e+19
88 -8 3.8288807665416346e+20
90 -8 1.4009681798833111e+21
92 -8 4.8028024382069240e+21
94 -8 1.5452717004757934e+22
96 -8 4.6809921928659265e+22
98 -8 1.3413992804784145e+23
100 -8 3.6376315932214833e+23
102 -8 9.3618835304075125e+23
104 -8 2.2857750174460163e+24
106 -8 5.3066673519333649e+24
108 -8 1.1744792903076931e+25
110 -8 2.4700596720608859e+25
112 -8 4.9526086433200231e+25
114 -8 9.4331734185990407e+25
116 -8 1.7143251899985942e+26
118 -8 2.9667334319601280e+26
120 -8 4.8888164568620952e+26
122 -8 7.6757297438450502e+26
124 -8 1.1447825662026143e+27
126 -8 1.6269708156007589e+27
128 -8 2.1945044226111982e+27
130 -8 2.8075987266728145e+27
132 -8 3.4030780501763615e+27
134 -8 3.9048673270567162e+27
136 -8 4.2365439544843467e+27
138 -8 4.3294030952049831e+27
140 -8 4.1622415078211011e+27
142 -8 3.7465996535561738e+27
144 -8 3.1417853026583174e+27
146 -8 2.4513128964978890e+27
148 -8 1.7662169349485012e+27
150 -8 1.1642598655324269e+27
152 -8 6.9682377962325791e+26
154 -8 3.7355533327961636e+26
156 -8 1.7581058123266192e+26
158 -8 7.0509821171113673e+25
160 -8 2.3103849901005403e+25
162 -8 5.6538772510695870e+24
164 -8 8.3789736838185125e+23
60 -7 5.7374122200200125e+05
62 -7 3.7732446051605649e+09
64 -7 4.8027624332364911e+11
66 -7 1.7314186810249201e+13
68 -7 3.1063409460934400e+14
70 -7 3.6358394966423385e+15
72 -7 3.1854004045159760e+16
74 -7 2.2705967683376336e+17
76 -7 1.3792286835499236e+18
78 -7 7.4092843767266099e+18
80 -7 3.5931194208987087e+19
82 -7 1.5965838591159648e+20
84 -7 6.5465703485235148e+20
86 -7 2.5066062774203386e+21
88 -7 9.0338014068118588e+21
90 -7 3.0515708683969152e+22
92 -7 9.7608280347629230e+22
94 -7 2.9498693495256722e+23
96 -7 8.4712926955026327e+23
98 -7 2.3050485075132466e+24
100 -7 5.9730271542994641e+24
102 -7 1.4731296232565169e+25
104 -7 3.4568832763424010e+25
106 -7 7.7238414583547581e+25
108 -7 1.6477743711673364e+26
110 -7 3.3513399080336702e+26
112 -7 6.4967317198718980e+26
114 -7 1.1992722052650610e+27
116 -7 2.1108081609212977e+27
118 -7 3.5396233907789768e+27
120 -7 5.6638526838369269e+27
122 -7 8.6285554651528441e+27
124 -7 1.2493629254806237e+28
126 -7 1.7232148298195730e+28
128 -7 2.2508376627819209e+28
130 -7 2.7965036485665552e+28
132 -7 3.2878431931000451e+28
134 -7 3.6622378465270132e+28
136 -7 3.8537173503861884e+28
138 -7 3.8133510326746949e+28
140 -7 3.5446340692124704e+28
142 -7 3.0913331319503815e+28
144 -7 2.5118646431118451e+28
146 -7 1.8928131018802540e+28
148 -7 1.3184177146332224e+28
150 -7 8.3803705001071227e+27
152 -7 4.8297402599356770e+27
154 -7 2.4898656254060226e+27
156 -7 1.1232506479985960e+27
158 -7 4.3162759996030288e+26
160 -7 1.3474828236329120e+26
162 -7 3.1178118164190314e+25
164 -7 4.3120531410035911e+24
56 -6 5.3362028460765500e+06
58 -6 8.3169496136327400e+09
60 -6 7.6720048855442065e+11
62 -6 2.3597406831866547e+13
64 -6 3.9066245692696788e+14
66 -6 4.3963691082235580e+15
68 -6 3.7945910299235088e+16
70 -6 2.7116126504715306e+17
72 -6 1.6738511510016819e+18
74 -6 9.2178818506294968e+18
76 -6 4.6211304987035705e+19
78 -6 2.1357186247040559e+20
80 -6 9.1689529701398492e+20
82 -6 3.6878101937438746e+21
84 -6 1.3950097720887304e+22
86 -6 4.9791762950962685e+22
88 -6 1.6826934570897407e+23
90 -6 5.3942496780597769e+23
92 -6 1.6406807365852766e+24
94 -6 4.7467461757747114e+24
96 -6 1.3071056433951837e+25
98 -6 3.4309030804969536e+25
100 -6 8.5680021518458565e+25
102 -6 2.0475318911186313e+26
104 -6 4.6624506777277483e+26
106 -6 1.0113772141633133e+27
108 -6 2.0945309047973474e+27
110 -6 4.1358528360046537e+27
112 -6 7.7944867132909036e+27
114 -6 1.4005824249923056e+28
116 -6 2.4022056611528012e+28
118 -6 3.9242157605057383e+28
120 -6 6.1106825316463922e+28
122 -6 9.0581366785246877e+28
124 -6 1.2775203975647123e+29
126 -6 1.7115408117673601e+29
128 -6 2.1804696356436670e+29
130 -6 2.6311300278079282e+29
132 -6 3.0089773872311860e+29
134 -6 3.2576152905562781e+29
136 -6 3.3281641622790321e+29
138 -6 3.1997895269302555e+29
140 -6 2.8856025700373637e+29
142 -6 2.4369521320190695e+29
144 -6 1.9177222195950072e+29
146 -6 1.3993139235708801e+29
148 -6 9.4086439380286120e+28
150 -6 5.7879627705914616e+28
152 -6 3.2128178402762225e+28
154 -6 1.5912270348057272e+28
156 -6 6.9007666219079979e+27
158 -6 2.5372142961124871e+27
160 -6 7.5574160065534315e+26
162 -6 1.6607508134057428e+26
164 -6 2.1419732898120666e+25
52 -5 2.0026915367961664e+07
54 -5 1.2947723551982573e+10
56 -5 9.1967702573361438e+11
58 -5 2.4652759829373984e+13
60 -5 3.7979205231429188e+14
62 -5 4.1376300524696950e+15
64 -5 3.5444179035203652e+16
66 -5 2.5421805793894682e+17
68 -5 1.5994121347470008e+18
70 -5 9.0812967366164040e+18
72 -5 4.7168282764100895e+19
74 -5 2.2751193574265265e+20
76 -5 1.0256066596943082e+21
78 -5 4.3445616983559116e+21
80 -5 1.7349340176907227e+22
82 -5 6.5486767187626314e+22
84 -5 2.3508456881421544e+23
86 -5 8.0149642197930920e+23
88 -5 2.5956453155684279e+24
90 -5 7.9956307343316034e+24
92 -5 2.3505529946742100e+25
94 -5 6.5923536489873164e+25
96 -5 1.7637730989510037e+26
98 -5 4.5011675765789747e+26
100 -5 1.0962780360293647e+27
102 -5 2.5523060403736663e+27
104 -5 5.6619420277408336e+27
106 -5 1.1996088663390742e+28
108 -5 2.4286004898438872e+28
110 -5 4.6841322211668683e+28
112 -5 8.6181754228304185e+28
114 -5 1.5137186959448312e+29
116 -5 2.5372812227342097e+29
118 -5 4.0571372486874244e+29
120 -5 6.1640113206800072e+29
122 -5 8.9218931895388802e+29
124 -5 1.2270297084275625e+30
126 -5 1.6052597744680645e+30
128 -5 1.9918690048062621e+30
130 -5 2.3441616821164003e+30
132 -5 2.6134280116490126e+30
134 -5 2.7537373739305289e+30
136 -5 2.7336795808968237e+30
138 -5 2.5570478149809575e+30
140 -5 2.2401904064530363e+30
142 -5 1.8350700521005728e+30
144 -5 1.4016208910590878e+30
146 -5 9.9052080069325958e+29
148 -5 6.4406073236721099e+29
150 -5 3.8278173588254517e+29
152 -5 2.0517474574334760e+29
154 -5 9.7972634467144939e+28
156 -5 4.0807306439074539e+28
158 -5 1.4378120446239175e+28
160 -5 4.0902376369424134e+27
162 -5 8.5290485690761545e+26
164 -5 1.0304982100047850e+26
48 -4 4.0772884529164702e+07
50 -4 1.4312252987479012e+10
52 -4 8.0246317433748047e+11
54 -4 1.9169137956925680e+13
56 -4 2.7848424319989056e+14
58 -4 2.9439313138214285e+15
60 -4 2.4982875690122520e+16
62 -4 1.8126046020812973e+17
64 -4 1.1691509672108065e+18
66 -4 6.8632326459152220e+18
68 -4 3.7206179759392588e+19
70 -4 1.8758312687199542e+20
72 -4 8.9142403578992001e+20
74 -4 3.9923521036440819e+21
76 -4 1.6888143392433716e+22
78 -4 6.7897101857896815e+22
80 -4 2.5953606453247641e+23
82 -4 9.4390414726823241e+23
84 -4 3.2700825987425871e+24
86 -4 1.0784957418242791e+25
88 -4 3.3968743570196150e+25
90 -4 1.0221427575283522e+26
92 -4 2.9338144508565821e+26
94 -4 8.0461911532549700e+26
96 -4 2.1058857932118498e+27
98 -4 5.2706827647586519e+27
100 -4 1.2590483025564399e+28
102 -4 2.8718348594886533e+28
104 -4 6.2507691177259299e+28
106 -4 1.3003296408397650e+29
108 -4 2.5815618434929366e+29
110 -4 4.8903196610609834e+29
112 -4 8.8356029660372877e+29
114 -4 1.5216598383284069e+30
116 -4 2.4975286935456235e+30
118 -4 3.9045542250572354e+30
120 -4 5.8199851001376218e+30
122 -4 8.2488370912840577e+30
124 -4 1.1101634745298095e+31
126 -4 1.4191397696504657e+31
128 -4 1.7217800656286292e+31
130 -4 1.9797624758700566e+31
132 -4 2.1518156196797031e+31
134 -4 2.2099947010729588e+31
136 -4 2.1376254275049150e+31
138 -4 1.9454164684638757e+31
140 -4 1.6622394963668458e+31
142 -4 1.3224389308273370e+31
144 -4 9.7963978847402468e+30
146 -4 6.7126082747112589e+30
148 -4 4.2328870017205282e+30
150 -4 2.4326381396648674e+30
152 -4 1.2585321140087777e+30
154 -4 5.7946455760541719e+29
156 -4 2.3220462665863608e+29
158 -4 7.8580796109622497e+28
160 -4 2.1327851625575830e+28
162 -4 4.2284506107317761e+27
164 -4 4.8021682365890179e+26
44 -3 5.0246308860839240e+07
46 -3 1.0892357163106731e+10
48 -3 5.0270723743565143e+11
50 -3 1.0797712047513633e+13
52 -3 1.4853133661174072e+14
54 -3 1.5309705680370225e+15
56 -3 1.2933726958366186e+16
58 -3 9.5265503017322864e+16
60 -3 6.3195767225114419e+17
62 -3 3.8527170837384166e+18
64 -3 2.1873247077558174e+19
66 -3 1.1635941238074622e+20
68 -3 5.8356729716715120e+20
70 -3 2.7760995644170117e+21
72 -3 1.2521087835722809e+22
74 -3 5.3650379305098481e+22
76 -3 2.1971233313170519e+23
78 -3 8.5626576790883675e+23
80 -3 3.1844837095555537e+24
82 -3 1.1303099947052615e+25
84 -3 3.8359912567695594e+25
86 -3 1.2419023807850661e+26
88 -3 3.8438386681895568e+26
90 -3 1.1383356478021239e+27
92 -3 3.2198718729636514e+27
94 -3 8.6924312269918541e+27
96 -3 2.2451641988546596e+28
98 -3 5.5416850626216633e+28
100 -3 1.3051603685159551e+29
102 -3 2.9372503937069502e+29
104 -3 6.3056186232384757e+29
106 -3 1.2920152299160126e+30
108 -3 2.5280242081568315e+30
110 -3 4.7130973536522025e+30
112 -3 8.3797929078827703e+30
114 -3 1.4206430438367807e+31
116 -3 2.2924586472920841e+31
118 -3 3.5262133219644355e+31
120 -3 5.1527691424494451e+31
122 -3 7.1680567013431659e+31
124 -3 9.4656585109091051e+31
126 -3 1.1850206523207667e+32
128 -3 1.4082078833815484e+32
130 -3 1.5818204181827126e+32
132 -3 1.6830797223763056e+32
134 -3 1.6872906308108026e+32
136 -3 1.5924410745343909e+32
138 -3 1.4119534377328938e+32
140 -3 1.1746813291256828e+32
142 -3 9.1018538337257186e+31
144 -3 6.5553875360944943e+31
146 -3 4.3629829463460187e+31
148 -3 2.6622539358381502e+31
150 -3 1.4815538036743640e+31
152 -3 7.4152887607428235e+30
154 -3 3.2952121508772618e+30
156 -3 1.2706665597954858e+30
158 -3 4.1270064055468278e+29
160 -3 1.0724346570720647e+29
162 -3 2.0202664447453697e+28
164 -3 2.1616211518121745e+27
40 -2 3.7751473871888854e+07
42 -2 5.5380117922108154e+09
44 -2 2.1562169783925372e+11
46 -2 4.2201327723897764e+12
48 -2 5.5253881144510117e+13
50 -2 5.5529016134534525e+14
52 -2 4.7039730186609580e+15
54 -2 3.5316603114977368e+16
56 -2 2.4133225093790045e+17
58 -2 1.5423790319921631e+18
60 -2 9.2145157255786527e+18
62 -2 5.1938162933245034e+19
64 -2 2.7711396291180701e+20
66 -2 1.4044671782420941e+21
68 -2 6.7842981592233515e+21
70 -2 3.1286733525428986e+22
72 -2 1.3743842741163225e+23
74 -2 5.7686213835107764e+23
76 -2 2.3162246844013659e+24
78 -2 8.8778139692041763e+24
80 -2 3.2610674410378725e+25
82 -2 1.1453783869102258e+26
84 -2 3.8413888440571460e+26
86 -2 1.2354332469876827e+27
88 -2 3.7923665503210896e+27
90 -2 1.1124006577734769e+28
92 -2 3.1253145490573449e+28
94 -2 8.3861803178188294e+28
96 -2 2.1463992058221471e+29
98 -2 5.2504906841012892e+29
100 -2 1.2262025265804900e+30
102 -2 2.7346256890078676e+30
104 -2 5.8101611789528502e+30
106 -2 1.1793802940999307e+31
108 -2 2.2808848387884729e+31
110 -2 4.2041872665130613e+31
112 -2 7.3795877331657936e+31
114 -2 1.2353763852724715e+32
116 -2 1.9659377014896099e+32
118 -2 2.9765287503676011e+32
120 -2 4.2809099312436017e+32
122 -2 5.8535898802688707e+32
124 -2 7.6027491401498808e+32
126 -2 9.3459591393961166e+32
128 -2 1.0883835701106169e+33
130 -2 1.1986846461657790e+33
132 -2 1.2466855641710388e+33
134 -2 1.2229482699890340e+33
136 -2 1.1298464451262317e+33
138 -2 9.7758793316572526e+32
140 -2 7.9162208986936732e+32
142 -2 5.9757894019488706e+32
144 -2 4.1846551380371577e+32
146 -2 2.7064561967729032e+32
148 -2 1.6055343801971059e+32
150 -2 8.6501643038405635e+31
152 -2 4.1888823484837987e+31
154 -2 1.7994857852062206e+31
156 -2 6.6858820571104501e+30
158 -2 2.0862046174211426e+30
160 -2 5.1954926810431318e+29
162 -2 9.3183724610471911e+28
164 -2 9.3970148271591567e+27
36 -1 1.6875506475314375e+07
38 -1 1.7889925920048409e+09
40 -1 5.9335919498228279e+10
42 -1 1.0685042756353906e+12
44 -1 1.3288044540428535e+13
46 -1 1.3166041110215109e+14
48 -1 1.1198499441003171e+15
50 -1 8.6190938979194760e+15
52 -1 6.1815001751320784e+16
54 -1 4.1653434169298458e+17
56 -1 2.6426268914904033e+18
58 -1 1.5926731926468043e+19
60 -1 9.1131031570681381e+19
62 -1 4.9659544328264679e+20
64 -1 2.5762706205049970e+21
66 -1 1.2809710688853870e+22
68 -1 6.0911090027884712e+22
70 -1 2.7708066795408609e+23
72 -1 1.2060929627978596e+24
74 -1 5.0364455154023111e+24
76 -1 2.0126686213609543e+25
78 -1 7.7014288247420680e+25
80 -1 2.8189128222003914e+26
82 -1 9.8934350519139841e+26
84 -1 3.3176325317764420e+27
86 -1 1.0654204258197597e+28
88 -1 3.2709851557024485e+28
90 -1 9.5956403316345455e+28
92 -1 2.6907016328596382e+29
94 -1 7.2037869492720888e+29
96 -1 1.8407982615772332e+30
98 -1 4.4894683142933486e+30
100 -1 1.0446169098257639e+31
102 -1 2.3174630143823507e+31
104 -1 4.9008343596537126e+31
106 -1 9.8851919270525159e+31
108 -1 1.8959560897189690e+32
110 -1 3.4680999258478360e+32
112 -1 6.0341541044821094e+32
114 -1 9.9813188933458454e+32
116 -1 1.5712430491419692e+33
118 -1 2.3481413685253731e+33
120 -1 3.3344904624983668e+33
122 -1 4.4925522808456086e+33
124 -1 5.7362934618060575e+33
126 -1 6.9393604977909585e+33
128 -1 7.9404247779251357e+33
130 -1 8.5879909381475878e+33
132 -1 8.7567605743664351e+33
134 -1 8.4146503359958496e+33
136 -1 7.5976738777403518e+33
138 -1 6.4254828633483171e+33
140 -1 5.0818462908694612e+33
142 -1 3.7428281210832781e+33
144 -1 2.5518584804605351e+33
146 -1 1.6061967411498660e+33
148 -1 9.2479248058690328e+32
150 -1 4.8357527023194662e+32
152 -1 2.2697543079021231e+32
154 -1 9.4167391839201543e+31
156 -1 3.3782141477141919e+31
158 -1 1.0145152262847020e+31
160 -1 2.4199902919646604e+30
162 -1 4.1425692444243376e+29
164 -1 3.9496001168436338e+28
30 0 3.6426438859613454e+03
32 0 4.0443996305550816e+06
34 0 3.2580160148281479e+08
36 0 9.3381857957885818e+09
38 0 1.5452561270647449e+11
40 0 1.8443162184420066e+12
42 0 1.7980186330539480e+13
44 0 1.5628987691162875e+14
46 0 1.2687177060474888e+15
48 0 9.7324289802234160e+15
50 0 7.0503705546652400e+16
52 0 4.8277682907842118e+17
54 0 3.1334761679504788e+18
56 0 1.9395772490026349e+19
58 0 1.1451609621930674e+20
60 0 6.4601467271860453e+20
62 0 3.5027370067040068e+21
64 0 1.8150285459954197e+22
66 0 9.0159579809255334e+22
68 0 4.2947183476676290e+23
70 0 1.9589368370224380e+24
72 0 8.5781855687949545e+24
74 0 3.6011986086395058e+25
76 0 1.4506406170761021e+26
78 0 5.5908204306849820e+26
80 0 2.0630667013231238e+27
82 0 7.2917577237765419e+27
84 0 2.4683548860976310e+28
86 0 7.9756278259106242e+28
88 0 2.4634370216163910e+29
90 0 7.2742238208690841e+29
92 0 2.0516198175633174e+30
94 0 5.5088216652234329e+30
96 0 1.4131056744824838e+31
98 0 3.4551634006163918e+31
100 0 8.0471425282027895e+31
102 0 1.7857914172165941e+32
104 0 3.7724729467876266e+32
106 0 7.5870484197133608e+32
108 0 1.4511745319754541e+33
110 0 2.6389649012209767e+33
112 0 4.5631258930193322e+33
114 0 7.4887829778454757e+33
116 0 1.1686551005766275e+34
118 0 1.7292794622432659e+34
120 0 2.4262310059260567e+34
122 0 3.2287102695559988e+34
124 0 4.0692708236317525e+34
126 0 4.8509495853156135e+34
128 0 5.4617825303547938e+34
130 0 5.8074235462802726e+34
132 0 5.8207333441807827e+34
134 0 5.4852980908334303e+34
136 0 4.8486248008537776e+34
138 0 4.0165038364923969e+34
140 0 3.1024805772230250e+34
142 0 2.2308205432766097e+34
144 0 1.4838644479420924e+34
146 0 9.0904646092360673e+33
148 0 5.0921518340249018e+33
150 0 2.5864054222492711e+33
152 0 1.1764870186690893e+33
154 0 4.7219920139358405e+32
156 0 1.6364648134939134e+32
158 0 4.7329021978166400e+31
160 0 1.0837930947161276e+31
162 0 1.7735247171499022e+30
164 0 1.6006571107519880e+29
26 1 7.2211735291486991e+02
28 1 3.9899465025842871e+05
30 1 2.5074247994915776e+07
32 1 6.3335621233043599e+08
34 1 9.6706127800553493e+09
36 1 1.1010655230135799e+11
38 1 1.0895172348680452e+12
40 1 1.0315445664985533e+13
42 1 9.4430464227372656e+13
44 1 8.1491191729478275e+14
46 1 6.5623586585419040e+15
48 1 4.9780071037036352e+16
50 1 3.5693891654821018e+17
52 1 2.4384271322836941e+18
54 1 1.5898878036592601e+19
56 1 9.8943644812675482e+19
58 1 5.9043630677369343e+20
60 1 3.3721079358614830e+21
62 1 1.8522671873104363e+22
64 1 9.7208236360569654e+22
66 1 4.9098914670806970e+23
68 1 2.3759778871141960e+24
70 1 1.1035705382187292e+25
72 1 4.9233807483516182e+25
74 1 2.1040248244495906e+26
76 1 8.6261761759149407e+26
78 1 3.3871376135523985e+27
80 1 1.2721464738222556e+28
82 1 4.5738184097733216e+28
84 1 1.5702233486987473e+29
86 1 5.1551191815733679e+29
88 1 1.6152609471785855e+30
90 1 4.8394509791784034e+30
92 1 1.3792457209225464e+31
94 1 3.7458697217841102e+31
96 1 9.6909993931125575e+31
98 1 2.3854271976706347e+32
100 1 5.5854595140137658e+32
102 1 1.2456785157846997e+33
104 1 2.6403624134705246e+33
106 1 5.3131222847994355e+33
108 1 1.0163240422403010e+34
110 1 1.8444149796380074e+34
112 1 3.1801023518304829e+34
114 1 5.2007408012412793e+34
116 1 8.0618710704206935e+34
118 1 1.1849245326693840e+35
120 1 1.6478862302748055e+35
122 1 2.1699203453852414e+35
124 1 2.7021953439989690e+35
126 1 3.1822379202346160e+35
128 1 3.5356395738272756e+35
130 1 3.7019454494336160e+35
132 1 3.6448779158334293e+35
134 1 3.3759930169799346e+35
136 1 2.9290562118749519e+35
138 1 2.3781901738319869e+35
140 1 1.7992074661893852e+35
142 1 1.2639976768517120e+35
144 1 8.2096278642531010e+34
146 1 4.9039292490343642e+34
148 1 2.6754130783786459e+34
150 1 1.3208600222861755e+34
152 1 5.8359445895726095e+33
154 1 2.2686107781355685e+33
156 1 7.5967026005993474e+32
158 1 2.1198349199053182e+32
160 1 4.6659101305181154e+31
162 1 7.3043105100059371e+30
164 1 6.2591273135388756e+29
30 2 4.2520449134228966e+05
32 2 1.2481751607197796e+08
34 2 6.5712162802160835e+09
36 2 1.5429579828935236e+11
38 2 2.3045018841154336e+12
40 2 2.6345631516710602e+13
42 2 2.5636106997774500e+14
44 2 2.2926099087337840e+15
46 2 1.9177960510521992e+16
48 2 1.5180680195457824e+17
50 2 1.1354793935768389e+18
52 2 8.0798527395554683e+18
54 2 5.4544397510060417e+19
56 2 3.5158034841257378e+20
58 2 2.1678911857135961e+21
60 2 1.2827482640582875e+22
62 2 7.2645592126159489e+22
64 2 3.9421545793737974e+23
66 2 2.0545470726742383e+24
68 2 1.0252868859327339e+25
70 2 4.9135938714517822e+25
72 2 2.2588092975879599e+26
74 2 9.9450194397124323e+26
76 2 4.1954409041083905e+27
78 2 1.6936469567336615e+28
80 2 6.5366449649645597e+28
82 2 2.4105289699393119e+29
84 2 8.4844222324170820e+29
86 2 2.8510744900338947e+30
88 2 9.1327373997111566e+30
90 2 2.7844522800587780e+31
92 2 8.0950080482608175e+31
94 2 2.2379558194891596e+32
96 2 5.8744685402805453e+32
98 2 1.4646434564402914e+33
100 2 3.4732253718706359e+33
102 2 7.8107180462245288e+33
104 2 1.6684156512069137e+34
106 2 3.3795286567147422e+34
108 2 6.4879934413433737e+34
110 2 1.1804073157626593e+35
112 2 2.0349077780240415e+35
114 2 3.3235071100122343e+35
116 2 5.1347079880986312e+35
118 2 7.5108133655924766e+35
120 2 1.0392268258575584e+36
122 2 1.3574260569437833e+36
124 2 1.6751986002748966e+36
126 2 1.9519078033363314e+36
128 2 2.1428346819425094e+36
130 2 2.2135206136174213e+36
132 2 2.1489955864776491e+36
134 2 1.9587021124000524e+36
136 2 1.6709360477706980e+36
138 2 1.3294642190235435e+36
140 2 9.8658568948280332e+35
142 2 6.7879661956105178e+35
144 2 4.3090958758017161e+35
146 2 2.5144773560237513e+35
148 2 1.3380086552324561e+35
150 2 6.4267366130465913e+34
152 2 2.7602306296293347e+34
154 2 1.0411354476541252e+34
156 2 3.3758447687101374e+33
158 2 9.0892032430212800e+32
160 2 1.9247627095860786e+32
162 2 2.8911218636584376e+31
164 2 2.3560871897565355e+30
34 3 9.5185681864781827e+07
36 3 1.8438506667731289e+10
38 3 8.2226529706327368e+11
40 3 1.8186985065206383e+13
42 3 2.6690282333649491e+14
44 3 3.0650749249934135e+15
46 3 3.0042502310319704e+16
48 3 2.6615194498782266e+17
50 3 2.1821105087812303e+18
52 3 1.6797884957685191e+19
54 3 1.2212381677982510e+20
56 3 8.4200167241122067e+20
58 3 5.5183682756529283e+21
60 3 3.4535028212476794e+22
62 3 2.0619860745697011e+23
64 3 1.1787367867055992e+24
66 3 6.4541729949716737e+24
68 3 3.3801201705490084e+25
70 3 1.6927815135539271e+26
72 3 8.1378740433509091e+26
74 3 3.7329327031365770e+27
76 3 1.6375359579080264e+28
78 3 6.8788742767833013e+28
80 3 2.7546190478065363e+29
82 3 1.0514069423993600e+30
84 3 3.8339415611290531e+30
86 3 1.3305302507624156e+31
88 3 4.3868452981488987e+31
90 3 1.3757068795099103e+32
92 3 4.0998891091843358e+32
94 3 1.1610259299265451e+33
96 3 3.1152918648264196e+33
98 3 7.9238861612512725e+33
100 3 1.9115801505105248e+34
102 3 4.3691362029587910e+34
104 3 9.4460405008213482e+34
106 3 1.9331372134788917e+35
108 3 3.7451367671841346e+35
110 3 6.8583869408367150e+35
112 3 1.1873215682817483e+36
114 3 1.9445945532129631e+36
116 3 3.0079663534958034e+36
118 3 4.3914237290276118e+36
120 3 6.0569788294833474e+36
122 3 7.8785143900821229e+36
124 3 9.6556404857643411e+36
126 3 1.1150655830477591e+37
128 3 1.2123480015711659e+37
130 3 1.2389415673979205e+37
132 3 1.1882984492913614e+37
134 3 1.0675965635441293e+37
136 3 8.9607967004897147e+36
138 3 7.0217533686867717e+36
140 3 5.1090331752181679e+36
142 3 3.4496697619705002e+36
144 3 2.1453766568035966e+36
146 3 1.2242660933507932e+36
148 3 6.3533390677443484e+35
150 3 2.9769231165541117e+35
152 3 1.2443733672733548e+35
154 3 4.5598413297427787e+34
156 3 1.4330393808840760e+34
158 3 3.7321972406250652e+33
160 3 7.6231766041897856e+32
162 3 1.0967039997255756e+32
164 3 8.5284755996047468e+30
38 4 1.2582795944731806e+10
40 4 1.6988590965656521e+12
42 4 6.6362273278518961e+13
44 4 1.3849374555928975e+15
46 4 2.0108623223191940e+16
48 4 2.3216733540031939e+17
50 4 2.2954177949798764e+18
52 4 2.0418920804401455e+19
54 4 1.6699331113364858e+20
56 4 1.2762787334923559e+21
58 4 9.1944335267388373e+21
60 4 6.2665860404458222e+22
62 4 4.0593514929070223e+23
64 4 2.4962586503359382e+24
66 4 1.4639997277227072e+25
68 4 8.1853743287407677e+25
70 4 4.3662747643981021e+26
72 4 2.2244003357969701e+27
74 4 1.0806923651203021e+28
76 4 5.0057060044594451e+28
78 4 2.2086028390496109e+29
80 4 9.2913528417371644e+29
82 4 3.7147854184431056e+30
84 4 1.4142685337360422e+31
86 4 5.1168142065534980e+31
88 4 1.7576806386516398e+32
90 4 5.7267001127467772e+32
92 4 1.7666743931923720e+33
94 4 5.1644177243389844e+33
96 4 1.4277044274160347e+34
98 4 3.7324175334266041e+34
100 4 9.2269406203796402e+34
102 4 2.1540382304027280e+35
104 4 4.7485150452332048e+35
106 4 9.8735317472398199e+35
108 4 1.9392309360884951e+36
110 4 3.5907708690029211e+36
112 4 6.2749332819106130e+36
114 4 1.0345826503745554e+37
116 4 1.6080978850790740e+37
118 4 2.3541814379897160e+37
120 4 3.2438473955079437e+37
122 4 4.2119916110278052e+37
124 4 5.1482772763093421e+37
126 4 5.9133101926730659e+37
128 4 6.3814609248214166e+37
130 4 6.4680505974633902e+37
132 4 6.1399330050874606e+37
134 4 5.4491914788175841e+37
136 4 4.5154638452523335e+37
138 4 3.4855835655777623e+37
140 4 2.4963256177311086e+37
142 4 1.6544259725705391e+37
144 4 1.0096722205815711e+37
146 4 5.6426666638391139e+36
148 4 2.8623882560467175e+36
150 4 1.3096239124423400e+36
152 4 5.3306910838919783e+35
154 4 1.9011294370156901e+35
156 4 5.8021530127059089e+34
158 4 1.4620272856424510e+34
160 4 2.8829822023767342e+33
162 4 3.9935262825590186e+32
164 4 2.9665189483219209e+31
42 5 1.1072070293512437e+12
44 5 1.1128729605450261e+14
46 5 3.8492334115931765e+15
48 5 7.7229455938919952e+16
50 5 1.1062286378854063e+18
52 5 1.2806899846142880e+19
54 5 1.2790660221030570e+20
56 5 1.1434619764562780e+21
58 5 9.4296284904012152e+21
60 5 7.2361073977105066e+22
62 5 5.2189956176498705e+23
64 5 3.5556415085517212e+24
66 5 2.2846598599428964e+25
68 5 1.3932920871844458e+26
70 5 8.0742437550476712e+26
72 5 4.4412766467425656e+27
74 5 2.3222257823165020e+28
76 5 1.1544437486247824e+29
78 5 5.4448852098430072e+29
80 5 2.4368310300996661e+30
82 5 1.0362275289831551e+31
84 5 4.1727314523454439e+31
86 5 1.5928314997111065e+32
88 5 5.7510516290573463e+32
90 5 1.9667410208862121e+33
92 5 6.3508487485952122e+33
94 5 1.9342764944405949e+34
96 5 5.5607578847796805e+34
98 5 1.5068079221414831e+35
100 5 3.8422104526889313e+35
102 5 9.2329991093091258e+35
104 5 2.0898811282863838e+36
106 5 4.4501433580683592e+36
108 5 8.9172159618489137e+36
110 5 1.6793288783056682e+37
112 5 2.9782418929420648e+37
114 5 4.9655277385206729e+37
116 5 7.7880797637752949e+37
118 5 1.1473597351398310e+38
120 5 1.5889143603196342e+38
122 5 2.0658368395202649e+38
124 5 2.5254163212628082e+38
126 5 2.8954157912445588e+38
128 5 3.1116585074211877e+38
130 5 3.1336411674575450e+38
132 5 2.9515861005325642e+38
134 5 2.5952814987071288e+38
136 5 2.1270098080790755e+38
138 5 1.6200520497617625e+38
140 5 1.1451375449466214e+38
142 5 7.4659619813565709e+37
144 5 4.4765489956454250e+37
146 5 2.4531857924005315e+37
148 5 1.2203796461008847e+37
150 5 5.4589273009034818e+36
152 5 2.1686762950703013e+36
154 5 7.5343969179916287e+35
156 5 2.2350256563922600e+35
158 5 5.4641886303505507e+34
160 5 1.0413514643618400e+34
162 5 1.3902996098174566e+33
164 5 9.8989266754235978e+31
44 6 6.2012209448737022e+10
46 6 7.0792130567474000e+13
48 6 5.5046315809239450e+15
50 6 1.7363688510089459e+17
52 6 3.3319242907923200e+18
54 6 4.7436985211281842e+19
56 6 5.5001075205754592e+20
58 6 5.5346539208755967e+21
60 6 5.0102832546411390e+22
62 6 4.1690525442631098e+23
64 6 3.2278070365690434e+24
66 6 2.3372458922682746e+25
68 6 1.5914312087673880e+26
70 6 1.0228512973695141e+27
72 6 6.2046727011029933e+27
74 6 3.5611959958390481e+28
76 6 1.9333529689690857e+29
78 6 9.9212700609549836e+29
80 6 4.8047121213813728e+30
82 6 2.2007503064603374e+31
84 6 9.5359921287546764e+31
86 6 3.8939306262163353e+32
88 6 1.4986412952955171e+33
90 6 5.4396485083377019e+33
92 6 1.8592101733187433e+34
94 6 5.9694246213772212e+34
96 6 1.8029994404897980e+35
98 6 5.1094088243465989e+35
100 6 1.3605248471947627e+36
102 6 3.3974088159414486e+36
104 6 7.9612389446097570e+36
106 6 1.7472887019225049e+37
108 6 3.5998858636477122e+37
110 6 6.9461196062418746e+37
112 6 1.2567738234796934e+38
114 6 2.1332263580595102e+38
116 6 3.3912057792683031e+38
118 6 5.0544465629675845e+38
120 6 7.0603286509054994e+38
122 6 9.2448596726383385e+38
124 6 1.1338905680202362e+39
126 6 1.3010049625650262e+39
128 6 1.3979949021349658e+39
130 6 1.4034097963089865e+39
132 6 1.3146988688593641e+39
134 6 1.1489087698740560e+39
136 6 9.3309659993684110e+38
138 6 7.0384587944831298e+38
140 6 4.9097103243185804e+38
142 6 3.1614226636257696e+38
144 6 1.8665594067322549e+38
146 6 1.0053815529809862e+38
148 6 4.9072196983939785e+37
150 6 2.1494538311741212e+37
152 6 8.3549556745997744e+36
154 6 2.8304492065339553e+36
156 6 8.1748968081530744e+35
158 6 1.9445813424170078e+35
160 6 3.5896119131812212e+34
162 6 4.6241920571255822e+33
164 6 3.1597100169914961e+32
48 7 8.1512329948116064e+12
50 7 3.4083827183960660e+15
52 7 2.1787302405843453e+17
54 7 6.2916155954699489e+18
56 7 1.1718919135839284e+20
58 7 1.6477634801682971e+21
60 7 1.9166854933494169e+22
62 7 1.9429098394194759e+23
64 7 1.7811799037564846e+24
66 7 1.4970660289014678e+25
68 7 1.1674756271863931e+26
70 7 8.5001188727729782e+26
72 7 5.8213075434428562e+27
74 7 3.7332087724809294e+28
76 7 2.2567098590544789e+29
78 7 1.2823625868924474e+30
80 7 6.8561589678345091e+30
82 7 3.4465561573943803e+31
84 7 1.6305245362318277e+32
86 7 7.2386439539572056e+32
88 7 3.0170793382947553e+33
90 7 1.1802450233998893e+34
92 7 4.3227876911437265e+34
94 7 1.4825515830712367e+35
96 7 4.7619986131875616e+35
98 7 1.4300148331737957e+36
100 7 4.0162941138970927e+36
102 7 1.0535474625231620e+37
104 7 2.5787056509915757e+37
106 7 5.8957626974840930e+37
108 7 1.2584522657660557e+38
110 7 2.5056817784632406e+38
112 7 4.6670390650631843e+38
114 7 8.1008044608793834e+38
116 7 1.3160532439289098e+39
118 7 1.9964057699706260e+39
120 7 2.8276786166366789e+39
122 7 3.7421678659296993e+39
124 7 4.6256900812416610e+39
126 7 5.3395738692855822e+39
128 7 5.7512077839159774e+39
130 7 5.7815680696435591e+39
132 7 5.4061629652643778e+39
134 7 4.7039614809134424e+39
136 7 3.8000805617697780e+39
138 7 2.8444621902482341e+39
140 7 1.9671480482823852e+39
142 7 1.2508542764646912e+39
144 7 7.2828998478877592e+38
146 7 3.8669475235389339e+38
148 7 1.8565022610243188e+38
150 7 7.9799220272402338e+37
152 7 3.0397533154948799e+37
154 7 1.0070564531454591e+37
156 7 2.8370810886622074e+36
158 7 6.5612728304509268e+35
160 7 1.1754409935487720e+35
162 7 1.4641763115034083e+34
164 7 9.6293510354674232e+32
52 8 5.4437591278276050e+14
54 8 1.3167274440894661e+17
56 8 7.0500434527804027e+18
58 8 1.9018104612497621e+20
60 8 3.4331835253262364e+21
62 8 4.7847190659560821e+22
64 8 5.5714598058234117e+23
66 8 5.7125640640619815e+24
68 8 5.2761368715611198e+25
70 8 4.4677466767977690e+26
72 8 3.5213415527839108e+27
74 8 2.5800344478086499e+28
76 8 1.7693216068426519e+29
78 8 1.1344315432799299e+30
80 8 6.8158767978884653e+30
82 8 3.8321535561647658e+31
84 8 2.0136493146945304e+32
86 8 9.9047120855666330e+32
88 8 4.5427548671350002e+33
90 8 1.9460846797971700e+34
92 8 7.7687972176336477e+34
94 8 2.8904922909117621e+35
96 8 1.0025720683295234e+36
98 8 3.2275665862780539e+36
100 8 9.6756755442148845e+36
102 8 2.6976900756422691e+37
104 8 6.9846396140588328e+37
106 8 1.6804757450798255e+38
108 8 3.7548567706246136e+38
110 8 7.7939899903679353e+38
112 8 1.5043157571683559e+39
114 8 2.6996901767365026e+39
116 8 4.5025655181832359e+39
118 8 6.9904877928199178e+39
120 8 1.0107167907234765e+40
122 8 1.3599893994947921e+40
124 8 1.7034236935327055e+40
126 8 1.9869180971703770e+40
128 8 2.1561202366296366e+40
130 8 2.1754687919584498e+40
132 8 2.0397481001900761e+40
134 8 1.7743867497856398e+40
136 8 1.4290992260539416e+40
138 8 1.0645607444270829e+40
140 8 7.3044308877049376e+39
142 8 4.6064213503160202e+39
144 8 2.6565360303474479e+39
146 8 1.3915929936645711e+39
148 8 6.5856276444009516e+38
150 8 2.7847967477519918e+38
152 8 1.0406631798368300e+38
154 8 3.3807527301243264e+37
156 8 9.3098599288236381e+36
158 8 2.0989043527590080e+36
160 8 3.6612784363827269e+35
162 8 4.4192081027745468e+34
164 8 2.8039647072697200e+33
56 9 2.5563192028768844e+16
58 9 4.1386825099429197e+18
60 9 1.9329319527506906e+20
62 9 4.8671337131455839e+21
64 9 8.5466904728744011e+22
66 9 1.1814564266187544e+24
68 9 1.3821877425177736e+25
70 9 1.4237570792160884e+26
72 9 1.3260243231266491e+27
74 9 1.1357943226355511e+28
76 9 9.0132542202905784e+28
78 9 6.6337022248339429e+29
80 9 4.5545802991228932e+30
82 9 2.9142229012917016e+31
84 9 1.7357694900350584e+32
86 9 9.6194880186860536e+32
88 9 4.9504458574099802e+33
90 9 2.3633826039473363e+34
92 9 1.0471918458041941e+35
94 9 4.2936683331434346e+35
96 9 1.6310395697919733e+36
98 9 5.7294242450839335e+36
100 9 1.8616189313711894e+37
102 9 5.5912485295678941e+37
104 9 1.5504966943027691e+38
106 9 3.9710297056098517e+38
108 9 9.3974138810091968e+38
110 9 2.0546838323933014e+39
112 9 4.1553622982537134e+39
114 9 7.7715753538713172e+39
116 9 1.3447314534828680e+40
118 9 2.1545611074519630e+40
120 9 3.1989208535619984e+40
122 9 4.4048907030162655e+40
124 9 5.6249123786205605e+40
126 9 6.6596505736475015e+40
128 9 7.3130178414896237e+40
130 9 7.4471602821110153e+40
132 9 7.0257331401967259e+40
134 9 6.1324015508998659e+40
136 9 4.9432186813504174e+40
138 9 3.6756889187964404e+40
140 9 2.5142054372799067e+40
142 9 1.5753236257456743e+40
144 9 9.0027834323751070e+39
146 9 4.6732897206092615e+39
148 9 2.1854826143511384e+39
150 9 9.1136420826660768e+38
152 9 3.3488087812490295e+38
154 9 1.0679388446895153e+38
156 9 2.8837307294703108e+37
158 9 6.3529632573920567e+36
160 9 1.0791181118542962e+36
162 9 1.2657642900533754e+35
164 9 7.7663056187682867e+33
60 10 9.1444722286178944e+17
62 10 1.1069447502773744e+20
64 10 4.5035404872071853e+21
66 10 1.0758767688536185e+23
68 10 1.8413589675204900e+24
70 10 2.5325403561105231e+25
72 10 2.9652451696566769e+26
74 10 3.0744067270801781e+27
76 10 2.8887742720813319e+28
78 10 2.4954575130378496e+29
80 10 1.9910844712824074e+30
82 10 1.4707324375129918e+31
84 10 1.0089414692761670e+32
86 10 6.4087923254782567e+32
88 10 3.7675992644734616e+33
90 10 2.0439036229938377e+34
92 10 1.0226747554485088e+35
94 10 4.7118716529603623e+35
96 10 1.9970849556580260e+36
98 10 7.7790392770412751e+36
100 10 2.7850508844316784e+37
102 10 9.1549679379941406e+37
104 10 2.7606071382961393e+38
106 10 7.6390573324393299e+38
108 10 1.9405750770844379e+39
110 10 4.5251363679264292e+39
112 10 9.6892826872128279e+39
114 10 1.9091499374510940e+40
116 10 3.4582798235654618e+40
118 10 5.7663574025978162e+40
120 10 8.8677775936588281e+40
122 10 1.2580115493042884e+41
124 10 1.6490307694090478e+41
126 10 1.9951353109706780e+41
128 10 2.2301604248207845e+41
130 10 2.3012048613740812e+41
132 10 2.1949451754371131e+41
134 10 1.9315525497071246e+41
136 10 1.5645544871736724e+41
138 10 1.1660541673992265e+41
140 10 7.9691181751152314e+40
142 10 4.9780148381273530e+40
144 10 2.8318368147734655e+40
146 10 1.4594716896768484e+40
148 10 6.7591416865169013e+39
150 10 2.7846813306377854e+39
152 10 1.0099160441283541e+39
154 10 3.1680444496311605e+38
156 10 8.3956549157046290e+37
158 10 1.8133962759673596e+37
160 10 3.0094810811476173e+36
162 10 3.4357552442127496e+35
164 10 2.0443363228934314e+34
64 11 2.8199510533275722e+19
66 11 2.4747851578528655e+21
68 11 9.1440338032270693e+22
70 11 2.0696028426175880e+24
72 11 3.4824430459128417e+25
74 11 4.7474894678706896e+26
76 11 5.5715863769305255e+27
78 11 5.8144425750811788e+28
80 11 5.5175698691421138e+29
82 11 4.7985238914937009e+30
84 11 3.8426021589534556e+31
86 11 2.8426951587503173e+32
88 11 1.9394521180573644e+33
90 11 1.2162557473937148e+34
92 11 7.0106347240003867e+34
94 11 3.6963628547343647e+35
96 11 1.7827077865124747e+36
98 11 7.8480223695497423e+36
100 11 3.1513665397377777e+37
102 11 1.1535699943766957e+38
104 11 3.8480969322933312e+38
106 11 1.1698347042870445e+39
108 11 3.2364451904341500e+39
110 11 8.1641541420695494e+39
112 11 1.8766048074660058e+40
114 11 3.9375186805507840e+40
116 11 7.5558276191200785e+40
118 11 1.3253516841854037e+41
120 11 2.1302831739943522e+41
122 11 3.1422718980071354e+41
124 11 4.2551661649807775e+41
126 11 5.2979468452969164e+41
128 11 6.0637534837268514e+41
130 11 6.3849780117265304e+41
132 11 6.1838463174635022e+41
134 11 5.5110359625458031e+41
136 11 4.5061220040424008e+41
138 11 3.3795409083677061e+41
140 11 2.3165475797209216e+41
142 11 1.4484720281257521e+41
144 11 8.2248134529347128e+40
146 11 4.2191530620087609e+40
148 11 1.9400973700910510e+40
150 11 7.9310130583902289e+39
152 11 2.8435496358855270e+39
154 11 8.8045828333566431e+38
156 11 2.2968123905948092e+38
158 11 4.8707587384035530e+37
160 11 7.9095511632354845e+36
162 11 8.8141721695621207e+35
164 11 5.1011015542128028e+34
66 12 1.4505670673990479e+18
68 12 6.6803641228940843e+20
70 12 4.8630879393371874e+22
72 12 1.6185180603238163e+24
74 12 3.5354926852588785e+25
76 12 5.8164828373913582e+26
78 12 7.9018606037113171e+27
80 12 9.2886539704353284e+28
82 12 9.7706844605597142e+29
84 12 9.3349535731005185e+30
86 12 8.1563484675048474e+31
88 12 6.5432741426042706e+32
90 12 4.8244127961158474e+33
92 12 3.2501333252406580e+34
94 12 2.0005462951406162e+35
96 12 1.1196749118272117e+36
98 12 5.6869529847645382e+36
100 12 2.6143430830980189e+37
102 12 1.0876657506655832e+38
104 12 4.0910750321772635e+38
106 12 1.3891126362316889e+39
108 12 4.2645010643618686e+39
110 12 1.1815064178007896e+40
112 12 2.9614488074550428e+40
114 12 6.7167793709014910e+40
116 12 1.3816381005128774e+41
118 12 2.5806911301289759e+41
120 12 4.3808464123494070e+41
122 12 6.7815601406489004e+41
124 12 9.5766515003837959e+41
126 12 1.2362945348111148e+42
128 12 1.4596355525326261e+42
130 12 1.5779928765484324e+42
132 12 1.5618440247013073e+42
134 12 1.4163795456845722e+42
136 12 1.1747230020353809e+42
138 12 8.9002048036872430e+41
140 12 6.1489095000924955e+41
142 12 3.8598219355799433e+41
144 12 2.1967912771069639e+41
146 12 1.1251378976805540e+41
148 12 5.1599947925994940e+40
150 12 2.0946561576316198e+40
152 12 7.4504418728844511e+39
154 12 2.2830001256838455e+39
156 12 5.8764866639594020e+38
158 12 1.2262080697157871e+38
160 12 1.9554509143003836e+37
162 12 2.1332031081051617e+36
164 12 1.2025690676014541e+35
70 13 5.0342458059692253e+19
72 13 1.3915035925823961e+22
74 13 8.2597504428796532e+23
76 13 2.5696507943042037e+25
78 13 5.3585601625678830e+26
80 13 8.6961474600557481e+27
82 13 1.1749365871948532e+29
84 13 1.3898301876292671e+30
86 13 1.4692175552895191e+31
88 13 1.4097082228829640e+32
90 13 1.2362814853237590e+33
92 13 9.8966797941319039e+33
94 13 7.2169238364180564e+34
96 13 4.7772484168095165e+35
98 13 2.8561089217450305e+36
100 13 1.5367654679755299e+37
102 13 7.4242282239324146e+37
104 13 3.2136217800929261e+38
106 13 1.2460154932186563e+39
108 13 4.3237187628535851e+39
110 13 1.3421463095670051e+40
112 13 3.7319631661558290e+40
114 13 9.2999636632225905e+40
116 13 2.0815620108183397e+41
118 13 4.1921468876071321e+41
120 13 7.6137199548207429e+41
122 13 1.2502941684887987e+42
124 13 1.8603209472965855e+42
126 13 2.5118723073021760e+42
128 13 3.0833560209473810e+42
130 13 3.4468274052386656e+42
132 13 3.5094940021379347e+42
134 13 3.2582063012347847e+42
136 13 2.7543631743681786e+42
138 13 2.1208839396351285e+42
140 13 1.4821752330316703e+42
142 13 9.3915798182577078e+41
144 13 5.3696003039331248e+41
146 13 2.7592866533555823e+41
148 13 1.2652444705594867e+41
150 13 5.1240713992382146e+40
152 13 1.8126704546952339e+40
154 13 5.5088562640724793e+39
156 13 1.4041777794608780e+39
158 13 2.8912522470484728e+38
160 13 4.5396215021741976e+37
162 13 4.8569620585775241e+36
164 13 2.6757708672361562e+35
74 14 1.4548924552739514e+21
76 14 2.4082680325078966e+23
78 14 1.2630023490509719e+25
80 14 3.6200521236470034e+26
82 14 7.3198122084959200e+27
84 14 1.1700544064322184e+29
86 14 1.5819423186069516e+30
88 14 1.8735358146977664e+31
90 14 1.9930215968080571e+32
92 14 1.9196609071387156e+33
94 14 1.6806034067406283e+34
96 14 1.3349790311435675e+35
98 14 9.5621790313129899e+35
100 14 6.1449372356930307e+36
102 14 3.5277075348909269e+37
104 14 1.8007334378307181e+38
106 14 8.1560057083111259e+38
108 14 3.2753164258350803e+39
110 14 1.1632964362627509e+40
112 14 3.6615081303590900e+40
114 14 1.0220307267819173e+41
116 14 2.5336374575154835e+41
118 14 5.5928816371186819e+41
120 14 1.1013344438245795e+42
122 14 1.9444587561159000e+42
124 14 3.0821418369002980e+42
126 14 4.3978239135743265e+42
128 14 5.6642151786730671e+42
130 14 6.5990433238130856e+42
132 14 6.9627186083421075e+42
134 14 6.6606628105283332e+42
136 14 5.7777344717271540e+42
138 14 4.5415675800977635e+42
140 14 3.2293204846898169e+42
142 14 2.0734789063454985e+42
144 14 1.1970645709248473e+42
146 14 6.1901122787673287e+41
148 14 2.8468039598515177e+41
150 14 1.1546176637369724e+41
152 14 4.0785446498348092e+40
154 14 1.2332677526699775e+40
156 14 3.1178077301871070e+39
158 14 6.3574034645679223e+38
160 14 9.8448528903337227e+37
162 14 1.0364572187657646e+37
164 14 5.6032761169160814e+35
78 15 2.9084289319949620e+22
80 15 3.7837996465348338e+24
82 15 1.7068519948509882e+26
84 15 4.6041377154844368e+27
86 15 9.0504080796460584e+28
88 15 1.4337764934599212e+30
90 15 1.9300837064566282e+31
92 15 2.2997185438154379e+32
94 15 2.4552950579767409e+33
96 15 2.3661341502530853e+34
98 15 2.0609968422155067e+35
100 15 1.6098683521327482e+36
102 15 1.1191990340632683e+37
104 15 6.8999728464928930e+37
106 15 3.7444595958105923e+38
108 15 1.7829368638451506e+39
110 15 7.4415348508889680e+39
112 15 2.7147079970546942e+40
114 15 8.6877754771288113e+40
116 15 2.4352863292757537e+41
118 15 6.0056656136954242e+41
120 15 1.3049292474477428e+42
122 15 2.5146498982604033e+42
124 15 4.3018617487504196e+42
126 15 6.5622379248580963e+42
128 15 8.9632779979788733e+42
130 15 1.0986086478518691e+43
132 15 1.2110639545266553e+43
134 15 1.2030919812657576e+43
136 15 1.0772821181546763e+43
138 15 8.6997680599718759e+42
140 15 6.3256161229987139e+42
142 15 4.1361100030509448e+42
144 15 2.4218118168461347e+42
146 15 1.2662478776969457e+42
148 15 5.8675611538581287e+41
150 15 2.3900225878387908e+41
152 15 8.4440381004457426e+40
154 15 2.5517869724302668e+40
156 15 6.4198301832542229e+39
158 15 1.2994212572586236e+39
160 15 1.9931325669722921e+38
162 15 2.0701482391481322e+37
164 15 1.1011367937613453e+36
82 16 5.4672084650314229e+23
84 16 5.1612335222185774e+25
86 16 2.0757215966301140e+27
88 16 5.3076159023163032e+28
90 16 1.0234396026190386e+30
92 16 1.5967380541742172e+31
94 16 2.1644266284604836e+32
96 16 2.5825345752880152e+33
98 16 2.7629621616980584e+34
100 16 2.6551292320925243e+35
102 16 2.2800889770307038e+36
104 16 1.7308135874993032e+37
106 16 1.1534111766239067e+38
108 16 6.6949686807602903e+38
110 16 3.3706961171856453e+39
112 16 1.4675110112143663e+40
114 16 5.5234779458612850e+40
116 16 1.7969148224901562e+41
118 16 5.0610461174765232e+41
120 16 1.2399220504055758e+42
122 16 2.6535419543605520e+42
124 16 4.9798606452913636e+42
126 16 8.2407749549437994e+42
128 16 1.2077414200437113e+43
130 16 1.5742152178167720e+43
132 16 1.8299241538383770e+43
134 16 1.9028196042303808e+43
136 16 1.7728664622321762e+43
138 16 1.4800919012686573e+43
140 16 1.1066603707492660e+43
142 16 7.4090270636021660e+42
144 16 4.4251493886346848e+42
146 16 2.3478228671757646e+42
148 16 1.1006395346309950e+42
150 16 4.5197335978061561e+41
152 16 1.6054863350519279e+41
154 16 4.8597638160016334e+40
156 16 1.2219238756459905e+40
158 16 2.4625007167894452e+39
160 16 3.7503717773230053e+38
162 16 3.8557112018579340e+37
164 16 2.0229591774706310e+36
84 17 1.6303141311163989e+22
86 17 8.4465625328228823e+24
88 17 6.2205870031272276e+26
90 17 2.2824178906491388e+28
92 17 5.6455637415840181e+29
94 17 1.0528749192890267e+31
96 17 1.6497146990521098e+32
98 17 2.2308034402112252e+33
100 17 2.6737264843904730e+34
102 17 2.8583591075343583e+35
104 17 2.7148616820365669e+36
106 17 2.2688165835462360e+37
108 17 1.6484332928223385e+38
110 17 1.0306839019856393e+39
112 17 5.5262111800325456e+39
114 17 2.5221934349388678e+40
116 17 9.8069067817447137e+40
118 17 3.2499513188084646e+41
120 17 9.2015192800224290e+41
122 17 2.2373387191858116e+42
124 17 4.6970667756970067e+42
126 17 8.5751605555152263e+42
128 17 1.3690833136907912e+43
130 17 1.9211491071902077e+43
132 17 2.3811030578822014e+43
134 17 2.6174928526167667e+43
136 17 2.5566938232198194e+43
138 17 2.2231551114274621e+43
140 17 1.7225328398543826e+43
142 17 1.1868711810500916e+43
144 17 7.2667821592385698e+42
146 17 3.9335016508231419e+42
148 17 1.8745855002215143e+42
150 17 7.7888521855610061e+41
152 17 2.7913715840693781e+41
154 17 8.4964547010343775e+40
156 17 2.1427077001374236e+40
158 17 4.3171453558179198e+39
160 17 6.5446210483655900e+38
162 17 6.6857707803396751e+37
164 17 3.4694531739495115e+36
88 18 4.8232393586406640e+23
90 18 1.0846028865007453e+26
92 18 6.7365767448975633e+27
94 18 2.3354683654324079e+29
96 18 5.4302926452249794e+30
98 18 1.0109131981990773e+32
100 18 1.5735370791290611e+33
102 18 2.1371473871679123e+34
104 18 2.5624657569981333e+35
106 18 2.7183822868002972e+36
108 18 2.5203141856170424e+37
110 18 2.0156143463371751e+38
112 18 1.3707614330183267e+39
114 18 7.8626282292689495e+39
116 18 3.7849263800480930e+40
118 18 1.5254868113989949e+41
120 18 5.1557742767360880e+41
122 18 1.4658302480352957e+42
124 18 3.5315170695645589e+42
126 18 7.2623154894491980e+42
128 18 1.2850562621826364e+43
130 18 1.9717205307607735e+43
132 18 2.6389949312292020e+43
134 18 3.0996263965795312e+43
136 18 3.2052340934848974e+43
138 18 2.9275681688592978e+43
140 18 2.3654287253177547e+43
142 18 1.6897480996893855e+43
144 18 1.0666753055710280e+43
146 18 5.9240515424907936e+42
148 18 2.8811175271805032e+42
150 18 1.2179153362998193e+42
152 18 4.4229817599430347e+41
154 18 1.3595491371584442e+41
156 18 3.4490939316190738e+40
158 18 6.9658587361930448e+39
160 18 1.0552260053109821e+39
162 18 1.0741612397636893e+38
164 18 5.5330922229945428e+36
92 19 7.8566439548867839e+24
94 19 1.2126022616180686e+27
96 19 6.9195505406648371e+28
98 19 2.1315953962403502e+30
100 19 4.9168617244290231e+31
102 19 8.9915078280002776e+32
104 19 1.4045789014153298e+34
106 19 1.9087301435312091e+35
108 19 2.2830034444160980e+36
110 19 2.3720594301437732e+37
112 19 2.1057269601882100e+38
114 19 1.5715927051089457e+39
116 19 9.7316628935506749e+39
118 19 4.9665399927202331e+40
120 19 2.0837150499887369e+41
122 19 7.1890759232932979e+41
124 19 2.0508184763231092e+42
126 19 4.8821734896202376e+42
128 19 9.7988332966429723e+42
130 19 1.6746349465683330e+43
132 19 2.4600271422934507e+43
134 19 3.1275945991301368e+43
136 19 3.4644989042106306e+43
138 19 3.3547828631865555e+43
140 19 2.8502420850548310e+43
142 19 2.1270560640551948e+43
144 19 1.3923653029798672e+43
146 19 7.9812089296814869e+42
148 19 3.9837053869719179e+42
150 19 1.7205794781249223e+42
152 19 6.3614917619207955e+41
154 19 1.9811361151594186e+41
156 19 5.0724741302827275e+40
158 19 1.0315344763032363e+40
160 19 1.5680818865465597e+39
162 19 1.5958227037581016e+38
164 19 8.1862895178080137e+36
96 20 9.8064912042019883e+25
98 20 1.3448853071135166e+28
100 20 6.1135304039095543e+29
102 20 1.8477030804513525e+31
104 20 4.1168966086675024e+32
106 20 7.5383001521678404e+33
108 20 1.1762372557181782e+35
110 20 1.6011479218696127e+36
112 20 1.8819914387361963e+37
114 20 1.8780033184645978e+38
116 20 1.5533725937845488e+39
118 20 1.0484434648345548e+40
120 20 5.7124655730413300e+40
122 20 2.5039063118408828e+41
124 20 8.8248965706434686e+41
126 20 2.5215825670469674e+42
128 20 5.9151303393938446e+42
130 20 1.1540945029035993e+43
132 20 1.8971386010257363e+43
134 20 2.6546939430268441e+43
136 20 3.1913324990451250e+43
138 20 3.3156588079940462e+43
140 20 2.9911760020275245e+43
142 20 2.3501818722549393e+43
144 20 1.6073919781574790e+43
146 20 9.5645266239353107e+42
148 20 4.9305670648471983e+42
150 20 2.1871382652846165e+42
152 20 8.2651123875086809e+41
154 20 2.6200701604173632e+41
156 20 6.8046728774238509e+40
158 20 1.3972864055339952e+40
160 20 2.1394574220833978e+39
162 20 2.1830565689968009e+38
164 20 1.1203841112310992e+37
100 21 1.4514135707097583e+27
102 21 1.1897700981037698e+29
104 21 5.1773492476930856e+30
106 21 1.4823169555098649e+32
108 21 3.2717913655767511e+33
110 21 5.9523998415638642e+34
112 21 9.3496483209968824e+35
114 21 1.2553983820878160e+37
116 21 1.4254855068444126e+38
118 21 1.3227371545299245e+39
120 21 9.8367426650469971e+39
122 21 5.7662223962071851e+40
124 21 2.6505770821261434e+41
126 21 9.5530792141152279e+41
128 21 2.7297055954172553e+42
130 21 6.2817046831412876e+42
132 21 1.1862978621416869e+43
134 21 1.8656174516196278e+43
136 21 2.4752076926565775e+43
138 21 2.7952885607605910e+43
140 21 2.7091188269334476e+43
142 21 2.2619044455606845e+43
144 21 1.6307576375514016e+43
146 21 1.0149541805054011e+43
148 21 5.4364778717581628e+42
150 21 2.4905363421030728e+42
152 21 9.6682094426908946e+41
154 21 3.1344159630332308e+41
156 21 8.2842896418312031e+40
158 21 1.7255961856106907e+40
160 21 2.6706119871604893e+39
162 21 2.7411281257096568e+38
164 21 1.4120554601331840e+37
102 22 5.6896849492745550e+25
104 22 1.3737010699473527e+28
106 22 1.0163302971276873e+30
108 22 4.0694314238420121e+31
110 22 1.1291781188732752e+33
112 22 2.4474755510582511e+34
114 22 4.5174937086181509e+35
116 22 7.0011328762499466e+36
118 22 9.1786100431259956e+37
120 22 9.6815333700340061e+38
122 22 8.0256784530140144e+39
124 22 5.1050381379029206e+40
126 22 2.4770458066716978e+41
128 22 9.1247152605206627e+41
130 22 2.5984360930521092e+42
132 22 5.8435814839727169e+42
134 22 1.0618947109456979e+43
136 22 1.5899881380262542e+43
138 22 1.9874901026008374e+43
140 22 2.0973200109574605e+43
142 22 1.8831264660358217e+43
144 22 1.4439712506515267e+43
146 22 9.4716295299877192e+42
148 22 5.3068364396520618e+42
150 22 2.5261400278381872e+42
152 22 1.0136760649159219e+42
154 22 3.3771630355572572e+41
156 22 9.1331912666880249e+40
158 22 1.9364900028007739e+40
160 22 3.0392801084423301e+39
162 22 3.1558363942715634e+38
164 22 1.6357866762616110e+37
106 23 6.7518462939153272e+26
108 23 1.2375969195433598e+29
110 23 8.1325945973065951e+30
112 23 3.0182178941491685e+32
114 23 8.0598952095412931e+33
116 23 1.7898252737936934e+35
118 23 3.2404819702496795e+36
120 23 4.9816306445240695e+37
122 23 6.0593208516223666e+38
124 23 5.6877196392498458e+39
126 23 3.9718563978009943e+40
128 23 2.0439445307745477e+41
130 23 7.7016363249570437e+41
132 23 2.1761382114588864e+42
134 23 4.7546650082742514e+42
136 23 8.2701773344080091e+42
138 23 1.1701981483933855e+43
140 23 1.3694515192947877e+43
142 23 1.3402935528617318e+43
144 23 1.1060606748082579e+43
146 23 7.7216227187240437e+42
148 23 4.5645012879858330e+42
150 23 2.2740166925017680e+42
152 23 9.4855805221227617e+41
154 23 3.2635364969146083e+41
156 23 9.0735211859774940e+40
158 23 1.9697757529325742e+40
160 23 3.1479625313679349e+39
162 23 3.3143515498288518e+38
164 23 1.7357761005848831e+37
110 24 6.9898877458438841e+27
112 24 1.0838954845710837e+30
114 24 6.0215658225100093e+31
116 24 2.0749500243874091e+33
118 24 5.7478350720077026e+34
120 24 1.2328808895206714e+36
122 24 2.2608859673430577e+37
124 24 3.2283515700910814e+38
126 24 3.4903572152575100e+39
128 24 2.7086159981191701e+40
130 24 1.4914817593619007e+41
132 24 5.7438685006604133e+41
134 24 1.6017775270911082e+42
136 24 3.3780277559237158e+42
138 24 5.5803417959901636e+42
140 24 7.4087028075218321e+42
142 24 8.0550169486475965e+42
144 24 7.2561461080962363e+42
146 24 5.4576884183845562e+42
148 24 3.4317730441520804e+42
150 24 1.8044900873570971e+42
152 24 7.8784826146048589e+41
154 24 2.8180759993443926e+41
156 24 8.0959803317370176e+40
158 24 1.8055869585303088e+40
160 24 2.9521601177108625e+39
162 24 3.1666879286987974e+38
164 24 1.6817241268732920e+37
114 25 8.2365186755162525e+28
116 25 8.3995461608176609e+30
118 25 4.0335581497101436e+32
120 25 1.4726045742120153e+34
122 25 3.8065229159019182e+35
124 25 8.5053395763359336e+36
126 25 1.4537537917030007e+38
128 25 1.8466044990009015e+39
130 25 1.6173723984296962e+40
132 25 9.6252939432376102e+40
134 25 3.7780536471259844e+41
136 25 1.0332638726530118e+42
138 25 2.0882782755661871e+42
140 25 3.2503519516966933e+42
142 25 4.0210467952508961e+42
144 25 4.0255061776357368e+42
146 25 3.3071334156832693e+42
148 25 2.2399334634168941e+42
150 25 1.2540314142025070e+42
152 25 5.7745576017687027e+41
154 25 2.1620545059182530e+41
156 25 6.4570402111958326e+40
158 25 1.4885293323789640e+40
160 25 2.5005364594062157e+39
162 25 2.7434623230369707e+38
164 25 1.4824695919011947e+37
116 26 2.3290964083981522e+27
118 26 7.2845720795239535e+29
120 26 5.5563499972999735e+31
122 26 2.9440326838917367e+33
124 26 9.3800410834199551e+34
126 26 2.6214705970323338e+36
128 26 5.4752953057020127e+37
130 26 8.3790625903610988e+38
132 26 8.4393251468629546e+39
134 26 5.4938021901887257e+40
136 26 2.1892147207483108e+41
138 26 5.8268131783103905e+41
140 26 1.1181936266509000e+42
142 26 1.6271446975667965e+42
144 26 1.8573712214620919e+42
146 26 1.6964250742516398e+42
148 26 1.2565382003650311e+42
150 26 7.5766182584994979e+41
152 26 3.7126312163564082e+41
154 26 1.4668879765201154e+41
156 26 4.5819040972006334e+40
158 26 1.0979530848816217e+40
160 26 1.9054460045380861e+39
162 26 2.1479106896397396e+38
164 26 1.1867789056157261e+37
120 27 2.9116564618046623e+28
122 27 4.8386093813087413e+30
124 27 4.4205718547503899e+32
126 27 1.8041671120782738e+34
128 27 6.5313819191396709e+35
130 27 1.7045159636365715e+37
132 27 3.2322713755698761e+38
134 27 3.8267200266439549e+39
136 27 2.7709944925655377e+40
138 27 1.1141383721366333e+41
140 27 2.8616311312489009e+41
142 27 5.1643665212984579e+41
144 27 6.9549939956863625e+41
146 27 7.2492064393785749e+41
148 27 5.9770595383529768e+41
150 27 3.9369563513670844e+41
152 27 2.0785704765109401e+41
154 27 8.7376240158291555e+40
156 27 2.8782796352976712e+40
158 27 7.2103067516653580e+39
160 27 1.3000883179848275e+39
162 27 1.5136487003689908e+38
164 27 8.5931603258976329e+36
124 28 2.0058562039120787e+29
126 28 4.6867446256398705e+31
128 28 2.6060442633311055e+33
130 28 1.2909072062531707e+35
132 28 4.3158824742034682e+36
134 28 1.0516085745643190e+38
136 28 1.5025053462755800e+39
138 28 1.2342364165688121e+40
140 28 4.9708566031488992e+40
142 28 1.2163453377472624e+41
144 28 2.0424283984892191e+41
146 28 2.5182240892487062e+41
148 28 2.3717239994085607e+41
150 28 1.7388337984125322e+41
152 28 1.0020112851227998e+41
154 28 4.5372108884460053e+40
156 28 1.5910296943638149e+40
158 28 4.1976459651113536e+39
160 28 7.9197868893484186e+38
162 28 9.5695175273760297e+37
164 28 5.6055220588585249e+36
128 29 3.1242683968651735e+30
130 29 2.6759535604497117e+32
132 29 1.9734449690852210e+34
134 29 8.7314520643009209e+35
136 29 2.8410813694089895e+37
138 29 5.0614465835893293e+38
140 29 4.8439633908476432e+39
142 29 1.9311235008582504e+40
144 29 4.4490780483420014e+40
146 29 6.8645810530187242e+40
148 29 7.6533677339137768e+40
150 29 6.4093534161735258e+40
152 29 4.1142865695795937e+40
154 29 2.0327501000969913e+40
156 29 7.6729218819448815e+39
158 29 2.1534203619935164e+39
160 29 4.2788350789382518e+38
162 29 5.3985275103008590e+37
164 29 3.2870395599404284e+36
130 30 9.7155790862766003e+28
132 30 1.7425812002085148e+31
134 30 2.2493584719150389e+33
136 30 1.3605667580036578e+35
138 30 6.2710418893582152e+36
140 30 1.4482106159101775e+38
142 30 1.6699745125738602e+39
144 30 6.4906234264668653e+39
146 30 1.3866888970102818e+40
148 30 1.9423371067048380e+40
150 30 1.9272673417691243e+40
152 30 1.4124154041514904e+40
154 30 7.7670879488249604e+39
156 30 3.1991728879305284e+39
158 30 9.6591455764503341e+38
160 30 2.0383837346284121e+38
162 30 2.7093205157380071e+37
164 30 1.7220044027539952e+36
134 31 5.4278243191411298e+29
136 31 1.8044107037986577e+32
138 31 1.5770648107576011e+34
140 31 1.1094154391023900e+36
142 31 3.4793873351674055e+37
144 31 5.0315904669646583e+38
146 31 1.8709983547434238e+39
148 31 3.6491037349985926e+39
150 31 4.5584227084665683e+39
152 31 3.9603731728268935e+39
154 31 2.4855008078657322e+39
156 31 1.1383229275552202e+39
158 31 3.7509670669673033e+38
160 31 8.5095262253682803e+37
162 31 1.2003417513872920e+37
164 31 8.0159311208504293e+35
138 32 9.1829204711445186e+30
140 32 1.2734873253294840e+33
142 32 1.5206485999778124e+35
144 32 6.9055962463765173e+36
146 32 1.3125506721944657e+38
148 32 4.5740624750875689e+38
150 32 8.0060697025911699e+38
152 32 8.7522800156331571e+38
154 32 6.5133114455789679e+38
156 32 3.4040953598067866e+38
158 32 1.2450020573396839e+38
160 32 3.0780071020536165e+37
162 32 4.6597580759740329e+36
164 32 3.3007402351633060e+35
140 33 2.2374737312122955e+29
142 33 6.3640431876647658e+31
144 33 1.5557094195439316e+34
146 33 1.1049099459929640e+36
148 33 2.9408390549261117e+37
150 33 9.3583497495382225e+37
152 33 1.4398827879397501e+38
154 33 1.3473460542492346e+38
156 33 8.3345113688682522e+37
158 33 3.4773372052604919e+37
160 33 9.5314892221117676e+36
162 33 1.5726671581580648e+36
164 33 1.1942282326795469e+35
144 34 1.4820473660879366e+30
146 34 1.1090003137017105e+33
148 34 1.3823633847801811e+35
150 34 5.5579663793435786e+36
152 34 1.5750819680561258e+37
154 34 2.0747863440409256e+37
156 34 1.6147843530100975e+37
158 34 7.9677142163904370e+36
160 34 2.4884033242751715e+36
162 34 4.5445072079424486e+35
164 34 3.7585232455754975e+34
148 35 4.8774269375225978e+31
150 35 1.2999804844169759e+34
152 35 8.7137735809221399e+35
154 35 2.1321332985534892e+36
156 35 2.3340049743918813e+36
158 35 1.4475739510902788e+36
160 35 5.3384975993566718e+35
162 35 1.1087222177846774e+35
164 35 1.0146652279229294e+34
150 36 9.9110763667492723e+29
152 36 8.5948022492527786e+32
154 36 1.1059896683945034e+35
156 36 2.2557743310069668e+35
158 36 1.9703834197522479e+35
160 36 9.1067421092086341e+34
162 36 2.2311687035256947e+34
164 36 2.3155065984307915e+33
154 37 3.5420100208367785e+31
156 37 1.1018978482019839e+34
158 37 1.7915534638158550e+34
160 37 1.1636638191915542e+34
162 37 3.5704547944483817e+33
164 37 4.3661511928932074e+32
156 38 6.8535317053610467e+29
158 38 8.2647203127189393e+32
160 38 9.9961224246826698e+32
162 38 4.2952482679688457e+32
164 38 6.5597843789577290e+31
160 39 4.3534142216375380e+31
162 39 3.4717095183292844e+31
164 39 7.4269939586676167e+30
162 40 1.4362594832444527e+30
164 40 5.6806630767095690e+29
164 41 2.2186191578459462e+28
