152 -25 6.0267426924022056e+03
144 -24 4.7537712856615817e+03
146 -24 4.3241771671360380e+04
148 -24 2.7024524609659205e+05
150 -24 8.9566802954857470e+04
152 -24 8.7732149741874309e+05
138 -23 1.8188132535264103e+04
140 -23 2.9695982513532537e+05
142 -23 1.9135151530729369e+06
144 -23 6.0340019123709612e+06
146 -23 1.1090675031581152e+07
148 -23 2.5859274331735335e+07
150 -23 1.2361200809926264e+07
152 -23 3.2761150191993162e+07
132 -22 2.5558242969755083e+04
134 -22 8.8825566668550135e+05
136 -22 8.2208486278353706e+06
138 -22 3.9033160430704840e+07
140 -22 1.2045723076904038e+08
142 -22 2.7979565472182721e+08
144 -22 5.0219159029351234e+08
146 -22 6.6074976963231087e+08
148 -22 9.0888454637773120e+08
150 -22 4.8869109143524528e+08
152 -22 7.2477467953558660e+08
126 -21 1.5114662077710564e+04
128 -21 1.2491310140104115e+06
130 -21 1.9869848088322867e+07
132 -21 1.3716071770889065e+08
134 -21 5.9106114345601940e+08
136 -21 1.8395851732124660e+09
138 -21 4.3535503849716282e+09
140 -21 8.4739545739763517e+09
142 -21 1.3441804707287012e+10
144 -21 1.8342772922642277e+10
146 -21 2.0113148788147858e+10
148 -21 2.1348262318331989e+10
150 -21 1.1702666828014650e+10
152 -21 1.2269574150477457e+10
120 -20 3.2099339155078442e+03
122 -20 8.6848671043637500e+05
124 -20 2.6201849418571424e+07
126 -20 2.8544911476508915e+08
128 -20 1.7142352641308968e+09
130 -20 7.0217037277022057e+09
132 -20 2.1612069239601532e+10
134 -20 5.3296297479236069e+10
136 -20 1.0977884267427745e+11
138 -20 1.9176025319620676e+11
140 -20 2.9267842052279108e+11
142 -20 3.8760039392676270e+11
144 -20 4.4899857995398816e+11
146 -20 4.3743063547348035e+11
148 -20 3.9091501478585370e+11
150 -20 2.1274890281637863e+11
152 -20 1.7002791355818408e+11
116 -19 2.7960277785119682e+05
118 -19 1.8588829577393658e+07
120 -19 3.4999024978048819e+08
122 -19 3.1030423024524989e+09
124 -19 1.7086912108849421e+10
126 -19 6.7786921778524170e+10
128 -19 2.0973645825282272e+11
130 -19 5.3508484938792999e+11
132 -19 1.1624951328852439e+12
134 -19 2.2012673230828428e+12
136 -19 3.6790982952284390e+12
138 -19 5.4301626385292197e+12
140 -19 7.1890870242618701e+12
142 -19 8.3690130936077852e+12
144 -19 8.6443797212143770e+12
146 -19 7.6278962989342988e+12
148 -19 5.9943627953760518e+12
150 -19 3.1635891130623999e+12
152 -19 2.0384830157120054e+12
110 -18 3.2084721291953425e+04
112 -18 6.6984847428917494e+06
114 -18 2.4644970863207078e+08
116 -18 3.5233485056651878e+09
118 -18 2.7137256881883781e+10
120 -18 1.4084100194313327e+11
122 -18 5.5071784796570703e+11
124 -18 1.7301792369423608e+12
126 -18 4.5671966097354121e+12
128 -18 1.0459540730777760e+13
130 -18 2.1100587410369707e+13
132 -18 3.8013809590140484e+13
134 -18 6.1484868981421477e+13
136 -18 8.9839675652754594e+13
138 -18 1.1804044676391784e+14
140 -18 1.4001780772077741e+14
142 -18 1.4791535244141944e+14
144 -18 1.3921755510662241e+14
146 -18 1.1322323636480834e+14
148 -18 8.0167924719439219e+13
150 -18 4.0438003114932523e+13
152 -18 2.1715978778269059e+13
104 -17 1.3001180534234231e+02
106 -17 1.0331690975113498e+06
108 -17 9.1833210912626147e+07
110 -17 2.3930946492048349e+09
112 -17 2.8151143309921600e+10
114 -17 1.9900186781082126e+11
116 -17 9.9684715801515820e+11
118 -17 3.8841609651185674e+12
120 -17 1.2430744964736840e+13
122 -17 3.3962079777852062e+13
124 -17 8.1427946280034625e+13
126 -17 1.7408701468363006e+14
128 -17 3.3455650900457081e+14
130 -17 5.8262734450566125e+14
132 -17 9.2543702446573662e+14
134 -17 1.3377093308049930e+15
136 -17 1.7693187512421540e+15
138 -17 2.1195596123330142e+15
140 -17 2.3057321671387435e+15
142 -17 2.2512876476023728e+15
144 -17 1.9527368980658370e+15
146 -17 1.4755774351405310e+15
148 -17 9.5815038203057012e+14
150 -17 4.6016689253034919e+14
152 -17 2.1094450433180466e+14
100 -16 4.1976273585214913e+04
102 -16 1.5688842359420635e+07
104 -16 8.9610625399307954e+08
106 -16 1.8313275615115498e+10
108 -16 1.8883313422541037e+11
110 -16 1.2548601968652507e+12
112 -16 6.1739325348875332e+12
114 -16 2.4171024842171336e+13
116 -16 7.9088538688115344e+13
118 -16 2.2345492078588269e+14
120 -16 5.6097792983450212e+14
122 -16 1.2573031876224752e+15
124 -16 2.5640707125954025e+15
126 -16 4.7686709457217230e+15
128 -16 8.1381969246659790e+15
130 -16 1.2773077083072190e+16
132 -16 1.8420327992885876e+16
134 -16 2.4422231774179944e+16
136 -16 2.9681578438463768e+16
138 -16 3.3013435304401940e+16
140 -16 3.3344312196585888e+16
142 -16 3.0335093704154620e+16
144 -16 2.4527751460319132e+16
146 -16 1.7297800130106106e+16
148 -16 1.0407786036669756e+16
150 -16 4.7350420560736400e+15
152 -16 1.8862641143752400e+15
96 -15 9.0021315493265365e+05
98 -15 1.6146220282599002e+08
100 -15 6.8497512013771954e+09
102 -15 1.1616015929840344e+11
104 -15 1.0947168174581257e+12
106 -15 6.9909314379988965e+12
108 -15 3.4051233965656000e+13
110 -15 1.3482913125527748e+14
112 -15 4.5160822219988394e+14
114 -15 1.3216372604587752e+15
116 -15 3.4451424438218675e+15
118 -15 8.1076531292207700e+15
120 -15 1.7418534577447666e+16
122 -15 3.4288839455171964e+16
124 -15 6.2374198565114872e+16
126 -15 1.0490950464082058e+17
128 -15 1.6329905263676317e+17
130 -15 2.3553210130704045e+17
132 -15 3.1413643434483738e+17
134 -15 3.8700768336003379e+17
136 -15 4.3892730658573267e+17
138 -15 4.5625691675716205e+17
140 -15 4.3264582409140621e+17
142 -15 3.6894482757381453e+17
144 -15 2.8062583495223718e+17
146 -15 1.8585623789649926e+17
148 -15 1.0415628435764531e+17
150 -15 4.4742682830301936e+16
152 -15 1.5671778274942120e+16
90 -14 5.1799206039459714e+03
92 -14 1.0910580019180296e+07
94 -14 1.2997518576294580e+09
96 -14 4.3074345605792831e+10
98 -14 6.3519714046878320e+11
100 -14 5.5961672788960811e+12
102 -14 3.4874616370998836e+13
104 -14 1.6911313943894775e+14
106 -14 6.7637119839257988e+14
108 -14 2.3231462963755070e+15
110 -14 7.0155123810944340e+15
112 -14 1.9033727608260048e+16
114 -14 4.6810423120357960e+16
116 -14 1.0553155634149344e+17
118 -14 2.1966742189925878e+17
120 -14 4.2319619448856147e+17
122 -14 7.5773348779363712e+17
124 -14 1.2599511154866025e+18
126 -14 1.9554547127862636e+18
128 -14 2.8218817786391199e+18
130 -14 3.7952903571327662e+18
132 -14 4.7399845401735270e+18
134 -14 5.4887890830989855e+18
136 -14 5.8471046408623739e+18
138 -14 5.7346284861358674e+18
140 -14 5.1219516327775662e+18
142 -14 4.1260746019357455e+18
144 -14 2.9612216905204388e+18
146 -14 1.8464357185268920e+18
148 -14 9.7094860136877542e+17
150 -14 3.9297057100402400e+17
152 -14 1.2250866682711522e+17
86 -13 1.2687704511665390e+05
88 -13 9.8516051273350969e+07
90 -13 8.5004063792080679e+09
92 -13 2.3003256871505093e+11
94 -13 3.0369863274589258e+12
96 -13 2.5459681182802000e+13
98 -13 1.5573335605777644e+14
100 -13 7.5312658258764712e+14
102 -13 3.0618917001476590e+15
104 -13 1.0759778252249818e+16
106 -13 3.3598287983751372e+16
108 -13 9.4436963475449104e+16
110 -13 2.4254065691982886e+17
112 -13 5.7301602049558035e+17
114 -13 1.2544778397823675e+18
116 -13 2.5539676879423872e+18
118 -13 4.8450476464772762e+18
120 -13 8.5807377239465288e+18
122 -13 1.4228953492577055e+19
124 -13 2.2032309301453349e+19
126 -13 3.1955170229479383e+19
128 -13 4.3346283876862575e+19
130 -13 5.4767932611965297e+19
132 -13 6.4557791105486307e+19
134 -13 7.0592326026641981e+19
136 -13 7.1363648760225087e+19
138 -13 6.6313817336219214e+19
140 -13 5.6110557769278169e+19
142 -13 4.2828323262398325e+19
144 -13 2.9105145108233482e+19
146 -13 1.7157242322709131e+19
148 -13 8.4764759492475535e+18
150 -13 3.2340843614695470e+18
152 -13 9.0468188808477645e+17
82 -12 1.6409390574540636e+06
84 -12 7.1979376828180361e+08
86 -12 4.6418188330122208e+10
88 -12 1.0591306774401545e+12
90 -12 1.2782980587032980e+13
92 -12 1.0251357203218131e+14
94 -12 6.1799287795820688e+14
96 -12 3.0048449287149400e+15
98 -12 1.2386638935695608e+16
100 -12 4.4753101022376280e+16
102 -12 1.4388445342432242e+17
104 -12 4.2088780263100365e+17
106 -12 1.1276664141182719e+18
108 -12 2.7885894428733000e+18
110 -12 6.4126266710876559e+18
112 -12 1.3746051065728535e+19
114 -12 2.7538901440877736e+19
116 -12 5.1704162849082229e+19
118 -12 9.1168663566713487e+19
120 -12 1.5088662180589083e+20
122 -12 2.3453227226298178e+20
124 -12 3.4210519281553965e+20
126 -12 4.6911293187630970e+20
128 -12 6.0167409306844293e+20
130 -12 7.2137542213631948e+20
132 -12 8.0734864965996288e+20
134 -12 8.3869965743519747e+20
136 -12 8.0548106579719828e+20
138 -12 7.1190739973907533e+20
140 -12 5.7419329414400121e+20
142 -12 4.1650861621229099e+20
144 -12 2.6843804632244729e+20
146 -12 1.4976966650973887e+20
148 -12 6.9871684934257951e+19
150 -12 2.5063872358586561e+19
152 -12 6.3361281141264968e+18
78 -11 1.6210899130108997e+07
80 -11 4.2787469900807791e+09
82 -11 2.1248458613406271e+11
84 -11 4.1886875216477881e+12
86 -11 4.6949483950633609e+13
88 -11 3.6366195815346488e+14
90 -11 2.1647714343715500e+15
92 -11 1.0606965352517416e+16
94 -11 4.4528935609328320e+16
96 -11 1.6499291025364902e+17
98 -11 5.4906494604879757e+17
100 -11 1.6718474478336986e+18
102 -11 4.6655420928423219e+18
104 -11 1.2100736562643677e+19
106 -11 2.9140765752980267e+19
108 -11 6.5751689111326163e+19
110 -11 1.3919984631337075e+20
112 -11 2.7680721187995222e+20
114 -11 5.1651442388557719e+20
116 -11 9.1077508827730123e+20
118 -11 1.5115190367541728e+21
120 -11 2.3629835481659521e+21
122 -11 3.4773757881310144e+21
124 -11 4.8174908507368173e+21
126 -11 6.2712037164335980e+21
128 -11 7.6503215521348557e+21
130 -11 8.7588029110118053e+21
132 -11 9.3491646126978404e+21
134 -11 9.2763936197430382e+21
136 -11 8.5052397083295534e+21
138 -11 7.1746162256408331e+21
140 -11 5.5072671914934225e+21
142 -11 3.8118487399636234e+21
144 -11 2.3348799740165022e+21
146 -11 1.2384569619300651e+21
148 -11 5.4602487085224500e+20
150 -11 1.8477579957200149e+20
152 -11 4.2485203558292939e+19
72 -10 8.5474088217673980e+03
74 -10 1.2216787669294278e+08
76 -10 2.0644121854671749e+10
78 -10 8.1084880373959631e+11
80 -10 1.4058469940777883e+13
82 -10 1.4808618980307291e+14
84 -10 1.1156569354758444e+15
86 -10 6.6222734387659100e+15
88 -10 3.2699180259348468e+16
90 -10 1.4040652890231389e+17
92 -10 5.3509792062992742e+17
94 -10 1.8455234616175800e+18
96 -10 5.8369137542666824e+18
98 -10 1.7016134714828888e+19
100 -10 4.6207394617513435e+19
102 -10 1.1721735698103091e+20
104 -10 2.7834855995098759e+20
106 -10 6.2056322516848817e+20
108 -10 1.3062851140607712e+21
110 -10 2.5887844190408661e+21
112 -10 4.8450925591399372e+21
114 -10 8.5515875800975640e+21
116 -10 1.4279689217363224e+22
118 -10 2.2542185010134602e+22
120 -10 3.3478150445588355e+22
122 -10 4.7021692876756485e+22
124 -10 6.2160245055114359e+22
126 -10 7.7394810730206850e+22
128 -10 9.0475385600999013e+22
130 -10 9.8945928988405522e+22
132 -10 1.0114050554922305e+23
134 -10 9.6036911219801219e+22
136 -10 8.4410655622496059e+22
138 -10 6.8108929553180404e+22
140 -10 5.0059468863324947e+22
142 -10 3.3046736621988250e+22
144 -10 1.9307825149041644e+22
146 -10 9.7216636337636109e+21
148 -10 4.0574347051828044e+21
150 -10 1.2942420754346274e+21
152 -10 2.7212125194497203e+20
68 -9 2.3681713320215585e+05
70 -9 6.9563461124753213e+08
72 -9 7.9492756825112915e+10
74 -9 2.5424168842799761e+12
76 -9 3.9568078874094984e+13
78 -9 3.9513707764699925e+14
80 -9 2.9194985872107510e+15
82 -9 1.7320630749419184e+16
84 -9 8.6997722511896496e+16
86 -9 3.8203063417353466e+17
88 -9 1.5020338663639078e+18
90 -9 5.3864346789826703e+18
92 -9 1.7742054165157290e+19
94 -9 5.4180742990280163e+19
96 -9 1.5426525958668960e+20
98 -9 4.1162234827969659e+20
100 -9 1.0310531846145632e+21
102 -9 2.4298541077004215e+21
104 -9 5.4034678507695474e+21
106 -9 1.1350082738600729e+22
108 -9 2.2586927945221870e+22
110 -9 4.2455680301178118e+22
112 -9 7.5510595216638210e+22
114 -9 1.2727246797731483e+23
116 -9 2.0292907652529411e+23
118 -9 3.0591119865791894e+23
120 -9 4.3617294767692889e+23
122 -9 5.8685794016292957e+23
124 -9 7.4483598873438528e+23
126 -9 8.8971252789589319e+23
128 -9 9.9848857651247709e+23
130 -9 1.0489572121622057e+24
132 -9 1.0297395829261380e+24
134 -9 9.3849674443305053e+23
136 -9 7.9138631856198822e+23
138 -9 6.1210684959920410e+23
140 -9 4.3089851269316923e+23
142 -9 2.7213742269045029e+23
144 -9 1.5205763857091029e+23
146 -9 7.2858043687995032e+22
148 -9 2.8846188383074538e+22
150 -9 8.6701688937140359e+21
152 -9 1.6778570856316128e+21
64 -8 2.8387787144070808e+06
66 -8 2.9604867436339674e+09
68 -8 2.4115681044472736e+11
70 -8 6.4572838781132129e+12
72 -8 9.2006940139016953e+13
74 -8 8.7971165595100088e+14
76 -8 6.4125414065640540e+15
78 -8 3.8245185468316120e+16
80 -8 1.9565697547938246e+17
82 -8 8.8195252157508710e+17
84 -8 3.5934162514939909e+18
86 -8 1.3403111809748378e+19
88 -8 4.6141825595886043e+19
90 -8 1.4797400564731147e+20
92 -8 4.4225248666389270e+20
94 -8 1.2443442231366312e+21
96 -8 3.2937536163046564e+21
98 -8 8.2115247021056516e+21
100 -8 1.9379105706908779e+22
102 -8 4.3230469727458326e+22
104 -8 9.1363596108564160e+22
106 -8 1.8273121454126312e+23
108 -8 3.4732154725919867e+23
110 -8 6.2451576217482512e+23
112 -8 1.0659373993680813e+24
114 -8 1.7238507295912742e+24
116 -8 2.6390555508925965e+24
118 -8 3.8312156977503163e+24
120 -8 5.2549299027377989e+24
122 -8 6.8101173451692819e+24
124 -8 8.3248994583274229e+24
126 -8 9.5807414517867270e+24
128 -8 1.0366413464363460e+25
130 -8 1.0480215640421724e+25
132 -8 9.9058130979797327e+24
134 -8 8.6818900280576000e+24
136 -8 7.0391893924662747e+24
138 -8 5.2339401046897746e+24
140 -8 3.5330979158375749e+24
142 -8 2.1388992603038909e+24
144 -8 1.1419006176139992e+24
146 -8 5.2230700592585987e+23
148 -8 1.9633339447164245e+23
150 -8 5.5686608138496324e+22
152 -8 9.9276720064395687e+21
60 -7 1.9587687684301622e+07
62 -7 9.2901930909622135e+09
64 -7 5.6514487014650146e+11
66 -7 1.3060662895590053e+13
68 -7 1.7269109907158284e+14
70 -7 1.6026041493944635e+15
72 -7 1.1578297483374490e+16
74 -7 6.9574395076317616e+16
76 -7 3.6341117319719002e+17
78 -7 1.6924477124857915e+18
80 -7 7.1580270299927992e+18
82 -7 2.7862152822666592e+19
84 -7 1.0077572174877591e+20
86 -7 3.3965231422502221e+20
88 -7 1.0730436010071235e+21
90 -7 3.1874979075727939e+21
92 -7 8.9363707960200266e+21
94 -7 2.3688664026593314e+22
96 -7 5.9384268984117128e+22
98 -7 1.4095717042287890e+23
100 -7 3.1729622088235462e+23
102 -7 6.7805232724078825e+23
104 -7 1.3725562051223781e+24
106 -7 2.6411362439057849e+24
108 -7 4.8292858098873601e+24
110 -7 8.3708316414580787e+24
112 -7 1.3777570762239339e+25
114 -7 2.1496720347549719e+25
116 -7 3.1795719968143203e+25
118 -7 4.4569734635100553e+25
120 -7 5.9093868300050162e+25
122 -7 7.4012891840799640e+25
124 -7 8.7407700223740444e+25
126 -7 9.7195834720678822e+25
128 -7 1.0141655964561257e+26
130 -7 9.9111567566476240e+25
132 -7 9.0278266147203088e+25
134 -7 7.6364584959985311e+25
136 -7 5.9617106107370648e+25
138 -7 4.2640466776150405e+25
140 -7 2.7622911095661770e+25
142 -7 1.6065894670209571e+25
144 -7 8.2116283114533657e+24
146 -7 3.5859744790903068e+24
148 -7 1.2820585072360391e+24
150 -7 3.4338840691140778e+23
152 -7 5.6655182709126725e+22
56 -6 8.0673084094350547e+07
58 -6 2.1306484277997330e+10
60 -6 1.0096372815145010e+12
62 -6 2.0686767975536176e+13
64 -6 2.5714150711337281e+14
66 -6 2.3219157341246250e+15
68 -6 1.6756357784116654e+16
70 -6 1.0216398604177738e+17
72 -6 5.4664455156786304e+17
74 -6 2.6374911905308242e+18
76 -6 1.1646802382387790e+19
78 -6 4.7531696683140276e+19
80 -6 1.8082539182570655e+20
82 -6 6.4339505966881794e+20
84 -6 2.1559056255250425e+21
86 -6 6.7931691771265223e+21
88 -6 2.0233413049205771e+22
90 -6 5.7049567688343907e+22
92 -6 1.5249400951997805e+23
94 -6 3.8683729800030813e+23
96 -6 9.2965045547327487e+23
98 -6 2.1267703746720645e+24
100 -6 4.6108292558748331e+24
102 -6 9.5027526321597117e+24
104 -6 1.8619285771331639e+25
106 -6 3.4653384928217215e+25
108 -6 6.1327746632343600e+25
110 -6 1.0301714199069833e+26
112 -6 1.6435371526193219e+26
114 -6 2.4871352985337423e+26
116 -6 3.5671091190453573e+26
118 -6 4.8440318229857990e+26
120 -6 6.2312250816247487e+26
122 -6 7.5623550730162236e+26
124 -6 8.6619130092007283e+26
126 -6 9.3138715928262999e+26
128 -6 9.4113174094558752e+26
130 -6 8.8920659697017931e+26
132 -6 7.8300784006705197e+26
134 -6 6.4015765907911617e+26
136 -6 4.8153608222786162e+26
138 -6 3.3201831750502137e+26
140 -6 2.0733969223458680e+26
142 -6 1.1557723729500601e+26
144 -6 5.6594366126573334e+25
146 -6 2.3636592989447015e+25
148 -6 8.0322434952254520e+24
150 -6 2.0370782359328102e+24
152 -6 3.1143206303543036e+23
52 -5 2.1392333222097906e+08
54 -5 3.5097533492294205e+10
56 -5 1.3536379926729949e+12
58 -5 2.4907247119678887e+13
60 -5 2.9567858901429444e+14
62 -5 2.6142850917440040e+15
64 -5 1.8919863146132756e+16
66 -5 1.1753713298655418e+17
68 -5 6.4888051226736218e+17
70 -5 3.2564875062787476e+18
72 -5 1.5056546085819023e+19
74 -5 6.4692495057798447e+19
76 -5 2.5997016750258156e+20
78 -5 9.8136200314298171e+20
80 -5 3.4948805770709959e+21
82 -5 1.1749520438811716e+22
84 -5 3.7326107958553763e+22
86 -5 1.1273855769874561e+23
88 -5 3.2215345748376702e+23
90 -5 8.7514434962065271e+23
92 -5 2.2554029561974578e+24
94 -5 5.5322666262350350e+24
96 -5 1.2899283737414981e+25
98 -5 2.8621169546931219e+25
100 -5 6.0349313104880482e+25
102 -5 1.2086850509964329e+26
104 -5 2.3044303402105179e+26
106 -5 4.1742764258926797e+26
108 -5 7.1864013132615835e+26
110 -5 1.1743196981816338e+27
112 -5 1.8240267336309453e+27
114 -5 2.6843411458654072e+27
116 -5 3.7485721437472177e+27
118 -5 4.9523814608116233e+27
120 -5 6.1840840497645525e+27
122 -5 7.2933616383235792e+27
124 -5 8.1053034332255511e+27
126 -5 8.4688254919629572e+27
128 -5 8.2927683021216131e+27
130 -5 7.5890320389908801e+27
132 -5 6.4699279613828327e+27
134 -5 5.1158169859097009e+27
136 -5 3.7186090180483686e+27
138 -5 2.4748830125981485e+27
140 -5 1.4884523371402652e+27
142 -5 7.9841210241889701e+26
144 -5 3.7470413121171888e+26
146 -5 1.4965877910725929e+26
148 -5 4.8485736885011382e+25
150 -5 1.1628123549246828e+25
152 -5 1.6571296035957967e+24
48 -4 3.6890853840869784e+08
50 -4 4.0995594539441803e+10
52 -4 1.3293729054492075e+12
54 -4 2.2378330281197738e+13
56 -4 2.5504890159885150e+14
58 -4 2.2276267401101490e+15
60 -4 1.6182612110467868e+16
62 -4 1.0306993126742586e+17
64 -4 5.8873627017749325e+17
66 -4 3.0878848368881935e+18
68 -4 1.5015756154380059e+19
70 -4 6.8262670171944493e+19
72 -4 2.9154573549135656e+20
74 -4 1.1722996097342961e+21
76 -4 4.4518268050822466e+21
78 -4 1.6036502848795348e+22
80 -4 5.4689003176583844e+22
82 -4 1.7698618090275279e+23
84 -4 5.4403597342103220e+23
86 -4 1.5907739932925416e+24
88 -4 4.4243905134242415e+24
90 -4 1.1692197287563522e+25
92 -4 2.9412878745663005e+25
94 -4 7.0438750486312338e+25
96 -4 1.6028378631637584e+26
98 -4 3.4746731251481813e+26
100 -4 7.1600496926527150e+26
102 -4 1.4034184906693557e+27
104 -4 2.6161741505778230e+27
106 -4 4.6317402696486933e+27
108 -4 7.7995903453364325e+27
110 -4 1.2457697731667672e+28
112 -4 1.8866076995922691e+28
114 -4 2.7144761509695678e+28
116 -4 3.6943397713800926e+28
118 -4 4.7612008178417275e+28
120 -4 5.7917901077109702e+28
122 -4 6.6489343336545022e+28
124 -4 7.1929991045427620e+28
126 -4 7.3024099652800844e+28
128 -4 6.9432478280472951e+28
130 -4 6.1727486401264857e+28
132 -4 5.1007502271033169e+28
134 -4 3.9038866519988489e+28
136 -4 2.7476778188178552e+28
138 -4 1.7622782396219907e+28
140 -4 1.0221715157855084e+28
142 -4 5.2813921309308529e+27
144 -4 2.3812900597530581e+27
146 -4 9.1080519206392339e+26
148 -4 2.8127005762713237e+26
150 -4 6.3983205094674851e+25
152 -4 8.5116297255054217e+24
42 -3 2.7171440157080116e+05
44 -3 4.0913467907133782e+08
46 -3 3.3312597508151302e+10
48 -3 9.2580736349657593e+11
50 -3 1.4455292843329352e+13
52 -3 1.5903567612107438e+14
54 -3 1.3752229830134868e+15
56 -3 1.0116239889585124e+16
58 -3 6.6083420040959040e+16
60 -3 3.9317032722052717e+17
62 -3 2.1684429519858266e+18
64 -3 1.1165950223682576e+19
66 -3 5.3941554110072701e+19
68 -3 2.4581390124279618e+20
70 -3 1.0595557012585353e+21
72 -3 4.3225194733972022e+21
74 -3 1.6727599626844669e+22
76 -3 6.1538921477926111e+22
78 -3 2.1520253680835155e+23
80 -3 7.1489986097231279e+23
82 -3 2.2629528461959756e+24
84 -3 6.8131463844634639e+24
86 -3 1.9521829648323410e+25
88 -3 5.3222884152078343e+25
90 -3 1.3817008077829414e+26
92 -3 3.4183879219206271e+26
94 -3 8.0505936009326858e+26
96 -3 1.8026059153467619e+27
98 -3 3.8372129293285248e+27
100 -3 7.7680547749623371e+27
102 -3 1.4970805047800326e+28
104 -3 2.7374064047968804e+28
106 -3 4.7604202883779220e+28
108 -3 7.8588433215651614e+28
110 -3 1.2297950256115267e+29
112 -3 1.8260830615790694e+29
114 -3 2.5721508947552432e+29
116 -3 3.4207356580523678e+29
118 -3 4.3088612942824610e+29
120 -3 5.1178777836762537e+29
122 -3 5.7353022525301883e+29
124 -3 6.0449110486052102e+29
126 -3 5.9793286418076827e+29
128 -3 5.5317147790593187e+29
130 -3 4.7809540500888056e+29
132 -3 3.8339886907140040e+29
134 -3 2.8438338790607620e+29
136 -3 1.9377336783397944e+29
138 -3 1.2036567274826555e+29
140 -3 6.7365739122733547e+28
142 -3 3.3507774026085062e+28
144 -3 1.4529119836504372e+28
146 -3 5.3225181388831307e+27
148 -3 1.5698819456950736e+27
150 -3 3.3874014205725612e+26
152 -3 4.2219420770775817e+25
38 -2 4.6999198023993691e+05
40 -2 2.8800767013033485e+08
42 -2 1.7997914739131882e+10
44 -2 4.4031567988577789e+11
46 -2 6.4202384720236045e+12
48 -2 6.8221016344610703e+13
50 -2 5.8710858751447438e+14
52 -2 4.4007220611105580e+15
54 -2 2.9761140456057312e+16
56 -2 1.8561403760242765e+17
58 -2 1.0829382828124892e+18
60 -2 5.9365086770887209e+18
62 -2 3.0681144828483953e+19
64 -2 1.5007997695112757e+20
66 -2 6.9610612399917551e+20
68 -2 3.0689554787968850e+21
70 -2 1.2837095278087370e+22
72 -2 5.1269622002130048e+22
74 -2 1.9439697505545833e+23
76 -2 7.0320046408363685e+23
78 -2 2.4240643448551903e+24
80 -2 7.9628306444931505e+24
82 -2 2.4881648702142070e+25
84 -2 7.4084368287515048e+25
86 -2 2.1015619254486660e+26
88 -2 5.6752015862564680e+26
90 -2 1.4577322631359521e+27
92 -2 3.5641989109162336e+27
94 -2 8.2975904689060074e+27
96 -2 1.8369602860715538e+28
98 -2 3.8622173783750992e+28
100 -2 7.7241933135505379e+28
102 -2 1.4673767006679608e+29
104 -2 2.6461967007881864e+29
106 -2 4.5320972515133605e+29
108 -2 7.3595977690373421e+29
110 -2 1.1328742945652571e+30
112 -2 1.6532392780330770e+30
114 -2 2.2831044171592484e+30
116 -2 2.9806296536991809e+30
118 -2 3.6773187050058113e+30
120 -2 4.2727192177526889e+30
122 -2 4.6782979807629406e+30
124 -2 4.8154916942834115e+30
126 -2 4.6463293086751848e+30
128 -2 4.1915670769624567e+30
130 -2 3.5228495618251057e+30
132 -2 2.7483967917655918e+30
134 -2 1.9788708294387618e+30
136 -2 1.3072198632865700e+30
138 -2 7.8583823237450132e+29
140 -2 4.2503919629863519e+29
142 -2 2.0408284801976807e+29
144 -2 8.5090109658899499e+28
146 -2 2.9938290430444694e+28
148 -2 8.4315011447210495e+27
150 -2 1.7289369772617551e+27
152 -2 2.0240175719474776e+26
34 -1 3.9950095737653982e+05
36 -1 1.2256235878887574e+08
38 -1 6.0973108620294914e+09
40 -1 1.3303430802054231e+11
42 -1 1.8227573457319329e+12
44 -1 1.8789981191599375e+13
46 -1 1.6181513680323444e+14
48 -1 1.2448596051581862e+15
50 -1 8.8190805931078590e+15
52 -1 5.8528950194317184e+16
54 -1 3.6418220733326099e+17
56 -1 2.1412817147313820e+18
58 -1 1.1933431299579193e+19
60 -1 6.3124191832263639e+19
62 -1 3.1745111010365086e+20
64 -1 1.5204277735299547e+21
66 -1 6.9344349936293333e+21
68 -1 3.0204361642179591e+22
70 -1 1.2542928279347129e+23
72 -1 4.9683497610010699e+23
74 -1 1.8766719266915235e+24
76 -1 6.7613545989478996e+24
78 -1 2.3220363430781891e+25
80 -1 7.6043275833139006e+25
82 -1 2.3720208069428612e+26
84 -1 7.0448548226508650e+26
86 -1 1.9928083964600329e+27
88 -1 5.3647698699497589e+27
90 -1 1.3740890215205432e+28
92 -1 3.3453301809534218e+28
94 -1 7.7432392517573616e+28
96 -1 1.6994354639077937e+29
98 -1 3.5505212167580802e+29
100 -1 7.0396008632039086e+29
102 -1 1.3253094825226432e+30
104 -1 2.3663840180507964e+30
106 -1 4.0038304677546531e+30
108 -1 6.4163400046542478e+30
110 -1 9.7473249963173726e+30
112 -1 1.3995716385949877e+31
114 -1 1.9017515178203653e+31
116 -1 2.4399706534639790e+31
118 -1 2.9542433273118203e+31
120 -1 3.3682186307735536e+31
122 -1 3.6092577430220146e+31
124 -1 3.6360486245985648e+31
126 -1 3.4264858732698638e+31
128 -1 3.0162224331373151e+31
130 -1 2.4719054896469658e+31
132 -1 1.8767491828507614e+31
134 -1 1.3139754420646630e+31
136 -1 8.4250804483980719e+30
138 -1 4.9087950462869637e+30
140 -1 2.5684457374232928e+30
142 -1 1.1904886112199018e+30
144 -1 4.7853277236088784e+29
146 -1 1.6158931148747328e+29
148 -1 4.3501649933486153e+28
150 -1 8.4992753146250680e+27
152 -1 9.3575747821717998e+26
30 0 1.4803944973686457e+05
32 0 2.8499171981107753e+07
34 0 1.1637856938970394e+09
36 0 2.2762977027312687e+10
38 0 2.9407423516770935e+11
40 0 2.9461152852475454e+12
42 0 2.5669304965191738e+13
44 0 2.0739920241066069e+14
46 0 1.5783101102864245e+15
48 0 1.1320616903722730e+16
50 0 7.6597020323704208e+16
52 0 4.8908674091443494e+17
54 0 2.9627891210431831e+18
56 0 1.7123230604749201e+19
58 0 9.4245262326888825e+19
60 0 4.9489044793106393e+20
62 0 2.4838166106301703e+21
64 0 1.1903362682089028e+22
66 0 5.4502397382478394e+22
68 0 2.3838992245897422e+23
70 0 9.9481808318753218e+23
72 0 3.9673632103853022e+24
74 0 1.5097017493542475e+25
76 0 5.4771272862637347e+25
78 0 1.8954896638860647e+26
80 0 6.2504143151682799e+26
82 0 1.9617762825259124e+27
84 0 5.8598449630027722e+27
86 0 1.6648980184396805e+28
88 0 4.4929809219818443e+28
90 0 1.1543543290482582e+29
92 0 2.8124026421803345e+29
94 0 6.5101605110326078e+29
96 0 1.4290551818323666e+30
98 0 2.9785126224181643e+30
100 0 5.8782852358220237e+30
102 0 1.0996210200268480e+31
104 0 1.9507878434767150e+31
106 0 3.2720772601563522e+31
108 0 5.1932609132532519e+31
110 0 7.8037890208905965e+31
112 0 1.1066560793925361e+32
114 0 1.4827911749189197e+32
116 0 1.8745766507238226e+32
118 0 2.2309027066289627e+32
120 0 2.4999494855477245e+32
122 0 2.6296968299445920e+32
124 0 2.5940132985963750e+32
126 0 2.3924847920387352e+32
128 0 2.0582583979609804e+32
130 0 1.6465495002863508e+32
132 0 1.2186655661726093e+32
134 0 8.3071841265101394e+31
136 0 5.1772728968742932e+31
138 0 2.9263224935455701e+31
140 0 1.4838412289818295e+31
142 0 6.6492886279839212e+30
144 0 2.5779456188574294e+30
146 0 8.3640198940503669e+29
148 0 2.1599715222432473e+29
150 0 4.0151983194300421e+28
152 0 4.1704598518852182e+27
26 1 2.1395761007939476e+04
28 1 2.7119075692762337e+06
30 1 9.3315275473168716e+07
32 1 1.6478388391709080e+09
34 1 1.9948592670690517e+10
36 1 1.9960169692175671e+11
38 1 1.8591351576324292e+12
40 1 1.6909568461646914e+13
42 1 1.4607836221752331e+14
44 1 1.1780211929179088e+15
46 1 8.9016908796741900e+15
48 1 6.3197798394989632e+16
50 1 4.2630092569079085e+17
52 1 2.7331245888107955e+18
54 1 1.6732914986545455e+19
56 1 9.7898671953038115e+19
58 1 5.4661810574606552e+20
60 1 2.9134357722220855e+21
62 1 1.4873614897298316e+22
64 1 7.2532320295289958e+22
66 1 3.3822503175816766e+23
68 1 1.5062763978473196e+24
70 1 6.4138031482750937e+24
72 1 2.6037447237650394e+25
74 1 1.0093917462292421e+26
76 1 3.7292451273217079e+26
78 1 1.3126023626184844e+27
80 1 4.3995734211315888e+27
82 1 1.4013234384105545e+28
84 1 4.2414216057257498e+28
86 1 1.2206521146370675e+29
88 1 3.3298453162757170e+29
90 1 8.6253455748662566e+29
92 1 2.1172005104679035e+30
94 1 4.9262546469747705e+30
96 1 1.0863564540818919e+31
98 1 2.2678952891635869e+31
100 1 4.4726970281579021e+31
102 1 8.3586610047323234e+31
104 1 1.4769540549437621e+32
106 1 2.4668847755168133e+32
108 1 3.8925573139119060e+32
110 1 5.7995619913204181e+32
112 1 8.1524531936380168e+32
114 1 1.0799645028632768e+33
116 1 1.3481219234315158e+33
118 1 1.5811406349478139e+33
120 1 1.7432646319067313e+33
122 1 1.8031266439645847e+33
124 1 1.7469420710512421e+33
126 1 1.5797143428195821e+33
128 1 1.3310902304165862e+33
130 1 1.0403186773393171e+33
132 1 7.5178517229216412e+32
134 1 4.9912741849968670e+32
136 1 3.0297307143668784e+32
138 1 1.6647041047947715e+32
140 1 8.1867524817118242e+31
142 1 3.5471247526960612e+31
144 1 1.3268234297392763e+31
146 1 4.1512130467377484e+30
148 1 1.0285230604814327e+30
150 1 1.8251287874965674e+29
152 1 1.7930793451160023e+28
30 2 8.4730334294532463e+06
32 2 7.9260993107543290e+08
34 2 2.3974366328426723e+10
36 2 4.0813913112967145e+11
38 2 4.9617649905453916e+12
40 2 4.9726361999007758e+13
42 2 4.4438842800119488e+14
44 2 3.7168636862779365e+15
46 2 2.9372679469119804e+16
48 2 2.1854893876854480e+17
50 2 1.5424688869763694e+18
52 2 1.0308617305248846e+19
54 2 6.5599818224190341e+19
56 2 3.9814249101706920e+20
58 2 2.3050603189393285e+21
60 2 1.2750776564233882e+22
62 2 6.7311927834679152e+22
64 2 3.3965111948716080e+23
66 2 1.6391856057789736e+24
68 2 7.5417610538118924e+24
70 2 3.3149519071714148e+25
72 2 1.3899254389050804e+26
74 2 5.5483047912797856e+26
76 2 2.1094264788829638e+27
78 2 7.6221910450797924e+27
80 2 2.6206128482445493e+28
82 2 8.5475406780005044e+28
84 2 2.6475894625402429e+29
86 2 7.7710145427402764e+29
88 2 2.1597425936486222e+30
90 2 5.6826233694711794e+30
92 2 1.4136141436028095e+31
94 2 3.3283990117931382e+31
96 2 7.4051636177021839e+31
98 2 1.5555536542197558e+32
100 2 3.0888964399726902e+32
102 2 5.7897069042121761e+32
104 2 1.0237054808399190e+33
106 2 1.7074121183158605e+33
108 2 2.6885061615726323e+33
110 2 3.9854393895377697e+33
112 2 5.5634277402010417e+33
114 2 7.3102903207605434e+33
116 2 9.0258137573588811e+33
118 2 1.0473761911526425e+34
120 2 1.1398420395494994e+34
122 2 1.1614163435657773e+34
124 2 1.1064333199804448e+34
126 2 9.8327613091879575e+33
128 2 8.1212676486729807e+33
130 2 6.2160175101358457e+33
132 2 4.3930616036812209e+33
134 2 2.8471524982611371e+33
136 2 1.6852346514835025e+33
138 2 9.0005696677425791e+32
140 2 4.3012390505852636e+32
142 2 1.8075520957261670e+32
144 2 6.5447826025215699e+31
146 2 1.9722002666912453e+31
148 2 4.6898582798426066e+30
150 2 7.9615628770014341e+29
152 2 7.4123777597648643e+28
32 3 1.2930627765665534e+06
34 3 1.5193915483991635e+09
36 3 1.0895650109958333e+11
38 3 2.9975554100047041e+12
40 3 4.9450805918567383e+13
42 3 6.0218441302045238e+14
44 3 6.0873927233621000e+15
46 3 5.4490737332136240e+16
48 3 4.5026421519639686e+17
50 3 3.4689162150230236e+18
52 3 2.5113452933340037e+19
54 3 1.7207995763503189e+20
56 3 1.1132914407621661e+21
58 3 6.8538799829440560e+21
60 3 4.0248263639961027e+22
62 3 2.2475596415064572e+23
64 3 1.1956493023349462e+24
66 3 6.0621383459859356e+24
68 3 2.9296914892392678e+25
70 3 1.3479291547535872e+26
72 3 5.9062596092711638e+26
74 3 2.4604719051482248e+27
76 3 9.7345403056741349e+27
78 3 3.6587216697080925e+28
80 3 1.3032058499047696e+29
82 3 4.3937320983844348e+29
84 3 1.4038316078804081e+30
86 3 4.2428786640190597e+30
88 3 1.2105235931975680e+31
90 3 3.2632169640648180e+31
92 3 8.2944563115196433e+31
94 3 1.9891746569370970e+32
96 3 4.4961043084532383e+32
98 3 9.5807383903490335e+32
100 3 1.9208955986116932e+33
102 3 3.6284602548976535e+33
104 3 6.4502614558346095e+33
106 3 1.0796185644834674e+34
108 3 1.7002197282785459e+34
110 3 2.5176065238092987e+34
112 3 3.5034763273291328e+34
114 3 4.5819438254883075e+34
116 3 5.6199296589303902e+34
118 3 6.4557412057093435e+34
120 3 6.9546967979090987e+34
122 3 6.9994451983932359e+34
124 3 6.5703475131979326e+34
126 3 5.7499062529192065e+34
128 3 4.6680285559461178e+34
130 3 3.5082427720124841e+34
132 3 2.4264449265320327e+34
134 3 1.5389268124202261e+34
136 3 8.8852309378933062e+33
138 3 4.6277061599683556e+33
140 3 2.1492842602700219e+33
142 3 8.7658472767146465e+32
144 3 3.0741151745707933e+32
146 3 8.9529041175598710e+31
148 3 2.0503693408292812e+31
150 3 3.3305683740179360e+30
152 3 2.9478229191781864e+29
36 4 3.9124079279809880e+08
38 4 1.6457786549240683e+11
40 4 9.5832762980616797e+12
42 4 2.4251573217714906e+14
44 4 3.9089918209538445e+15
46 4 4.7705564908472224e+16
48 4 4.8577083673004141e+17
50 4 4.4065355759228426e+18
52 4 3.6423073835981734e+19
54 4 2.7987856209717196e+20
56 4 2.0111648986629858e+21
58 4 1.3633027545598574e+22
60 4 8.7094613479703297e+22
62 4 5.2682898247342375e+23
64 4 3.0237572214190477e+24
66 4 1.6472794876240763e+25
68 4 8.5112968624242707e+25
70 4 4.1709786086459223e+26
72 4 1.9386895471533095e+27
74 4 8.5606528498916671e+27
76 4 3.5723526468461249e+28
78 4 1.4122789133293651e+29
80 4 5.2827330290273816e+29
82 4 1.8649701749371461e+30
84 4 6.2107543505438440e+30
86 4 1.9504124552316408e+31
88 4 5.7766979809530697e+31
90 4 1.6083916188783803e+32
92 4 4.2129304794642722e+32
94 4 1.0371621454588131e+33
96 4 2.3990377113873356e+33
98 4 5.2120326314995268e+33
100 4 1.0636746231978951e+34
102 4 2.0369415089775993e+34
104 4 3.6628385664564848e+34
106 4 6.1819201887322767e+34
108 4 9.7921920082762603e+34
110 4 1.4544594911117070e+35
112 4 2.0257058380057158e+35
114 4 2.6435065818426760e+35
116 4 3.2304335645030172e+35
118 4 3.6910734632981800e+35
120 4 3.9434376017894467e+35
122 4 3.9310065779234979e+35
124 4 3.6487094936073898e+35
126 4 3.1486397799812220e+35
128 4 2.5178884658179375e+35
130 4 1.8605437643724231e+35
132 4 1.2634620865138012e+35
134 4 7.8512592577222127e+34
136 4 4.4338459000367647e+34
138 4 2.2563331231154629e+34
140 4 1.0206638588347584e+34
142 4 4.0486181628543858e+33
144 4 1.3761273477815869e+33
146 4 3.8761583314430761e+32
148 4 8.5575960909989657e+31
150 4 1.3344418678334858e+31
152 4 1.1249495414233015e+30
40 5 5.2350038165909424e+10
42 5 1.2482694169426764e+13
44 5 6.0537954872309362e+14
46 5 1.4351947493961708e+16
48 5 2.2592198297894362e+17
50 5 2.7565328261023191e+18
52 5 2.8495247749799530e+19
54 5 2.6085897527843881e+20
56 5 2.1759858908159602e+21
58 5 1.6810436399172719e+22
60 5 1.2103667893225739e+23
62 5 8.1948754667684536e+23
64 5 5.2031331064140204e+24
66 5 3.1164271184929050e+25
68 5 1.7616449847453827e+26
70 5 9.3904837320456719e+26
72 5 4.7292193260482892e+27
74 5 2.2486795498766145e+28
76 5 1.0076872375413458e+29
78 5 4.2569700866042945e+29
80 5 1.6954410257050506e+30
82 5 6.3516619039993419e+30
84 5 2.2336824709690805e+31
86 5 7.3919308339446760e+31
88 5 2.2934018948489968e+32
90 5 6.6750343251679099e+32
92 5 1.8192470329646560e+33
94 5 4.6419613048629282e+33
96 5 1.1089543151936810e+34
98 5 2.4786340790689734e+34
100 5 5.1857159402204812e+34
102 5 1.0146899283112443e+35
104 5 1.8567109564797310e+35
106 5 3.1782201268535581e+35
108 5 5.0868849053917649e+35
110 5 7.6214355045294760e+35
112 5 1.0670038481029833e+36
114 5 1.3957355086320399e+36
116 5 1.7063332603286784e+36
118 5 1.9454718320076933e+36
120 5 2.0686386186853715e+36
122 5 2.0475670896755932e+36
124 5 1.8852155350865319e+36
126 5 1.6085594376474405e+36
128 5 1.2700269945047612e+36
130 5 9.2473233879341930e+35
132 5 6.1785835420066691e+35
134 5 3.7695042648783812e+35
136 5 2.0872685840451637e+35
138 5 1.0380290899572644e+35
140 5 4.5850445761220312e+34
142 5 1.7721933465998648e+34
144 5 5.8526312984558696e+33
146 5 1.5969886911342839e+33
148 5 3.4059852459623634e+32
150 5 5.1103120392428459e+31
152 5 4.1159842853278481e+30
44 6 4.5514588845277031e+12
46 6 7.0531621474309275e+14
48 6 2.9646980003194380e+16
50 6 6.5922572923649101e+17
52 6 1.0186923936210280e+19
54 6 1.2473243600700650e+20
56 6 1.2992118686542093e+21
58 6 1.2035391462344134e+22
60 6 1.0158055270562986e+23
62 6 7.9252611571215142e+23
64 6 5.7522515441301295e+24
66 6 3.8927762747201476e+25
68 6 2.4677558728742423e+26
70 6 1.4677268212562832e+27
72 6 8.1835145741840683e+27
74 6 4.2790129315454953e+28
76 6 2.1001242949941943e+29
78 6 9.6649061465185666e+29
80 6 4.1651260759124346e+30
82 6 1.6823069505571223e+31
84 6 6.3612897375580928e+31
86 6 2.2441944643921573e+32
88 6 7.4077070506322811e+32
90 6 2.2806101933798370e+33
92 6 6.5500453041025304e+33
94 6 1.7522212501530997e+34
96 6 4.3671378567308332e+34
98 6 1.0143688464284340e+35
100 6 2.1955051269666947e+35
102 6 4.4224765827102719e+35
104 6 8.3058394418800214e+35
106 6 1.4511762319415373e+36
108 6 2.3639013265756607e+36
110 6 3.5900470283317915e+36
112 6 5.0795486368602112e+36
114 6 6.6949575992739725e+36
116 6 8.2172197391488353e+36
118 6 9.3923386312527960e+36
120 6 9.9803336136359024e+36
122 6 9.8537780634738177e+36
124 6 9.0121976292174891e+36
126 6 7.6357323177338788e+36
128 6 5.9706031217323777e+36
130 6 4.2926029462910321e+36
132 6 2.8282427829719709e+36
134 6 1.6979663145157609e+36
136 6 9.2303304141213368e+35
138 6 4.5030416974100617e+35
140 6 1.9461895955588426e+35
142 6 7.3407157584185728e+34
144 6 2.3609544674764838e+34
146 6 6.2519537652798462e+33
148 6 1.2906113549377303e+33
150 6 1.8638473812565736e+32
152 6 1.4406368910671219e+31
48 7 2.8008147816040038e+14
50 7 3.1652033062906952e+16
52 7 1.1610195677544717e+18
54 7 2.4675122760294388e+19
56 7 3.7458981196844931e+20
58 7 4.5826629821042183e+21
60 7 4.8165599465009198e+22
62 7 4.5218960762559148e+23
64 7 3.8686147858164648e+24
66 7 3.0436261353517613e+25
68 7 2.2200484869099350e+26
70 7 1.5095009078157005e+27
72 7 9.5375349750291298e+27
74 7 5.6222897149693655e+28
76 7 3.0875214682836784e+29
78 7 1.5812149192251746e+30
80 7 7.5373241273296871e+30
82 7 3.3436076722765329e+31
84 7 1.3807213014758493e+32
86 7 5.2976086321811259e+32
88 7 1.8887109705058074e+33
90 7 6.2527622308513935e+33
92 7 1.9176987938925534e+34
94 7 5.4526192082739770e+34
96 7 1.4364001977273509e+35
98 7 3.5080357660902626e+35
100 7 7.9311581226031120e+35
102 7 1.6627751398679970e+36
104 7 3.2287139221826963e+36
106 7 5.8167520762251435e+36
108 7 9.7148271509193445e+36
110 7 1.5056999473287218e+37
112 7 2.1674605453263740e+37
114 7 2.8939955471486230e+37
116 7 3.5877577889461955e+37
118 7 4.1264100924709307e+37
120 7 4.4010765656269717e+37
122 7 4.3461875317507155e+37
124 7 3.9698569954150816e+37
126 7 3.3470410242703808e+37
128 7 2.6006664785289936e+37
130 7 1.8533624322136814e+37
132 7 1.2071436769128530e+37
134 7 7.1535423966614261e+36
136 7 3.8299858952756389e+36
138 7 1.8341902486394216e+36
140 7 7.7774996330529445e+35
142 7 2.8685725255626348e+35
144 7 8.9999607085037394e+34
146 7 2.3197328733145841e+34
148 7 4.6453187944656849e+33
150 7 6.4861084824685917e+32
152 7 4.8094044532627630e+31
52 8 1.3888305374370444e+16
54 8 1.1396839741734223e+18
56 8 3.7983517595664056e+19
58 8 7.6698098788199039e+20
60 8 1.1511302130903808e+22
62 8 1.4108259355424548e+23
64 8 1.4976235817733804e+24
66 8 1.4229627700551654e+25
68 8 1.2303662158952205e+26
70 8 9.7630756371312376e+26
72 8 7.1669799243877605e+27
74 8 4.8708090599635928e+28
76 8 3.0644272363712477e+29
78 8 1.7828040567318346e+30
80 8 9.6146599970235923e+30
82 8 4.7924587937177324e+31
84 8 2.2063933845570801e+32
86 8 9.3913847299288875e+32
88 8 3.6858022266990670e+33
90 8 1.3328689092839562e+34
92 8 4.4437818698252748e+34
94 8 1.3640878695947005e+35
96 8 3.8567518794128026e+35
98 8 1.0036930546591014e+36
100 8 2.4037474581799440e+36
102 8 5.3008679190248056e+36
104 8 1.0770457973232043e+37
106 8 2.0172529381687042e+37
108 8 3.4862526013440561e+37
110 8 5.5615653022840559e+37
112 8 8.1937819454290314e+37
114 8 1.1172445198538534e+38
116 8 1.4069284675702579e+38
118 8 1.6372859084660691e+38
120 8 1.7608687803276483e+38
122 8 1.7490266266347889e+38
124 8 1.6014705506488516e+38
126 8 1.3497783839458203e+38
128 8 1.0454082268894793e+38
130 8 7.4100940968561982e+37
132 8 4.7873474345597552e+37
134 8 2.8074405438430448e+37
136 8 1.4832324585850218e+37
138 8 7.0021307646794851e+36
140 8 2.9156551362203900e+36
142 8 1.0543234899627150e+36
144 8 3.2359947301757660e+35
146 8 8.1390411824598922e+34
148 8 1.5833580857346679e+34
150 8 2.1415448123964261e+33
152 8 1.5290371490363043e+32
54 9 1.1049675189314671e+15
56 9 5.1528347553715187e+17
58 9 3.4754684155189895e+19
60 9 1.0476593570513561e+21
62 9 2.0427211630203153e+22
64 9 3.0197559278224915e+23
66 9 3.7187682289529310e+24
68 9 3.9814359041324152e+25
70 9 3.8193720232179109e+26
72 9 3.3314947695844900e+27
74 9 2.6662139306772370e+28
76 9 1.9646746319054739e+29
78 9 1.3305771357195154e+30
80 9 8.2989827820895688e+30
82 9 4.7491840322435319e+31
84 9 2.4967317207354798e+32
86 9 1.2018687549246355e+33
88 9 5.3069187436194729e+33
90 9 2.1404713463949560e+34
92 9 7.9052683614182431e+34
94 9 2.6660842967664594e+35
96 9 8.2268746872678428e+35
98 9 2.3193471249860742e+36
100 9 5.9715081195582236e+36
102 9 1.4053689598483441e+37
104 9 3.0254388859570265e+37
106 9 5.9657875241970504e+37
108 9 1.0776758035731876e+38
110 9 1.7867084319640009e+38
112 9 2.7222674973113521e+38
114 9 3.8130575939865362e+38
116 9 4.9102510072709810e+38
118 9 5.8229699859065750e+38
120 9 6.3538743819033114e+38
122 9 6.3762458409812676e+38
124 9 5.8769008188597910e+38
126 9 4.9740298970116329e+38
128 9 3.8545369522937800e+38
130 9 2.7275091458938309e+38
132 9 1.7541986374812220e+38
134 9 1.0214881656805220e+38
136 9 5.3444472946175432e+37
138 9 2.4931931171076784e+37
140 9 1.0231921300436524e+37
142 9 3.6394836959387078e+36
144 9 1.0948944475930232e+36
146 9 2.6904627953464181e+35
148 9 5.1049027174970777e+34
150 9 6.7037898454135721e+33
152 9 4.6261269148515869e+32
58 10 5.9205909110774264e+16
60 10 1.6285460865060841e+19
62 10 8.9296550023857098e+20
64 10 2.5024611509919497e+22
66 10 4.7017125859076286e+23
68 10 6.9127429347883467e+24
70 10 8.5149608775360917e+25
72 10 9.1902169853391516e+26
74 10 8.8957376665881797e+27
76 10 7.8316472356416523e+28
78 10 6.3005437249765323e+29
80 10 4.6333988224554599e+30
82 10 3.1164241852771746e+31
84 10 1.9117457218984503e+32
86 10 1.0680514921956293e+33
88 10 5.4248519536207764e+33
90 10 2.4984408845919775e+34
92 10 1.0442284343544645e+35
94 10 3.9550086959260872e+35
96 10 1.3572310868301852e+36
98 10 4.2196586084227588e+36
100 10 1.1887299408453548e+37
102 10 3.0342471588925803e+37
104 10 7.0243175136853562e+37
106 10 1.4773968973862112e+38
108 10 2.8262748358051582e+38
110 10 4.9224340914100347e+38
112 10 7.8304052253245757e+38
114 10 1.1378673924985458e+39
116 10 1.5119879426292384e+39
118 10 1.8386813093658225e+39
120 10 2.0476217442103584e+39
122 10 2.0897492440202800e+39
124 10 1.9508735358588209e+39
126 10 1.6660718365968975e+39
128 10 1.2977284256906976e+39
130 10 9.2048079309509828e+38
132 10 5.9194142818761933e+38
134 10 3.4319989037895794e+38
136 10 1.7850109226473495e+38
138 10 8.2461020836221558e+37
140 10 3.3470433743774264e+37
142 10 1.1734646561878252e+37
144 10 3.4706835159052479e+36
146 10 8.3680766592136634e+35
148 10 1.5510340910586645e+35
150 10 1.9821136725922871e+34
152 10 1.3257919575154697e+33
62 11 2.6039768162292695e+18
64 11 4.1868836562490858e+20
66 11 2.0025731991497943e+22
68 11 5.1975386953757580e+23
70 11 9.5532736100470151e+24
72 11 1.3911055641857581e+26
74 11 1.7193304246942896e+27
76 11 1.8692484179598174e+28
78 11 1.8262562711465149e+29
80 11 1.6166759832244456e+30
82 11 1.3014471447447586e+31
84 11 9.5173380884601686e+31
86 11 6.3079507303306909e+32
88 11 3.7746081307490705e+33
90 11 2.0349404778971683e+34
92 11 9.8598264298441883e+34
94 11 4.2905687239437637e+35
96 11 1.6763085419357689e+36
98 11 5.8732482877199179e+36
100 11 1.8472441625198305e+37
102 11 5.2090478386444675e+37
104 11 1.3197285997919864e+38
106 11 3.0089441970906031e+38
108 11 6.1804259459982154e+38
110 11 1.1465287824940575e+39
112 11 1.9249772136517576e+39
114 11 2.9318372269183140e+39
116 11 4.0561481476823260e+39
118 11 5.1053591653703485e+39
120 11 5.8506760409356696e+39
122 11 6.1115549164669880e+39
124 11 5.8129563793322930e+39
126 11 5.0347867300868950e+39
128 11 3.9638784173204915e+39
130 11 2.8301761472291897e+39
132 11 1.8268947164966850e+39
134 11 1.0603631554922274e+39
136 11 5.4980981064413433e+38
138 11 2.5264655077436050e+38
140 11 1.0170608303188777e+38
142 11 3.5242399194558336e+37
144 11 1.0283925936515284e+37
146 11 2.4367961203784694e+36
148 11 4.4282454975614057e+35
150 11 5.5262549072579526e+34
152 11 3.5926294700728432e+33
66 12 7.7608974230157017e+19
68 12 9.4405321741191065e+21
70 12 3.9013653133083528e+23
72 12 9.6103203221009741e+24
74 12 1.7211303434813223e+26
76 12 2.4990069759221301e+27
78 12 3.0952904118120009e+28
80 12 3.3938013822821831e+29
82 12 3.3340846956525102e+30
84 12 2.9607053625386247e+31
86 12 2.3727754159621845e+32
88 12 1.7112696840089082e+33
90 12 1.1052665411521456e+34
92 12 6.3756101879222937e+34
94 12 3.2714199210527558e+35
96 12 1.4918510773693364e+36
98 12 6.0379423797645621e+36
100 12 2.1699908527610875e+37
102 12 6.9134258883430968e+37
104 12 1.9578890515568296e+38
106 12 4.9266740329964228e+38
108 12 1.1055680395103955e+39
110 12 2.2182344132691114e+39
112 12 3.9867781616704162e+39
114 12 6.4420640707292778e+39
116 12 9.3793054349331830e+39
118 12 1.2330544285350489e+40
120 12 1.4674906475760083e+40
122 12 1.5812069984687707e+40
124 12 1.5426949993469305e+40
126 12 1.3642252017546372e+40
128 12 1.0915752453271432e+40
130 12 7.8880323813658870e+39
132 12 5.1357061842624520e+39
134 12 2.9952289812242704e+39
136 12 1.5556701855305965e+39
138 12 7.1348751886042350e+38
140 12 2.8568399782700835e+38
142 12 9.8260286577382856e+37
144 12 2.8375348842537006e+37
146 12 6.6301980833429840e+36
148 12 1.1847707814374039e+36
150 12 1.4481286854105801e+35
152 12 9.1800024656730033e+33
70 13 2.0691355981794939e+21
72 13 1.8263562244978416e+23
74 13 6.7624111856821117e+24
76 13 1.5842665930079993e+26
78 13 2.7981174102548592e+27
80 13 4.0305071522275603e+28
82 13 5.0264071450962594e+29
84 13 5.5381086158389167e+30
86 13 5.4692502116765383e+31
88 13 4.8418532533707697e+32
90 13 3.8310271213785001e+33
92 13 2.6970837897624156e+34
94 13 1.6765321029747192e+35
96 13 9.1789873897220617e+35
98 13 4.4089263593734596e+36
100 13 1.8583334495623299e+37
102 13 6.8663581650545175e+37
104 13 2.2245328496369910e+38
106 13 6.3254485325078029e+38
108 13 1.5821017836184937e+39
110 13 3.4939678326435957e+39
112 13 6.8354495138820822e+39
114 13 1.1887149327095570e+40
116 13 1.8451835289907192e+40
118 13 2.5625519350200015e+40
120 13 3.1957848318749547e+40
122 13 3.5844605241287137e+40
124 13 3.6166879903349846e+40
126 13 3.2884772000343832e+40
128 13 2.6911354957501272e+40
130 13 1.9809342125508867e+40
132 13 1.3067171118225985e+40
134 13 7.6944460817892760e+39
136 13 4.0190546854448385e+39
138 13 1.8478954302118558e+39
140 13 7.3950441172926629e+38
142 13 2.5348492222926688e+38
144 13 7.2661394388092126e+37
146 13 1.6813734757508633e+37
148 13 2.9595418375589090e+36
150 13 3.5574895911786414e+35
152 13 2.2063151746288604e+34
72 14 8.5482530326818275e+19
74 14 4.4836493804464297e+22
76 14 3.1049164092747973e+24
78 14 1.0485843429956743e+26
80 14 2.3766046865579428e+27
82 14 4.0980280370934471e+28
84 14 5.9238472490826144e+29
86 14 7.4058333549092113e+30
88 14 8.2160287335736895e+31
90 14 8.1008511572284013e+32
92 14 7.0971280626331519e+33
94 14 5.4820628281238014e+34
96 14 3.7093279457858227e+35
98 14 2.1824262668264886e+36
100 14 1.1134235738397248e+37
102 14 4.9128336758331446e+37
104 14 1.8720809952883704e+38
106 14 6.1744305889857193e+38
108 14 1.7657336528008791e+39
110 14 4.3858890404330330e+39
112 14 9.5201177101162260e+39
114 14 1.8131051484571397e+40
116 14 3.0442530872952668e+40
118 14 4.5263848246867487e+40
120 14 5.9840915944860223e+40
122 14 7.0511885859717495e+40
124 14 7.4282341991227639e+40
126 14 7.0012370407306429e+40
128 14 5.9004596530999807e+40
130 14 4.4485864154114741e+40
132 14 2.9908296346494040e+40
134 14 1.7879967182056890e+40
136 14 9.4449105986215076e+39
138 14 4.3737538501836617e+39
140 14 1.7560814797659122e+39
142 14 6.0163675159889957e+38
144 14 1.7184101350387838e+38
146 14 3.9508711035751356e+37
148 14 6.8888728197007091e+36
150 14 8.1545117218267277e+35
152 14 4.9664103984896119e+34
76 15 3.6322567525689029e+21
78 15 8.0651915915886616e+23
80 15 4.6812803130591182e+25
82 15 1.4910837119207436e+27
84 15 3.2072843476495612e+28
86 15 5.5282103667674532e+29
88 15 7.9641125773595236e+30
90 15 1.0028360670473922e+32
92 15 1.1111002981948170e+33
94 15 1.0882299739353160e+34
96 15 9.3205396159958760e+34
98 15 6.9185291058198023e+35
100 15 4.4131016088850488e+36
102 15 2.4072190272681048e+37
104 15 1.1170612069657609e+38
106 15 4.4129455825874673e+38
108 15 1.4836716755679097e+39
110 15 4.2659945859960937e+39
112 15 1.0521494917965909e+40
114 15 2.2397539156004625e+40
116 15 4.1426176986877620e+40
118 15 6.6974304010287103e+40
120 15 9.5101012593613889e+40
122 15 1.1922197275841943e+41
124 15 1.3233308561930586e+41
126 15 1.3039010034491473e+41
128 15 1.1416202814304750e+41
130 15 8.8781892164999095e+40
132 15 6.1240674815827502e+40
134 15 3.7388834443355536e+40
136 15 2.0071055745707215e+40
138 15 9.4049396266003151e+39
140 15 3.8065825907296731e+39
142 15 1.3089908495419232e+39
144 15 3.7428088907936922e+38
146 15 8.5763047593526541e+37
148 15 1.4859690956694845e+37
150 15 1.7411487563658120e+36
152 15 1.0449291006119267e+35
80 16 8.4168774081352179e+22
82 16 1.2506690082679945e+25
84 16 6.5769549483203224e+26
86 16 1.8864196810190020e+28
88 16 4.0293575422015842e+29
90 16 6.8459543922727249e+30
92 16 9.9082400914491401e+31
94 16 1.2489571446434923e+33
96 16 1.3798296641361055e+34
98 16 1.3242519417725917e+35
100 16 1.0894375290931767e+36
102 16 7.6033225299028085e+36
104 16 4.4692646634083277e+37
106 16 2.1948053232532320e+38
108 16 9.0131692561566309e+38
110 16 3.0982209087563347e+39
112 16 8.9544690546240907e+39
114 16 2.1870920791715006e+40
116 16 4.5566621182085594e+40
118 16 8.1600939216272228e+40
120 16 1.2653823806032704e+41
122 16 1.7100361365309342e+41
124 16 2.0235414075686745e+41
126 16 2.1072647422499153e+41
128 16 1.9314841184658555e+41
130 16 1.5633068376275810e+41
132 16 1.1144224345209531e+41
134 16 6.9866526763064284e+40
136 16 3.8336440845473162e+40
138 16 1.8276401874557957e+40
140 16 7.4936586503102957e+39
142 16 2.6001404335812586e+39
144 16 7.4688283954745892e+38
146 16 1.7133701152281951e+38
148 16 2.9615298144606892e+37
150 16 3.4478703391818853e+36
152 16 2.0479260364577779e+35
84 17 1.4799026568537334e+24
86 17 1.8732448352406923e+26
88 17 7.9868254353481781e+27
90 17 2.2433598283011194e+29
92 17 4.6487483334637846e+30
94 17 7.9014919968007695e+31
96 17 1.1458248585634713e+33
98 17 1.4453526525242484e+34
100 17 1.5691935995333405e+35
102 17 1.4486215857542065e+36
104 17 1.1180993142787157e+37
106 17 7.1357539793318185e+37
108 17 3.7339228479984102e+38
110 17 1.6015913126022436e+39
112 17 5.6369166019351952e+39
114 17 1.6347136684813102e+40
116 17 3.9499589971516240e+40
118 17 8.0269640988290672e+40
120 17 1.3858493380804318e+41
122 17 2.0525334031172540e+41
124 17 2.6274598002916905e+41
126 17 2.9224439310229183e+41
128 17 2.8376456557051394e+41
130 17 2.4085183697594873e+41
132 17 1.7890541994142062e+41
134 17 1.1603430714418825e+41
136 17 6.5503098865103155e+40
138 17 3.1958652255708030e+40
140 17 1.3338564678638131e+40
142 17 4.6934519689049151e+39
144 17 1.3602558971567647e+39
146 17 3.1371901464474342e+38
148 17 5.4275438843774063e+37
150 17 6.3044429696646346e+36
152 17 3.7179989059015128e+35
88 18 2.9011505676219331e+25
90 18 2.2664616291554609e+27
92 18 9.2187175120915174e+28
94 18 2.4523270891223407e+30
96 18 5.0405193569081327e+31
98 18 8.5409667742439947e+32
100 18 1.2448068800786619e+34
102 18 1.5472625199275142e+35
104 18 1.6236283396675015e+36
106 18 1.4023148593480568e+37
108 18 9.8272334894302561e+37
110 18 5.5213677930941091e+38
112 18 2.4834885018872941e+39
114 18 8.9489172181546720e+39
116 18 2.6041073740187810e+40
118 18 6.1973521411776745e+40
120 18 1.2232227832454440e+41
122 18 2.0281709464903304e+41
124 18 2.8556022667457171e+41
126 18 3.4433325432171994e+41
128 18 3.5806006288657634e+41
130 18 3.2227891824596085e+41
132 18 2.5152449359572469e+41
134 18 1.7015884437219607e+41
136 18 9.9443350886161654e+40
138 18 4.9958295096146930e+40
140 18 2.1352206111525048e+40
142 18 7.6550980781892370e+39
144 18 2.2509084029433959e+39
146 18 5.2418781343732538e+38
148 18 9.1246605527056918e+37
150 18 1.0616562316653027e+37
152 18 6.2407874045095630e+35
90 19 1.5459645618921176e+24
92 19 3.7521186674361177e+26
94 19 2.6287240651678090e+28
96 19 9.7670088966312881e+29
98 19 2.5284938273122474e+31
100 19 5.1216146598238736e+32
102 19 8.7841530645122935e+33
104 19 1.2649385706347560e+35
106 19 1.5298910026947838e+36
108 19 1.4981008147483102e+37
110 19 1.1669199168451832e+38
112 19 7.0983226558601371e+38
114 19 3.3678016636016863e+39
116 19 1.2444114577155489e+40
118 19 3.6224119870116539e+40
120 19 8.4540949750485732e+40
122 19 1.6123492796739610e+41
124 19 2.5532740184288704e+41
126 19 3.3988319169861265e+41
128 19 3.8393534772607508e+41
130 19 3.7080495136230982e+41
132 19 3.0716168914218327e+41
134 19 2.1856350173259020e+41
136 19 1.3335470317292805e+41
138 19 6.9437262440055111e+40
140 19 3.0584588386196271e+40
142 19 1.1235005802327844e+40
144 19 3.3673896100188895e+39
146 19 7.9565304530438930e+38
148 19 1.3995056787645755e+38
150 19 1.6382265947400313e+37
152 19 9.6443648332991627e+35
94 20 2.5655774544394245e+25
96 20 4.6095588599925029e+27
98 20 2.8046247766231748e+29
100 20 9.7545282389817666e+30
102 20 2.4374420261183374e+32
104 20 5.0392113632018202e+33
106 20 8.5030962408604463e+34
108 20 1.2041548384888391e+36
110 20 1.3589051850620986e+37
112 20 1.1936426343945794e+38
114 20 7.9551019525469741e+38
116 20 4.0027001196809719e+39
118 20 1.5166023937229139e+40
120 20 4.4000380016276141e+40
122 20 1.0025590011989544e+41
124 20 1.8369837060337509e+41
126 20 2.7603905355860283e+41
128 20 3.4522716967712567e+41
130 20 3.6288698289099523e+41
132 20 3.2309013953304235e+41
134 20 2.4424944059986760e+41
136 20 1.5688772739001964e+41
138 20 8.5314099730596565e+40
140 20 3.8969006954728891e+40
142 20 1.4758803548004057e+40
144 20 4.5337902965022015e+39
146 20 1.0925907603391414e+39
148 20 1.9511943270266900e+38
150 20 2.3087330136701915e+37
152 20 1.3662804165841632e+36
98 21 3.6839148730277196e+26
100 21 5.3330074406460710e+28
102 21 2.7863348449668446e+30
104 21 9.0241069006332070e+31
106 21 2.3226981899087259e+33
108 21 4.6613133614517161e+34
110 21 7.8952030749194838e+35
112 21 1.0424782966691090e+37
114 21 1.0509538684921926e+38
116 21 7.7613113234374125e+38
118 21 4.1734792713742280e+39
120 21 1.6206062536158085e+40
122 21 4.6666032569504055e+40
124 21 1.0317553603947085e+41
126 21 1.8045282930296845e+41
128 21 2.5565007032872861e+41
130 21 2.9805364781661000e+41
132 21 2.8923385799696500e+41
134 21 2.3517539136404760e+41
136 21 1.6066725496820706e+41
138 21 9.2021484646631176e+40
140 21 4.3918360260636219e+40
142 21 1.7263592680140863e+40
144 21 5.4678543778521784e+39
146 21 1.3514544633780706e+39
148 21 2.4617118136664023e+38
150 21 2.9579033167873469e+37
152 21 1.7693662369602154e+36
102 22 5.6767732272124153e+27
104 22 5.5257410390772284e+29
106 22 2.5058402678207352e+31
108 22 8.4829335064695847e+32
110 22 2.0633624435452901e+34
112 22 4.2592683827033498e+35
114 22 6.7239446363322283e+36
116 22 7.9354067620799069e+37
118 22 6.5927406518498640e+38
120 22 3.8221967761824239e+39
122 22 1.5200366233046512e+40
124 22 4.3188933920235786e+40
126 22 9.1991200966505284e+40
128 22 1.5244049788353675e+41
130 22 2.0185940264530044e+41
132 22 2.1760611715698292e+41
134 22 1.9314305768255593e+41
136 22 1.4203459211856757e+41
138 22 8.6539712339358283e+40
140 22 4.3527544176813452e+40
142 22 1.7876729126290230e+40
144 22 5.8805127971268815e+39
146 22 1.4985173738910483e+39
148 22 2.8004503501776303e+38
150 22 3.4322890916951183e+37
152 22 2.0844230719478365e+36
104 23 2.1592847710533943e+26
106 23 6.7278624714124362e+28
108 23 4.9226655435759942e+30
110 23 2.4002403485820154e+32
112 23 7.2501312404427711e+33
114 23 1.8727648377078078e+35
116 23 3.6107751032511498e+36
118 23 5.1100734486842559e+37
120 23 4.8635192492604489e+38
122 23 3.0772206677810345e+39
124 23 1.2496509919197978e+40
126 23 3.4780120457335273e+40
128 23 7.0750791067763284e+40
130 23 1.1014051950586348e+41
132 23 1.3518394324019484e+41
134 23 1.3349109576621400e+41
136 23 1.0717001162199379e+41
138 23 7.0324080327642531e+40
140 23 3.7648264538749774e+40
142 23 1.6300783983864089e+40
144 23 5.6037922977544531e+39
146 23 1.4826496394792250e+39
148 23 2.8570711151150445e+38
150 23 3.5920061998879102e+37
152 23 2.2255749185465206e+36
108 24 3.7286572840449012e+27
110 24 6.0750101461093774e+29
112 24 5.0647810560226663e+31
114 24 1.9753778744892660e+33
116 24 6.6229803985692981e+34
118 24 1.5968678502285924e+36
120 24 2.7887148777671517e+37
122 24 3.1089161439135256e+38
124 24 2.1787967415538242e+39
126 24 8.9945961507737108e+39
128 24 2.4295635740924055e+40
130 24 4.6773499054521883e+40
132 24 6.7717394694966277e+40
134 24 7.6264541470530228e+40
136 24 6.8182503461151863e+40
138 24 4.8887425464921062e+40
140 24 2.8194873244090990e+40
142 24 1.2984753698263970e+40
144 24 4.7055680476029830e+39
146 24 1.3024155058401737e+39
148 24 2.6020876824215236e+38
150 24 3.3742259326459829e+37
152 24 2.1444349816471799e+36
112 25 3.5699488374966540e+28
114 25 7.5141585236998446e+30
116 25 4.0277990351865071e+32
118 25 1.8451706767079011e+34
120 25 5.7265223844341931e+35
122 25 1.2788542998958551e+37
124 25 1.7129352022136012e+38
126 25 1.3566426520285624e+39
128 25 5.6501804855815175e+39
130 25 1.4658377321749412e+40
132 25 2.6403626089403082e+40
134 25 3.5169753344055662e+40
136 25 3.5903083680517068e+40
138 25 2.8688344886910119e+40
140 25 1.8074372625084638e+40
142 25 8.9719319618092649e+39
144 25 3.4575941178914875e+39
146 25 1.0080410539948370e+39
148 25 2.1053797399690117e+38
150 25 2.8324480692193621e+37
152 25 1.8555831078039779e+36
116 26 6.9350614896807543e+29
118 26 5.8218193085637869e+31
120 26 3.9567983262678620e+33
122 26 1.6314649476090505e+35
124 26 4.8618986321334606e+36
126 26 8.0819345629197365e+37
128 26 7.4153128281738811e+38
130 26 3.0840748217030319e+39
132 26 7.5882861965194655e+39
134 26 1.2643040962795541e+40
136 26 1.5289353109669752e+40
138 26 1.3961290510341246e+40
140 26 9.8030766152464383e+39
142 26 5.3128314581714993e+39
144 26 2.2043583973515500e+39
146 26 6.8389514546855087e+38
148 26 1.5049467786398151e+38
150 26 2.1157894381539424e+37
152 26 1.4378782773497860e+36
118 27 2.9699333623925655e+28
120 27 5.3104177318059769e+30
122 27 6.2916011706936263e+32
124 27 3.5910502476262077e+34
126 27 1.5095478946228118e+36
128 27 3.2382969243602313e+37
130 27 3.5489258831891127e+38
132 27 1.4544470005108967e+39
134 27 3.3455686208861934e+39
136 27 5.0821494829385692e+39
138 27 5.5013192435564196e+39
140 27 4.4155090769864149e+39
142 27 2.6659025759858203e+39
144 27 1.2088871134551087e+39
146 27 4.0323041206632790e+38
148 27 9.4385420544828403e+37
150 27 1.3959810480460800e+37
152 27 9.9110979040334551e+35
122 28 2.3195142432647708e+29
124 28 7.0097653626570433e+31
126 28 5.8619831302383507e+33
128 28 3.7437591057635236e+35
130 28 1.0863862246674832e+37
132 28 1.4831461394115052e+38
134 28 5.8778455204777938e+38
136 28 1.2427251553141909e+39
138 28 1.6930677626579549e+39
140 28 1.6132676279362763e+39
142 28 1.1134058912600532e+39
144 28 5.6219671409818609e+38
146 28 2.0467968187274559e+38
148 28 5.1519971713771089e+37
150 28 8.1012581415687911e+36
152 28 6.0491015308024983e+35
126 29 4.9237020091641846e+30
128 29 6.6330419319620711e+32
130 29 7.1999158864484565e+34
132 29 3.0057570082769696e+36
134 29 5.3720169505471440e+37
136 29 2.0131355970797615e+38
138 29 3.8458075049607026e+38
140 29 4.6122771450892343e+38
142 29 3.7788928059857291e+38
144 29 2.1797222536576274e+38
146 29 8.8266038729398096e+37
148 29 2.4232980145911747e+37
150 29 4.0954821223587322e+36
152 29 3.2501314651660277e+35
128 30 1.6408215724902950e+29
130 30 4.6481578525542456e+31
132 30 1.0283235414284635e+34
134 30 6.7009325286355043e+35
136 30 1.6683346504427769e+37
138 30 5.7681414544039393e+37
140 30 9.7404173209287461e+37
142 30 1.0053696306304595e+38
144 30 6.8778992325795619e+37
146 30 3.1817162065482136e+37
148 30 9.7053851932639407e+36
150 30 1.7886865375111054e+36
152 30 1.5234345373368623e+35
132 31 1.5120024045342290e+30
134 31 1.0225060605932779e+33
136 31 1.1712991671817989e+35
138 31 4.3752172086415799e+36
140 31 1.3594679489244831e+37
142 31 1.9800413994504051e+37
144 31 1.7060578408262305e+37
146 31 9.3553501042221564e+36
148 31 3.2561459481847593e+36
150 31 6.6558531954868802e+35
152 31 6.1812951513228234e+34
136 32 6.2758878286579271e+31
138 32 1.5358991707448725e+34
140 32 9.5400066317869207e+35
142 32 2.5790126433548865e+36
144 32 3.1352972887648671e+36
146 32 2.1642155951826473e+36
148 32 8.9206155803565994e+35
150 32 2.0761477642107655e+35
152 32 2.1386229115925647e+34
138 33 1.7871609154869187e+30
140 33 1.4155192889924080e+33
142 33 1.6848425571989305e+35
144 33 3.8204653362108416e+35
146 33 3.7180171121241486e+35
148 33 1.9285762140225114e+35
150 33 5.3070556925339169e+34
152 33 6.2156024204981439e+33
142 34 8.1320276611422623e+31
144 34 2.3370789668645442e+34
146 34 4.2446540823322393e+34
148 34 3.0976411036927539e+34
150 34 1.0715614024086397e+34
152 34 1.4814162475031190e+33
144 35 2.1892805521928204e+30
146 35 2.4391667560616496e+33
148 35 3.3140487216719943e+33
150 35 1.6117895749785824e+33
152 35 2.7914028489922759e+32
148 36 1.7886807400836524e+32
150 36 1.6180896686082081e+32
152 36 3.9332440812052329e+31
150 37 8.2117735862236967e+30
152 37 3.7073176529251583e+30
152 38 1.7715962111849914e+29
