100 -15 7.7974925805732664e+02
102 -15 1.6703322509715230e+02
104 -15 1.1794536406263947e+04
94 -14 3.1289375921758342e+03
96 -14 3.3797523153918199e+04
98 -14 9.5770205019399742e+04
100 -14 3.8519978853805934e+05
102 -14 1.7554861243334934e+05
104 -14 7.1346544514329301e+05
88 -13 4.4921429199834301e+03
90 -13 1.3672315931058637e+05
92 -13 7.9836322837147629e+05
94 -13 2.9067176990172374e+06
96 -13 6.8818849018337950e+06
98 -13 1.0802750072648868e+07
100 -13 1.7617731627003998e+07
102 -13 1.0208606246015396e+07
104 -13 1.7719816518077545e+07
82 -12 2.8703960953725050e+03
84 -12 2.1356802541332479e+05
86 -12 2.5614181038154345e+06
88 -12 1.3398997472005321e+07
90 -12 4.4021900163584560e+07
92 -12 1.0671140902301547e+08
94 -12 2.0130899971384099e+08
96 -12 3.1058114024232477e+08
98 -12 3.8613427494230795e+08
100 -12 4.6638751641829562e+08
102 -12 2.7847156722060329e+08
104 -12 3.3932448280042821e+08
76 -11 6.3536937926046096e+02
78 -11 1.5546048758846466e+05
80 -11 4.1697533247163920e+06
82 -11 3.3694918049667589e+07
84 -11 1.5457291596782887e+08
86 -11 5.0072533747944677e+08
88 -11 1.2513196769193594e+09
90 -11 2.5419736059933891e+09
92 -11 4.4314900046144638e+09
94 -11 6.6766192872420616e+09
96 -11 8.6854043588405972e+09
98 -11 9.5787748277635174e+09
100 -11 9.5353602645395298e+09
102 -11 5.7947521288025713e+09
104 -11 5.1593182185135555e+09
72 -10 5.1580502994434166e+04
74 -10 3.3142560883483039e+06
76 -10 4.7974805332227305e+07
78 -10 3.1637599961473036e+08
80 -10 1.3761794027949326e+09
82 -10 4.4497271539980068e+09
84 -10 1.1607386988392275e+10
86 -10 2.5550734769268311e+10
88 -10 4.8971009805882065e+10
90 -10 8.2425215280228729e+10
92 -10 1.2309949061102090e+11
94 -10 1.6255746297925455e+11
96 -10 1.8818995086070374e+11
98 -10 1.8641731918476532e+11
100 -10 1.6277520507023471e+11
102 -10 9.5553577783786835e+10
104 -10 6.8173530449127144e+10
66 -9 5.3659658535249891e+03
68 -9 1.1344821869025959e+06
70 -9 3.6474437112038173e+07
72 -9 3.8782789931310493e+08
74 -9 2.3469807354300475e+09
76 -9 9.9657905729096298e+09
78 -9 3.2828442335458763e+10
80 -9 8.9743364754609116e+10
82 -9 2.1096049941313022e+11
84 -9 4.3620894104260779e+11
86 -9 8.0832233356251611e+11
88 -9 1.3422424017667314e+12
90 -9 2.0108620979165210e+12
92 -9 2.6881599190272969e+12
94 -9 3.2010508674777412e+12
96 -9 3.3672217275763262e+12
98 -9 3.0727118755026860e+12
100 -9 2.4091982624409702e+12
102 -9 1.3667844848596660e+12
104 -9 7.9637543715454199e+11
62 -8 1.4032722622071221e+05
64 -8 1.3015242599183945e+07
66 -8 2.7511098580377436e+08
68 -8 2.4877704440000381e+09
70 -8 1.4305784044386171e+10
72 -8 6.0093644960269630e+10
74 -8 2.0322775454688702e+11
76 -8 5.8097402903019580e+11
78 -8 1.4513201748526960e+12
80 -8 3.2441570846936006e+12
82 -8 6.5169099720796406e+12
84 -8 1.1890527510408080e+13
86 -8 1.9665959505208531e+13
88 -8 2.9461767195892895e+13
90 -8 4.0072110745757234e+13
92 -8 4.9125471684591344e+13
94 -8 5.4096441224592086e+13
96 -8 5.2533101628423820e+13
98 -8 4.4385422188332719e+13
100 -8 3.1989724283000227e+13
102 -8 1.7148347801136094e+13
104 -8 8.4757990919644482e+12
56 -7 2.7950557617885665e+03
58 -7 1.7443700430878657e+06
60 -7 9.9905102394114226e+07
62 -7 1.5824047583901477e+09
64 -7 1.2967704828879822e+10
66 -7 7.1513860234852890e+10
68 -7 3.0258860971099982e+11
70 -7 1.0526550828977667e+12
72 -7 3.1578933367113335e+12
74 -7 8.3940477299270811e+12
76 -7 2.0088232831021887e+13
78 -7 4.3612125262651375e+13
80 -7 8.6699845621619344e+13
82 -7 1.5689735647183972e+14
84 -7 2.6014632132014981e+14
86 -7 3.9534122372112819e+14
88 -7 5.4843149749174588e+14
90 -7 6.9305945881207612e+14
92 -7 7.9208751357830550e+14
94 -7 8.1179958654516275e+14
96 -7 7.3657235719537925e+14
98 -7 5.7933329250002488e+14
100 -7 3.8539474047564694e+14
102 -7 1.9499506814427688e+14
104 -7 8.2872783123516328e+13
52 -6 5.1632441901596714e+04
54 -6 1.4653406992168399e+07
56 -6 5.3873056717565989e+08
58 -6 7.0353157972167130e+09
60 -6 5.3339787154211411e+10
62 -6 2.8945207391178381e+11
64 -6 1.2392718342519827e+12
66 -6 4.4938284935982939e+12
68 -6 1.4207331636263154e+13
70 -6 4.0209777146648484e+13
72 -6 1.0351035860246186e+14
74 -6 2.4272739890190275e+14
76 -6 5.2261736815690256e+14
78 -6 1.0334006889994808e+15
80 -6 1.8797812844590472e+15
82 -6 3.1560825138966100e+15
84 -6 4.8736001518724690e+15
86 -6 6.9115349935013430e+15
88 -6 8.9861089713858620e+15
90 -6 1.0660038338416202e+16
92 -6 1.1444949960549870e+16
94 -6 1.1016183650120634e+16
96 -6 9.3983057817304840e+15
98 -6 6.9395266898329640e+15
100 -6 4.2998104065272600e+15
102 -6 2.0458442528883725e+15
104 -6 7.5650895665219138e+14
48 -5 5.7009888372349995e+05
50 -5 7.9723665305639774e+07
52 -5 2.0671356928235145e+09
54 -5 2.3380647159254807e+10
56 -5 1.6933976815448499e+11
58 -5 9.1540357331350281e+11
60 -5 4.0377681034094932e+12
62 -5 1.5328030329397594e+13
64 -5 5.1464038859919141e+13
66 -5 1.5656491107362181e+14
68 -5 4.3457834982375450e+14
70 -5 1.1034138648234540e+15
72 -5 2.5812751737707420e+15
74 -5 5.5718138523231920e+15
76 -5 1.1117078242212764e+16
78 -5 2.0510411340218444e+16
80 -5 3.5008072966201572e+16
82 -5 5.5320378663762336e+16
84 -5 8.0579575547901024e+16
86 -5 1.0802366271861096e+17
88 -5 1.3254946758892597e+17
90 -5 1.4907263802005347e+17
92 -5 1.5125883430506653e+17
94 -5 1.3776253994844934e+17
96 -5 1.1069568231726240e+17
98 -5 7.7076751873099840e+16
100 -5 4.4695719721235184e+16
102 -5 1.9949065869463280e+16
104 -5 6.4966590572701890e+15
44 -4 3.5808922610790958e+06
46 -4 2.7307543469215804e+08
48 -4 5.4965170316831951e+09
50 -4 5.6469926698247482e+10
52 -4 3.9744451268975696e+11
54 -4 2.1690944408516077e+12
56 -4 9.9602773803936211e+12
58 -4 4.0099450101223875e+13
60 -4 1.4486641602576675e+14
62 -4 4.7466434060484788e+14
64 -4 1.4311767408106082e+15
66 -4 3.9692003806950550e+15
68 -4 1.0203931036329946e+16
70 -4 2.4110358735604860e+16
72 -4 5.2862693138921320e+16
74 -4 1.0771237448286122e+17
76 -4 2.0325067519966362e+17
78 -4 3.5687477530024416e+17
80 -4 5.7815209906875891e+17
82 -4 8.6669651878653158e+17
84 -4 1.2007698739006607e+18
86 -4 1.5374376613026703e+18
88 -4 1.7951845364819448e+18
90 -4 1.9168918198125501e+18
92 -4 1.8499104095940004e+18
94 -4 1.5960155041214423e+18
96 -4 1.2157291729615552e+18
98 -4 7.9953344617201830e+17
100 -4 4.3570374567923283e+17
102 -4 1.8183180409584080e+17
104 -4 5.2824180534899848e+16
38 -3 1.3276670626880437e+04
40 -3 1.1917251369037690e+07
42 -3 5.7685471266447401e+08
44 -3 9.6654595059896526e+09
46 -3 9.3260975056585388e+10
48 -3 6.5380334286462585e+11
50 -3 3.6589575575299209e+12
52 -3 1.7707371203405207e+13
54 -3 7.6506771336732062e+13
56 -3 3.0013620176292450e+14
58 -3 1.0823006705095575e+15
60 -3 3.5730327947881260e+15
62 -3 1.0918171417617870e+16
64 -3 3.0935715788335996e+16
66 -3 8.0760249560445232e+16
68 -3 1.9647168955799283e+17
70 -3 4.4359858319817690e+17
72 -3 9.3096146297664960e+17
74 -3 1.8148799657776694e+18
76 -3 3.2799722521415813e+18
78 -3 5.5190611319224033e+18
80 -3 8.5611566954907638e+18
82 -3 1.2342319342133903e+19
84 -3 1.6422169594271136e+19
86 -3 2.0068467882187719e+19
88 -3 2.2462964513173426e+19
90 -3 2.2862581199261446e+19
92 -3 2.1081286922537804e+19
94 -3 1.7355512881416956e+19
96 -3 1.2539228972603394e+19
98 -3 7.7919568121021204e+18
100 -3 3.9949063489943828e+18
102 -3 1.5646174147720686e+18
104 -3 4.0867490953868544e+17
34 -2 7.3329724503843434e+04
36 -2 2.1059353331688110e+07
38 -2 7.3746670916632414e+08
40 -2 1.0827330659246246e+10
42 -2 1.0028262030026152e+11
44 -2 7.0503182058896753e+11
46 -2 4.1255120880368013e+12
48 -2 2.1388820212380367e+13
50 -2 1.0078247215122134e+14
52 -2 4.3646082998076162e+14
54 -2 1.7340083374247852e+15
56 -2 6.3725234481574140e+15
58 -2 2.1716359297394716e+16
60 -2 6.8588999073124288e+16
62 -2 2.0089736527003859e+17
64 -2 5.4725462495322963e+17
66 -2 1.3822309330144305e+18
68 -2 3.2502834594686060e+18
70 -2 7.0986237269141176e+18
72 -2 1.4431232763871091e+19
74 -2 2.7199115904926028e+19
76 -2 4.7637165008036135e+19
78 -2 7.7386978944582009e+19
80 -2 1.1609798085617430e+20
82 -2 1.6140448264239225e+20
84 -2 2.0700573198829250e+20
86 -2 2.4333890537572925e+20
88 -2 2.6131125358612106e+20
90 -2 2.5559716234575000e+20
92 -2 2.2518049165573374e+20
94 -2 1.7672286275077528e+20
96 -2 1.2181084187672391e+20
98 -2 7.1824308618537714e+19
100 -2 3.4743354498317795e+19
102 -2 1.2715377211274973e+19
104 -2 3.0181214921193446e+18
30 -1 1.4165205650319604e+05
32 -1 1.9583771725030683e+07
34 -1 5.3741149399601674e+08
36 -1 7.1204395430508490e+09
38 -1 6.4216920297089470e+10
40 -1 4.5977520010510077e+11
42 -1 2.8463365250028662e+12
44 -1 1.6143244451042613e+13
46 -1 8.4515715998944203e+13
48 -1 4.0917995489369800e+14
50 -1 1.8337373537049885e+15
52 -1 7.5931993896116390e+15
54 -1 2.9249541025559080e+16
56 -1 1.0452184105005549e+17
58 -1 3.4706426320487526e+17
60 -1 1.0737249002666815e+18
62 -1 3.0758210411961385e+18
64 -1 8.2176642372582083e+18
66 -1 2.0386437300597576e+19
68 -1 4.6972614912155853e+19
70 -1 1.0046804272760884e+20
72 -1 1.9930713049085438e+20
74 -1 3.6659864435877072e+20
76 -1 6.2697055174163300e+20
78 -1 9.9049741841333604e+20
80 -1 1.4448756578278121e+21
82 -1 1.9446297451815932e+21
84 -1 2.4128702846503171e+21
86 -1 2.7425051058109069e+21
88 -1 2.8479155895381299e+21
90 -1 2.6719174102076086e+21
92 -1 2.2638004249315492e+21
94 -1 1.7021832545487091e+21
96 -1 1.1185260277945380e+21
98 -1 6.2630451033254226e+20
100 -1 2.8606245656922377e+20
102 -1 9.8366021252708958e+19
104 -1 2.1228927434331038e+19
26 0 1.0449874282397106e+05
28 0 8.7750011667951327e+06
30 0 1.9683861673338288e+08
32 0 2.4124183787920256e+09
34 0 2.1206594817161858e+10
36 0 1.5771697623896371e+11
38 0 1.0701501187190929e+12
40 0 6.8168978732747529e+12
42 0 4.0638982837500750e+13
44 0 2.2512583541617150e+14
46 0 1.1536653622319210e+15
48 0 5.4847958256108260e+15
50 0 2.4353099976303392e+16
52 0 1.0021143531718219e+17
54 0 3.8485947390184186e+17
56 0 1.3745214458871757e+18
58 0 4.5551858241304914e+18
60 0 1.4042797398340921e+19
62 0 4.0126683148819890e+19
64 0 1.0653144571791170e+20
66 0 2.6210063246185821e+20
68 0 5.9770711507060824e+20
70 0 1.2649956204670036e+21
72 0 2.4732213831720066e+21
74 0 4.4785853302832287e+21
76 0 7.4962229589526037e+21
78 0 1.1604623610618801e+22
80 0 1.6551495093938066e+22
82 0 2.1676445849236237e+22
84 0 2.6173383841623524e+22
86 0 2.8840270541850499e+22
88 0 2.8960414480717356e+22
90 0 2.6266865562739217e+22
92 0 2.1393332573593900e+22
94 0 1.5447196664739408e+22
96 0 9.7043619960018080e+21
98 0 5.1765857266640984e+21
100 0 2.2419906137680626e+21
102 0 7.2314918304792209e+20
104 0 1.4276284004897235e+20
22 1 2.5964067522968962e+04
24 1 1.4563520802169940e+06
26 1 2.7466241363816101e+07
28 1 3.0994110697696763e+08
30 1 2.7190788429436674e+09
32 1 2.1974278540637482e+10
34 1 1.7918832240375296e+11
36 1 1.3758642363717466e+12
38 1 9.6804513669712812e+12
40 1 6.2743881674797523e+13
42 1 3.7709504445562250e+14
44 1 2.1044149274006835e+15
46 1 1.0969421481967844e+16
48 1 5.3584352543068304e+16
50 1 2.4252226987138458e+17
52 1 1.0232350518373644e+18
54 1 4.0144607053643781e+18
56 1 1.4597329173093173e+19
58 1 4.9316655568895443e+19
60 1 1.5417357728488817e+20
62 1 4.4578970784079466e+20
64 1 1.1918033628205409e+21
66 1 2.9472648003508880e+21
68 1 6.7275420281858320e+21
70 1 1.4187519777929242e+22
72 1 2.7609802599604368e+22
74 1 4.9459103354542214e+22
76 1 8.1854075506098170e+22
78 1 1.2464162923724153e+23
80 1 1.7447579547395770e+23
82 1 2.2436044680726792e+23
84 1 2.6381307346357922e+23
86 1 2.8280617651458819e+23
88 1 2.7609441658291800e+23
90 1 2.4245826013968281e+23
92 1 1.9064162140387179e+23
94 1 1.3229914961806637e+23
96 1 7.9624148957214448e+22
98 1 4.0541603716867968e+22
100 1 1.6671651973475475e+22
102 1 5.0584073801287976e+21
104 1 9.1921566165940660e+20
24 2 2.1993950268167711e+04
26 2 1.1204505233096106e+07
28 2 4.6970878243000168e+08
30 2 8.2032523424474573e+09
32 2 9.3596506215054230e+10
34 2 8.4612373375624304e+11
36 2 6.7810502533336299e+12
38 2 5.0343338699398141e+13
40 2 3.4634919613068231e+14
42 2 2.2234419767270898e+15
44 2 1.3229364057503942e+16
46 2 7.3091503458448608e+16
48 2 3.7700734047252838e+17
50 2 1.7985049175989443e+18
52 2 7.9754976291802235e+18
54 2 3.2664214903839916e+19
56 2 1.2427322840438648e+20
58 2 4.3497791790973406e+20
60 2 1.4023806925880170e+21
62 2 4.1722475424015576e+21
64 2 1.1392214982837500e+22
66 2 2.8675035241551086e+22
68 2 6.6225452133115882e+22
70 2 1.4075892412803036e+23
72 2 2.7437938955732731e+23
74 2 4.9178615676022990e+23
76 2 8.0940247736962689e+23
78 2 1.2216803639169381e+24
80 2 1.6918833464548940e+24
82 2 2.1395303478913247e+24
84 2 2.4671315007379823e+24
86 2 2.5883982511848140e+24
88 2 2.4557475374418484e+24
90 2 2.0953077890794611e+24
92 2 1.5929547786371613e+24
94 2 1.0670562704657711e+24
96 2 6.1647012410366704e+23
98 2 3.0061223292502569e+23
100 2 1.1747701235730031e+23
102 2 3.3660177407161563e+22
104 2 5.6502905351363132e+21
28 3 1.1316323236048495e+07
30 3 2.1485010152072411e+09
32 3 7.3430851079858337e+10
34 3 1.2153925804873901e+12
36 3 1.4073352767501000e+13
38 3 1.3171432895237589e+14
40 3 1.0716300290875322e+15
42 3 7.8649924892923250e+15
44 3 5.2649625273849456e+16
46 3 3.2331456960812326e+17
48 3 1.8233408420857933e+18
50 3 9.4862106096710902e+18
52 3 4.5555897311428903e+19
54 3 2.0115403460734140e+20
56 3 8.1693921595428582e+20
58 3 3.0367560387721728e+21
60 3 1.0344407656768502e+22
62 3 3.2185686867311424e+22
64 3 9.1554491799919355e+22
66 3 2.3805352336345382e+23
68 3 5.6478069658125388e+23
70 3 1.2222562532948251e+24
72 3 2.4193645179953762e+24
74 3 4.3696073785473341e+24
76 3 7.2050815334013788e+24
78 3 1.0868514863282651e+25
80 3 1.4948266306710559e+25
82 3 1.8687306865844603e+25
84 3 2.1240716500291405e+25
86 3 2.1859277467644701e+25
88 3 2.0295850189796207e+25
90 3 1.6881359379816433e+25
92 3 1.2471953511767100e+25
94 3 8.0844033752287738e+24
96 3 4.5083237272313686e+24
98 3 2.1058802264481720e+24
100 3 7.8526710866183162e+23
102 3 2.1281531325936270e+23
104 3 3.3187149717396903e+22
32 4 2.2889192605200486e+09
34 4 2.5706650090836096e+11
36 4 7.4741139762380830e+12
38 4 1.1939359528213508e+14
40 4 1.4010724985782200e+15
42 4 1.3464020504933756e+16
44 4 1.1229724485388107e+17
46 4 8.2657479414070554e+17
48 4 5.4726663987696046e+18
50 4 3.2753527865409430e+19
52 4 1.7780554848170207e+20
54 4 8.7492377286613795e+20
56 4 3.9357399225823873e+21
58 4 1.6003865751622745e+22
60 4 5.9065356275178331e+22
62 4 1.9776580930928764e+23
64 4 5.9996469637816132e+23
66 4 1.6424166155293527e+24
68 4 4.0674119043253577e+24
70 4 9.1333983572673323e+24
72 4 1.8555874351140498e+25
74 4 3.4160438826374184e+25
76 4 5.7092095393217424e+25
78 4 8.6654273349793938e+25
80 4 1.1918757629352664e+26
82 4 1.4849716006968731e+26
84 4 1.6735802425930940e+26
86 4 1.7017789311262558e+26
88 4 1.5519371670029958e+26
90 4 1.2648405758206054e+26
92 4 9.1013449965396270e+25
94 4 5.7326219156307894e+25
96 4 3.0922953924278711e+25
98 4 1.3894447379399254e+25
100 4 4.9530826386992785e+24
102 4 1.2741640606177875e+24
104 4 1.8529795320520485e+23
36 5 2.8370340347484363e+11
38 5 2.2000421404412613e+13
40 5 5.5827091987101512e+14
42 5 8.7684235449774840e+15
44 5 1.0394756845170530e+17
46 5 1.0248681390312001e+18
48 5 8.6719703980152771e+18
50 5 6.4137731435555316e+19
52 5 4.2159836649444029e+20
54 5 2.4593419728044394e+21
56 5 1.2777904332040678e+22
58 5 5.9450286353259241e+22
60 5 2.4747474129451077e+23
62 5 9.1869070539712603e+23
64 5 3.0571107340547675e+24
66 5 9.0788938770622861e+24
68 5 2.4092024280187093e+25
70 5 5.7041908683652728e+25
72 5 1.2109902160203224e+26
74 5 2.3099087362796006e+26
76 5 3.9594401045908699e+26
78 5 6.1142636908992555e+26
80 5 8.5020092067159191e+26
82 5 1.0632500866572896e+27
84 5 1.1979714069148529e+27
86 5 1.2103438909334853e+27
88 5 1.0904949287138804e+27
90 5 8.7372018455167255e+26
92 5 6.1626484660990551e+26
94 5 3.7852684183548583e+26
96 5 1.9834677520319658e+26
98 5 8.6048138959453886e+25
100 5 2.9437922161738516e+25
102 5 7.2118964749450889e+24
104 5 9.8771110416583107e+23
40 6 2.6733571844445270e+13
42 6 1.4057172794841800e+15
44 6 3.3301145239297644e+16
46 6 5.1200493625206522e+17
48 6 6.1753257616340152e+18
50 6 6.1725216290880553e+19
52 6 5.2807176179906032e+20
54 6 3.9029465335299042e+21
56 6 2.5130922058248954e+22
58 6 1.4133607483893565e+23
60 6 6.9504233964068259e+23
62 6 3.0051260438894365e+24
64 6 1.1409151992588516e+25
66 6 3.8034566114621057e+25
68 6 1.1156571568445069e+26
70 6 2.8746313337414270e+26
72 6 6.5405431090541500e+26
74 6 1.3157100914498363e+27
76 6 2.3550928152369414e+27
78 6 3.7523964526419641e+27
80 6 5.3374712427550930e+27
82 6 6.7751529788418470e+27
84 6 7.6831565563432561e+27
86 6 7.7655537332862165e+27
88 6 6.9742658412349661e+27
90 6 5.5320994919642001e+27
92 6 3.8486537681740345e+27
94 6 2.3161614358620407e+27
96 6 1.1848522880311766e+27
98 6 4.9771945344723470e+26
100 6 1.6406858361840109e+26
102 6 3.8447140744788607e+25
104 6 4.9664231073310828e+24
42 7 7.6354630890875830e+12
44 7 1.6823208100641260e+15
46 7 7.4790164573615952e+16
48 7 1.6290127709063096e+18
50 7 2.5102497873245487e+19
52 7 3.0509760895349103e+20
54 7 3.0851254107630563e+21
56 7 2.6327174192192993e+22
58 7 1.9213030833318605e+23
60 7 1.1901205218299568e+24
62 7 6.3230631315701959e+24
64 7 2.8861413635756442e+25
66 7 1.1304469839596480e+26
68 7 3.8154536914659014e+26
70 7 1.1108385160305687e+27
72 7 2.7948332741147366e+27
74 7 6.1105943983658625e+27
76 7 1.1674390122218183e+28
78 7 1.9584292337185949e+28
80 7 2.8918295968460914e+28
82 7 3.7770515564135174e+28
84 7 4.3628746557586479e+28
86 7 4.4618744923760712e+28
88 7 4.0236324534477410e+28
90 7 3.1825784336890285e+28
92 7 2.1960432740541987e+28
94 7 1.3013835754849636e+28
96 7 6.5208020437696228e+27
98 7 2.6763476498508630e+27
100 7 8.5463110377573655e+26
102 7 1.9248735696329794e+26
104 7 2.3559209303937882e+25
46 8 6.3696086432336662e+14
48 8 8.9588421241526256e+16
50 8 3.2851643416815616e+18
52 8 6.9078071427897721e+19
54 8 1.0543929013003527e+21
56 8 1.2952019899722248e+22
58 8 1.3092267432630390e+23
60 8 1.1016899387942346e+24
62 8 7.6999972203176707e+24
64 8 4.5012591995279346e+25
66 8 2.1956679310081699e+26
68 8 9.0026698238951200e+26
70 8 3.0980504156850144e+27
72 8 8.9852900810208432e+27
74 8 2.2123999599089992e+28
76 8 4.6496531869597289e+28
78 8 8.4202277060335816e+28
80 8 1.3219396834372519e+29
82 8 1.8048411536461651e+29
84 8 2.1569153108740068e+29
86 8 2.2581261943610019e+29
88 8 2.0654964551307277e+29
90 8 1.6457491085073976e+29
92 8 1.1346554413698798e+29
94 8 6.6802533701266716e+28
96 8 3.3004030532089278e+28
98 8 1.3281294868793179e+28
100 8 4.1333160900391038e+27
102 8 8.9875562340426712e+26
104 8 1.0525319847469226e+26
50 9 4.2264950748561120e+16
52 9 3.9019104752383017e+18
54 9 1.2665537966672606e+20
56 9 2.5520342069206214e+21
58 9 3.9411821802708005e+22
60 9 4.8092645555833326e+23
62 9 4.7987087935290209e+24
64 9 3.8643796551646495e+25
66 9 2.5259712827464372e+26
68 9 1.3393984523646662e+27
70 9 5.7863551496039323e+27
72 9 2.0432581117292475e+28
74 9 5.9305835290402482e+28
76 9 1.4271990615972145e+29
78 9 2.8835367498388157e+29
80 9 4.9343884788229907e+29
82 9 7.2194517148351864e+29
84 9 9.0880893926408854e+29
86 9 9.8884419667267225e+29
88 9 9.3049456158717309e+29
90 9 7.5362962905314144e+29
92 9 5.2432787916503584e+29
94 9 3.0942550593669192e+29
96 9 1.5212855575839788e+29
98 9 6.0446342331054319e+28
100 9 1.8428763170364297e+28
102 9 3.8999841508000156e+27
104 9 4.3985155575048761e+26
54 10 2.2584087070969987e+18
56 10 1.4633022353368829e+20
58 10 4.2589806677391599e+21
60 10 8.6415346352236960e+22
62 10 1.3104101477676603e+24
64 10 1.5913349881844828e+25
66 10 1.5096846995832789e+26
68 10 1.1257685849453302e+27
70 10 6.5844594053074757e+27
72 10 3.0368731963913362e+28
74 10 1.1059722719550546e+29
76 10 3.2100898867777391e+29
78 10 7.5463347971641685e+29
80 10 1.4577337894345576e+30
82 10 2.3472230291202985e+30
84 10 3.1878632329541589e+30
86 10 3.6754688852301640e+30
88 10 3.6100045920425868e+30
90 10 3.0225001020084118e+30
92 10 2.1448597197761969e+30
94 10 1.2816755041168923e+30
96 10 6.3154455756038138e+29
98 10 2.4981199150397366e+29
100 10 7.5339783869100354e+28
102 10 1.5600350400884364e+28
104 10 1.7053577777297562e+27
56 11 3.4867351202915430e+17
58 11 9.4043875734326264e+19
60 11 4.6910177119477957e+21
62 11 1.3568689569417241e+23
64 11 2.6279473338857938e+24
66 11 4.0152553685184465e+25
68 11 4.6034392406476813e+26
70 11 4.0222958673378284e+27
72 11 2.6388243327315810e+28
74 11 1.3101162927346228e+29
76 11 4.9352690152671543e+29
78 11 1.4307592460681575e+30
80 11 3.2669399910919428e+30
82 11 6.0045322934822237e+30
84 11 9.0470553553827773e+30
86 11 1.1324617240822270e+31
88 11 1.1850212561204867e+31
90 11 1.0408011004742817e+31
92 11 7.6552903735204526e+30
94 11 4.6816438732991603e+30
96 11 2.3411423019892022e+30
98 11 9.3034146052004963e+29
100 11 2.7947743224834858e+29
102 11 5.7180713445163855e+28
104 11 6.1006989271680039e+27
60 12 2.3912770377155994e+19
62 12 3.0675646881634305e+21
64 12 1.4829370562778001e+23
66 12 3.8341723940659080e+24
68 12 7.6643427897951045e+25
70 12 1.0952211676297432e+27
72 12 1.1541634161408346e+28
74 12 8.6556802358036753e+28
76 12 4.6909493769270683e+29
78 12 1.8272747962561789e+30
80 12 5.2614262950167546e+30
82 12 1.1603049991698828e+31
84 12 2.0143902969844152e+31
86 12 2.8181978933109021e+31
88 12 3.2172177419487306e+31
90 12 3.0226961669747143e+31
92 12 2.3429134443475155e+31
94 12 1.4879413610730748e+31
96 12 7.6406889339641722e+30
98 12 3.0872871571214734e+30
100 12 9.3182545092903117e+29
102 12 1.9010218126422065e+29
104 12 2.0012626942201735e+28
64 13 8.9232993859146980e+20
66 13 1.0666987161220283e+23
68 13 3.9616444898172982e+24
70 13 1.0913498365856139e+26
72 13 2.0184452856420173e+27
74 13 2.6533647737359757e+28
76 13 2.3298988417605001e+29
78 13 1.3986331648160544e+30
80 13 5.6377412279342729e+30
82 13 1.6020736604257402e+31
84 13 3.3805600203464050e+31
86 13 5.4898530285238838e+31
88 13 7.0475254369642891e+31
90 13 7.2606600070694948e+31
92 13 6.0400167628814848e+31
94 13 4.0526581875541691e+31
96 13 2.1689878363694717e+31
98 13 9.0154625518366791e+30
100 13 2.7704609022722510e+30
102 13 5.6910956572582790e+29
104 13 5.9576560190645151e+28
68 14 4.4582552606428967e+22
70 14 2.7610687530136970e+24
72 14 1.1348043618871992e+26
74 14 2.8372023283997217e+27
76 14 4.8666879457908629e+28
78 14 5.1589540033780172e+29
80 14 3.5011812342691792e+30
82 14 1.4529278738813895e+31
84 14 4.0361082880691533e+31
86 14 8.0490484521419425e+31
88 14 1.2080640260723725e+32
90 14 1.4055369532571738e+32
92 14 1.2864095924032395e+32
94 14 9.2958513892456960e+31
96 14 5.2694464835737374e+31
98 14 2.2858557282109458e+31
100 14 7.2444909083385453e+30
102 14 1.5141357620632844e+30
104 14 1.5952545492117574e+29
70 15 7.8248400543281263e+21
72 15 1.1697621058124318e+24
74 15 8.3306620520836662e+25
76 15 2.9784069040218011e+27
78 15 7.0570698348068025e+28
80 15 9.3970620844013434e+29
82 15 7.3816314091629281e+30
84 15 3.1354767294265005e+31
86 15 8.3943127254210110e+31
88 15 1.5603151915885491e+32
90 15 2.1326007072323936e+32
92 15 2.2122341962981169e+32
94 15 1.7626336183640044e+32
96 15 1.0781778932686626e+32
98 15 4.9610351564201865e+31
100 15 1.6447378672606661e+31
102 15 3.5471891599448566e+30
104 15 3.8085496748197632e+29
74 16 2.2780824329270578e+23
76 16 4.0752868924439988e+25
78 16 2.2468199829626010e+27
80 16 7.9389832063555173e+28
82 16 1.3953687548326004e+30
84 16 1.3161927129547671e+31
86 16 5.6485068474210737e+31
88 16 1.4319046237388688e+32
90 16 2.4407200425331265e+32
92 16 2.9857459530267502e+32
94 16 2.7022036508772512e+32
96 16 1.8241415494941852e+32
98 16 9.0798203137042066e+31
100 16 3.1946728055365076e+31
102 16 7.2187012421408430e+30
104 16 8.0022685646021519e+29
78 17 1.1834361279204493e+25
80 17 1.1467058353803147e+27
82 17 6.7603119571000346e+28
84 17 1.6738377135658486e+30
86 17 1.9865330998159029e+31
88 17 8.4424459651013234e+31
90 17 1.9894198103853750e+32
92 17 3.0465051606763689e+32
94 17 3.2577582086292975e+32
96 17 2.5014158331881976e+32
98 17 1.3756244647465199e+32
100 17 5.2386351464097929e+31
102 17 1.2583364813710567e+31
104 17 1.4624955811256592e+30
80 18 1.5288022855908768e+24
82 18 3.5400614594300468e+26
84 18 4.1829422035683107e+28
86 18 1.5909783125967742e+30
88 18 2.5264291476099007e+31
90 18 1.0379314347152968e+32
92 18 2.2161817877788777e+32
94 18 2.9788836321700597e+32
96 18 2.7066041268408506e+32
98 18 1.6940526225766407e+32
100 18 7.1411315396425448e+31
102 18 1.8547163045071176e+31
104 18 2.2910340164123910e+30
84 19 4.9770720334511251e+25
86 19 1.7653698073287220e+28
88 19 1.1658430543429242e+30
90 19 2.6880526040428899e+31
92 19 1.0322680743113255e+32
94 19 1.9464453657528916e+32
96 19 2.2250824399584276e+32
98 19 1.6489596269533201e+32
100 19 7.9060590090580913e+31
102 19 2.2724812724230118e+31
104 19 3.0367717474346407e+30
88 20 4.5171774449240557e+27
90 20 6.3084869313106768e+29
92 20 2.3576960158967474e+31
94 20 8.1469324892530169e+31
96 20 1.3120521675935087e+32
98 20 1.2238884909573254e+32
100 20 6.9434476046068284e+31
102 20 2.2720666629175699e+31
104 20 3.3593156182732418e+30
90 21 5.2317530574924390e+26
92 21 2.3734767085639021e+29
94 21 1.6656447701335556e+31
96 21 4.9683386093397561e+31
98 21 6.5267153007419230e+31
100 21 4.6613955185287628e+31
102 21 1.8039655119669439e+31
104 21 3.0322195554609491e+30
94 22 5.4911310366329712e+28
96 22 9.1698790298211685e+30
98 22 2.2445690858535645e+31
100 22 2.2566495418105514e+31
102 22 1.0974078729613326e+31
104 22 2.1810726705460412e+30
96 23 5.8754297935908286e+27
98 23 3.7733710829279755e+30
100 23 7.0571561960738790e+30
102 23 4.8287593644898084e+30
104 23 1.2050771437082270e+30
100 24 1.0830873939772172e+30
102 24 1.3772413798699573e+30
104 24 4.8278561517224022e+29
102 25 1.9293986329781269e+29
104 25 1.2562522015198487e+29
104 26 1.6128684230308113e+28
