272 -52 1.0952211581537849e+27
268 -51 1.0449663476928407e+28
270 -51 1.3378853656183746e+29
264 -50 6.2587215107616516e+28
266 -50 1.2938588680204720e+30
268 -50 7.8201488741670917e+30
260 -49 2.8538397222028769e+29
262 -49 7.6803430397089034e+30
264 -49 7.5962638061535382e+31
266 -49 2.9113251887233104e+32
256 -48 1.0657822487895060e+30
258 -48 3.4352783910788061e+31
260 -48 4.4717792391056674e+32
262 -48 2.8432665334706559e+33
264 -48 7.8179054070236079e+33
252 -47 3.4495895771893725e+30
254 -47 1.2599202246758192e+32
256 -47 1.9612985443676328e+33
258 -47 1.6487441379501322e+34
260 -47 7.6168234367563326e+34
262 -47 1.6096446898274354e+35
248 -46 9.8589139474674858e+30
250 -46 3.9637694889215120e+32
252 -46 7.0251650213927064e+33
254 -46 7.0996916308942750e+34
256 -46 4.3562133330503934e+35
258 -46 1.5626131306714235e+36
260 -46 2.6549021746247410e+36
244 -45 2.5280244096778545e+31
246 -45 1.0969757946801831e+33
248 -45 2.1559370303764850e+34
250 -45 2.4815861097594722e+35
252 -45 1.8372058525798270e+36
254 -45 8.7653517022651671e+36
256 -45 2.5548704998190735e+37
258 -45 3.5944642500999477e+37
240 -44 5.8561554755025231e+31
242 -44 2.7238159649175245e+33
244 -44 5.7832925207828497e+34
246 -44 7.3927108370211733e+35
248 -44 6.2542656667083047e+36
250 -44 3.6102536187574164e+37
252 -44 1.4025756083412527e+38
254 -44 3.4135908706011231e+38
256 -44 4.0851477718574949e+38
236 -43 1.2420056369664105e+32
238 -43 6.1080929878442116e+33
240 -43 1.3862557437699956e+35
242 -43 1.9211140674945387e+36
244 -43 1.8024080368623494e+37
246 -43 1.1952578981932471e+38
248 -43 5.6336911288054129e+38
250 -43 1.8354446633154058e+39
252 -43 3.8298194667485042e+39
254 -43 3.9715196349380669e+39
232 -42 2.4266296106028760e+32
234 -42 1.2457764797567732e+34
236 -42 2.9910111747553828e+35
238 -42 4.4389539771170725e+36
240 -42 4.5299947042537622e+37
242 -42 3.3369496057530478e+38
244 -42 1.8120794019776611e+39
246 -42 7.1795090839860918e+39
248 -42 2.0161420964235719e+40
250 -42 3.6532558733305935e+40
252 -42 3.3467814013694340e+40
228 -41 4.3819447503828249e+32
230 -41 2.3450950360348554e+34
232 -41 5.8933297862916488e+35
234 -41 9.2310939240932569e+36
236 -41 1.0092164334834566e+38
238 -41 8.0879319529124989e+38
240 -41 4.8845475922177532e+39
242 -41 2.2336613433633576e+40
244 -41 7.6392343975320823e+40
246 -41 1.8750642464044071e+41
248 -41 3.0106232945953832e+41
250 -41 2.4589727253447590e+41
224 -40 7.3486435866206387e+32
226 -40 4.0606231510802341e+34
228 -40 1.0607213699924247e+36
230 -40 1.7450342537395462e+37
232 -40 2.0159373239881349e+38
234 -40 1.7372665658309004e+39
236 -40 1.1433702456137415e+40
238 -40 5.8275815458579173e+40
240 -40 2.3006126371858910e+41
242 -40 6.9055526868320859e+41
244 -40 1.5022251614477719e+42
246 -40 2.1617759948172509e+42
248 -40 1.5912919701577464e+42
220 -39 1.1422202262632829e+33
222 -39 6.4889483718757029e+34
224 -39 1.7567365405538644e+36
226 -39 3.0088567766015764e+37
228 -39 3.6545256065069378e+38
230 -39 3.3374461597611755e+39
232 -39 2.3585617699787916e+40
234 -39 1.3144982532963871e+41
236 -39 5.7924203614632614e+41
238 -39 2.0081793715953100e+42
240 -39 5.3599072495422488e+42
242 -39 1.0479139903449429e+43
244 -39 1.3653838674300202e+43
246 -39 9.1509411271322347e+42
216 -38 1.6605919004614090e+33
218 -38 9.6384653585794388e+34
220 -38 2.6863016869026283e+36
222 -38 4.7640727274710804e+37
224 -38 6.0367424296529269e+38
226 -38 5.7891607363151155e+39
228 -38 4.3491357907631795e+40
230 -38 2.6021157767762905e+41
232 -38 1.2550333513078875e+42
234 -38 4.8674007085030953e+42
236 -38 1.5044199851690460e+43
238 -38 3.6138368586206517e+43
240 -38 6.4196369751132747e+43
242 -38 7.6392644080512763e+43
244 -38 4.6987274762968936e+43
210 -37 9.4284840700095244e+27
212 -37 2.2504278939176845e+33
214 -37 1.3330048385226176e+35
216 -37 3.8083047017415473e+36
218 -37 6.9627777206167987e+37
220 -37 9.1453919137761675e+38
222 -37 9.1556316858181310e+39
224 -37 7.2220526403134761e+40
226 -37 4.5969319782460261e+41
228 -37 2.3843160696532325e+42
230 -37 1.0136793900445644e+43
232 -37 3.5068364038962701e+43
234 -37 9.7871308859775758e+43
236 -37 2.1352123901320031e+44
238 -37 3.4775784736694496e+44
240 -37 3.8091641369123033e+44
242 -37 2.1642856332343273e+44
206 -36 4.0414209650507582e+28
208 -36 2.8417079127373183e+33
210 -36 1.7177161140455103e+35
212 -36 5.0136431346079710e+36
214 -36 9.4109028486746608e+37
216 -36 1.2743477051767684e+39
218 -36 1.3224752766554460e+40
220 -36 1.0921813839649828e+41
222 -36 7.3025609901480994e+41
224 -36 4.0335412107610672e+42
226 -36 1.8469446547598087e+43
228 -36 7.0152229224564486e+43
230 -36 2.1931135944271578e+44
232 -36 5.5727275969152693e+44
234 -36 1.1158013882909432e+45
236 -36 1.6752824016262060e+45
238 -36 1.7009409433020115e+45
240 -36 8.9893105538260671e+44
202 -35 1.1611831645886260e+29
204 -35 3.3646408291677075e+33
206 -35 2.0599711048173806e+35
208 -35 6.1275976521572753e+36
210 -35 1.1767447829838154e+38
212 -35 1.6369743833303628e+39
214 -35 1.7561027604798394e+40
216 -35 1.5042536690090836e+41
218 -35 1.0533163846456475e+42
220 -35 6.1275028105495464e+42
222 -35 2.9898731697516300e+43
224 -35 1.2233378611078100e+44
226 -35 4.2033190233584351e+44
228 -35 1.1988198827755997e+45
230 -35 2.7956424349558938e+45
232 -35 5.1793718188210534e+45
234 -35 7.2185968436456448e+45
236 -35 6.8374143691506993e+45
238 -35 3.3763599165277992e+45
198 -34 2.5497919422538792e+29
200 -34 3.7170479133636998e+33
202 -34 2.3052087300863357e+35
204 -34 6.9717413032376128e+36
206 -34 1.3639541398384821e+38
208 -34 1.9445491344825065e+39
210 -34 2.1450931685776573e+40
212 -34 1.9002317180835354e+41
214 -34 1.3833032562456116e+42
216 -34 8.4245710364294012e+42
218 -34 4.3321444099400659e+43
220 -34 1.8909511467822494e+44
222 -34 7.0110583446746747e+44
224 -34 2.2012451287481477e+45
226 -34 5.7694140103618703e+45
228 -34 1.2454508087548611e+46
230 -34 2.1450271948082587e+46
232 -34 2.7952229984189098e+46
234 -34 2.4789583103836585e+46
236 -34 1.1513492839387557e+46
194 -33 4.6428344116276007e+29
196 -33 3.8617062644163479e+33
198 -33 2.4150025711872028e+35
200 -33 7.3977533824780629e+36
202 -33 1.4738603634038597e+38
204 -33 2.1425355815578721e+39
206 -33 2.4215658381663654e+40
208 -33 2.2057038251417281e+41
210 -33 1.6622381558184623e+42
212 -33 1.0530311271633978e+43
214 -33 5.6738032735402885e+43
216 -33 2.6156579723027823e+44
218 -33 1.0350996864381961e+45
220 -33 3.5063751057791541e+45
222 -33 1.0124800900448625e+46
224 -33 2.4620331058918094e+46
226 -33 4.9469335552290812e+46
228 -33 7.9779908512776866e+46
230 -33 9.7497568776511624e+46
232 -33 8.1417186604121071e+46
234 -33 3.5598409468023455e+46
190 -32 7.2626631502373343e+29
192 -32 3.7495980586307383e+33
194 -32 2.3631459976347184e+35
196 -32 7.3311125918813351e+36
198 -32 1.4800975285123144e+38
200 -32 2.1921707038167233e+39
202 -32 2.5271726506266329e+40
204 -32 2.3614334433637866e+41
206 -32 1.8318542963480447e+42
208 -32 1.2021487134051629e+43
210 -32 6.7464266038790994e+43
212 -32 3.2589233404776712e+44
214 -32 1.3623364513686330e+45
216 -32 4.9360807734964669e+45
218 -32 1.5408153515401436e+46
220 -32 4.1260911593649640e+46
222 -32 9.3571260579347563e+46
224 -32 1.7612897180976104e+47
226 -32 2.6699146749258572e+47
228 -32 3.0774744397546526e+47
230 -32 2.4273812989785378e+47
232 -32 1.0043306473127454e+47
186 -31 9.9581473155688959e+29
188 -31 3.4079898590468993e+33
190 -31 2.1625771885885357e+35
192 -31 6.7533056484664759e+36
194 -31 1.3814196146358704e+38
196 -31 2.0783005276872686e+39
198 -31 2.4435585185198626e+40
200 -31 2.3357902710787123e+41
202 -31 1.8573792448784033e+42
204 -31 1.2567249949005909e+43
206 -31 7.3030995285234072e+43
208 -31 3.6796880058812133e+44
210 -31 1.6136656109247765e+45
212 -31 6.1767417035429524e+45
214 -31 2.0637035571525081e+46
216 -31 5.9852159370867073e+46
218 -31 1.4966081583740906e+47
220 -31 3.1805548138012704e+47
222 -31 5.6404013382580753e+47
224 -31 8.0667788966920253e+47
226 -31 8.7991436548247020e+47
228 -31 6.5812794015604158e+47
230 -31 2.5871204502354905e+47
182 -30 1.2179539632378621e+30
184 -30 2.9040112847854498e+33
186 -30 1.8455374890636188e+35
188 -30 5.8261529789160921e+36
190 -30 1.2002605091754676e+38
192 -30 1.8326615764542925e+39
194 -30 2.1899393519047051e+40
196 -30 2.1331015333063596e+41
198 -30 1.7358656888536172e+42
200 -30 1.2052310565743234e+43
202 -30 7.2287335013808966e+43
204 -30 3.7774332943899781e+44
206 -30 1.7277059257604078e+45
208 -30 6.9466362792386921e+45
210 -30 2.4553663432349664e+46
212 -30 7.6219217667291646e+46
214 -30 2.0656601347800987e+47
216 -30 4.8481127926430316e+47
218 -30 9.7107251880035721e+47
220 -30 1.6258829987159325e+48
222 -30 2.2040675124865168e+48
224 -30 2.2849287635158716e+48
226 -30 1.6248839789392852e+48
228 -30 6.0849134458770877e+47
178 -29 1.3385504220243684e+30
180 -29 2.3198271090893855e+33
182 -29 1.4755597496979237e+35
184 -29 4.6690203913358963e+36
186 -29 9.7432469235642682e+37
188 -29 1.5020173179030946e+39
190 -29 1.8188123753956446e+40
192 -29 1.8036673021848966e+41
194 -29 1.4987850108780074e+42
196 -29 1.0630696387798719e+43
198 -29 6.5531991883496173e+43
200 -29 3.5370979598403246e+44
202 -29 1.6785457078574465e+45
204 -29 7.0485321197149137e+45
206 -29 2.6178864439460128e+46
208 -29 8.6098407059376040e+46
210 -29 2.4984958678127428e+47
212 -29 6.3625281260027482e+47
214 -29 1.4078806348524688e+48
216 -29 2.6667890166968977e+48
218 -29 4.2412375138281961e+48
220 -29 5.4670676381492866e+48
222 -29 5.3960547660138763e+48
224 -29 3.6619651789681554e+48
226 -29 1.3092946034470790e+48
174 -28 1.3318962708639674e+30
176 -28 1.7366558956321633e+33
178 -28 1.1023522562327046e+35
180 -28 3.5033347116682225e+36
182 -28 7.3555391573985977e+37
184 -28 1.1434445480398468e+39
186 -28 1.4017559520147672e+40
188 -28 1.4081468700650131e+41
190 -28 1.1929218562179211e+42
192 -28 8.6561378265227994e+42
194 -28 5.4611640391814785e+43
196 -28 3.0286094935570382e+44
198 -28 1.4846889184357225e+45
200 -28 6.4741289152206295e+45
202 -28 2.5122837626944066e+46
204 -28 8.6808305373593693e+46
206 -28 2.6734806442797344e+47
208 -28 7.2949022961948276e+47
210 -28 1.7533456348414778e+48
212 -28 3.6760239189495237e+48
214 -28 6.6181250497266437e+48
216 -28 1.0014988541738127e+49
218 -28 1.2316465827484308e+49
220 -28 1.1614175306111529e+49
222 -28 7.5391229010934283e+48
224 -28 2.5818429758651714e+48
170 -27 1.2048415992052811e+30
172 -27 1.2156792428461868e+33
174 -27 7.6867211320028981e+34
176 -27 2.4474512690202915e+36
178 -27 5.1649254140665092e+37
180 -27 8.0933041038048911e+38
182 -27 1.0019539726011485e+40
184 -27 1.0188284175611930e+41
186 -27 8.7734805176806836e+41
188 -27 6.4836061304825857e+42
190 -27 4.1772206694654947e+43
192 -27 2.3766255469368403e+44
194 -27 1.1996819723096962e+45
196 -27 5.4037606929435216e+45
198 -27 2.1807784067819673e+46
200 -27 7.8822340041475439e+46
202 -27 2.5500209733374875e+47
204 -27 7.3899466959031904e+47
206 -27 1.9049850979872212e+48
208 -27 4.3386449259388864e+48
210 -27 8.6491610513720546e+48
212 -27 1.4838777690501038e+49
214 -27 2.1444273867228905e+49
216 -27 2.5219380652842475e+49
218 -27 2.2776083071832378e+49
220 -27 1.4175121012333718e+49
222 -27 4.6557980371330867e+48
166 -26 9.9433579760856731e+29
168 -26 7.9770848323918410e+32
170 -26 5.0010487722425220e+34
172 -26 1.5929094956680458e+36
174 -26 3.3780016654734884e+37
176 -26 5.3265308047347189e+38
178 -26 6.6482910928106824e+39
180 -26 6.8417661946222719e+40
182 -26 5.9555050074730987e+41
184 -26 4.4784236638840234e+42
186 -26 2.9403183395430226e+43
188 -26 1.7095047301463129e+44
190 -26 8.8573343416827800e+44
192 -26 4.1106355931595476e+45
194 -26 1.7165340128886419e+46
196 -26 6.4499750540090849e+46
198 -26 2.1855658736979278e+47
200 -26 6.6597816932110468e+47
202 -26 1.8232672159322968e+48
204 -26 4.4575889543782410e+48
206 -26 9.6682914685959773e+48
208 -26 1.8359543190872457e+49
210 -26 3.0126135505221747e+49
212 -26 4.1687753484878958e+49
214 -26 4.7014578907579906e+49
216 -26 4.0750540645920836e+49
218 -26 2.4388582960754997e+49
220 -26 7.6964042526171964e+48
162 -25 7.5183701414739037e+29
164 -25 4.8959101312564516e+32
166 -25 3.0388558001071645e+34
168 -25 9.6691551943242511e+35
170 -25 2.0513228783959894e+37
172 -25 3.2505175295441147e+38
174 -25 4.0905789707256607e+39
176 -25 4.2465702558795011e+40
178 -25 3.7401657047008929e+41
180 -25 2.8509083541490389e+42
182 -25 1.9062625070424502e+43
184 -25 1.1290170174709230e+44
186 -25 5.9845777829517639e+44
188 -25 2.8525566597722514e+45
190 -25 1.2263342232265285e+46
192 -25 4.7739121226487443e+46
194 -25 1.6833650797986081e+47
196 -25 5.3716986834654489e+47
198 -25 1.5494564083182862e+48
200 -25 4.0242256714362019e+48
202 -25 9.3730382808672264e+48
204 -25 1.9388565014034388e+49
206 -25 3.5263055419295584e+49
208 -25 5.5434684676897273e+49
210 -25 7.3614088692251532e+49
212 -25 7.9770357180357946e+49
214 -25 6.6520839549852072e+49
216 -25 3.8345715763655240e+49
218 -25 1.1659404390330402e+49
158 -24 5.2238545960732948e+29
160 -24 2.8025558732577564e+32
162 -24 1.7167992078392706e+34
164 -24 5.4538105614093889e+35
166 -24 1.1582411593304827e+37
168 -24 1.8410904379393151e+38
170 -24 2.3276995042595202e+39
172 -24 2.4376744081892400e+40
174 -24 2.1696397584753312e+41
176 -24 1.6743612765612040e+42
178 -24 1.1354463023091393e+43
180 -24 6.8514744728199128e+43
182 -24 3.7047396085116529e+44
184 -24 1.8067207693061528e+45
186 -24 7.9892912193101030e+45
188 -24 3.2019586112485097e+46
190 -24 1.1706666172042840e+47
192 -24 3.8886800508182441e+47
194 -24 1.1743583539865098e+48
196 -24 3.2184086835157725e+48
198 -24 7.9717471877953826e+48
200 -24 1.7720426212622672e+49
202 -24 3.5101437622444025e+49
204 -24 6.1229018767321564e+49
206 -24 9.2486980852111143e+49
208 -24 1.1815553873179581e+50
210 -24 1.2333099437172663e+50
212 -24 9.9178357328848875e+49
214 -24 5.5086520264301599e+49
216 -24 1.6170763208069393e+49
152 -23 1.3255542201817564e+24
154 -23 3.3249909495665574e+29
156 -23 1.4953548514446853e+32
158 -23 9.0465224372524288e+33
160 -23 2.8593507729519344e+35
162 -23 6.0686578644574085e+36
164 -23 9.6653142516570186e+37
166 -23 1.2269525153085809e+39
168 -23 1.2916879167013494e+40
170 -23 1.1608826734939971e+41
172 -23 9.0567708988732905e+41
174 -23 6.2257427698295513e+42
176 -23 3.8160473311183256e+43
178 -23 2.0996898636249794e+44
180 -23 1.0457773552224062e+45
182 -23 4.7356437325721324e+45
184 -23 1.9541380348728957e+46
186 -23 7.3608102432956913e+46
188 -23 2.5362766938343354e+47
190 -23 7.9825239069327743e+47
192 -23 2.2918488458483674e+48
194 -23 5.9874164348676616e+48
196 -23 1.4175659851347743e+49
198 -23 3.0195973629773901e+49
200 -23 5.7391574860762362e+49
202 -23 9.6265972658467272e+49
204 -23 1.4003030197071044e+50
206 -23 1.7251312134656656e+50
208 -23 1.7368499468518856e+50
210 -23 1.3478216892869962e+50
212 -23 7.2340699305889087e+49
214 -23 2.0544587263051165e+49
148 -22 2.8615875372344205e+24
150 -22 1.9375960327209368e+29
152 -22 7.4431102279808502e+31
154 -22 4.4341565447808138e+33
156 -22 1.3926062690826630e+35
158 -22 2.9520028726125398e+36
160 -22 4.7022172802404879e+37
162 -22 5.9793698577408938e+38
164 -22 6.3367954921652295e+39
166 -22 5.7261719590018636e+40
168 -22 4.5110836485353374e+41
170 -22 3.1361593381896408e+42
172 -22 1.9497781874823171e+43
174 -22 1.0919165031933208e+44
176 -22 5.5316048065202992e+44
178 -22 2.5593565904474157e+45
180 -22 1.0820744340664252e+46
182 -22 4.1963513616217617e+46
184 -22 1.4919896414084464e+47
186 -22 4.8704215496445963e+47
188 -22 1.4585894771231944e+48
190 -22 3.9942140565574063e+48
192 -22 9.9771059452324915e+48
194 -22 2.2654789392450839e+49
196 -22 4.6362103198521328e+49
198 -22 8.4792849037805421e+49
200 -22 1.3706100514593325e+50
202 -22 1.9230945351123983e+50
204 -22 2.2886022417035414e+50
206 -22 2.2257718522340776e+50
208 -22 1.6711266502372133e+50
210 -22 8.6834797253495682e+49
212 -22 2.3880054100420377e+49
144 -21 3.6318895883023710e+24
146 -21 1.0381370506773012e+29
148 -21 3.4486302670244647e+31
150 -21 2.0203488436425309e+33
152 -21 6.2927081180763769e+34
154 -21 1.3279155475628479e+36
156 -21 2.1160033938808730e+37
158 -21 2.6962351504769619e+38
160 -21 2.8635692498356870e+39
162 -21 2.6052436645329208e+40
164 -21 2.0665029688148011e+41
166 -21 1.4514522102418871e+42
168 -21 9.1322944528024179e+42
170 -21 5.1842146849452156e+43
172 -21 2.6745871581207407e+44
174 -21 1.2600655808331629e+45
176 -21 5.4518162329621370e+45
178 -21 2.1670868203066063e+46
180 -21 7.9337941276788138e+46
182 -21 2.6751447103627880e+47
184 -21 8.3125252940927496e+47
186 -21 2.3756143249737947e+48
188 -21 6.2303078869171624e+48
190 -21 1.4928792502284274e+49
192 -21 3.2578906883269093e+49
194 -21 6.4191952147827800e+49
196 -21 1.1322777110756402e+50
198 -21 1.7671001950048604e+50
200 -21 2.3965892008872129e+50
202 -21 2.7582029087166374e+50
204 -21 2.5971646126288298e+50
206 -21 1.8901426225180478e+50
208 -21 9.5197262802292837e+49
210 -21 2.5388900612894623e+49
140 -20 3.4802791205757109e+24
142 -20 5.0999787532947379e+28
144 -20 1.4831677112637447e+31
146 -20 8.5141286133625512e+32
148 -20 2.6329504597597268e+34
150 -20 5.5390334905885788e+35
152 -20 8.7933952123111802e+36
154 -20 1.1218843166656235e+38
156 -20 1.1944158527218308e+39
158 -20 1.0908720164203147e+40
160 -20 8.7012955439765365e+40
162 -20 6.1663082225058531e+41
164 -20 3.9140083343215300e+42
166 -20 2.2535791690703080e+43
168 -20 1.1808041413980716e+44
170 -20 5.6611072992620056e+44
172 -20 2.4967280973247300e+45
174 -20 1.0153433899841598e+46
176 -20 3.8133504682251811e+46
178 -20 1.3246082623468741e+47
180 -20 4.2522262259356338e+47
182 -20 1.2625333250766590e+48
184 -20 3.4550534443813507e+48
186 -20 8.6959420009654097e+48
188 -20 2.0050138830780985e+49
190 -20 4.2158407976011662e+49
192 -20 8.0145456348871029e+49
194 -20 1.3668394807614740e+50
196 -20 2.0616593912307296e+50
198 -20 2.7075481670768242e+50
200 -20 3.0193873403443187e+50
202 -20 2.7568937847737958e+50
204 -20 1.9471502338702438e+50
206 -20 9.5148795045342280e+49
208 -20 2.4671680741128142e+49
136 -19 2.7099152042114652e+24
138 -19 2.3059673161522378e+28
140 -19 5.9110378473255465e+30
142 -19 3.3211217896033867e+32
144 -19 1.0180276448556844e+34
146 -19 2.1311213661457405e+35
148 -19 3.3699845482009843e+36
150 -19 4.2947922105196809e+37
152 -19 4.5776416148739322e+38
154 -19 4.1931384145972028e+39
156 -19 3.3618253627523097e+40
158 -19 2.4000360053834369e+41
160 -19 1.5388052303474358e+42
162 -19 8.9354764373286007e+42
164 -19 4.7467934687628430e+43
166 -19 2.3127981644876069e+44
168 -19 1.0381127293212443e+45
170 -19 4.3110819302276293e+45
172 -19 1.6571550865561144e+46
174 -19 5.9115043745041290e+46
176 -19 1.9566141763345667e+47
178 -19 6.0009904688194399e+47
180 -19 1.7071881160682015e+48
182 -19 4.4862951063651770e+48
184 -19 1.0872161025902333e+49
186 -19 2.4162266869623189e+49
188 -19 4.9055980820204707e+49
190 -19 9.0231814239655524e+49
192 -19 1.4885942717680623e+50
194 -19 2.1760692792005639e+50
196 -19 2.7713294117565906e+50
198 -19 2.9987184048819503e+50
200 -19 2.6599695126347285e+50
202 -19 1.8246078712750279e+50
204 -19 8.6739508929796853e+49
206 -19 2.1872399534934417e+49
132 -18 1.7659275785573391e+24
134 -18 9.5382780497179648e+27
136 -18 2.1814987306354571e+30
138 -18 1.1997218818051039e+32
140 -18 3.6288933686800181e+33
142 -18 7.5324198611543833e+34
144 -18 1.1878230783191332e+36
146 -18 1.5123783092503363e+37
148 -18 1.6112868091533558e+38
150 -18 1.4780065133178215e+39
152 -18 1.1904525116822990e+40
154 -18 8.5400312372652893e+40
156 -18 5.5142460715565404e+41
158 -18 3.2376013623574123e+42
160 -18 1.7384079055351652e+43
162 -18 8.5922276175326150e+43
164 -18 3.9178697460554970e+44
166 -18 1.6566491885496233e+45
168 -18 6.5061480875692179e+45
170 -18 2.3771680147364618e+46
172 -18 8.0784174717602749e+46
174 -18 2.5568748168213106e+47
176 -18 7.5254838149960913e+47
178 -18 2.0565281940777948e+48
180 -18 5.2068257730741537e+48
182 -18 1.2170740701888528e+49
184 -18 2.6135829588429245e+49
186 -18 5.1324758789964259e+49
188 -18 9.1417849527302895e+49
190 -18 1.4629367967374292e+50
192 -18 2.0757671036725019e+50
194 -18 2.5678547217427320e+50
196 -18 2.7006404089843364e+50
198 -18 2.3298428295876563e+50
200 -18 1.5549196061619139e+50
202 -18 7.1970396786055756e+49
204 -18 1.7688015148344065e+49
128 -17 9.8682591517382204e+23
130 -17 3.6220792496046689e+27
132 -17 7.4221107847695666e+29
134 -17 3.9812252428857898e+31
136 -17 1.1912682381446698e+33
138 -17 2.4551360803770176e+34
140 -17 3.8483218929906068e+35
142 -17 4.8784221226179595e+36
144 -17 5.1934377119742491e+37
146 -17 4.7685548543012836e+38
148 -17 3.8502948066518542e+39
150 -17 2.7746738122614941e+40
152 -17 1.8028828207669387e+41
154 -17 1.0669543287141002e+42
156 -17 5.7907178777123864e+42
158 -17 2.8967858637986004e+43
160 -17 1.3397237518511701e+44
162 -17 5.7623802484966500e+44
164 -17 2.3053967637825782e+45
166 -17 8.6052555439527909e+45
168 -17 2.9996388881403309e+46
170 -17 9.7526117207153838e+46
172 -17 2.9617297225268867e+47
174 -17 8.3823359527341890e+47
176 -17 2.2080968798352970e+48
178 -17 5.3912929171896448e+48
180 -17 1.2187717621271334e+49
182 -17 2.5344179508158950e+49
184 -17 4.8248271988574055e+49
186 -17 8.3390146354770880e+49
188 -17 1.2959806040452509e+50
190 -17 1.7880428490981623e+50
192 -17 2.1510562543999619e+50
194 -17 2.2014377007748649e+50
196 -17 1.8494063814232389e+50
198 -17 1.2029078433629844e+50
200 -17 5.4316159825837816e+49
202 -17 1.3030807096517870e+49
124 -16 4.8169428863110983e+23
126 -16 1.2512831212057864e+27
128 -16 2.3190267088695863e+29
130 -16 1.2193137386884192e+31
132 -16 3.5877587537187140e+32
134 -16 7.3279918591602858e+33
136 -16 1.1429901330736204e+35
138 -16 1.4426896228236613e+36
140 -16 1.5314781955558687e+37
142 -16 1.4044119119334420e+38
144 -16 1.1361114311233838e+39
146 -16 8.2156825106678542e+39
148 -16 5.3639693560895778e+40
150 -16 3.1969240254365425e+41
152 -16 1.7494930706669234e+42
154 -16 8.8438345631359078e+42
156 -16 4.1480424229155323e+43
158 -16 1.8085134624730080e+44
160 -16 7.3700910559423453e+44
162 -16 2.8056184075934530e+45
164 -16 9.9947722231087258e+45
166 -16 3.3332464452499346e+46
168 -16 1.0404001610620128e+47
170 -16 3.0395777501008037e+47
172 -16 8.2958879034618200e+47
174 -16 2.1089316053668541e+48
176 -16 4.9818289234258401e+48
178 -16 1.0910313204648286e+49
180 -16 2.2011935319889073e+49
182 -16 4.0691530211128329e+49
184 -16 6.8370682000560214e+49
186 -16 1.0332960733814668e+50
188 -16 1.3876085935962916e+50
190 -16 1.6261897541992517e+50
192 -16 1.6222500915433315e+50
194 -16 1.3294885293082696e+50
196 -16 8.4364000494114740e+49
198 -16 3.7196413967687583e+49
200 -16 8.7293129324097365e+48
120 -15 2.0653114978837882e+23
122 -15 3.9511364986200900e+26
124 -15 6.6762123730941774e+28
126 -15 3.4138346756138287e+30
128 -15 9.9102377222333466e+31
130 -15 1.9985338393010281e+33
132 -15 3.0950876031691285e+34
134 -15 3.8847980477573333e+35
136 -15 4.1159126014909837e+36
138 -15 3.7712938589946564e+37
140 -15 3.0500781915720819e+38
142 -15 2.2080024669801195e+39
144 -15 1.4479086564159070e+40
146 -15 8.6738607909430640e+40
148 -15 4.7814938796772125e+41
150 -15 2.4412307997893478e+42
152 -15 1.1575721361631190e+43
154 -15 5.1215258729928186e+43
156 -15 2.1168401222844645e+44
158 -15 8.2058824371687118e+44
160 -15 2.9816470838110868e+45
162 -15 1.0176549402332504e+46
164 -15 3.2602409438186950e+46
166 -15 9.7967677079439442e+46
168 -15 2.7612035026006250e+47
170 -15 7.2807292019062833e+47
172 -15 1.7915596052908341e+48
174 -15 4.1052813841378674e+48
176 -15 8.7224420666261486e+48
178 -15 1.7109611221110468e+49
180 -15 3.0752167843113466e+49
182 -15 5.0304534423661695e+49
184 -15 7.4057045724736038e+49
186 -15 9.6958797691891849e+49
188 -15 1.1082323793483929e+50
190 -15 1.0786637379550806e+50
192 -15 8.6309621724780899e+49
194 -15 5.3512878639744092e+49
196 -15 2.3091102546645592e+49
198 -15 5.3054262033132181e+48
116 -14 7.7840875776241322e+22
118 -14 1.1390610907515296e+26
120 -14 1.7551115923313865e+28
122 -14 8.7143729121247514e+29
124 -14 2.4955050609741608e+31
126 -14 4.9771669657983958e+32
128 -14 7.6327089941378707e+33
130 -14 9.5351001181422431e+34
132 -14 1.0034067862263238e+36
134 -14 9.1904613497696927e+36
136 -14 7.4180012830287450e+37
138 -14 5.3733785214635437e+38
140 -14 3.5341086320653882e+39
142 -14 2.1240866349329831e+40
144 -14 1.1794634000336175e+41
146 -14 6.0672054263501234e+41
148 -14 2.9082160844469438e+42
150 -14 1.3018942550192341e+43
152 -14 5.4609606885464600e+43
154 -14 2.1489595855919245e+44
156 -14 7.9562460832914526e+44
158 -14 2.7723730599531401e+45
160 -14 9.0879211751479637e+45
162 -14 2.8058903789707387e+46
164 -14 8.1431306592382352e+46
166 -14 2.2179088441967615e+47
168 -14 5.6625862657181755e+47
170 -14 1.3522457962579830e+48
172 -14 3.0118313359176609e+48
174 -14 6.2217312804951890e+48
176 -14 1.1871811326391971e+49
178 -14 2.0794430660909295e+49
180 -14 3.3147324814519597e+49
182 -14 4.7628401138012617e+49
184 -14 6.0838088152928314e+49
186 -14 6.7937042770083023e+49
188 -14 6.4630553097171759e+49
190 -14 5.0565843130413965e+49
192 -14 3.0679761173106521e+49
194 -14 1.2973437058351378e+49
196 -14 2.9220536502298243e+48
112 -13 2.5831909612055429e+22
114 -13 2.9748853626913138e+25
116 -13 4.2005177056741227e+27
118 -13 2.0295285717765698e+29
120 -13 5.7034519583645472e+30
122 -13 1.1248196925363504e+32
124 -13 1.7064496907765489e+33
126 -13 2.1154176842358067e+34
128 -13 2.2168112235275171e+35
130 -13 2.0174688045414558e+36
132 -13 1.6284835937985490e+37
134 -13 1.1791172758684690e+38
136 -13 7.7717737944667129e+38
138 -13 4.6925252170779357e+39
140 -13 2.6142475079411905e+40
142 -13 1.3549882172509660e+41
144 -13 6.5456906435918147e+41
146 -13 2.9633932366197545e+42
148 -13 1.2586594973324589e+43
150 -13 5.0275395621408899e+43
152 -13 1.8926621367851091e+44
154 -13 6.7233825501380064e+44
156 -13 2.2517686443575576e+45
158 -13 7.1182889221972613e+45
160 -13 2.1221301064640056e+46
162 -13 5.9590965740032749e+46
164 -13 1.5739145708789126e+47
166 -13 3.9017798445533966e+47
168 -13 9.0528196030517284e+47
170 -13 1.9614146961718769e+48
172 -13 3.9455984626202714e+48
174 -13 7.3387031683106024e+48
176 -13 1.2542766255172281e+49
178 -13 1.9521975407206931e+49
180 -13 2.7416343768772707e+49
182 -13 3.4217856981468428e+49
184 -13 3.7370315294700789e+49
186 -13 3.4807445653003944e+49
188 -13 2.6670314021760357e+49
190 -13 1.5865273416443240e+49
192 -13 6.5835095967570104e+48
194 -13 1.4564229051462646e+48
108 -12 7.5904525863005391e+21
110 -12 6.9988023852453065e+24
112 -12 9.1349339372452516e+26
114 -12 4.2835740164237301e+28
116 -12 1.1804042537077377e+30
118 -12 2.2942268085591424e+31
120 -12 3.4489342501785863e+32
122 -12 4.2333610409337545e+33
124 -12 4.4116695199915029e+34
126 -12 3.9961790366377297e+35
128 -12 3.2133282598061053e+36
130 -12 2.3250225985928209e+37
132 -12 1.5327644310251361e+38
134 -12 9.2770518132337945e+38
136 -12 5.1956973485728279e+39
138 -12 2.7055470077095768e+40
140 -12 1.3174419359147764e+41
142 -12 6.0186471553761034e+41
144 -12 2.5855485555456303e+42
146 -12 1.0470316172861126e+43
148 -12 4.0016890917562193e+43
150 -12 1.4462221903565936e+44
152 -12 4.9391510692463655e+44
154 -12 1.5965260087275759e+45
156 -12 4.8813440035893100e+45
158 -12 1.4086816306976834e+46
160 -12 3.8365556680702511e+46
162 -12 9.8367050613578525e+46
164 -12 2.3717305580846684e+47
166 -12 5.3603206303081434e+47
168 -12 1.1321785428917607e+48
170 -12 2.2221107371303505e+48
172 -12 4.0346392827761187e+48
174 -12 6.7375700081977483e+48
176 -12 1.0253239911699029e+49
178 -12 1.4075557000845460e+49
180 -12 1.7216570008491979e+49
182 -12 1.8416374560323623e+49
184 -12 1.6813172985693290e+49
186 -12 1.2636827530253319e+49
188 -12 7.3833387258801749e+48
190 -12 3.0078081031474970e+48
192 -12 6.5510432193525756e+47
104 -11 1.9577538210213638e+21
106 -11 1.4831768021722560e+24
108 -11 1.7908817352578490e+26
110 -11 8.1370996053183491e+27
112 -11 2.2001350864310310e+29
114 -11 4.2129126350876597e+30
116 -11 6.2592627284099190e+31
118 -11 7.6102795349576176e+32
120 -11 7.8620271979364319e+33
122 -11 7.0859532664118803e+34
124 -11 5.6710657940007414e+35
126 -11 4.0966075150167870e+36
128 -11 2.6981614588281575e+37
130 -11 1.6357349456781149e+38
132 -11 9.1885050125138843e+38
134 -11 4.8118763494391558e+39
136 -11 2.3591740840297909e+40
138 -11 1.0859393408868451e+41
140 -11 4.7136721742639233e+41
142 -11 1.9314766198468333e+42
144 -11 7.4942987698314206e+42
146 -11 2.7514433322105941e+43
148 -11 9.5688880384644224e+43
150 -11 3.1569227786495675e+44
152 -11 9.8691955615901799e+44
154 -11 2.9222065766206596e+45
156 -11 8.1819438923782702e+45
158 -11 2.1673870917228885e+46
160 -11 5.4113121072727154e+46
162 -11 1.2708878226392592e+47
164 -11 2.8019320220894193e+47
166 -11 5.7765265310960750e+47
168 -11 1.1078365587532255e+48
170 -11 1.9678813049099059e+48
172 -11 3.2150124354102795e+48
174 -11 4.7901857243549085e+48
176 -11 6.4447951664006836e+48
178 -11 7.7315016544819194e+48
180 -11 8.1079453698032502e+48
182 -11 7.2668227234039000e+48
184 -11 5.3695611195120506e+48
186 -11 3.0823692999026357e+48
188 -11 1.2361195564655058e+48
190 -11 2.6519670612773691e+47
100 -10 4.4402771110397411e+20
102 -10 2.8035481115726476e+23
104 -10 3.1436683649444735e+25
106 -10 1.3857717595076644e+27
108 -10 3.6737328589952158e+28
110 -10 6.9098175667225496e+29
112 -10 1.0131435008264337e+31
114 -10 1.2199967399673373e+32
116 -10 1.2483493372909576e+33
118 -10 1.1179999869171324e+34
120 -10 8.9094890944990078e+34
122 -10 6.4114143857971791e+35
124 -10 4.2189883204094738e+36
126 -10 2.5581966904913720e+37
128 -10 1.4401073704498477e+38
130 -10 7.5717995387186693e+38
132 -10 3.7321358557055174e+39
134 -10 1.7321411771114836e+40
136 -10 7.5856078206222591e+40
138 -10 3.1449877948097810e+41
140 -10 1.2348250805682426e+42
142 -10 4.6061930469470097e+42
144 -10 1.6275796954109277e+43
146 -10 5.4743834996639986e+43
148 -10 1.7478348365142130e+44
150 -10 5.2984793849950990e+44
152 -10 1.5244387275392156e+45
154 -10 4.1561684821198608e+45
156 -10 1.0718513260780226e+46
158 -10 2.6087809746747693e+46
160 -10 5.9832268369391010e+46
162 -10 1.2888370100753112e+47
164 -10 2.5960526563052842e+47
166 -10 4.8744251900131482e+47
168 -10 8.4851625785894696e+47
170 -10 1.3581050259854242e+48
172 -10 1.9844950422957161e+48
174 -10 2.6214697733289733e+48
176 -10 3.0851051214999369e+48
178 -10 3.1802449817166209e+48
180 -10 2.8026123043488728e+48
182 -10 2.0369898169659531e+48
184 -10 1.1522899336929368e+48
186 -10 4.5558471686974845e+47
188 -10 9.6678620280492815e+46
94 -9 9.6493779606457262e+14
96 -9 8.8349132531103957e+19
98 -9 4.6991829797113271e+22
100 -9 4.9179269016808559e+24
102 -9 2.1013333191733050e+26
104 -9 5.4330402403408107e+27
106 -9 1.0063363636577220e+29
108 -9 1.4562033784618283e+30
110 -9 1.7306902630079044e+31
112 -9 1.7556014548454447e+32
114 -9 1.5590011629401690e+33
116 -9 1.2352507024890797e+34
118 -9 8.8542466528668234e+34
120 -9 5.8120040239522065e+35
122 -9 3.5228366139128877e+36
124 -9 1.9864347981127510e+37
126 -9 1.0474117563106558e+38
128 -9 5.1892293192110610e+38
130 -9 2.4232608994415441e+39
132 -9 1.0705152789163713e+40
134 -9 4.4861548805773337e+40
136 -9 1.7818960987082608e+41
138 -9 6.7424049448593048e+41
140 -9 2.4224932620388371e+42
142 -9 8.2874239079528215e+42
144 -9 2.6977951256728166e+43
146 -9 8.3673330113746152e+43
148 -9 2.4661254673378762e+44
150 -9 6.9059588902268736e+44
152 -9 1.8357144834587048e+45
154 -9 4.6211949550517513e+45
156 -9 1.0990064199506211e+46
158 -9 2.4659118667610792e+46
160 -9 5.2008834165573067e+46
162 -9 1.0266700170828459e+47
164 -9 1.8890308013569282e+47
166 -9 3.2241889846759110e+47
168 -9 5.0675471679316628e+47
170 -9 7.2733370190349165e+47
172 -9 9.4381443277149988e+47
174 -9 1.0924537499645517e+48
176 -9 1.1083603952385276e+48
178 -9 9.6209041986581569e+47
180 -9 6.8928104484363826e+47
182 -9 3.8478495850894908e+47
184 -9 1.5027729050124504e+47
186 -9 3.1536066631030951e+46
90 -8 4.1140096071678600e+14
92 -8 1.5320485957291244e+19
94 -8 6.9532127493784160e+21
96 -8 6.8025045346719359e+23
98 -8 2.8102188839287676e+25
100 -8 7.1035095977930091e+26
102 -8 1.2920989478246141e+28
104 -8 1.8377347993148553e+29
106 -8 2.1565880686249235e+30
108 -8 2.1664350947292834e+31
110 -8 1.9061268525975177e+32
112 -8 1.5001135948760132e+33
114 -8 1.0701235972464921e+34
116 -8 7.0028943474088500e+34
118 -8 4.2415835089143795e+35
120 -8 2.3924043281333663e+36
122 -8 1.2634925750822748e+37
124 -8 6.2918245357088001e+37
126 -8 2.9582402440933669e+38
128 -8 1.3160704120120158e+39
130 -8 5.5644025967533187e+39
132 -8 2.2385043687515107e+40
134 -8 8.5666188296001332e+40
136 -8 3.1267543045762324e+41
138 -8 1.0883361153789066e+42
140 -8 3.6105161243369671e+42
142 -8 1.1425804531912797e+43
144 -8 3.4474470009497964e+43
146 -8 9.9075598215122857e+43
148 -8 2.7083343641815424e+44
150 -8 7.0321024212872355e+44
152 -8 1.7311001290215671e+45
154 -8 4.0326152571522744e+45
156 -8 8.8657429398888694e+45
158 -8 1.8332961316541911e+46
160 -8 3.5527105623795610e+46
162 -8 6.4170298776508944e+46
164 -8 1.0768599712250747e+47
166 -8 1.6624925411269789e+47
168 -8 2.3487761392796860e+47
170 -8 3.0019640450435539e+47
172 -8 3.4222276014920984e+47
174 -8 3.4220157170480117e+47
176 -8 2.9320499379173678e+47
178 -8 2.0723245542555057e+47
180 -8 1.1438335186787268e+47
182 -8 4.4239642601968088e+46
184 -8 9.2088858220544527e+45
86 -7 1.3380026769027244e+14
88 -7 2.3020968272029105e+18
90 -7 8.9593687354092277e+20
92 -7 8.2132240348387650e+22
94 -7 3.2792892969670462e+24
96 -7 8.1118769482856689e+25
98 -7 1.4455399306515161e+27
100 -7 2.0226412004131009e+28
102 -7 2.3400789432790855e+29
104 -7 2.3219128707731942e+30
106 -7 2.0248525169422326e+31
108 -7 1.5798622566998155e+32
110 -7 1.1213482115472274e+33
112 -7 7.3092666166662030e+33
114 -7 4.4188271157699579e+34
116 -7 2.4913758813538174e+35
118 -7 1.3200692849231630e+36
120 -7 6.5886328590359738e+36
122 -7 3.1157856766668202e+37
124 -7 1.3968976129395818e+38
126 -7 5.9647131655165653e+38
128 -7 2.4225456393830779e+39
130 -7 9.3991381827583847e+39
132 -7 3.4761729740840398e+40
134 -7 1.2302622603870812e+41
136 -7 4.1591524103732489e+41
138 -7 1.3420605226563169e+42
140 -7 4.1432275375250966e+42
142 -7 1.2179475329164197e+43
144 -7 3.4213392040644642e+43
146 -7 9.1478610042234953e+43
148 -7 2.3258229773246341e+44
150 -7 5.6156534238389156e+44
152 -7 1.2815153685844754e+45
154 -7 2.7659039859632476e+45
156 -7 5.6200263514826892e+45
158 -7 1.0709176473570536e+46
160 -7 1.9046766677579320e+46
162 -7 3.1458511666394949e+46
164 -7 4.7850184107256922e+46
166 -7 6.6603924650674616e+46
168 -7 8.3889482356142816e+46
170 -7 9.4433508573373583e+46
172 -7 9.3362513760973228e+46
174 -7 7.8991602923748403e+46
176 -7 5.5255286051394484e+46
178 -7 3.0215332776389509e+46
180 -7 1.1593755281135722e+46
182 -7 2.4006763029460063e+45
82 -6 3.0028240673501926e+13
84 -6 2.9318091129479258e+17
86 -6 9.9614507632475324e+19
88 -6 8.5569818634260484e+21
90 -6 3.3060149601070399e+23
92 -6 7.9654417134490383e+24
94 -6 1.3911851074897030e+26
96 -6 1.9112679511306405e+27
98 -6 2.1809375933444782e+28
100 -6 2.1338836612094417e+29
102 -6 1.8401727822852340e+30
104 -6 1.4251523561970763e+31
106 -6 1.0045120825889488e+32
108 -6 6.5253925939732572e+32
110 -6 3.9306045180022658e+33
112 -6 2.2172659644899084e+34
114 -6 1.1781544296727000e+35
116 -6 5.8987973343168463e+35
118 -6 2.8045149094103366e+36
120 -6 1.2680029246718570e+37
122 -6 5.4577309972500802e+37
124 -6 2.2436215628086617e+38
126 -6 8.7999586251058606e+38
128 -6 3.3039158024699044e+39
130 -6 1.1872421812251122e+40
132 -6 4.0850622336570630e+40
134 -6 1.3448529114029199e+41
136 -6 4.2355270682011118e+41
138 -6 1.2762828284521903e+42
140 -6 3.6778206050097906e+42
142 -6 1.0109070346738949e+43
144 -6 2.6497841214194814e+43
146 -6 6.6140614729977654e+43
148 -6 1.5673472860446891e+44
150 -6 3.5204545743094158e+44
152 -6 7.4753696983508567e+44
154 -6 1.4954742181047035e+45
156 -6 2.8068023840838776e+45
158 -6 4.9176935059629190e+45
160 -6 8.0044478267838213e+45
162 -6 1.2021087952047949e+46
164 -6 1.6541716516860687e+46
166 -6 2.0570879301866497e+46
168 -6 2.2899324337221801e+46
170 -6 2.2396251137338837e+46
172 -6 1.8761985527870660e+46
174 -6 1.3023208348543696e+46
176 -6 7.0667907454874340e+45
178 -6 2.6970975971426355e+45
180 -6 5.5668493598354492e+44
78 -5 5.2603490165727217e+12
80 -5 3.1524130675166572e+16
82 -5 9.4047524946645115e+18
84 -5 7.6055168008493570e+20
86 -5 2.8253482620881163e+22
88 -5 6.6453528437639219e+23
90 -5 1.1330509590338115e+25
92 -5 1.5299710272145024e+26
94 -5 1.7163287000036302e+27
96 -5 1.6568856777791470e+28
98 -5 1.4124112332739724e+29
100 -5 1.0852433158583518e+30
102 -5 7.5865986138069235e+30
104 -5 4.9043612398526177e+31
106 -5 2.9535944546548095e+32
108 -5 1.6662139577413287e+33
110 -5 8.8628495379004309e+33
112 -5 4.4565816046488411e+34
114 -5 2.1300685865668495e+35
116 -5 9.7013550221884532e+35
118 -5 4.2164678548987626e+36
120 -5 1.7515438669127141e+37
122 -5 6.9608770444400995e+37
124 -5 2.6495577620763383e+38
126 -5 9.6856436880519976e+38
128 -5 3.3866348783616488e+39
130 -5 1.1371035557912516e+40
132 -5 3.6593188089514132e+40
134 -5 1.1283777194104503e+41
136 -5 3.3346335390047747e+41
138 -5 9.4261694421706009e+41
140 -5 2.5460741030201126e+42
142 -5 6.5578654985572185e+42
144 -5 1.6084182661354058e+43
146 -5 3.7545255001115749e+43
148 -5 8.3109774501790349e+43
150 -5 1.7388601065968644e+44
152 -5 3.4328981778459722e+44
154 -5 6.3615515587560111e+44
156 -5 1.1000957452926977e+45
158 -5 1.7708008554490118e+45
160 -5 2.6300212348090995e+45
162 -5 3.5742534561644030e+45
164 -5 4.4057489859806755e+45
166 -5 4.8593808942135603e+45
168 -5 4.7141110443450025e+45
170 -5 3.9231359745598391e+45
172 -5 2.7048027459386299e+45
174 -5 1.4600050752369306e+45
176 -5 5.5506888030743951e+44
178 -5 1.1458416697479464e+44
74 -4 6.9573534041239380e+11
76 -4 2.7947006975759460e+15
78 -4 7.3745480733757235e+17
80 -4 5.6115062977826120e+19
82 -4 2.0154356072480419e+21
84 -4 4.5932791571782931e+22
86 -4 7.6770840854258083e+23
88 -4 1.0130556976992895e+25
90 -4 1.1183598186189736e+26
92 -4 1.0645511796643517e+27
94 -4 8.9642377892260006e+27
96 -4 6.8111678944258935e+28
98 -4 4.7395475828485594e+29
100 -4 3.0528190467579486e+30
102 -4 1.8332635558400857e+31
104 -4 1.0353584492692865e+32
106 -4 5.5189740251500939e+32
108 -4 2.7936677344478402e+33
110 -4 1.3453067686056315e+34
112 -4 6.1758129442239159e+34
114 -4 2.7076843039814542e+35
116 -4 1.1390523875085450e+36
118 -4 4.5883621789576462e+36
120 -4 1.7734357683404269e+37
122 -4 6.5794445887691575e+37
124 -4 2.3451987116227026e+38
126 -4 8.0323029987307964e+38
128 -4 2.6410125277844532e+39
130 -4 8.3378160502605518e+39
132 -4 2.5259601285632920e+40
134 -4 7.3358445100506913e+40
136 -4 2.0396473919769665e+41
138 -4 5.4208830157009700e+41
140 -4 1.3767609489519145e+42
142 -4 3.3326963927407312e+42
144 -4 7.6740310387878107e+42
146 -4 1.6780227998953149e+43
148 -4 3.4662371713980782e+43
150 -4 6.7633960304276114e+43
152 -4 1.2395319472534460e+44
154 -4 2.1240453124852505e+44
156 -4 3.3867896674272960e+44
158 -4 4.9833981430928429e+44
160 -4 6.7188798377227852e+44
162 -4 8.2178844488600947e+44
164 -4 9.0000048602742934e+44
166 -4 8.6727877167383682e+44
168 -4 7.1797819318846929e+44
170 -4 4.9336858658117717e+44
172 -4 2.6580428745558892e+44
174 -4 1.0098543009355087e+44
176 -4 2.0900116917440728e+43
70 -3 7.0771202278136993e+10
72 -3 1.9880139538654825e+14
74 -3 4.6860973329340520e+16
76 -3 3.3609338021043645e+18
78 -3 1.1616757703500122e+20
80 -3 2.5774434031778183e+21
82 -3 4.1862134308003920e+22
84 -3 5.4192771017693752e+23
86 -3 5.8588863499890955e+24
88 -3 5.5031142838642296e+25
90 -3 4.5695493971317658e+26
92 -3 3.4435140503062208e+27
94 -3 2.3813949714539073e+28
96 -3 1.5310461776354041e+29
98 -3 9.1918148887369171e+29
100 -3 5.2014565472025774e+30
102 -3 2.7888621620893610e+31
104 -3 1.4201176775846918e+32
106 -3 6.8983569651408453e+32
108 -3 3.1995659360524750e+33
110 -3 1.4225779533201072e+34
112 -3 6.0580922793372363e+34
114 -3 2.4768953486684046e+35
116 -3 9.7375757059623694e+35
118 -3 3.6795286112708661e+36
120 -3 1.3372172137272181e+37
122 -3 4.6770329622534432e+37
124 -3 1.5741697346314700e+38
126 -3 5.0855044884066424e+38
128 -3 1.5804027842267935e+39
130 -3 4.7166811899954399e+39
132 -3 1.3495519183953679e+40
134 -3 3.7034839069756540e+40
136 -3 9.7252777873620368e+40
138 -3 2.4409796886477326e+41
140 -3 5.8447224482682762e+41
142 -3 1.3315041487814075e+42
144 -3 2.8791741140762103e+42
146 -3 5.9014611259693685e+42
148 -3 1.1406570687842865e+43
150 -3 2.0724134104942419e+43
152 -3 3.5246507038033536e+43
154 -3 5.5761353615735531e+43
156 -3 8.1512261968655674e+43
158 -3 1.0932486644118960e+44
160 -3 1.3297949623862903e+44
162 -3 1.4500174343385899e+44
164 -3 1.3912560775591289e+44
166 -3 1.1484796123577173e+44
168 -3 7.8789445258825862e+43
170 -3 4.2432591136638987e+43
172 -3 1.6145739671472811e+43
174 -3 3.3669578768193786e+42
66 -2 5.3166572944960623e+09
68 -2 1.0981675955601436e+13
70 -2 2.3112670278143825e+15
72 -2 1.5611580859856467e+17
74 -2 5.2029459952422175e+18
76 -2 1.1185589004251523e+20
78 -2 1.7754748519228485e+21
80 -2 2.2394065677617287e+22
82 -2 2.3747221910405195e+23
84 -2 2.1940469894381535e+24
86 -2 1.8062058812583457e+25
88 -2 1.3502106253389291e+26
90 -2 9.2912593474130280e+26
92 -2 5.9576601087732893e+27
94 -2 3.5950682303061562e+28
96 -2 2.0487468793785857e+29
98 -2 1.1077459468016860e+30
100 -2 5.7002353871540414e+30
102 -2 2.8018080074280322e+31
104 -2 1.3187591718983420e+32
106 -2 5.9436574718017245e+32
108 -2 2.5780691082635789e+33
110 -2 1.0739056799176515e+34
112 -2 4.3028723424315178e+34
114 -2 1.6600921386422900e+35
116 -2 6.1688382718582918e+35
118 -2 2.2081584854813051e+36
120 -2 7.6086821161738973e+36
122 -2 2.5243197685745315e+37
124 -2 8.0507631464721376e+37
126 -2 2.4727738728566080e+38
128 -2 7.2923079803997170e+38
130 -2 2.0679242212595859e+39
132 -2 5.6161762830506043e+39
134 -2 1.4610037700119106e+40
136 -2 3.6342942557354982e+40
138 -2 8.6266833325311959e+40
140 -2 1.9521211526404740e+41
142 -2 4.1922732825461166e+41
144 -2 8.5295591917193061e+41
146 -2 1.6392818601819997e+42
148 -2 2.9590016572952088e+42
150 -2 5.0046005866110513e+42
152 -2 7.8783987591196604e+42
154 -2 1.1471679434207493e+43
156 -2 1.5339319052257227e+43
158 -2 1.8603934634505778e+43
160 -2 2.0257421116933544e+43
162 -2 1.9411007156594931e+43
164 -2 1.6032995488469794e+43
166 -2 1.1001348429087195e+43
168 -2 5.9447101408863093e+42
170 -2 2.2738817914823941e+42
172 -2 4.7823324088378300e+41
62 -1 2.7946503922929198e+08
64 -1 4.3791899673331055e+11
66 -1 8.2815599087014953e+13
68 -1 5.2816974497336390e+15
70 -1 1.6923056372991030e+17
72 -1 3.5280436910070113e+18
74 -1 5.4416718719262925e+19
76 -1 6.7225066511565547e+20
78 -1 6.9951203219484673e+21
80 -1 6.3520580660979541e+22
82 -1 5.1832616466942601e+23
84 -1 3.8668940347690647e+24
86 -1 2.6684079592748012e+25
88 -1 1.7203389853979749e+26
90 -1 1.0486314173643170e+27
92 -1 6.0571077453202230e+27
94 -1 3.3211686130265476e+28
96 -1 1.7391693709026802e+29
98 -1 8.7117288379402828e+29
100 -1 4.1798636500335914e+30
102 -1 1.9298096787795957e+31
104 -1 8.5533377724890373e+31
106 -1 3.6494205741624800e+32
108 -1 1.4958779568626379e+33
110 -1 5.9194028545489369e+33
112 -1 2.2546353696398374e+34
114 -1 8.2812556993896279e+34
116 -1 2.9373567986456982e+35
118 -1 1.0020209198986850e+36
120 -1 3.2941895363451925e+36
122 -1 1.0426586839127838e+37
124 -1 3.1769475749800745e+37
126 -1 9.3136156833308374e+37
128 -1 2.6214196996041048e+38
130 -1 7.0785958412476329e+38
132 -1 1.8299731152120442e+39
134 -1 4.5299824350282135e+39
136 -1 1.0700628569547767e+40
138 -1 2.4075245398088522e+40
140 -1 5.1481817958978441e+40
142 -1 1.0432634596614081e+41
144 -1 1.9992065124793850e+41
146 -1 3.6026916581188097e+41
148 -1 6.0729313441957899e+41
150 -1 9.5437772017106581e+41
152 -1 1.3865357351457398e+42
154 -1 1.8519355346588826e+42
156 -1 2.2459118769465622e+42
158 -1 2.4460381192269010e+42
160 -1 2.3484637288913078e+42
162 -1 1.9436395952687674e+42
164 -1 1.3393304653289174e+42
166 -1 7.2730433979786096e+41
168 -1 2.8066509279126795e+41
170 -1 5.9796516717983114e+40
58 0 9.2220363203759920e+06
60 0 1.1200922715857878e+10
62 0 1.9284990702318936e+12
64 0 1.1565085540767881e+14
66 0 3.5573823168295010e+15
68 0 7.1948788056103432e+16
70 0 1.0764842864634981e+18
72 0 1.2983317041713291e+19
74 0 1.3292547038276674e+20
76 0 1.1980656268166271e+21
78 0 9.7656447788307374e+21
80 0 7.3391669028230508e+22
82 0 5.1508577829934648e+23
84 0 3.4012909749625509e+24
86 0 2.1221624604711731e+25
88 0 1.2599502536542436e+26
90 0 7.1183162721021778e+26
92 0 3.8366763487401220e+27
94 0 1.9791990678089487e+28
96 0 9.7945198130056437e+28
98 0 4.6578949789854662e+29
100 0 2.1289860533142558e+30
102 0 9.3868831586236146e+30
104 0 3.9684070281610404e+31
106 0 1.6196260595962326e+32
108 0 6.3685050679603901e+32
110 0 2.4161254536907939e+33
112 0 8.8321921077244672e+33
114 0 3.1163956213115824e+34
116 0 1.0608996919778393e+35
118 0 3.4774868493210153e+35
120 0 1.0976693123818333e+36
122 0 3.3331554697545141e+36
124 0 9.7353182871256651e+36
126 0 2.7316321413553938e+37
128 0 7.3657215132382199e+37
130 0 1.9016599161492342e+38
132 0 4.6951617115087588e+38
134 0 1.1084576576154914e+39
136 0 2.4888998030847355e+39
138 0 5.3234368173248258e+39
140 0 1.0781843628131063e+40
142 0 2.0628560764479401e+40
144 0 3.7169990531045593e+40
146 0 6.2682042725504586e+40
148 0 9.8502120192947077e+40
150 0 1.4358697197877126e+41
152 0 1.9208085691778823e+41
154 0 2.3343312164691759e+41
156 0 2.5484483304715860e+41
158 0 2.4565305027472611e+41
160 0 2.0444529006849595e+41
162 0 1.4191832399141859e+41
164 0 7.7819119808375645e+40
166 0 3.0349035528852438e+40
168 0 6.5824153423338761e+39
54 1 1.4344644309425063e+05
56 1 1.3920836618909687e+08
58 1 2.1770664929201778e+10
60 1 1.2332257985901914e+12
62 1 3.6302653936202164e+13
64 1 7.0990787277588275e+14
66 1 1.0316605994481916e+16
68 1 1.2218265752985760e+17
70 1 1.2458974247593014e+18
72 1 1.1441795984230038e+19
74 1 9.6820659053739278e+19
76 1 7.6441427075572459e+20
78 1 5.6863406898640836e+21
80 1 3.9846710066412477e+22
82 1 2.6326151536858915e+23
84 1 1.6533247902332738e+24
86 1 9.8724848557165282e+24
88 1 5.6102397519213406e+25
90 1 3.0492635041761578e+26
92 1 1.5832842568441005e+27
94 1 7.8894250462649739e+27
96 1 3.7802417577751350e+28
98 1 1.7367669536174582e+29
100 1 7.6738534523375143e+29
102 1 3.2702105940733087e+30
104 1 1.3409790648784977e+31
106 1 5.2957805034282960e+31
108 1 2.0169359197948398e+32
110 1 7.4126773440884010e+32
112 1 2.6226007536249032e+33
114 1 8.9455910511260034e+33
116 1 2.9466531467551610e+34
118 1 9.3209495816083014e+34
120 1 2.8374276611233285e+35
122 1 8.3110270467164800e+35
124 1 2.3413122829862614e+36
126 1 6.3168211902762116e+36
128 1 1.6349938675698834e+37
130 1 4.0466460805473005e+37
132 1 9.5654074768125855e+37
134 1 2.1547390152758108e+38
136 1 4.6150991487576808e+38
138 1 9.3631221855693295e+38
140 1 1.7975450688148368e+39
142 1 3.2477909655041833e+39
144 1 5.4973243899135180e+39
146 1 8.6795237027313827e+39
148 1 1.2689879917123475e+40
150 1 1.7041402036103884e+40
152 1 2.0849445038591622e+40
154 1 2.2914993474649904e+40
156 1 2.2239703432873130e+40
158 1 1.8646545533741408e+40
160 1 1.3068861243665312e+40
162 1 7.2502348453712664e+39
164 1 2.8734151501087944e+39
166 1 6.3515555299112108e+38
58 2 4.7734201284362189e+06
60 2 3.6303349716725445e+09
62 2 5.0914859532632043e+11
64 2 2.7660545690370559e+13
66 2 7.9416621252190112e+14
68 2 1.5058984925022864e+16
70 2 2.1309088590693686e+17
72 2 2.4347378681155507e+18
74 2 2.3583592853788185e+19
76 2 2.0133882331384955e+20
78 2 1.5587583696263646e+21
80 2 1.1167482899312090e+22
82 2 7.4792680088246799e+22
84 2 4.7015561724059787e+23
86 2 2.7994853545261273e+24
88 2 1.5851439940413365e+25
90 2 8.5588228869947967e+25
92 2 4.3996603804157198e+26
94 2 2.1649474411193675e+27
96 2 1.0214997294246004e+28
98 2 4.6115063244175912e+28
100 2 2.0015947320415481e+29
102 2 8.3558276667394014e+29
104 2 3.3570140152926698e+30
106 2 1.2969798774524267e+31
108 2 4.8324460756271712e+31
110 2 1.7315920576663007e+32
112 2 5.9717850662615755e+32
114 2 1.9829004339105948e+33
116 2 6.3394193752551854e+33
118 2 1.9463391058630092e+34
120 2 5.7551125011970898e+34
122 2 1.6321487785978735e+35
124 2 4.4353651111935999e+35
126 2 1.1562729618595466e+36
128 2 2.8767680895635414e+36
130 2 6.8521907175610367e+36
132 2 1.5518505866780722e+37
134 2 3.3476271070924689e+37
136 2 6.8371374424413411e+37
138 2 1.3202375151840973e+38
140 2 2.4012913601441703e+38
142 2 4.0863057426667220e+38
144 2 6.5031932136805894e+38
146 2 9.5773900849824433e+38
148 2 1.2971382291317584e+39
150 2 1.5987819539760642e+39
152 2 1.7719470642908229e+39
154 2 1.7373674275925800e+39
156 2 1.4758206539590097e+39
158 2 1.0460021276521286e+39
160 2 5.8902972504249858e+38
162 2 2.3699335922833050e+38
164 2 5.3895585754191371e+37
62 3 7.8741510819565773e+07
64 3 4.4861188229811798e+10
66 3 5.3484833282761016e+12
68 3 2.7363268300201256e+14
70 3 7.5440659839588800e+15
72 3 1.3863419874486848e+17
74 3 1.8965189424037343e+18
76 3 2.0901657183856959e+19
78 3 1.9506455093445729e+20
80 3 1.5937420076305125e+21
82 3 1.1664858297567520e+22
84 3 7.8508472053924503e+22
86 3 4.8983312893450155e+23
88 3 2.8640439822984243e+24
90 3 1.5804136729059299e+25
92 3 8.2796692630466349e+25
94 3 4.1072607910728336e+26
96 3 1.9435260317425130e+27
98 3 8.7979337690104459e+27
100 3 3.8060337388827085e+28
102 3 1.5795139021659682e+29
104 3 6.2941747288415814e+29
106 3 2.3993164153095776e+30
108 3 8.8023232259757061e+30
110 3 3.1016275001512482e+31
112 3 1.0499366098794925e+32
114 3 3.4135725547981794e+32
116 3 1.0677739240120247e+33
118 3 3.2031273140251045e+33
120 3 9.2111088684917309e+33
122 3 2.5390916072993297e+34
124 3 6.6956939051380843e+34
126 3 1.6870939815476330e+35
128 3 4.0630340522893176e+35
130 3 9.3206943595629587e+35
132 3 2.0286759168892403e+36
134 3 4.1812219851521494e+36
136 3 8.1554760069639601e+36
138 3 1.4952262070129237e+37
140 3 2.5766083892814224e+37
142 3 4.1411970208599872e+37
144 3 6.1605506313646186e+37
146 3 8.4337805999120905e+37
148 3 1.0505626987915727e+38
150 3 1.1797067961832124e+38
152 3 1.1721112709402460e+38
154 3 1.0088432540413997e+38
156 3 7.2719264232731635e+37
158 3 4.1614662256500888e+37
160 3 1.7142348187362952e+37
162 3 4.0077824570152300e+36
64 4 1.2637727385364034e+04
66 4 8.0855876198265696e+08
68 4 3.4468790131346185e+11
70 4 3.3667447121129176e+13
72 4 1.5839834097745358e+15
74 4 4.1620195166800944e+16
76 4 7.3228562641866854e+17
78 4 9.6977270214681457e+18
80 4 1.0305491455999064e+20
82 4 9.2528832112125883e+20
84 4 7.2180583810401451e+21
86 4 5.0337631958042398e+22
88 4 3.2146323715103359e+23
90 4 1.8892053321516238e+24
92 4 1.0368829298636951e+25
94 4 5.3428867845986209e+25
96 4 2.6055281358643551e+26
98 4 1.2005862305341516e+27
100 4 5.2668331733174000e+27
102 4 2.2033203568655671e+28
104 4 8.7986943370464228e+28
106 4 3.3595185522993235e+29
108 4 1.2257394939322554e+30
110 4 4.2821614786131650e+30
112 4 1.4361378738711034e+31
114 4 4.6109739389430105e+31
116 4 1.4151586865282002e+32
118 4 4.1619958271539015e+32
120 4 1.1713893653214097e+33
122 4 3.1536225492689434e+33
124 4 8.0955895393664184e+33
126 4 1.9814532307036657e+34
128 4 4.6126116391946996e+34
130 4 1.0192203476439924e+35
132 4 2.1367330063078194e+35
134 4 4.2272275090692977e+35
136 4 7.8701186747520326e+35
138 4 1.3727779228948211e+36
140 4 2.2331718837533136e+36
142 4 3.3698292222857812e+36
144 4 4.6799093614574044e+36
146 4 5.9225581667569484e+36
148 4 6.7459388493125102e+36
150 4 6.8064747568281723e+36
152 4 5.9602274005082109e+36
154 4 4.3774020366526494e+36
156 4 2.5655321547732184e+36
158 4 1.0824185108307503e+36
160 4 2.6143386515390572e+35
68 5 3.3275088232408039e+05
70 5 5.4101032152246780e+09
72 5 1.8319891128394600e+12
74 5 1.4450561815557562e+14
76 5 6.0745906965942660e+15
78 5 1.5022039449082144e+17
80 5 2.5118081071991444e+18
82 5 3.1729057372443623e+19
84 5 3.2337950845270445e+20
86 5 2.7786312513333305e+21
88 5 2.0753990291567705e+22
90 5 1.3808750852700901e+23
92 5 8.3442948276151908e+23
94 5 4.6391346896519108e+24
96 5 2.3918679416206762e+25
98 5 1.1570702025653679e+26
100 5 5.2507527313235446e+26
102 5 2.2513464923263571e+27
104 5 9.1617415863636848e+27
106 5 3.5416925083955002e+28
108 5 1.3017196615389633e+29
110 5 4.5622859595558036e+29
112 5 1.5258998228192969e+30
114 5 4.8657587493977480e+30
116 5 1.4808601194377600e+31
118 5 4.2944090415665088e+31
120 5 1.1890472070616563e+32
122 5 3.1311544718875636e+32
124 5 7.8613734836974332e+32
126 5 1.8715335980228758e+33
128 5 4.2299064275718321e+33
130 5 9.0446765424481627e+33
132 5 1.8260709209830101e+34
134 5 3.4655102828563070e+34
136 5 6.1619142731847426e+34
138 5 1.0202181810124095e+35
140 5 1.5688209169164360e+35
142 5 2.2169082289894730e+35
144 5 2.8548868214899793e+35
146 5 3.3156254952428857e+35
148 5 3.4097274138386115e+35
150 5 3.0493933496761005e+35
152 5 2.2901940622591092e+35
154 5 1.3725551464841382e+35
156 5 5.9521169121361296e+34
158 5 1.4955234927728278e+34
72 6 3.9160662323135780e+06
74 6 2.4391678615149540e+10
76 6 6.8716391997117803e+12
78 6 4.4385741790144344e+14
80 6 1.6399271090872780e+16
82 6 3.7418952385911725e+17
84 6 5.9117614447985654e+18
86 6 7.0922543197864026e+19
88 6 6.8878993707268728e+20
90 6 5.6267897357834713e+21
92 6 3.9950309879941498e+22
94 6 2.5299234595010860e+23
96 6 1.4431715790434037e+24
98 6 7.5643002395823165e+24
100 6 3.6590689675051700e+25
102 6 1.6484852012981016e+26
104 6 6.9670163524924609e+26
106 6 2.7687907312115587e+27
108 6 1.0394557994718679e+28
110 6 3.7022784077142920e+28
112 6 1.2487739271614693e+29
114 6 3.9961631762768064e+29
116 6 1.2140101124750145e+30
118 6 3.4980657321812679e+30
120 6 9.5854124926604796e+30
122 6 2.4930465193006384e+31
124 6 6.1271799791101246e+31
126 6 1.4273010076063489e+32
128 6 3.1409664934683929e+32
130 6 6.5082489058533141e+32
132 6 1.2678268164033583e+33
134 6 2.3104700516730336e+33
136 6 3.9218583298972806e+33
138 6 6.1578473463071393e+33
140 6 8.9145695179426538e+33
142 6 1.1742547458359746e+34
144 6 1.3939929724363854e+34
146 6 1.4680848283387103e+34
148 6 1.3450428853169902e+34
150 6 1.0363364617419206e+34
152 6 6.3910465539225382e+33
154 6 2.8561925557490452e+33
156 6 7.4898767800329676e+32
76 7 2.7952193437816165e+07
78 7 7.5486122141467789e+10
80 7 1.8372012890601234e+13
82 7 1.0006664999152401e+15
84 7 3.2260406246630336e+16
86 7 6.6753899542742221e+17
88 7 9.8563318368275538e+18
90 7 1.1126052115059655e+20
92 7 1.0231481996181218e+21
94 7 7.9073641366322864e+21
96 7 5.3071086975726073e+22
98 7 3.1656009294105090e+23
100 7 1.6980582154643960e+24
102 7 8.3388650087480374e+24
104 7 3.7671309355509309e+25
106 7 1.5779948901019591e+26
108 7 6.1756522870754797e+26
110 7 2.2646890922942294e+27
112 7 7.8022113352600914e+27
114 7 2.5368467553527628e+28
116 7 7.7700339113027938e+28
118 7 2.2502303059978895e+29
120 7 6.1406368195738682e+29
122 7 1.5801863613934822e+30
124 7 3.8430395453550269e+30
126 7 8.7837625716540814e+30
128 7 1.8855074026854934e+31
130 7 3.7989410413866887e+31
132 7 7.1589356883510223e+31
134 7 1.2539452092054070e+32
136 7 2.0285885001958845e+32
138 7 3.0184413602300808e+32
140 7 4.0856949988213419e+32
142 7 4.9923445945332252e+32
144 7 5.4072514650572181e+32
146 7 5.1034309654279870e+32
148 7 4.0438867345063081e+32
150 7 2.5725438704861950e+32
152 7 1.1916164236866578e+32
154 7 3.2720019484745063e+31
80 8 1.4700076504968953e+08
82 8 1.6394642519853680e+11
84 8 3.5155608241585797e+13
86 8 1.6555294541441558e+15
88 8 4.6382282688275768e+16
90 8 8.7050075327862950e+17
92 8 1.1843614454100210e+19
94 8 1.2504164425314055e+20
96 8 1.0758947745879010e+21
98 8 7.8164674231760228e+21
100 8 4.9219281085375141e+22
102 8 2.7436774724387595e+23
104 8 1.3772543923675375e+24
106 8 6.2782239132009551e+24
108 8 2.6284983058799979e+25
110 8 1.0162390195750322e+26
112 8 3.6425479481906823e+26
114 8 1.2210941484380432e+27
116 8 3.8293339903651144e+27
118 8 1.1228209991457720e+28
120 8 3.0854379945568051e+28
122 8 7.9366917146168983e+28
124 8 1.9150939561757879e+29
126 8 4.3280839696343135e+29
128 8 9.1319989858457928e+29
130 8 1.7961187019535936e+30
132 8 3.2705234878528590e+30
134 8 5.5033492364570776e+30
136 8 8.4915985923852644e+30
138 8 1.1910734413307696e+31
140 8 1.5060127371978518e+31
142 8 1.6887547830974591e+31
144 8 1.6479436365869508e+31
146 8 1.3517842208427529e+31
148 8 8.9321327069361663e+30
150 8 4.3023347379119531e+30
152 8 1.2480885591748759e+30
84 9 5.2179519925751370e+08
86 9 2.5630393240188092e+11
88 9 4.7957466959969891e+13
90 9 1.9946616038241515e+15
92 9 4.9506636320205736e+16
94 9 8.3324103297447885e+17
96 9 1.0389656740370174e+19
98 9 1.0140118567343772e+20
100 9 8.0993595212422355e+20
102 9 5.4702173945900407e+21
104 9 3.1991375175442862e+22
106 9 1.6586309371311504e+23
108 9 7.6631574090472358e+23
110 9 3.2193691787361561e+24
112 9 1.2359188823038342e+25
114 9 4.3582389461393581e+25
116 9 1.4184533902487918e+26
118 9 4.2820517229952119e+26
120 9 1.2005486268402501e+27
122 9 3.1229460261169200e+27
124 9 7.5541911127366693e+27
126 9 1.6958689216456669e+28
128 9 3.5298235723246520e+28
130 9 6.7861519220786677e+28
132 9 1.1992543140541259e+29
134 9 1.9413300788906770e+29
136 9 2.8513103375178042e+29
138 9 3.7699330170542307e+29
140 9 4.4071104978922492e+29
142 9 4.4850229416386141e+29
144 9 3.8390700001448599e+29
146 9 2.6499980894737182e+29
148 9 1.3351402734771324e+29
150 9 4.1264011548408932e+28
88 10 1.3255573079504797e+09
90 10 3.0040053300859796e+11
92 10 4.7021309794036883e+13
94 10 1.7584877677168942e+15
96 10 3.8505429838917016e+16
98 10 5.8489425522170342e+17
100 10 6.6099184176483226e+18
102 10 5.9227189689800425e+19
104 10 4.3547134855034955e+20
106 10 2.6942148637723140e+21
108 10 1.4533461859101282e+22
110 10 6.9004783477194064e+22
112 10 2.9154516961477399e+23
114 10 1.1115498550636599e+24
116 10 3.8528837457697711e+24
118 10 1.2211752860488283e+25
120 10 3.5452558936491050e+25
122 10 9.4417935639652636e+25
124 10 2.3142114725556706e+26
126 10 5.2239802646357220e+26
128 10 1.0787366600621304e+27
130 10 2.0389210297291362e+27
132 10 3.5163018499134620e+27
134 10 5.4768222228675958e+27
136 10 7.6357959342952969e+27
138 10 9.4135809587742386e+27
140 10 1.0087323079150597e+28
142 10 9.0540547962131287e+27
144 10 6.5895408052175719e+27
146 10 3.5023418829720791e+27
148 10 1.1611400400819600e+27
92 11 2.3210895362153916e+09
94 11 2.7724504357367877e+11
96 11 3.3710041357815492e+13
98 11 1.1227665965637268e+15
100 11 2.1832397423465280e+16
102 11 2.9719828082340730e+17
104 11 3.0238378298881444e+18
106 11 2.4476207381070115e+19
108 11 1.6384015066285362e+20
110 11 9.2604593414045185e+20
112 11 4.5073150848025750e+21
114 11 1.9326345681875300e+22
116 11 7.3462718872235534e+22
118 11 2.4993740569710150e+23
120 11 7.6794279211424879e+23
122 11 2.1341309791924846e+24
124 11 5.3763752016135857e+24
126 11 1.2321819704761507e+25
128 11 2.5563123913081452e+25
130 11 4.7910583206257712e+25
132 11 8.0517280354080918e+25
134 11 1.2080447006825048e+26
136 11 1.5972967009703112e+26
138 11 1.8242462164323314e+26
140 11 1.7486470736912515e+26
142 11 1.3533928648236947e+26
144 11 7.6536028181869796e+25
146 11 2.7577350230689825e+25
96 12 2.8188951175009274e+09
98 12 2.0675489686936517e+11
100 12 1.7663570158935277e+13
102 12 5.1720369135655112e+14
104 12 8.9132449297748240e+15
106 12 1.0714429860939269e+17
108 12 9.7750704965437747e+17
110 12 7.0764772831537265e+18
112 12 4.2437526962651202e+19
114 12 2.1452349093982549e+20
116 12 9.3085285024550617e+20
118 12 3.5300466938059754e+21
120 12 1.1814961388710286e+22
122 12 3.5057426096165933e+22
124 12 9.2592599020923920e+22
126 12 2.1905759320494289e+23
128 12 4.6024776812922589e+23
130 12 8.6069326943159375e+23
132 12 1.4233867122882762e+24
134 12 2.0554460567736100e+24
136 12 2.5553010500119608e+24
138 12 2.6516455780009984e+24
140 12 2.2270371514478731e+24
142 12 1.3547875628996126e+24
144 12 5.4054691088480886e+23
100 13 2.2635990303261266e+09
102 13 1.2101122669320526e+11
104 13 6.8474733138234082e+12
106 13 1.7029657553945588e+14
108 13 2.5678970407522370e+15
110 13 2.7116070273121988e+16
112 13 2.1849216366852122e+17
114 13 1.3951503332589555e+18
116 13 7.3252290340549356e+18
118 13 3.2393684262324457e+19
120 13 1.2253770663724217e+20
122 13 4.0014896738076072e+20
124 13 1.1338567392230724e+21
126 13 2.8156858562236582e+21
128 13 6.0969893605896974e+21
130 13 1.1541016417618627e+22
132 13 1.8764655152304874e+22
134 13 2.6113488439336839e+22
136 13 3.0023347577516292e+22
138 13 2.8006317665439975e+22
140 13 1.8674317309892949e+22
142 13 8.4458722009126189e+21
104 14 1.2271731541123295e+09
106 14 5.0445751492348953e+10
108 14 1.9387662054833091e+12
110 14 3.9533252765969477e+13
112 14 5.0963453443607306e+14
114 14 4.6488840672115350e+15
116 14 3.2236543990995716e+16
118 14 1.7782605081479565e+17
120 14 7.9821930240264448e+17
122 14 2.9855040011106324e+18
124 14 9.4176624936870994e+18
126 14 2.5191227054044615e+19
128 14 5.7533323483315544e+19
130 14 1.1060749810300458e+20
132 14 1.7983480910174382e+20
134 14 2.3720059881229356e+20
136 14 2.5361787855180294e+20
138 14 1.8921506724720479e+20
140 14 9.9557205081949897e+19
108 15 4.1859659363399684e+08
110 15 1.4624519771288506e+10
112 15 3.9006436549583545e+11
114 15 6.3124288419462734e+12
116 15 6.7045509918746883e+13
118 15 5.1438697904445400e+14
120 15 2.9716486146912570e+15
122 15 1.3548041197179198e+16
124 15 4.9386626572887184e+16
126 15 1.4895900258413133e+17
128 15 3.6323376376709984e+17
130 15 7.3646430569393728e+17
132 15 1.1723392474023227e+18
134 15 1.5078130822977833e+18
136 15 1.3116678845094495e+18
138 15 8.3984970128547955e+17
112 16 9.3002839127837345e+07
114 16 2.6358319562693295e+09
116 16 5.1903758161264404e+10
118 16 6.4376737705438159e+11
120 16 5.5282375259922832e+12
122 16 3.3339333633490801e+13
124 16 1.5360822901857341e+14
126 16 5.3214128105573688e+14
128 16 1.4878651061002220e+15
130 16 3.0779317989658525e+15
132 16 5.1232263578549860e+15
134 16 5.4920716165281840e+15
136 16 4.5318946992638660e+15
116 17 1.1909291324379032e+07
118 17 2.9800195461505550e+08
120 17 4.1570324419977837e+09
122 17 3.9967086370468857e+10
124 17 2.4391194975013962e+11
126 17 1.1216271332229016e+12
128 17 3.4392772438263452e+12
130 17 8.3719116637536279e+12
132 17 1.1864006845803855e+13
134 17 1.3712451077341684e+13
120 18 1.0098083902404602e+06
122 18 1.7748539238062929e+07
124 18 1.8992086363534209e+08
126 18 1.0923273237719164e+09
128 18 4.8372865222974463e+09
130 18 1.0453474830173706e+10
132 18 1.9488497841208355e+10
124 19 3.7089571724575682e+04
126 19 5.6688842753630644e+05
128 19 2.6561708186902734e+06
130 19 9.5729163497993052e+06
128 20 7.1405859773109137e+02
