256 -48 2.3905963889978237e+28
252 -47 1.7605180257509060e+29
254 -47 2.4276623581896329e+30
248 -46 8.3116885207392755e+29
250 -46 1.8168496711913086e+31
252 -46 1.1816209987479218e+32
244 -45 3.0079610288631558e+30
246 -45 8.4771804782959187e+31
248 -45 8.8739965129419847e+32
250 -45 3.6622283664406578e+33
240 -44 8.9957490650283275e+30
242 -44 3.0069866802358934e+32
244 -44 4.0948632251920293e+33
246 -44 2.7509099552421654e+34
248 -44 8.1154532956618956e+34
236 -43 2.3157454833937790e+31
238 -43 8.7696194551953048e+32
240 -43 1.4203168662647425e+34
242 -43 1.2461417000987663e+35
244 -43 6.0751091896400875e+35
246 -43 1.3678236941489839e+36
232 -42 5.2647026915549399e+31
234 -42 2.1839086874240351e+33
236 -42 4.0170828678021275e+34
238 -42 4.2152871018722322e+35
240 -42 2.6982058852015450e+36
242 -42 1.0191377359742219e+37
244 -42 1.8438193110114721e+37
228 -41 1.0765950095901106e+32
230 -41 4.8099937836574633e+33
232 -41 9.7205110354145415e+34
234 -41 1.1582429681740603e+36
236 -41 8.8838070868463194e+36
238 -41 4.4361383496294631e+37
240 -41 1.3550118721718760e+38
242 -41 2.0346161201604723e+38
224 -40 1.9843713703868304e+32
226 -40 9.4331138045391237e+33
228 -40 2.0646991630696484e+35
230 -40 2.7124138798761942e+36
232 -40 2.3684158469710759e+37
234 -40 1.4211655085257474e+38
236 -40 5.7641485261528192e+38
238 -40 1.4730319401788452e+39
240 -40 1.8770336143436172e+39
220 -39 3.3477444367317150e+32
222 -39 1.6758205386384341e+34
224 -39 3.8995159356148256e+35
226 -39 5.5450027302218847e+36
228 -39 5.3564334615655657e+37
230 -39 3.6697353218640657e+38
232 -39 1.7944103403638795e+39
234 -39 6.1087545319955585e+39
236 -39 1.3373310433046817e+40
238 -39 1.4740554423314832e+40
216 -38 5.1797227920065034e+32
218 -38 2.7101585003348582e+34
220 -38 6.6350714838427003e+35
222 -38 1.0065446822309554e+37
224 -38 1.0531927928047887e+38
226 -38 7.9960391789366632e+38
228 -38 4.4813708261657460e+39
230 -38 1.8434377708967440e+40
232 -38 5.3943897563705417e+40
234 -38 1.0277101218752709e+41
236 -38 9.9632066690489701e+40
212 -37 7.3875529715617446e+32
214 -37 4.0084953774410412e+34
216 -37 1.0251263221320547e+36
218 -37 1.6435278012961934e+37
220 -37 1.8369545784874846e+38
222 -37 1.5125443724728459e+39
224 -37 9.3997406382482285e+39
226 -37 4.4440360362219335e+40
228 -37 1.5735534820060576e+41
230 -37 4.0281405259471811e+41
232 -37 6.7840330819119979e+41
234 -37 5.8631911454331395e+41
208 -36 9.7612727883033170e+32
210 -36 5.4483066740903789e+34
212 -36 1.4495037274506799e+36
214 -36 2.4270502686155667e+37
216 -36 2.8696383287792023e+38
218 -36 2.5264507541090770e+39
220 -36 1.7076557224218504e+40
222 -36 8.9745294564863559e+40
224 -36 3.6609347274896040e+41
226 -36 1.1348845355305057e+42
228 -36 2.5779148666399621e+42
230 -36 3.8868014703026413e+42
232 -36 3.0298453305858673e+42
204 -35 1.1945102983899615e+33
206 -35 6.8457418666545209e+34
208 -35 1.8803084451348826e+36
210 -35 3.2744842705955927e+37
212 -35 4.0523711322345551e+38
214 -35 3.7739277256235486e+39
216 -35 2.7335273385920701e+40
218 -35 1.5622215434260708e+41
220 -35 7.0913007134105510e+41
222 -35 2.5374047203737097e+42
224 -35 7.0119981120417099e+42
226 -35 1.4286570582930633e+43
228 -35 1.9491897996327759e+43
230 -35 1.3818616645847653e+43
200 -34 1.3587783832378965e+33
202 -34 7.9654501257132500e+34
204 -34 2.2522758989312519e+36
206 -34 4.0506155892157629e+37
208 -34 5.2160880829427584e+38
210 -34 5.0902228824225263e+39
212 -34 3.8998032858158456e+40
214 -34 2.3901380475031408e+41
216 -34 1.1830664887787510e+42
218 -34 4.7216962543657309e+42
220 -34 1.5058244469220862e+43
222 -34 3.7457368517523465e+43
224 -34 6.9267542546660900e+43
226 -34 8.6235461428265087e+43
228 -34 5.6102853933108161e+43
194 -33 7.8939085183028166e+27
196 -33 1.4390552843726889e+33
198 -33 8.5967381319137567e+34
200 -33 2.4820416932417857e+36
202 -33 4.6012087840101236e+37
204 -33 6.1310553574789901e+38
206 -33 6.2286782911068369e+39
208 -33 5.0109625804289444e+40
210 -33 3.2544108462149203e+41
212 -33 1.7278019035653464e+42
214 -33 7.5310648084714384e+42
216 -33 2.6843875564901467e+43
218 -33 7.7239785177270239e+43
220 -33 1.7456733267268771e+44
222 -33 2.9526810894642912e+44
224 -33 3.3842857836697143e+44
226 -33 2.0285304708148440e+44
190 -32 2.4923119457973974e+28
192 -32 1.4168073085337077e+33
194 -32 8.6180944544300755e+34
196 -32 2.5374660687655462e+36
198 -32 4.8153024693752789e+37
200 -32 6.6053652158207759e+38
202 -32 6.9571516453594026e+39
204 -32 5.8300391127943456e+40
206 -32 3.9810461361990140e+41
208 -32 2.2415298675257878e+42
210 -32 1.0506754239068537e+43
212 -32 4.0895665258068909e+43
214 -32 1.3161700599478812e+44
216 -32 3.4465835818997456e+44
218 -32 7.1431835299226859e+44
220 -32 1.1145341991170122e+45
222 -32 1.1825780155760855e+45
224 -32 6.5877211729158350e+44
186 -31 5.4168462872629484e+28
188 -31 1.3043667301043478e+33
190 -31 8.0290958039579655e+34
192 -31 2.4069229439340872e+36
194 -31 4.6633817724846375e+37
196 -31 6.5607427804562698e+38
198 -31 7.1135071348714780e+39
200 -31 6.1789784281062046e+40
202 -31 4.4006323501951629e+41
204 -31 2.6091184062690102e+42
206 -31 1.2962862762509646e+43
208 -31 5.4318119030094065e+43
210 -31 1.9123505281966025e+44
212 -31 5.6113455322673886e+44
214 -31 1.3493408738941384e+45
216 -31 2.5821279450799663e+45
218 -31 3.7394542242612238e+45
220 -31 3.6951962415893769e+45
222 -31 1.9218030556761104e+45
182 -30 8.9934050124436533e+28
184 -30 1.1192556804540593e+33
186 -30 6.9735355694829346e+34
188 -30 2.1177352589391268e+36
190 -30 4.1737585932422473e+37
192 -30 5.9968471772530760e+38
194 -30 6.6797574497337013e+39
196 -30 5.9869146448542923e+40
198 -30 4.4213317993003101e+41
200 -30 2.7352891507372632e+42
202 -30 1.4307854398909126e+43
204 -30 6.3751838096533869e+43
206 -30 2.4184327489367755e+44
208 -30 7.7701999061291424e+44
210 -30 2.0944111306549859e+45
212 -30 4.6608231445160945e+45
214 -30 8.2944952143435181e+45
216 -30 1.1207098568307951e+46
218 -30 1.0369430630455514e+46
220 -30 5.0526749969656655e+45
178 -29 1.2413118874774748e+29
180 -29 8.9699790061113088e+32
182 -29 5.6347339897376498e+34
184 -29 1.7322347286329095e+36
186 -29 3.4612714827157011e+37
188 -29 5.0671892179394671e+38
190 -29 5.7734172744801089e+39
192 -29 5.3145485323048113e+40
194 -29 4.0540908675757814e+41
196 -29 2.6028436590038951e+42
198 -29 1.4231624284566576e+43
200 -29 6.6806835862777496e+43
202 -29 2.6954213316026936e+44
204 -29 9.3323789382403119e+44
206 -29 2.7597902271143384e+45
208 -29 6.8912730165225178e+45
210 -29 1.4274814809101637e+46
212 -29 2.3755832253392728e+46
214 -29 3.0094004707398496e+46
216 -29 2.6178187469025455e+46
218 -29 1.2016445001129432e+46
174 -28 1.4720620827008334e+29
176 -28 6.7054403486655796e+32
178 -28 4.2299603234313540e+34
180 -28 1.3161211071288307e+36
182 -28 2.6616732491264376e+37
184 -28 3.9572992372195768e+38
186 -28 4.5938487298197307e+39
188 -28 4.3283939145621304e+40
190 -28 3.3921347386578600e+41
192 -28 2.2526738864914783e+42
194 -28 1.2786442336244686e+43
196 -28 6.2746673891538013e+43
198 -28 2.6713797517602621e+44
200 -28 9.8531071675328992e+44
202 -28 3.1457447824491483e+45
204 -28 8.6291042251376180e+45
206 -28 2.0069667926571613e+46
208 -28 3.8937331017572045e+46
210 -28 6.0828631267756714e+46
212 -28 7.2565807055604354e+46
214 -28 5.9609951310639192e+46
216 -28 2.5854207521285536e+46
170 -27 1.5322464689858857e+29
172 -27 4.6810849146430762e+32
174 -27 2.9597237034381269e+34
176 -27 9.2669405478652416e+35
178 -27 1.8998953362187638e+37
180 -27 2.8599455718269010e+38
182 -27 3.3753342928584885e+39
184 -27 3.2454643218779949e+40
186 -27 2.6039361560885337e+41
188 -27 1.7778643040675446e+42
190 -27 1.0443481908514864e+43
192 -27 5.3265954729529116e+43
194 -27 2.3726544871917863e+44
196 -27 9.2475056846381455e+44
198 -27 3.1461396720894744e+45
200 -27 9.3215888786755883e+45
202 -27 2.3842333879420173e+46
204 -27 5.1994429575571021e+46
206 -27 9.4799226479712131e+46
208 -27 1.3978689702700558e+47
210 -27 1.5774566218683600e+47
212 -27 1.2256993853535978e+47
214 -27 5.0408027972553928e+46
166 -26 1.4153929696908755e+29
168 -26 3.0477934459935733e+32
170 -26 1.9286992711707021e+34
172 -26 6.0727863418580468e+35
174 -26 1.2552312838459870e+37
176 -26 1.9129891589402730e+38
178 -26 2.2918188157841392e+39
180 -26 2.2387987603518042e+40
182 -26 1.8354184067305735e+41
184 -26 1.2838298013240263e+42
186 -26 7.7673742266339737e+42
188 -26 4.0962193061600837e+43
190 -26 1.8979666331140530e+44
192 -26 7.7506876799792009e+44
194 -26 2.7860903152803632e+45
196 -26 8.8030511207727372e+45
198 -26 2.4353648487868512e+46
200 -26 5.8469635255809920e+46
202 -26 1.2002813863117792e+47
204 -26 2.0664241546567672e+47
206 -26 2.8847829189431922e+47
208 -26 3.0894658015182601e+47
210 -26 2.2815834577754231e+47
212 -26 8.9271989720792966e+46
162 -25 1.1716218546991375e+29
164 -25 1.8541359924614501e+32
166 -25 1.1707014880317462e+34
168 -25 3.6975597965651321e+35
170 -25 7.6970637448620084e+36
172 -25 1.1832031955843344e+38
174 -25 1.4348116866147144e+39
176 -25 1.4230949989101407e+40
178 -25 1.1872389610976302e+41
180 -25 8.4889816604344263e+41
182 -25 5.2693423803052790e+42
184 -25 2.8650700717095720e+43
186 -25 1.3732938267783023e+44
188 -25 5.8328444451920797e+44
190 -25 2.1996483036202824e+45
192 -25 7.3531339513994214e+45
194 -25 2.1710064995476744e+46
196 -25 5.6410133084116803e+46
198 -25 1.2753810903346325e+47
200 -25 2.4767515496167954e+47
202 -25 4.0419967908880751e+47
204 -25 5.3597751842912429e+47
206 -25 5.4651104055067028e+47
208 -25 3.8448851765702610e+47
210 -25 1.4359562383803524e+47
158 -24 8.7466797652206339e+28
160 -24 1.0506821845615302e+32
162 -24 6.6027927587320136e+33
164 -24 2.0879046390725163e+35
166 -24 4.3663777556681991e+36
168 -24 6.7749229514810564e+37
170 -24 8.2899451726876725e+38
172 -24 8.3384144021158768e+39
174 -24 7.0626267745361333e+40
176 -24 5.1431062470899057e+41
178 -24 3.2631737803527574e+42
180 -24 1.8221841636401296e+43
182 -24 9.0029306784118568e+43
184 -24 3.9615428530741532e+44
186 -24 1.5559041580523924e+45
188 -24 5.4583500462139935e+45
190 -24 1.7053631977541939e+46
192 -24 4.7346880613107504e+46
194 -24 1.1602207448392480e+47
196 -24 2.4844007259608143e+47
198 -24 4.5778649933201515e+47
200 -24 7.1040797870610771e+47
202 -24 8.9783403898331074e+47
204 -24 8.7341911660936604e+47
206 -24 5.8754934572761239e+47
208 -24 2.0962225855640077e+47
154 -23 5.9167600039477731e+28
156 -23 5.5453861014377681e+31
158 -23 3.4629693528258202e+33
160 -23 1.0956923808695496e+35
162 -23 2.2990590956647451e+36
164 -23 3.5830817773240529e+37
166 -23 4.4208535344314479e+38
168 -23 4.4937058145698286e+39
170 -23 3.8611375774443907e+40
172 -23 2.8596043548017561e+41
174 -23 1.8505424702077673e+42
176 -23 1.0558712202187235e+43
178 -23 5.3611418423383229e+43
180 -23 2.4342381407515438e+44
182 -23 9.9125384879557325e+44
184 -23 3.6240889038995336e+45
186 -23 1.1893687953553704e+46
188 -23 3.4967150655348356e+46
190 -23 9.1593448193822852e+46
192 -23 2.1263733671592935e+47
194 -23 4.3213673085310431e+47
196 -23 7.5848354862808348e+47
198 -23 1.1233840726183826e+48
200 -23 1.3566306459429593e+48
202 -23 1.2625868024419926e+48
204 -23 8.1337857699117895e+47
206 -23 2.7823503536709604e+47
150 -22 3.6305957486844085e+28
152 -22 2.7181661741141892e+31
154 -22 1.6857637324111873e+33
156 -22 5.3238971143510597e+34
158 -22 1.1190491976365396e+36
160 -22 1.7529513249060283e+37
162 -22 2.1744059454690579e+38
164 -22 2.2329388816589384e+39
166 -22 1.9382818406308100e+40
168 -22 1.4571104643245951e+41
170 -22 9.5831963846349431e+41
172 -22 5.5820149266082016e+42
174 -22 2.9015270811991853e+43
176 -22 1.3533884703320583e+44
178 -22 5.6928527940082049e+44
180 -22 2.1592012338454154e+45
182 -22 7.3909554870599850e+45
184 -22 2.2830360157467338e+46
186 -22 6.3380548918185122e+46
188 -22 1.5750630768483980e+47
190 -22 3.4755127320352361e+47
192 -22 6.7338645548351216e+47
194 -22 1.1285823230451741e+48
196 -22 1.5991683835151328e+48
198 -22 1.8495743512574631e+48
200 -22 1.6513322806355145e+48
202 -22 1.0205799376923961e+48
204 -22 3.3530435068319618e+47
146 -21 2.0297059424664384e+28
148 -21 1.2391625202778964e+31
150 -21 7.6008688090171965e+32
152 -21 2.3940794922351694e+34
154 -21 5.0306863621132095e+35
156 -21 7.9082320963722866e+36
158 -21 9.8696628804982442e+37
160 -21 1.0190746773835868e+39
162 -21 8.9416487293920518e+39
164 -21 6.7994736665577772e+40
166 -21 4.5418085958799509e+41
168 -21 2.6934762688431379e+42
170 -21 1.4295323174616681e+43
172 -21 6.8298945310341619e+43
174 -21 2.9519066210454903e+44
176 -21 1.1571750917781494e+45
178 -21 4.1132282223546051e+45
180 -21 1.3252860263769096e+46
182 -21 3.8714753948507313e+46
184 -21 1.0196950535166592e+47
186 -21 2.4099969246094265e+47
188 -21 5.0747714651226858e+47
190 -21 9.3982292503203422e+47
192 -21 1.5083889477335995e+48
194 -21 2.0489268884937564e+48
196 -21 2.2763569567450622e+48
198 -21 1.9529422636093952e+48
200 -21 1.1615712885321631e+48
202 -21 3.6730354024137032e+47
142 -20 1.0332901946391725e+28
144 -20 5.2490775951149296e+30
146 -20 3.1760980725834264e+32
148 -20 9.9559687614599584e+33
150 -20 2.0910240004928780e+35
152 -20 3.2879267344967133e+36
154 -20 4.1144079009586944e+37
156 -20 4.2734669860572717e+38
158 -20 3.7844284563973428e+39
160 -20 2.9053930053060592e+40
162 -20 1.9661343935691506e+41
164 -20 1.1843532258808646e+42
166 -20 6.4011490828089112e+42
168 -20 3.1237927008362316e+43
170 -20 1.3841094387240541e+44
172 -20 5.5812521187281369e+44
174 -20 2.0502341703889427e+45
176 -20 6.8712152897492180e+45
178 -20 2.0945816845244186e+46
180 -20 5.8086417254770429e+46
182 -20 1.4568873688510713e+47
184 -20 3.2886303089448753e+47
186 -20 6.6211041487273260e+47
188 -20 1.1756167180777952e+48
190 -20 1.8108663809746473e+48
192 -20 2.3654014231350501e+48
194 -20 2.5283283493891490e+48
196 -20 2.0892176381111558e+48
198 -20 1.1977586361548163e+48
200 -20 3.6527790909641032e+47
136 -19 2.3195851319539860e+22
138 -19 4.8043735198057108e+27
140 -19 2.0601565123254435e+30
142 -19 1.2270057592183024e+32
144 -19 3.8233638225361204e+33
146 -19 8.0136575801751850e+34
148 -19 1.2588998685225857e+36
150 -19 1.5800465062624836e+37
152 -19 1.6463412797710088e+38
154 -19 1.4663238657739512e+39
156 -19 1.1365244592382556e+40
158 -19 7.7702465948183807e+40
160 -19 4.7429160083687525e+41
162 -19 2.6060604851828506e+42
164 -19 1.2967463945283533e+43
166 -19 5.8721705596962877e+43
168 -19 2.4273628058819180e+44
170 -19 9.1868362228124228e+44
172 -19 3.1826241215659832e+45
174 -19 1.0089516853917609e+46
176 -19 2.9245790195825470e+46
178 -19 7.7245615045987048e+46
180 -19 1.8513691146871179e+47
182 -19 4.0000523614956264e+47
184 -19 7.7229980462706135e+47
186 -19 1.3173396097172691e+48
188 -19 1.9531856466094044e+48
190 -19 2.4574982056745936e+48
192 -19 2.5330873036091677e+48
194 -19 2.0192267278619896e+48
196 -19 1.1180477324121106e+48
198 -19 3.2947795125441908e+47
132 -18 3.5093234386312345e+22
134 -18 2.0396851141692339e+27
136 -18 7.4909767497163139e+29
138 -18 4.3768763783405262e+31
140 -18 1.3541227376305960e+33
142 -18 2.8220451381743151e+34
144 -18 4.4316247932468404e+35
146 -18 5.5583250366599684e+36
148 -18 5.8164413736179622e+37
150 -18 5.1984085681787186e+38
152 -18 4.0571219591951380e+39
154 -18 2.8006309400777295e+40
156 -18 1.7295018817780359e+41
158 -18 9.6364074691180244e+41
160 -18 4.8742148644982579e+42
162 -18 2.2516915291412396e+43
164 -18 9.5153550721085322e+43
166 -18 3.6952228028103188e+44
168 -18 1.3204661796999766e+45
170 -18 4.3318316456486598e+45
172 -18 1.3058649475110511e+46
174 -18 3.6082691717343421e+46
176 -18 9.1099715354114540e+46
178 -18 2.0925173579512086e+47
180 -18 4.3389796285004854e+47
182 -18 8.0546159620373850e+47
184 -18 1.3232093877451551e+48
186 -18 1.8916728137652973e+48
188 -18 2.2969653973820339e+48
190 -18 2.2866989720035707e+48
192 -18 1.7625144148129775e+48
194 -18 9.4424122274783451e+47
196 -18 2.6925744238418911e+47
128 -17 3.1258067731487048e+22
130 -17 7.8938477915242668e+26
132 -17 2.5167502599652531e+29
134 -17 1.4381226426866797e+31
136 -17 4.4057807157275158e+32
138 -17 9.1417363925855774e+33
140 -17 1.4315621382903031e+35
142 -17 1.7946994659500209e+36
144 -17 1.8782732387682248e+37
146 -17 1.6855971881598179e+38
148 -17 1.3220850799609127e+39
150 -17 9.1912069143707048e+39
152 -17 5.7308046374351424e+40
154 -17 3.2348924612775734e+41
156 -17 1.6604557703621367e+42
158 -17 7.7986758799415141e+42
160 -17 3.3653593219725406e+43
162 -17 1.3369137804540735e+44
164 -17 4.9030341423847612e+44
166 -17 1.6593636143079467e+45
168 -17 5.1792324739159700e+45
170 -17 1.4886270247690318e+46
172 -17 3.9347760695327094e+46
174 -17 9.5304606598406370e+46
176 -17 2.1026969251179766e+47
178 -17 4.1973627570372819e+47
180 -17 7.5096585392107030e+47
182 -17 1.1899019863866740e+48
184 -17 1.6432245935301977e+48
186 -17 1.9295311663303650e+48
188 -17 1.8581055176750762e+48
190 -17 1.3880806219769137e+48
192 -17 7.2041968269808582e+47
194 -17 1.9937498169505228e+47
124 -16 2.1036518256636064e+22
126 -16 2.7714001443920648e+26
128 -16 7.7525245626261649e+28
130 -16 4.3433691167576114e+30
132 -16 1.3160683616449998e+32
134 -16 2.7090703066190927e+33
136 -16 4.2242429249134444e+34
138 -16 5.2882676018262640e+35
140 -16 5.5348453901513962e+36
142 -16 4.9812667991861976e+37
144 -16 3.9208196181465197e+38
146 -16 2.7414902432456130e+39
148 -16 1.7232639553216053e+40
150 -16 9.8230029698320418e+40
152 -16 5.1106120362210198e+41
154 -16 2.4384850608738661e+42
156 -16 1.0706180517194139e+43
158 -16 4.3447895415097364e+43
160 -16 1.6295863324808771e+44
162 -16 5.6692080293985240e+44
164 -16 1.8259782269028641e+45
166 -16 5.4397526834573009e+45
168 -16 1.4972540746373598e+46
170 -16 3.7982824425361254e+46
172 -16 8.8362966228342733e+46
174 -16 1.8775664385417014e+47
176 -16 3.6150743243593193e+47
178 -16 6.2491378916796612e+47
180 -16 9.5766354129208410e+47
182 -16 1.2795895392210171e+48
184 -16 1.4547122363470343e+48
186 -16 1.3591214822136044e+48
188 -16 9.8447539256411984e+47
190 -16 4.9605182395618884e+47
192 -16 1.3348456312541332e+47
120 -15 1.1390437111087902e+22
122 -15 8.8346516462169217e+25
124 -15 2.1920904697676964e+28
126 -15 1.2020753553130212e+30
128 -15 3.5954034815292959e+31
130 -15 7.3351019598294047e+32
132 -15 1.1383537407008095e+34
134 -15 1.4200941806109684e+35
136 -15 1.4856354812303820e+36
138 -15 1.3356271882885001e+37
140 -15 1.0557596881991564e+38
142 -15 7.4161836587530795e+38
144 -15 4.6909886044034129e+39
146 -15 2.6973552430375869e+40
148 -15 1.4180151347376058e+41
150 -15 6.8545856228547176e+41
152 -15 3.0581130925678305e+42
154 -15 1.2639200891852623e+43
156 -15 4.8488402540791978e+43
158 -15 1.7260422416988369e+44
160 -15 5.7159401422654223e+44
162 -15 1.7585151095917558e+45
164 -15 5.0207526288154214e+45
166 -15 1.3266592820081776e+46
168 -15 3.2389496392153487e+46
170 -15 7.2628129924936075e+46
172 -15 1.4890445933252861e+47
174 -15 2.7715574616921259e+47
176 -15 4.6352917998232026e+47
178 -15 6.8802510815064894e+47
180 -15 8.9142014533183718e+47
182 -15 9.8362787355287021e+47
184 -15 8.9232259578222054e+47
186 -15 6.2821148420955708e+47
188 -15 3.0777939928623177e+47
190 -15 8.0611628529062409e+46
116 -14 5.1450267907563046e+21
118 -14 2.5626720661727381e+25
120 -14 5.6652786843186876e+27
122 -14 3.0309989330020384e+29
124 -14 8.9441629183271800e+30
126 -14 1.8082093767921794e+32
128 -14 2.7867949066816715e+33
130 -14 3.4687552461555403e+34
132 -14 3.6161073286580583e+35
134 -14 3.2505075133455291e+36
136 -14 2.5684426218097353e+37
138 -14 1.8123998242983974e+38
140 -14 1.1526509965404478e+39
142 -14 6.6689364441088709e+39
144 -14 3.5423467286330747e+40
146 -14 1.7315665260694991e+41
148 -14 7.8356108569057084e+41
150 -14 3.2912073151949202e+42
152 -14 1.2864772866204362e+43
154 -14 4.6842706474491253e+43
156 -14 1.5908298167328298e+44
158 -14 5.0324803129400407e+44
160 -14 1.4831161167575009e+45
162 -14 4.0707211945832999e+45
164 -14 1.0359792172655205e+46
166 -14 2.4386635560431285e+46
168 -14 5.2820330770643612e+46
170 -14 1.0472727468323768e+47
172 -14 1.8876286551957891e+47
174 -14 3.0609861026970917e+47
176 -14 4.4102569444488756e+47
178 -14 5.5494173668754479e+47
180 -14 5.9504112260104845e+47
182 -14 5.2499723973328527e+47
184 -14 3.5968094051101906e+47
186 -14 1.7179004815342674e+47
188 -14 4.3890054328099248e+46
112 -13 1.9747489669140979e+21
114 -13 6.7286169230749268e+24
116 -13 1.3350187441415652e+27
118 -13 6.9648222185047003e+28
120 -13 2.0223674609665206e+30
122 -13 4.0478381649350126e+31
124 -13 6.1885021229957809e+32
126 -13 7.6526036234583558e+33
128 -13 7.9573659312532557e+34
130 -13 7.1310941255490949e+35
132 -13 5.6389554394988129e+36
134 -13 3.9848742991666990e+37
136 -13 2.5450275064852383e+38
138 -13 1.4822407173954548e+39
140 -13 7.9233635391115655e+39
142 -13 3.9152658552546641e+40
144 -13 1.7934762768215418e+41
146 -13 7.6493214730043468e+41
148 -13 3.0405386652655857e+42
150 -13 1.1290457581825241e+43
152 -13 3.9237348757932922e+43
154 -13 1.2736415525691947e+44
156 -13 3.8644646677554203e+44
158 -13 1.0957832781272398e+45
160 -13 2.8952735770700246e+45
162 -13 7.1129904437196722e+45
164 -13 1.6172184201788474e+46
166 -13 3.3936812513115787e+46
168 -13 6.5228721603685155e+46
170 -13 1.1413089955092825e+47
172 -13 1.7960555236183163e+47
174 -13 2.5157428554868776e+47
176 -13 3.0807600452329446e+47
178 -13 3.2171373777660155e+47
180 -13 2.7641627304399719e+47
182 -13 1.8464427624842020e+47
184 -13 8.6090790355677123e+46
186 -13 2.1496066240860101e+46
108 -12 6.4984778102528986e+20
110 -12 1.5875779441929283e+24
112 -12 2.8513662967059102e+26
114 -12 1.4474665273404387e+28
116 -12 4.1410142038960540e+29
118 -12 8.1917819286183464e+30
120 -12 1.2405916666249608e+32
122 -12 1.5231596948660081e+33
124 -12 1.5756315005231602e+34
126 -12 1.4097577595586818e+35
128 -12 1.1118718297187451e+36
130 -12 7.8629666686228026e+36
132 -12 5.0331719592135273e+37
134 -12 2.9453232952250046e+38
136 -12 1.5855678978272626e+39
138 -12 7.8962211061774151e+39
140 -12 3.6595840360548107e+40
142 -12 1.5791198351104960e+41
144 -12 6.3753624805681806e+41
146 -12 2.4105118244163672e+42
148 -12 8.5435294436215250e+42
150 -12 2.8432907244162936e+43
152 -12 8.8543398688659025e+43
154 -12 2.5865657070866164e+44
156 -12 7.0724239499221906e+44
158 -12 1.8042430480612567e+45
160 -12 4.2870536949852890e+45
162 -12 9.4462972417534315e+45
164 -12 1.9229201928104526e+46
166 -12 3.5894678845840343e+46
168 -12 6.0967824549470788e+46
170 -12 9.3439247236781941e+46
172 -12 1.2750138422978744e+47
174 -12 1.5211210201751019e+47
176 -12 1.5482123012650891e+47
178 -12 1.2995576267196524e+47
180 -12 8.4774747882595931e+46
182 -12 3.8620769370234954e+46
184 -12 9.4496731217192398e+45
104 -11 1.8431863291236555e+20
106 -11 3.3600046729824790e+23
108 -11 5.5032819868686453e+25
110 -11 2.7172175811310283e+27
112 -11 7.6200944283359402e+28
114 -11 1.4894415489601210e+30
116 -11 2.2336035425856320e+31
118 -11 2.7195896922624321e+32
120 -11 2.7923972445029895e+33
122 -11 2.4913007123849822e+34
124 -11 1.9601758037684514e+35
126 -11 1.3857201179537042e+36
128 -11 8.8783462520791692e+36
130 -11 5.2119892764118151e+37
132 -11 2.8186173385688613e+38
134 -11 1.4134820191688010e+39
136 -11 6.6119889261401585e+39
138 -11 2.8893349729289779e+40
140 -11 1.1818909882770432e+41
142 -11 4.5416864263301604e+41
144 -11 1.6411898587070841e+42
146 -11 5.5699886406313022e+42
148 -11 1.7798737291428529e+43
150 -11 5.3406219523284962e+43
152 -11 1.5046084937207066e+44
154 -11 3.9771760351655954e+44
156 -11 9.8275655723018299e+44
158 -11 2.2635244007514435e+45
160 -11 4.8437732209585471e+45
162 -11 9.5751801484081254e+45
164 -11 1.7388984617542847e+46
166 -11 2.8781655190620778e+46
168 -11 4.2988099347736502e+46
170 -11 5.7229833964495653e+46
172 -11 6.6647349621127041e+46
174 -11 6.6313000780089306e+46
176 -11 5.4400383702150119e+46
178 -11 3.4737895320139120e+46
180 -11 1.5510229100933834e+46
182 -11 3.7194979318467652e+45
100 -10 4.5300145197624345e+19
102 -10 6.3599836638782926e+22
104 -10 9.5485777322606104e+24
106 -10 4.5630294427517706e+26
108 -10 1.2552453015462687e+28
110 -10 2.4219788776015874e+29
112 -10 3.5872220751991474e+30
114 -10 4.3301391669205828e+31
116 -10 4.4124236663499694e+32
118 -10 3.9097459556181664e+33
120 -10 3.0731090314199997e+34
122 -10 2.1641176689470031e+35
124 -10 1.3891671432838112e+36
126 -10 8.1666393283197057e+36
128 -10 4.4351261824525731e+37
130 -10 2.2386769356032663e+38
132 -10 1.0544733829223939e+39
134 -10 4.6536039562749933e+39
136 -10 1.9280904482660068e+40
138 -10 7.5145074542304140e+40
140 -10 2.7627082297248705e+41
142 -10 9.5635029904230671e+41
144 -10 3.1217022433663014e+42
146 -10 9.6083698825836365e+42
148 -10 2.7869123754777804e+43
150 -10 7.5969288021120000e+43
152 -10 1.9448521932346873e+44
154 -10 4.6622799151427048e+44
156 -10 1.0440643245290820e+45
158 -10 2.1731716644244085e+45
160 -10 4.1864990654443730e+45
162 -10 7.4164511661986149e+45
164 -10 1.1966165879479929e+46
166 -10 1.7461911344117804e+46
168 -10 2.2699898840404984e+46
170 -10 2.5848458129518610e+46
172 -10 2.5159213404632236e+46
174 -10 2.0222848143442913e+46
176 -10 1.2664963118952789e+46
178 -10 5.5481613288978877e+45
180 -10 1.3090097154491634e+45
96 -9 9.6034211824675553e+18
98 -9 1.0700304765855828e+22
100 -9 1.4728203376089821e+24
102 -9 6.8321337987772151e+25
104 -9 1.8419226229573857e+27
106 -9 3.4953896168797178e+28
108 -9 5.1095562614692490e+29
110 -9 6.0996123680170172e+30
112 -9 6.1710000825572168e+31
114 -9 5.4302127557747026e+32
116 -9 4.2403470465900618e+33
118 -9 2.9875586380538579e+34
120 -9 1.9121099598661230e+35
122 -9 1.1257214476937938e+36
124 -9 6.1326178882729897e+36
126 -9 3.1092915560907362e+37
128 -9 1.4758049072675210e+38
130 -9 6.5672529512746651e+38
132 -9 2.7522835691698339e+39
134 -9 1.0874962651232322e+40
136 -9 4.0566430712484834e+40
138 -9 1.4290418109937409e+41
140 -9 4.7651077556524084e+41
142 -9 1.4994008380951395e+42
144 -9 4.4631829296158119e+42
146 -9 1.2527469160419973e+43
148 -9 3.3140645591185124e+43
150 -9 8.2471777863110761e+43
152 -9 1.9232028824166871e+44
154 -9 4.1900368840071700e+44
156 -9 8.5107557919051458e+44
158 -9 1.5994428614625534e+45
160 -9 2.7662133505212537e+45
162 -9 4.3669617997129366e+45
164 -9 6.2292532027486779e+45
166 -9 7.9292678553695612e+45
168 -9 8.8466855274344304e+45
170 -9 8.4463385642222116e+45
172 -9 6.6607162842166897e+45
174 -9 4.0946504368840815e+45
176 -9 1.7658658908464218e+45
178 -9 4.1077256734200678e+44
92 -8 1.7588216883247601e+18
94 -8 1.5788750880195973e+21
96 -8 2.0052044891455041e+23
98 -8 9.0145171571994210e+24
100 -8 2.3811751310682121e+26
102 -8 4.4358627196447783e+27
104 -8 6.4080309749261916e+28
106 -8 7.5544892722763724e+29
108 -8 7.5661990369642624e+30
110 -8 6.6065645535326954e+31
112 -8 5.1319043203210346e+32
114 -8 3.5972316152464465e+33
116 -8 2.3012542130469772e+34
118 -8 1.3542184531319734e+35
120 -8 7.3898140759140008e+35
122 -8 3.7629978101041829e+36
124 -8 1.7954993673302485e+37
126 -8 8.0658877091013845e+37
128 -8 3.4106827504153862e+38
130 -8 1.3650314416214271e+39
132 -8 5.1590819169213995e+39
134 -8 1.8483825658600491e+40
136 -8 6.2769896345455870e+40
138 -8 2.0208777237565284e+41
140 -8 6.1569578420425956e+41
142 -8 1.7763826202948261e+42
144 -8 4.8416882527377861e+42
146 -8 1.2462619138546440e+43
148 -8 3.0191099587806913e+43
150 -8 6.8616084018237887e+43
152 -8 1.4598267097351689e+44
154 -8 2.8942330131399619e+44
156 -8 5.3203218317528723e+44
158 -8 9.0051225778118217e+44
160 -8 1.3923731139442464e+45
162 -8 1.9479025720077572e+45
164 -8 2.4303966510656884e+45
166 -8 2.6626299558483686e+45
168 -8 2.4980069162816007e+45
170 -8 1.9371227662143930e+45
172 -8 1.1727248466352531e+45
174 -8 4.9836000343765284e+44
176 -8 1.1471439528152738e+44
88 -7 2.7666513779421581e+17
90 -7 2.0334560827510060e+20
92 -7 2.3923708332153827e+22
94 -7 1.0407486109761660e+24
96 -7 2.6915461389818819e+25
98 -7 4.9193522525840787e+26
100 -7 6.9819588929867749e+27
102 -7 8.1320728292752475e+28
104 -7 8.0595384959772480e+29
106 -7 6.9726405095636403e+30
108 -7 5.3805059478808616e+31
110 -7 3.7525992304890089e+32
112 -7 2.3930994121934077e+33
114 -7 1.4073638933624668e+34
116 -7 7.6950228538704203e+34
118 -7 3.9298825039432198e+35
120 -7 1.8869904931494441e+36
122 -7 8.5267465694409954e+36
124 -7 3.6466410720435260e+37
126 -7 1.4741362771838431e+38
128 -7 5.6528768736153064e+38
130 -7 2.0561355938639793e+39
132 -7 7.1061710765279817e+39
134 -7 2.3340577382248619e+40
136 -7 7.2760151910297886e+40
138 -7 2.1510794811712159e+41
140 -7 6.0331973481196844e+41
142 -7 1.6018741487718487e+42
144 -7 4.0212646449332212e+42
146 -7 9.5043692735117358e+42
148 -7 2.1103286828517785e+43
150 -7 4.3935644749326979e+43
152 -7 8.5292108511046261e+43
154 -7 1.5351750842076197e+44
156 -7 2.5507906957577523e+44
158 -7 3.8670402806850083e+44
160 -7 5.3145676966780217e+44
162 -7 6.5220290862608530e+44
164 -7 7.0250101785863082e+44
166 -7 6.4924939075530563e+44
168 -7 4.9627798847098117e+44
170 -7 2.9638624878202401e+44
172 -7 1.2459076010032317e+44
174 -7 2.8384767308156285e+43
84 -6 3.6820258246625408e+16
86 -6 2.2519926831653466e+19
88 -6 2.4725285468227266e+21
90 -6 1.0385290458568930e+23
92 -6 2.6150650492343146e+24
94 -6 4.6915211583523729e+25
96 -6 6.5467084086995279e+26
98 -6 7.5141466208144602e+27
100 -6 7.3575504030263036e+28
102 -6 6.3125239858377228e+29
104 -6 4.8273577021809917e+30
106 -6 3.3469589445706115e+31
108 -6 2.1278155532482654e+32
110 -6 1.2496238680111780e+33
112 -6 6.8350660323255826e+33
114 -6 3.5074236530089143e+34
116 -6 1.6916552321232932e+35
118 -6 7.6966980711383306e+35
120 -6 3.3170285047537886e+36
122 -6 1.3571518276934402e+37
124 -6 5.2682829954352614e+37
126 -6 1.9459140241385473e+38
128 -6 6.8401488528251928e+38
130 -6 2.2896502859246990e+39
132 -6 7.2959821623784818e+39
134 -6 2.2113126548757496e+40
136 -6 6.3687954363775130e+40
138 -6 1.7411735318187259e+41
140 -6 4.5136728914889546e+41
142 -6 1.1074965498950733e+42
144 -6 2.5606695920945456e+42
146 -6 5.5754547692678967e+42
148 -6 1.1381191864227679e+43
150 -6 2.1676097800693951e+43
152 -6 3.8323045069834510e+43
154 -6 6.2549512061411282e+43
156 -6 9.3338534443919237e+43
158 -6 1.2617416667391674e+44
160 -6 1.5251000426286137e+44
162 -6 1.6202328175939052e+44
164 -6 1.4774723061201826e+44
166 -6 1.1161725396457221e+44
168 -6 6.5979176576829080e+43
170 -6 2.7460566259012739e+43
172 -6 6.2235345346784232e+42
78 -5 4.9923711312184341e+10
80 -5 4.0871183871372355e+15
82 -5 2.1250780669026371e+18
84 -5 2.1593357666257116e+20
86 -5 8.7868902996574166e+21
88 -5 2.1623791939877363e+23
90 -5 3.7967895856823965e+24
92 -5 5.1949837348298699e+25
94 -5 5.8706563853100244e+26
96 -5 5.6754784913167937e+27
98 -5 4.8079126795656153e+28
100 -5 3.6516446194331995e+29
102 -5 2.5170183486223869e+30
104 -5 1.5925873004215042e+31
106 -5 9.3543043483027095e+31
108 -5 5.1210731570278388e+32
110 -5 2.6328981549616779e+33
112 -5 1.2763190643483457e+34
114 -5 5.8472374846826338e+34
116 -5 2.5421701396845594e+35
118 -5 1.0513141167169771e+36
120 -5 4.1382537778171233e+36
122 -5 1.5503555546123757e+37
124 -5 5.5420218157510300e+37
126 -5 1.8907960402654231e+38
128 -5 6.1496558957003540e+38
130 -5 1.9078974136621742e+39
132 -5 5.6421168314894634e+39
134 -5 1.5877436557084904e+40
136 -5 4.2457515962558599e+40
138 -5 1.0773902568610547e+41
140 -5 2.5902015374410776e+41
142 -5 5.8836476483298823e+41
144 -5 1.2578603092922625e+42
146 -5 2.5249553555105354e+42
148 -5 4.7301027022551232e+42
150 -5 8.2315878078785342e+42
152 -5 1.3234524538564555e+43
154 -5 1.9465054234321998e+43
156 -5 2.5975610470049337e+43
158 -5 3.0997731441995942e+43
160 -5 3.2519263404514031e+43
162 -5 2.9343134468414050e+43
164 -5 2.1951656997102267e+43
166 -5 1.2866032039023761e+43
168 -5 5.3245938282069409e+42
170 -5 1.2026988959486116e+42
74 -4 1.0922117915620680e+10
76 -4 3.7572964458221575e+14
78 -4 1.6706276839567389e+17
80 -4 1.5806818539062239e+19
82 -4 6.1962684968089131e+20
84 -4 1.4828141834999712e+22
86 -4 2.5513911672442206e+23
88 -4 3.4267233391677929e+24
90 -4 3.7969690273969293e+25
92 -4 3.6205740565709586e+26
94 -4 3.0364899023914530e+27
96 -4 2.2788632180323367e+28
98 -4 1.5613633754113105e+29
100 -4 9.8477072671808542e+29
102 -4 5.7721805984473292e+30
104 -4 3.1687422999824588e+31
106 -4 1.6334418043048821e+32
108 -4 7.9560857377420249e+32
110 -4 3.6826635940778550e+33
112 -4 1.6156710187899041e+34
114 -4 6.7581340473767903e+34
116 -4 2.6954660561854057e+35
118 -4 1.0259689719094691e+36
120 -4 3.7317720352175730e+36
122 -4 1.2975313613694067e+37
124 -4 4.3137129083126035e+37
126 -4 1.3698666933168778e+38
128 -4 4.1553164052236930e+38
130 -4 1.2019963631239022e+39
132 -4 3.3169840168394458e+39
134 -4 8.7017161099371115e+39
136 -4 2.1690621343434476e+40
138 -4 5.1292675309352008e+40
140 -4 1.1466358794288509e+41
142 -4 2.4135644948397130e+41
144 -4 4.7686607330406750e+41
146 -4 8.8170153880736053e+41
148 -4 1.5141993780353956e+42
150 -4 2.4041646567745853e+42
152 -4 3.4956888002210789e+42
154 -4 4.6157214565259697e+42
156 -4 5.4566400885888514e+42
158 -4 5.6746373560927178e+42
160 -4 5.0726828968008877e+42
162 -4 3.7688254584169959e+42
164 -4 2.1981912379734165e+42
166 -4 9.0653062943475630e+41
168 -4 2.0471802686821951e+41
70 -3 1.7301029220934651e+09
72 -3 2.7462544330326004e+13
74 -3 1.0556772630373292e+16
76 -3 9.3557474424511104e+17
78 -3 3.5286616217855156e+19
80 -3 8.2112944568916050e+20
82 -3 1.3795342340400567e+22
84 -3 1.8169091163090363e+23
86 -3 1.9820172168031549e+24
88 -3 1.8561008243810223e+25
90 -3 1.5369572320451427e+26
92 -3 1.1442326193137510e+27
94 -3 7.7879530106001521e+27
96 -3 4.9075183814266076e+28
98 -3 2.8743582526733976e+29
100 -3 1.5782800941701222e+30
102 -3 8.2023085225880813e+30
104 -3 4.0229446040777451e+31
106 -3 1.8783134352372351e+32
108 -3 8.3429923630230653e+32
110 -3 3.5375553140151544e+33
112 -3 1.4315580818172620e+34
114 -3 5.5450175730584742e+34
116 -3 2.0565906362875957e+35
118 -3 7.2956555011351168e+35
120 -3 2.4791624935300854e+36
122 -3 8.0680003636999374e+36
124 -3 2.5131766604078421e+37
126 -3 7.4825193631335363e+37
128 -3 2.1292734057127894e+38
130 -3 5.7726516672987360e+38
132 -3 1.4920010987635151e+39
134 -3 3.6653423190419945e+39
136 -3 8.5485146543445869e+39
138 -3 1.8838873195821284e+40
140 -3 3.9138352269188364e+40
142 -3 7.6515194382161776e+40
144 -3 1.3983074177904886e+41
146 -3 2.3772244624597438e+41
148 -3 3.7382337291336238e+41
150 -3 5.3921261413940369e+41
152 -3 7.0510397880736340e+41
154 -3 8.2756660212502118e+41
156 -3 8.5473609349023087e+41
158 -3 7.6058093528344858e+41
160 -3 5.6312822467860884e+41
162 -3 3.2738864760401334e+41
164 -3 1.3508157312779095e+41
166 -3 3.0610749654178201e+40
66 -2 1.6880555179559916e+08
68 -2 1.5513163683838994e+12
70 -2 5.1692087150648775e+14
72 -2 4.2951303856514784e+16
74 -2 1.5680612840678182e+18
76 -2 3.5368739210963874e+19
78 -2 5.7827759515238813e+20
80 -2 7.4526686561586444e+21
82 -2 7.9704383436098323e+22
84 -2 7.3539781867175198e+23
86 -2 6.0140896031205908e+24
88 -2 4.4470061596630360e+25
90 -2 3.0161220586057272e+26
92 -2 1.8992440533036760e+27
94 -2 1.1146221464962786e+28
96 -2 6.1720909685862561e+28
98 -2 3.2280497256296390e+29
100 -2 1.6030099536848078e+30
102 -2 7.5689494731202926e+30
104 -2 3.4129423451055337e+31
106 -2 1.4709715141829184e+32
108 -2 6.0629354304769434e+32
110 -2 2.3980914614278098e+33
112 -2 9.0882625902764304e+33
114 -2 3.2972505448543676e+34
116 -2 1.1482132159137766e+35
118 -2 3.8384280005982779e+35
120 -2 1.2279592996034981e+36
122 -2 3.7674376764616611e+36
124 -2 1.1062305194460059e+37
126 -2 3.1039685072496767e+37
128 -2 8.3085659392362437e+37
130 -2 2.1242461643406762e+38
132 -2 5.1627265638808705e+38
134 -2 1.1901310940789443e+39
136 -2 2.5977087528721559e+39
138 -2 5.3554443233068863e+39
140 -2 1.0372246626308356e+40
142 -2 1.8806418203017092e+40
144 -2 3.1759353985370835e+40
146 -2 4.9593790157410021e+40
148 -2 7.0995287594310406e+40
150 -2 9.2372115297018456e+40
152 -2 1.0795187490219144e+41
154 -2 1.1120613283020303e+41
156 -2 9.8699837604212245e+40
158 -2 7.2930841236733293e+40
160 -2 4.2475288065420719e+40
162 -2 1.7583918620927902e+40
164 -2 4.0189123065920738e+39
62 -1 1.1109974130723080e+07
64 -1 6.3286109625741058e+10
66 -1 1.8449142710372156e+13
68 -1 1.4404810512087070e+15
70 -1 5.0522118836580456e+16
72 -1 1.1070269716509942e+18
74 -1 1.7620144160271589e+19
76 -1 2.2102820948579104e+20
78 -1 2.3240639932974626e+21
80 -1 2.1148496472773268e+22
82 -1 1.7131140974031340e+23
84 -1 1.2618100944221341e+24
86 -1 8.5665802518770504e+24
88 -1 5.4202655421752943e+25
90 -1 3.2156505116398547e+26
92 -1 1.8018733862400095e+27
94 -1 9.5623067123405474e+27
96 -1 4.8328975337810680e+28
98 -1 2.3282025523689466e+29
100 -1 1.0717031583432193e+30
102 -1 4.7289255108274736e+30
104 -1 1.9954638844040343e+31
106 -1 8.0754449721094640e+31
108 -1 3.1386202331464452e+32
110 -1 1.1705431079926496e+33
112 -1 4.1929661067840562e+33
114 -1 1.4426027527477038e+34
116 -1 4.7708960111008824e+34
118 -1 1.5117904611507888e+35
120 -1 4.5862374113693709e+35
122 -1 1.3353026759355053e+36
124 -1 3.7110404995525813e+36
126 -1 9.8641846217850148e+36
128 -1 2.5007898156955620e+37
130 -1 6.0305871922068586e+37
132 -1 1.3829356171228769e+38
134 -1 2.9992444715912967e+38
136 -1 6.1460435551968792e+38
138 -1 1.1838224209601214e+39
140 -1 2.1378316895256920e+39
142 -1 3.5937628844380841e+39
144 -1 5.5924118247005619e+39
146 -1 7.9852280599112554e+39
148 -1 1.0364710404885685e+40
150 -1 1.2086724824426962e+40
152 -1 1.2438849257290206e+40
154 -1 1.1061168473851626e+40
156 -1 8.1935278542189929e+39
158 -1 4.7898674141662489e+39
160 -1 1.9941956284946085e+39
162 -1 4.6209371928526265e+38
58 0 4.2677221898187161e+05
60 0 1.6592645208608801e+09
62 0 4.2718248202196045e+11
64 0 3.1359862249609730e+13
66 0 1.0544160788632630e+15
68 0 2.2382682605067084e+16
70 0 3.4611617470719546e+17
72 0 4.2475423374414095e+18
74 0 4.3770841775662883e+19
76 0 3.9385298737023831e+20
78 0 3.1913753392723568e+21
80 0 2.3631246629428915e+22
82 0 1.6276816852416959e+23
84 0 1.0507779168507527e+24
86 0 6.3913460357626796e+24
88 0 3.6794217701876615e+25
90 0 2.0088453080090491e+26
92 0 1.0469382982907163e+27
94 0 5.1971062655786774e+27
96 0 2.4691414738053618e+28
98 0 1.1238282790307923e+29
100 0 4.9066020319592070e+29
102 0 2.0523370364524282e+30
104 0 8.2471327027325805e+30
106 0 3.1791863195369932e+31
108 0 1.1799425168855389e+32
110 0 4.2025377646287811e+32
112 0 1.4387718230751754e+33
114 0 4.7248476621744029e+33
116 0 1.4912962163045167e+34
118 0 4.5121926621952981e+34
120 0 1.3069222263319768e+35
122 0 3.6198981974617451e+35
124 0 9.5855562273165034e+35
126 0 2.4244151801228960e+36
128 0 5.8287005275521679e+36
130 0 1.3335434752267312e+37
132 0 2.8841109788136966e+37
134 0 5.9026036197029539e+37
136 0 1.1352005053089205e+38
138 0 2.0466125275838116e+38
140 0 3.4357092365762303e+38
142 0 5.3457825722431651e+38
144 0 7.6406691545730701e+38
146 0 9.9276422890110580e+38
148 0 1.1598551741769006e+39
150 0 1.1973341716844851e+39
152 0 1.0678388703304966e+39
154 0 7.9560134020316254e+38
156 0 4.6863281885643331e+38
158 0 1.9732811106119266e+38
160 0 4.6496273168595070e+37
54 1 7.6702171833098655e+03
56 1 2.1105725127501927e+07
58 1 4.8110438673177414e+09
60 1 3.3004842706761633e+11
62 1 1.0670313221214457e+13
64 1 2.1959736622795400e+14
66 1 3.3047273752880025e+15
68 1 3.9641993288041352e+16
70 1 4.0574557042643283e+17
72 1 3.6986200111817738e+18
74 1 3.0834240452565930e+19
76 1 2.3880253350009586e+20
78 1 1.7407743412441661e+21
80 1 1.1931818634087361e+22
82 1 7.6856608898461972e+22
84 1 4.6861282381773477e+23
86 1 2.7085877802564071e+24
88 1 1.4880125007426695e+25
90 1 7.8035014796107632e+25
92 1 3.9068297968727641e+26
94 1 1.8641590753549977e+27
96 1 8.5378998347024939e+27
98 1 3.7447463913103232e+28
100 1 1.5743404299171176e+29
102 1 6.3613134993486668e+29
104 1 2.4612711567120313e+30
106 1 9.1692987770519569e+30
108 1 3.2776936940508539e+31
110 1 1.1239122390260883e+32
112 1 3.7088824367762064e+32
114 1 1.1708829738794095e+33
116 1 3.5527727847827282e+33
118 1 1.0319615030159987e+34
120 1 2.8667037854693540e+34
122 1 7.6008953035431981e+34
124 1 1.9258345764701818e+35
126 1 4.6405070943135004e+35
128 1 1.0621313811971359e+36
130 1 2.3044352735883190e+36
132 1 4.7259509019740050e+36
134 1 9.1081550925552298e+36
136 1 1.6456294076078383e+37
138 1 2.7716574549782770e+37
140 1 4.3237315744453487e+37
142 1 6.2027906821088642e+37
144 1 8.0974964023468663e+37
146 1 9.5178694611435342e+37
148 1 9.8764347898236909e+37
150 1 8.8831540995353265e+37
152 1 6.6776352667437489e+37
154 1 3.9787936653529434e+37
156 1 1.6987373404673163e+37
158 1 4.0830789553934992e+36
58 2 2.4772810003706030e+05
60 2 4.8568903373355365e+08
62 2 9.7927572124262680e+10
64 2 6.5011916656317285e+12
66 2 2.0313307677984922e+14
68 2 4.0379831978538490e+15
70 2 5.8645742043741152e+16
72 2 6.7839833939541171e+17
74 2 6.5788541925837332e+18
76 2 5.5891411386919051e+19
78 2 4.2739061584281823e+20
80 2 3.0039995939786745e+21
82 2 1.9608012222197181e+22
84 2 1.1979006113150480e+23
86 2 6.9094839982657594e+23
88 2 3.7700176568355146e+24
90 2 1.9556402041981564e+25
92 2 9.6582930285461485e+25
94 2 4.5431370550076937e+26
96 2 2.0450416797949005e+27
98 2 8.7974039377481355e+27
100 2 3.6249879793045686e+28
102 2 1.4309387347596608e+29
104 2 5.4070238257702286e+29
106 2 1.9596631315395149e+30
108 2 6.8273670877943748e+30
110 2 2.2741378439688055e+31
112 2 7.2691839350926207e+31
114 2 2.2242022590478057e+32
116 2 6.5208322575435992e+32
118 2 1.8281388689141654e+33
120 2 4.8964487293515055e+33
122 2 1.2479397716998673e+34
124 2 3.0317717406985050e+34
126 2 6.9897510357489257e+34
128 2 1.5269400538902968e+35
130 2 3.1498485454979964e+35
132 2 6.1122612801404671e+35
134 2 1.1114115245664981e+36
136 2 1.8841661920312102e+36
138 2 2.9615747562121949e+36
140 2 4.2745569239500524e+36
142 2 5.6297393810199668e+36
144 2 6.6698387183630470e+36
146 2 6.9932746707152064e+36
148 2 6.3566742863172943e+36
150 2 4.8389395219645919e+36
152 2 2.9218714698566142e+36
154 2 1.2701828960245990e+36
156 2 3.1313547763559593e+35
62 3 4.1900345845706966e+06
64 3 5.4623063747838249e+09
66 3 8.8470769647891431e+11
68 3 5.5320265727673328e+13
70 3 1.6672283881901948e+15
72 3 3.1926761289716564e+16
74 3 4.4658532668081338e+17
76 3 4.9596378904733123e+18
78 3 4.6072439613657956e+19
80 3 3.7199284348686749e+20
82 3 2.6770822640352022e+21
84 3 1.7591145217630738e+22
86 3 1.0668741002956170e+23
88 3 6.0309583356629334e+23
90 3 3.1985519740235492e+24
92 3 1.6023940487442856e+25
94 3 7.6164726103554036e+25
96 3 3.4328417342363655e+26
98 3 1.4754397579782916e+27
100 3 6.0320864759643751e+27
102 3 2.3578585285441171e+28
104 3 8.8171276652619348e+28
106 3 3.1484431526565619e+29
108 3 1.0753412342923581e+30
110 3 3.5144386747505687e+30
112 3 1.0985176667151160e+31
114 3 3.2730619355579095e+31
116 3 9.3379527643611720e+31
118 3 2.5361768377555536e+32
120 3 6.5589080262955769e+32
122 3 1.6128894748442089e+33
124 3 3.7700784082323188e+33
126 3 8.3298029949826979e+33
128 3 1.7417607037186315e+34
130 3 3.4188032480235133e+34
132 3 6.2836014195757105e+34
134 3 1.0769367277046249e+35
136 3 1.7094999808358961e+35
138 3 2.4974770290253916e+35
140 3 3.3280040398040000e+35
142 3 3.9939307778846841e+35
144 3 4.2436737865177329e+35
146 3 3.9112934832703169e+35
148 3 3.0204448811419815e+35
150 3 1.8598316260841129e+35
152 3 8.2564513781925667e+34
154 3 2.0959918940128231e+34
66 4 4.2704435886363469e+07
68 4 3.9137195900968224e+10
70 4 4.8120495305822285e+12
72 4 2.7356530083223338e+14
74 4 7.8217853466002780e+15
76 4 1.4330127613895067e+17
78 4 1.9205715424714785e+18
80 4 2.0438274591165133e+19
82 4 1.8169004757758765e+20
84 4 1.3968491757582227e+21
86 4 9.5365719454774051e+21
88 4 5.8923982118558995e+22
90 4 3.3453535967815210e+23
92 4 1.7601236698906865e+24
94 4 8.6695396458377241e+24
96 4 4.0202796847983477e+25
98 4 1.7589513184783944e+26
100 4 7.2926048345425693e+26
102 4 2.8653028566315748e+27
104 4 1.0689609963632310e+28
106 4 3.8024394031046274e+28
108 4 1.2906962827288791e+29
110 4 4.1638120517187016e+29
112 4 1.2788868684701624e+30
114 4 3.7477582305656544e+30
116 4 1.0447846205666442e+31
118 4 2.7641763395495936e+31
120 4 6.9494656740966400e+31
122 4 1.6550204974835419e+32
124 4 3.7307698456560534e+32
126 4 7.9351930557130941e+32
128 4 1.5840528924706780e+33
130 4 2.9564238172938152e+33
132 4 5.1529976712961893e+33
134 4 8.3170307201999232e+33
136 4 1.2348203096726865e+34
138 4 1.6711348026613699e+34
140 4 2.0378168260772290e+34
142 4 2.2014171773500088e+34
144 4 2.0634929246292065e+34
146 4 1.6281942064376410e+34
148 4 1.0228365771897528e+34
150 4 4.6572453822965529e+33
152 4 1.2274631781980931e+33
70 5 2.8201407504490185e+08
72 5 1.9152671745726105e+11
74 5 1.7862872405057676e+13
76 5 8.8484652595991025e+14
78 5 2.3572447111427708e+16
80 5 4.0907342066834176e+17
82 5 5.2204785986630175e+18
84 5 5.2982068389589754e+19
86 5 4.4752975253616460e+20
88 5 3.2607837758493924e+21
90 5 2.1098101966366581e+22
92 5 1.2256908230982161e+23
94 5 6.5221249685968524e+23
96 5 3.2029180870440382e+24
98 5 1.4651686197275203e+25
100 5 6.2771884800333429e+25
102 5 2.5312071241312300e+26
104 5 9.6215075252187081e+26
106 5 3.4449976423604122e+27
108 5 1.1726796023421920e+28
110 5 3.7759409490981087e+28
112 5 1.1538818870463177e+29
114 5 3.3398091369871025e+29
116 5 9.1627960541171095e+29
118 5 2.3765277974123816e+30
120 5 5.8348053312225362e+30
122 5 1.3497284224955692e+31
124 5 2.9422470621406114e+31
126 5 6.0230320224314895e+31
128 5 1.1527146627872317e+32
130 5 2.0541841885514110e+32
132 5 3.3879484325344414e+32
134 5 5.1352534224840809e+32
136 5 7.1027767922330199e+32
138 5 8.8342926719241508e+32
140 5 9.7643263397546700e+32
142 5 9.3589881475357500e+32
144 5 7.5469889108834826e+32
146 5 4.8755628296439830e+32
148 5 2.2806698807036561e+32
150 5 6.2648878225747518e+31
74 6 1.1985293459045565e+09
76 6 6.5272436166203308e+11
78 6 4.7168008190025625e+13
80 6 1.9895504241745618e+15
82 6 4.8244104297034168e+16
84 6 7.8639170567196390e+17
86 6 9.4872830019683103e+18
88 6 9.1021736623032992e+19
90 6 7.2655475975292047e+20
92 6 5.0005612759354127e+21
94 6 3.0427813600101229e+22
96 6 1.6591478703648618e+23
98 6 8.2372333042536625e+23
100 6 3.7569675861653415e+24
102 6 1.5893710013803854e+25
104 6 6.2610885050115297e+25
106 6 2.3095669936527496e+26
108 6 7.9998400115744671e+26
110 6 2.6031564715564009e+27
112 6 7.9864537059282574e+27
114 6 2.3068648495221557e+28
116 6 6.2677282686736224e+28
118 6 1.6070388803212198e+29
120 6 3.8711468565475201e+29
122 6 8.7541524051595097e+29
124 6 1.8537325882299773e+30
126 6 3.6629270105718977e+30
128 6 6.7277516270513946e+30
130 6 1.1405550096692812e+31
132 6 1.7790320135536520e+31
134 6 2.5284117128572042e+31
136 6 3.2370308242134740e+31
138 6 3.6695496881904752e+31
140 6 3.6132274243152147e+31
142 6 2.9972100823654708e+31
144 6 1.9958829039747916e+31
146 6 9.6552623242288599e+30
148 6 2.7702313812536033e+30
78 7 3.3427572401314516e+09
80 7 1.5555753557190381e+12
82 7 9.0793281198782625e+13
84 7 3.2237314279039295e+15
86 7 6.9996200607810200e+16
88 7 1.0541684492860672e+18
90 7 1.1895271270733634e+19
92 7 1.0702951090902050e+20
94 7 7.9964926616104770e+20
96 7 5.1744759273252077e+21
98 7 2.9313413852334572e+22
100 7 1.4879694795960500e+23
102 7 6.8435452201775378e+23
104 7 2.8795678548187702e+24
106 7 1.1169596362861972e+25
108 7 4.0067123516947994e+25
110 7 1.3416808493152309e+26
112 7 4.1920881574173059e+26
114 7 1.2234434835166692e+27
116 7 3.3346027100405502e+27
118 7 8.5089552680194089e+27
120 7 2.0275702351141449e+28
122 7 4.5001985140893674e+28
124 7 9.2879996922938505e+28
126 7 1.7779395717926731e+29
128 7 3.1363083917948308e+29
130 7 5.0786721651611248e+29
132 7 7.4638167684407378e+29
134 7 9.8783973753916495e+29
136 7 1.1582638464315818e+30
138 7 1.1799242236383801e+30
140 7 1.0143976979257960e+30
142 7 6.9888600144085650e+29
144 7 3.5090177658569283e+29
146 7 1.0654691319201222e+29
80 8 9.1212132235769345e+05
82 8 6.1799080325020266e+09
84 8 2.5658122012506553e+12
86 8 1.2737444104456862e+14
88 8 3.7989830524684640e+15
90 8 7.3268005988898288e+16
92 8 1.0028867507559141e+18
94 8 1.0441594674066559e+19
96 8 8.7053233699727622e+19
98 8 6.0554122698519308e+20
100 8 3.6182396202459679e+21
102 8 1.8989461361921974e+22
104 8 8.8642879516458067e+22
106 8 3.7454080716075850e+23
108 8 1.4335859044298723e+24
110 8 5.0472206603002421e+24
112 8 1.6344290309470901e+25
114 8 4.8926483787882501e+25
116 8 1.3553625932634117e+26
118 8 3.4761059838392308e+26
120 8 8.2555596560069085e+26
122 8 1.8141926939211378e+27
124 8 3.6745818370592260e+27
126 8 6.8346235280904803e+27
128 8 1.1618285028134034e+28
130 8 1.7884481847495818e+28
132 8 2.4740396846432987e+28
134 8 3.0268695814242272e+28
136 8 3.2198263936646989e+28
138 8 2.8851517049872623e+28
140 8 2.0816762093768092e+28
142 8 1.0951998454937757e+28
144 8 3.5174491138438857e+27
84 9 4.7800350184002873e+06
86 9 7.8137603804207411e+09
88 9 2.9592932945369170e+12
90 9 1.2807751634193722e+14
92 9 3.2493892300996080e+15
94 9 5.5511983664421584e+16
96 9 6.8061945430190758e+17
98 9 6.4448242283023493e+18
100 9 4.9287555189882413e+19
102 9 3.1378964304398955e+20
104 9 1.7198327767853823e+21
106 9 8.2232318679418290e+21
108 9 3.5013299204996351e+22
110 9 1.3316002735689686e+23
112 9 4.5879707401524113e+23
114 9 1.4364364469931956e+24
116 9 4.1201430817198435e+24
118 9 1.0773319600862939e+25
120 9 2.5831960453977532e+25
122 9 5.6551974192589511e+25
124 9 1.1336607160464369e+26
126 9 2.0603231758783097e+26
128 9 3.3748373686780630e+26
130 9 4.9464446877695952e+26
132 9 6.4022209983500526e+26
134 9 7.1860966739745680e+26
136 9 6.7791616774111744e+26
138 9 5.1583363899649481e+26
140 9 2.8551805398250164e+26
142 9 9.8708922656943027e+25
88 10 1.6744310642973699e+07
90 10 7.1227781419375668e+09
92 10 2.3750854714268760e+12
94 10 9.0869866105515391e+13
96 10 1.9903327587107022e+15
98 10 2.9867214221197132e+16
100 10 3.2685878370487315e+17
102 10 2.7751886601584563e+18
104 10 1.9192613277768098e+19
106 10 1.1041535453927848e+20
108 10 5.4714259606741896e+20
110 10 2.3474916201995753e+21
112 10 8.8961535404875427e+21
114 10 2.9951607179661862e+22
116 10 9.0741416985914587e+22
118 10 2.4734538157764871e+23
120 10 6.0728091929624914e+23
122 10 1.3462447368453946e+24
124 10 2.6816213321402013e+24
126 10 4.7871807197653642e+24
128 10 7.5833801995591577e+24
130 10 1.0556222230794560e+25
132 10 1.2677726223288452e+25
134 10 1.2771419686158177e+25
136 10 1.0405277754137409e+25
138 10 6.1395896085908152e+24
140 10 2.3090788493850253e+24
92 11 3.2408680808691107e+07
94 11 5.1915899621527243e+09
96 11 1.3249183366950437e+12
98 11 4.4925036346521188e+13
100 11 8.5799000412023788e+14
102 11 1.1221840538793576e+16
104 11 1.0838248930233682e+17
106 11 8.2050256615743398e+17
108 11 5.0450659707128330e+18
110 11 2.5788988753177387e+19
112 11 1.1221042603812902e+20
114 11 4.2408699352592043e+20
116 11 1.3964592249347435e+21
118 11 4.0532543758634330e+21
120 11 1.0408961919929584e+22
122 11 2.3675759664972450e+22
124 11 4.7485397771022343e+22
126 11 8.3954056721987996e+22
128 11 1.2869527237369622e+23
130 11 1.6989312610220755e+23
132 11 1.8628380514634360e+23
134 11 1.6482484536169554e+23
136 11 1.0536989698852916e+23
138 11 4.4019833000069847e+22
96 12 4.3405089913821608e+07
98 12 3.1646061624951506e+09
100 12 5.1876959585917065e+11
102 12 1.5437967896002395e+13
104 12 2.5578631834989238e+14
106 12 2.8857478904078260e+15
108 12 2.4259027592592120e+16
110 12 1.5995489721631027e+17
112 12 8.5483330102658291e+17
114 12 3.7800445245318779e+18
116 12 1.4165692939676209e+19
118 12 4.5246642529834271e+19
120 12 1.2443124341022294e+20
122 12 2.9702937805733193e+20
124 12 6.1137489814417768e+20
126 12 1.0738772200365275e+21
128 12 1.6032266243346467e+21
130 12 1.9735448037449348e+21
132 12 1.9571264898194672e+21
134 12 1.3824445257861935e+21
136 12 6.5654848504760775e+20
100 13 3.2874684028035540e+07
102 13 1.6322975990057507e+09
104 13 1.4209090975310489e+11
106 13 3.5858755734240435e+12
108 13 5.0459927141800219e+13
110 13 4.8929187715392425e+14
112 13 3.4984480623308455e+15
114 13 1.9508311963950332e+16
116 13 8.7717698141818208e+16
118 13 3.2436207258505587e+17
120 13 9.9180075001734374e+17
122 13 2.5494478933722307e+18
124 13 5.4344563920094300e+18
126 13 9.7013570418702090e+18
128 13 1.3975846651334269e+19
130 13 1.6118797803720798e+19
132 13 1.2927353904769786e+19
134 13 7.2792581924073370e+18
104 14 1.6024951503399208e+07
106 14 5.6776255896757078e+08
108 14 2.7488342415214260e+10
110 14 5.4435614113230090e+11
112 14 6.4043378516579062e+12
114 14 5.0962375436291445e+13
116 14 3.0164408438172975e+14
118 14 1.3585243053834272e+15
120 14 4.8889704934828710e+15
122 14 1.3891999108024716e+16
124 14 3.2137157200035224e+16
126 14 5.7349704398756048e+16
128 14 8.1775088205559648e+16
130 14 7.8292121932500640e+16
132 14 5.4575128004828752e+16
108 15 4.1276503244338771e+06
110 15 1.2823373812156709e+08
112 15 3.4479221451989894e+09
114 15 5.2742689733948265e+10
116 15 4.7523758875938519e+11
118 15 2.9977318663517275e+12
120 15 1.3374362827136445e+13
122 15 4.5820075822900227e+13
124 15 1.1283652152072355e+14
126 15 2.1872886128013178e+14
128 15 2.6633915117991219e+14
130 15 2.4764661978393988e+14
112 16 6.6390510266852996e+05
114 16 1.4552487471262719e+07
116 16 2.7409679554875499e+08
118 16 2.7502568926865511e+09
120 16 1.8779009261420799e+10
122 16 7.7037400901300217e+10
124 16 2.4007389862637360e+11
126 16 4.1377328828540625e+11
128 16 5.7383933223448865e+11
116 17 5.3316642703629448e+04
118 17 1.0104331358817751e+06
120 17 9.7251513751214780e+06
122 17 7.0204005751006946e+07
124 17 2.1488264358966216e+08
126 17 5.3044061421179438e+08
120 18 2.4223114297101515e+03
122 18 2.3088287314857422e+04
124 18 1.3131396181610503e+05
