136 -22 6.8958386786222991e+02
130 -21 4.0759630603940177e+03
132 -21 3.8255661756625668e+04
134 -21 1.1376961429803454e+04
136 -21 1.8678456422093976e+05
124 -20 9.8060453127308501e+03
126 -20 2.2417637258529832e+05
128 -20 9.2582243074200128e+05
130 -20 1.9944375298256052e+06
132 -20 5.6382012652955428e+06
134 -20 2.6123484218180641e+06
136 -20 8.2662318229335612e+06
118 -19 1.2164083154017793e+04
120 -19 7.6459419945105689e+05
122 -19 5.2881708983404990e+06
124 -19 1.9851692338197034e+07
126 -19 5.3672595936723761e+07
128 -19 1.0599471699586830e+08
130 -19 1.4905946060080367e+08
132 -19 2.2074219347593614e+08
134 -19 1.2117580478895593e+08
136 -19 1.9487625612037125e+08
112 -18 8.3258650113297826e+03
114 -18 1.3031079920590352e+06
116 -18 1.5361320342259414e+07
118 -18 8.4821265506805390e+07
120 -18 3.1187007425719607e+08
122 -18 8.2604808314618218e+08
124 -18 1.7468252339742513e+09
126 -18 2.9629088676247845e+09
128 -18 4.2548943783580542e+09
130 -18 4.9016412676057091e+09
132 -18 5.4994076469029493e+09
134 -18 3.0960621204655390e+09
136 -18 3.4584557854061742e+09
106 -17 2.8545388103566456e+03
108 -17 1.0810808949855734e+06
110 -17 2.4771922823710445e+07
112 -17 2.0667577995430222e+08
114 -17 1.0361051081543900e+09
116 -17 3.6487815885588417e+09
118 -17 9.9466554631597824e+09
120 -17 2.2017879275792580e+10
122 -17 4.0921417939938240e+10
124 -17 6.5819518484375099e+10
126 -17 9.1261858031577469e+10
128 -17 1.1061604210447754e+11
130 -17 1.1284269027351492e+11
132 -17 1.0545456899983395e+11
134 -17 5.9196212518727936e+10
136 -17 4.9981202648186615e+10
100 -16 3.7896686155217992e+02
102 -16 4.2284352507096692e+05
104 -16 2.1566994954295106e+07
106 -16 2.9859589134933418e+08
108 -16 2.1272394727430248e+09
110 -16 9.9536960645929260e+09
112 -16 3.4704718594613113e+10
114 -16 9.6573082703464020e+10
116 -16 2.2469135990411203e+11
118 -16 4.5093423037472852e+11
120 -16 7.9248625321401367e+11
122 -16 1.2283132576925874e+12
124 -16 1.7031038185744451e+12
126 -16 2.0724824175472156e+12
128 -16 2.2258144936540566e+12
130 -16 2.0543733436217107e+12
132 -16 1.6807251709936472e+12
134 -16 9.1636129414471521e+11
136 -16 6.2108390508036646e+11
96 -15 6.2116522682324343e+04
98 -15 9.3464896287069675e+06
100 -15 2.4798830316606650e+08
102 -15 2.7250293097874699e+09
104 -15 1.7482033767001919e+10
106 -15 7.8935304771614441e+10
108 -15 2.7681424047410242e+11
110 -15 7.9113179050353918e+11
112 -15 1.9286754069441362e+12
114 -15 4.1188601368481860e+12
116 -15 7.8358124769355781e+12
118 -15 1.3304937453021811e+13
120 -15 2.0358973335212051e+13
122 -15 2.8019075867660125e+13
124 -15 3.4719508367669316e+13
126 -15 3.8327276658698477e+13
128 -15 3.7432170408403836e+13
130 -15 3.1703327544981414e+13
132 -15 2.3344550510088648e+13
134 -15 1.2281486076448455e+13
136 -15 6.8605966095235605e+12
90 -14 1.6808535803201687e+03
92 -14 1.7120387438021505e+06
94 -14 1.1041571920814018e+08
96 -14 2.1302902140922318e+09
98 -14 2.0148897916017574e+10
100 -14 1.2156758437114635e+11
102 -14 5.4056556388983081e+11
104 -14 1.9046147819503486e+12
106 -14 5.6220690860430596e+12
108 -14 1.4356255033788197e+13
110 -14 3.2502984591574863e+13
112 -14 6.5822049150721906e+13
114 -14 1.2055212912506441e+14
116 -14 2.0089044273607656e+14
118 -14 3.0357264905876212e+14
120 -14 4.1889206812623700e+14
122 -14 5.2523086233610638e+14
124 -14 5.9568926574327088e+14
126 -14 6.0453174584841625e+14
128 -14 5.4651223957137062e+14
130 -14 4.2992718703040038e+14
132 -14 2.8943592522489244e+14
134 -14 1.4445938706486769e+14
136 -14 6.8706999746672234e+13
86 -13 9.1884641644981079e+04
88 -13 2.2620006622409783e+07
90 -13 9.3140225591440415e+08
92 -13 1.4638351803353027e+10
94 -13 1.2558266824371346e+11
96 -13 7.3153706618101343e+11
98 -13 3.2135743836353218e+12
100 -13 1.1526016411882203e+13
102 -13 3.5166929818472520e+13
104 -13 9.3605704761572625e+13
106 -13 2.2318945659420712e+14
108 -13 4.7867871760299812e+14
110 -13 9.3744045533094625e+14
112 -13 1.6773362985216738e+15
114 -13 2.7625844402174490e+15
116 -13 4.1624760928458910e+15
118 -13 5.7704414992680560e+15
120 -13 7.3406380701377050e+15
122 -13 8.5031247981300180e+15
124 -13 8.9400711633805340e+15
126 -13 8.4671400232189910e+15
128 -13 7.1234659832717870e+15
130 -13 5.2238020977936840e+15
132 -13 3.2679906405500025e+15
134 -13 1.5453823706193930e+15
136 -13 6.3405899306958025e+14
80 -12 4.7166003789045465e+02
82 -12 1.5534540209951475e+06
84 -12 2.0169289779484648e+08
86 -12 6.3113544441487179e+09
88 -12 8.4715747183715561e+10
90 -12 6.7825298470703320e+11
92 -12 3.8316387044682529e+12
94 -12 1.6899919977892963e+13
96 -12 6.1798138742693258e+13
98 -12 1.9447182222003362e+14
100 -12 5.4001416585303694e+14
102 -12 1.3483234311897538e+15
104 -12 3.0637673015821535e+15
106 -12 6.3713118312640630e+15
108 -12 1.2151431965578340e+16
110 -12 2.1458980496906092e+16
112 -12 3.5082136127893992e+16
114 -12 5.2882977561263648e+16
116 -12 7.3941428963955664e+16
118 -12 9.5049776325895168e+16
120 -12 1.1292263848191650e+17
122 -12 1.2219997722757416e+17
124 -12 1.2061973930851992e+17
126 -12 1.0727084666403168e+17
128 -12 8.4667807542194288e+16
130 -12 5.8204952901838832e+16
132 -12 3.3938425482702072e+16
134 -12 1.5097915128527416e+16
136 -12 5.4447334312514090e+15
76 -11 1.2857748502392831e+04
78 -11 1.6495230746745175e+07
80 -11 1.4065348810321848e+09
82 -11 3.5369783678508270e+10
84 -11 4.2034043337439417e+11
86 -11 3.1816977529783594e+12
88 -11 1.7673608454991301e+13
90 -11 7.8598527571141219e+13
92 -11 2.9332338268394400e+14
94 -11 9.5321261551618425e+14
96 -11 2.7553755500958885e+15
98 -11 7.2172457347607950e+15
100 -11 1.7230717185238204e+16
102 -11 3.7937339437375808e+16
104 -11 7.7100474873844240e+16
106 -11 1.4528433456671437e+17
108 -11 2.5412870591027232e+17
110 -11 4.1486304500231878e+17
112 -11 6.2803599176607578e+17
114 -11 8.8430352053913754e+17
116 -11 1.1571012532849910e+18
118 -11 1.3966982568475080e+18
120 -11 1.5590186924978913e+18
122 -11 1.5938968657382154e+18
124 -11 1.4833524730684009e+18
126 -11 1.2450534215865764e+18
128 -11 9.2520996325419546e+17
130 -11 6.0075651310380339e+17
132 -11 3.2736416987143366e+17
134 -11 1.3741972275483848e+17
136 -11 4.3989339023115328e+16
72 -10 2.4998122587131220e+05
74 -10 1.3063716991664121e+08
76 -10 7.9822494060771036e+09
78 -10 1.6447452634362421e+11
80 -10 1.7922010698302532e+12
82 -10 1.3023971377963688e+13
84 -10 7.1523806566939141e+13
86 -10 3.2020060328628906e+14
88 -10 1.2245496979499525e+15
90 -10 4.1082700322542865e+15
92 -10 1.2378448469410514e+16
94 -10 3.3923891657518848e+16
96 -10 8.5540026819573584e+16
98 -10 1.9884251126404832e+17
100 -10 4.2767179245457882e+17
102 -10 8.5890425821097805e+17
104 -10 1.6064964809542605e+18
106 -10 2.8074397587728143e+18
108 -10 4.5868483858922132e+18
110 -10 6.9932189301721334e+18
112 -10 9.9644330655144468e+18
114 -10 1.3236810453434454e+19
116 -10 1.6320171927357827e+19
118 -10 1.8668818011719479e+19
120 -10 1.9751418872081445e+19
122 -10 1.9115687307078328e+19
124 -10 1.6885444411694182e+19
126 -10 1.3411680167596448e+19
128 -10 9.4486964211826237e+18
130 -10 5.7877012359653202e+18
132 -10 2.9601061788017710e+18
134 -10 1.1707981702394038e+18
136 -10 3.3602177882167328e+17
68 -9 3.0235532957053981e+06
70 -9 8.0396872732965791e+08
72 -9 3.6419685431406029e+10
74 -9 6.3963247947083154e+11
76 -9 6.4304758773860469e+12
78 -9 4.5309900297438930e+13
80 -9 2.4872334208094606e+14
82 -9 1.1292695731607925e+15
84 -9 4.4339391144745460e+15
86 -9 1.5442339379269852e+16
88 -9 4.8555111310080112e+16
90 -9 1.3962039253249219e+17
92 -9 3.6955093735265242e+17
94 -9 9.0780495312397082e+17
96 -9 2.0733229822353446e+18
98 -9 4.4263377580655739e+18
100 -9 8.8283470558381640e+18
102 -9 1.6502655024440963e+19
104 -9 2.8945915380013629e+19
106 -9 4.7540681728553009e+19
108 -9 7.3242139742549574e+19
110 -9 1.0568677915510294e+20
112 -9 1.4283805776044384e+20
114 -9 1.7995927952132217e+20
116 -9 2.1137944288631718e+20
118 -9 2.2988660358735721e+20
120 -9 2.3094945185415463e+20
122 -9 2.1310580160721653e+20
124 -9 1.7880487781517653e+20
126 -9 1.3508770952408741e+20
128 -9 9.0661767708782920e+19
130 -9 5.2476908243863364e+19
132 -9 2.5320310353733239e+19
134 -9 9.4041676671379128e+18
136 -9 2.4323362096387369e+18
64 -8 2.3959516484400127e+07
66 -8 3.8073624327955031e+09
68 -8 1.3292670160228654e+11
70 -8 2.0348608396100210e+12
72 -8 1.9344546599014570e+13
74 -8 1.3353408223539808e+14
76 -8 7.3427941331875675e+14
78 -8 3.3949872225798225e+15
80 -8 1.3707701311394710e+16
82 -8 4.9675367345384848e+16
84 -8 1.6319178358311757e+17
86 -8 4.9381192222761536e+17
88 -8 1.3773568390607511e+18
90 -8 3.5857964289768919e+18
92 -8 8.6800787209564129e+18
94 -8 1.9704437710026727e+19
96 -8 4.1953797106757108e+19
98 -8 8.3920090543489597e+19
100 -8 1.5762058534406737e+20
102 -8 2.7811429283578646e+20
104 -8 4.6227913495883363e+20
106 -8 7.2186144689156352e+20
108 -8 1.0576816993755257e+21
110 -8 1.4568658274005085e+21
112 -8 1.8754009409148546e+21
114 -8 2.2571301756051016e+21
116 -8 2.5310902555964426e+21
118 -8 2.6338426959432558e+21
120 -8 2.5278343388047758e+21
122 -8 2.2244417755883734e+21
124 -8 1.7810725794658202e+21
126 -8 1.2841828101438838e+21
128 -8 8.1887802311003786e+20
130 -8 4.5011027225926330e+20
132 -8 2.0515955278609206e+20
134 -8 7.1717353549080601e+19
136 -8 1.6851389316103283e+19
58 -7 3.0701826022109279e+04
60 -7 1.3236526106265485e+08
62 -7 1.3598347322293692e+10
64 -7 3.7849539867492450e+11
66 -7 5.2309219722997988e+12
68 -7 4.7582353284696648e+13
70 -7 3.2296168553404538e+14
72 -7 1.7878483933449312e+15
74 -7 8.4974206049474690e+15
76 -7 3.5498292173827916e+16
78 -7 1.3405374534358810e+17
80 -7 4.6241822011037683e+17
82 -7 1.4753021837797960e+18
84 -7 4.3603414145649121e+18
86 -7 1.1999061859979112e+19
88 -7 3.1018475571598619e+19
90 -7 7.4994415744422609e+19
92 -7 1.7058179769752299e+20
94 -7 3.6476738259935107e+20
96 -7 7.3532247671471538e+20
98 -7 1.3950222757082743e+21
100 -7 2.4949962127663149e+21
102 -7 4.2075881990453120e+21
104 -7 6.6792486152100863e+21
106 -7 9.9848690937565219e+21
108 -7 1.4022634894160321e+22
110 -7 1.8481744394740182e+22
112 -7 2.2814114652740286e+22
114 -7 2.6330465194447833e+22
116 -7 2.8276747901876077e+22
118 -7 2.8237334581729332e+22
120 -7 2.5978180563509495e+22
122 -7 2.1893774496985235e+22
124 -7 1.6795824998441086e+22
126 -7 1.1538790160987765e+22
128 -7 7.0186896417642261e+21
130 -7 3.6727511294374849e+21
132 -7 1.5820436790868902e+21
134 -7 5.2012294889491838e+20
136 -7 1.1145460134482959e+20
54 -6 4.8344236851618625e+05
56 -6 5.0590317223780936e+08
58 -6 3.5671287502306358e+10
60 -6 8.3312163217728296e+11
62 -6 1.0576995833998057e+13
64 -6 9.2530265202444578e+13
66 -6 6.2740383195416262e+14
68 -6 3.5211195863402130e+15
70 -6 1.7184236096370614e+16
72 -6 7.4840047636016576e+16
74 -6 2.9655905611422419e+17
76 -6 1.0805938317608908e+18
78 -6 3.6399721214666035e+18
80 -6 1.1426006408634378e+19
82 -6 3.3533955132634833e+19
84 -6 9.2432320085675966e+19
86 -6 2.3916545523995053e+20
88 -6 5.8240810436008083e+20
90 -6 1.3393546692576220e+21
92 -6 2.9007398364459271e+21
94 -6 5.9222543177103473e+21
96 -6 1.1412600666188279e+22
98 -6 2.0804627297783169e+22
100 -6 3.5714028496211841e+22
102 -6 5.7821629370823617e+22
104 -6 8.8444038150723440e+22
106 -6 1.2702796287727744e+23
108 -6 1.7151020667564684e+23
110 -6 2.1781165333894926e+23
112 -6 2.5905444365430789e+23
114 -6 2.8786431403337494e+23
116 -6 2.9743122765233032e+23
118 -6 2.8494600466164840e+23
120 -6 2.5209322685924931e+23
122 -6 2.0376126336970147e+23
124 -6 1.4995323958548038e+23
126 -6 9.8733584226922107e+22
128 -6 5.7253034452002210e+22
130 -6 2.8528520234683721e+22
132 -6 1.1649622280796832e+22
134 -6 3.6049605074813505e+21
136 -6 7.0912898389291486e+20
50 -5 3.1033935508192368e+06
52 -5 1.3089306772606375e+09
54 -5 6.8001484959876770e+10
56 -5 1.3685352559918076e+12
58 -5 1.6358205249483992e+13
60 -5 1.3958229464072127e+14
62 -5 9.4671622557978250e+14
64 -5 5.4206583461004130e+15
66 -5 2.7408837248912336e+16
68 -5 1.2491345639361074e+17
70 -5 5.2216476562676422e+17
72 -5 2.0129792170946345e+18
74 -5 7.2217495425429176e+18
76 -5 2.4222993208671711e+19
78 -5 7.6246518242372076e+19
80 -5 2.2526932510805764e+20
82 -5 6.2674703689305371e+20
84 -5 1.6435805177744025e+21
86 -5 4.0614801473898550e+21
88 -5 9.4809409734528152e+21
90 -5 2.0941124695926554e+22
92 -5 4.3677959162128759e+22
94 -5 8.6041122758210485e+22
96 -5 1.5992543271828267e+23
98 -5 2.8115089033058718e+23
100 -5 4.6677489055852289e+23
102 -5 7.3157590169787308e+23
104 -5 1.0798817511261227e+24
106 -5 1.5007590404381713e+24
108 -5 1.9596902297717797e+24
110 -5 2.4039423635226245e+24
112 -5 2.7577037481655772e+24
114 -5 2.9566069279894546e+24
116 -5 2.9503174160035221e+24
118 -5 2.7265435642103662e+24
120 -5 2.3196308383984130e+24
122 -5 1.8044809851194955e+24
124 -5 1.2725846362283174e+24
126 -5 8.0355244883422246e+23
128 -5 4.4547414278429516e+23
130 -5 2.1129799103403085e+23
132 -5 8.1998236324651990e+22
134 -5 2.3904110595193468e+22
136 -5 4.3278836037874530e+21
46 -4 1.0212472918348921e+07
48 -4 2.2867607090077634e+09
50 -4 9.2091546818670135e+10
52 -4 1.6582661960598728e+12
54 -4 1.8690281961990074e+13
56 -4 1.5725026035704688e+14
58 -4 1.0738292302658209e+15
60 -4 6.3288913765385250e+15
62 -4 3.3332015416355944e+16
64 -4 1.5992995597518701e+17
66 -4 7.1045738713776358e+17
68 -4 2.9173890771345372e+18
70 -4 1.1213719864953012e+19
72 -4 4.0336399089916977e+19
74 -4 1.3660150992162105e+20
76 -4 4.3525734365563532e+20
78 -4 1.3091258165997491e+21
80 -4 3.7069366098740568e+21
82 -4 9.9398142586590373e+21
84 -4 2.5155482430224212e+22
86 -4 6.0271809247033506e+22
88 -4 1.3628210380439431e+23
90 -4 2.9207326868198548e+23
92 -4 5.9099240671089737e+23
94 -4 1.1300607857106217e+24
96 -4 2.0442773197788036e+24
98 -4 3.4902516529948431e+24
100 -4 5.6252375944805716e+24
102 -4 8.5546519661596429e+24
104 -4 1.2257423776768928e+25
106 -4 1.6538909190954844e+25
108 -4 2.0936440573070119e+25
110 -4 2.4915273195374737e+25
112 -4 2.7673459100224778e+25
114 -4 2.8706241764589128e+25
116 -4 2.7678377561664431e+25
118 -4 2.4701060232235518e+25
120 -4 2.0263516096823747e+25
122 -4 1.5201794627195382e+25
124 -4 1.0303747873179834e+25
126 -4 6.2452333193460530e+24
128 -4 3.3125436714330528e+24
130 -4 1.4997613930925990e+24
132 -4 5.5317211666962814e+23
134 -4 1.5212451326362823e+23
136 -4 2.5471772802865951e+22
42 -3 1.9236396483280476e+07
44 -3 2.6352667992559438e+09
46 -3 8.6547253496694443e+10
48 -3 1.4111557168802722e+12
50 -3 1.5252841768109254e+13
52 -3 1.2685810219864578e+14
54 -3 8.7951969957734962e+14
56 -3 5.3735230995024590e+15
58 -3 2.9755004062294328e+16
60 -3 1.5118174055267552e+17
62 -3 7.1437946966020390e+17
64 -3 3.1616466980041595e+18
66 -3 1.3063994799652665e+19
68 -3 5.0936235022446100e+19
70 -3 1.8653389686894726e+20
72 -3 6.4420374905840887e+20
74 -3 2.1057152495587476e+21
76 -3 6.5029607534685596e+21
78 -3 1.8969138299937673e+22
80 -3 5.2431692309439258e+22
82 -3 1.3698470902485942e+23
84 -3 3.3879555687808127e+23
86 -3 7.9235217990991004e+23
88 -3 1.7531834342599724e+24
90 -3 3.6660555480018850e+24
92 -3 7.2525843575702924e+24
94 -3 1.3547119535074331e+25
96 -3 2.3926643134068872e+25
98 -3 3.9882541122087489e+25
100 -3 6.2806494166437452e+25
102 -3 9.3079221350641067e+25
104 -3 1.2996076210240973e+26
106 -3 1.7080799417896408e+26
108 -3 2.1041394605415563e+26
110 -3 2.4266167246176141e+26
112 -3 2.6197398791717459e+26
114 -3 2.6351758096624737e+26
116 -3 2.4598535189896822e+26
118 -3 2.1251212353573247e+26
120 -3 1.6846144453286191e+26
122 -3 1.2187096424033361e+26
124 -3 7.9568495027801825e+25
126 -3 4.6359958544876102e+25
128 -3 2.3583256940018413e+25
130 -3 1.0202097250127192e+25
132 -3 3.5762405388779992e+24
134 -3 9.3047790616480197e+23
136 -3 1.4445080248363882e+23
38 -2 2.1055066178747371e+07
40 -2 1.9400879215415840e+09
42 -2 5.3984938023303360e+10
44 -2 8.0995932952097583e+11
46 -2 8.4064767857917744e+12
48 -2 6.9646432239695023e+13
50 -2 4.9419722579321375e+14
52 -2 3.1493217788528955e+15
54 -2 1.8457088521391284e+16
56 -2 1.0025877986337000e+17
58 -2 5.1066083214357120e+17
60 -2 2.4389368919437752e+18
62 -2 1.0955199590260015e+19
64 -2 4.6451241548712501e+19
66 -2 1.8584072562124908e+20
68 -2 7.0244050689418684e+20
70 -2 2.5152520457723634e+21
72 -2 8.5231460756823967e+21
74 -2 2.7298527787707041e+22
76 -2 8.2826190203793359e+22
78 -2 2.3791728006682680e+23
80 -2 6.4706948299142055e+23
82 -2 1.6641086914607208e+24
84 -2 4.0461534516027231e+24
86 -2 9.3301464184149963e+24
88 -2 2.0289783722496560e+25
90 -2 4.1776826901117452e+25
92 -2 8.1229726604172909e+25
94 -2 1.4910814588743749e+26
96 -2 2.5811709542396980e+26
98 -2 4.2231492407586894e+26
100 -2 6.5063225465464128e+26
102 -2 9.4381485272377343e+26
104 -2 1.2881025565727124e+27
106 -2 1.6512868970942108e+27
108 -2 1.9830914908265057e+27
110 -2 2.2333126754532216e+27
112 -2 2.3468819722982406e+27
114 -2 2.2928581616507477e+27
116 -2 2.0781555850582651e+27
118 -2 1.7385470748035149e+27
120 -2 1.3331877619278092e+27
122 -2 9.3139157404461546e+26
124 -2 5.8715135466055420e+26
126 -2 3.2889467257921855e+26
128 -2 1.6055595661071657e+26
130 -2 6.6422145786732205e+25
132 -2 2.2199606631568816e+25
134 -2 5.4713256437962757e+24
136 -2 7.9012834394944504e+23
32 -1 9.4245054398269695e+03
34 -1 1.3027596419098519e+07
36 -1 8.6968186074819362e+08
38 -1 2.0775036045748802e+10
40 -1 2.8902007581488776e+11
42 -1 2.9199257992389990e+12
44 -1 2.4193083358484164e+13
46 -1 1.7765162130044944e+14
48 -1 1.1941012632956452e+15
50 -1 7.5272051398359220e+15
52 -1 4.4174132711500624e+16
54 -1 2.4387081356301754e+17
56 -1 1.2719365700958874e+18
58 -1 6.2527638231782769e+18
60 -1 2.9084481459535008e+19
62 -1 1.2806500363835480e+20
64 -1 5.3477495024220111e+20
66 -1 2.1162442847783569e+21
68 -1 7.9310387971329171e+21
70 -1 2.8156828678271713e+22
72 -1 9.4619147448631505e+22
74 -1 3.0140878149000008e+23
76 -1 9.0963516400777976e+23
78 -1 2.5976216861176208e+24
80 -1 7.0216930664766715e+24
82 -1 1.7908304011002905e+25
84 -1 4.3257967579586433e+25
86 -1 9.8642276494493378e+25
88 -1 2.1284848552608605e+26
90 -1 4.3291381972053815e+26
92 -1 8.3114171808530275e+26
94 -1 1.5068384549176444e+27
96 -1 2.5735393873769340e+27
98 -1 4.1403326250099191e+27
100 -1 6.2709736546368821e+27
102 -1 8.9269030809825054e+27
104 -1 1.1950052015133365e+28
106 -1 1.4991285403481264e+28
108 -1 1.7620368846222748e+28
110 -1 1.9343006235050032e+28
112 -1 1.9820145840506312e+28
114 -1 1.8868297345688597e+28
116 -1 1.6625066906386926e+28
118 -1 1.3513883081101362e+28
120 -1 1.0043347182036406e+28
122 -1 6.7843233352316518e+27
124 -1 4.1310819667330685e+27
126 -1 2.2290310512306899e+27
128 -1 1.0466216055394594e+27
130 -1 4.1479799818024961e+26
132 -1 1.3214544679492213e+26
134 -1 3.0850925018017938e+25
136 -1 4.1648108936484309e+24
28 0 9.3536801549856827e+03
30 0 4.0549552288253424e+06
32 0 2.0923008360960960e+08
34 0 4.4005071420524654e+09
36 0 5.7157255503728645e+10
38 0 5.6302196636570264e+11
40 0 4.7304046736735059e+12
42 0 3.6604956867774844e+13
44 0 2.6770338924188534e+14
46 0 1.8398416607209485e+15
48 0 1.1887350651472212e+16
50 0 7.2306422535545328e+16
52 0 4.1545825690163328e+17
54 0 2.2618650318514949e+18
56 0 1.1696740621746727e+19
58 0 5.7321785215181775e+19
60 0 2.6675598598422194e+20
62 0 1.1767495369113964e+21
64 0 4.9256394437631609e+21
66 0 1.9593486328272427e+22
68 0 7.3757754632248656e+22
70 0 2.6332439430103646e+23
72 0 8.9128962758753218e+23
74 0 2.8536619568013965e+24
76 0 8.6454759374862337e+24
78 0 2.4758858957715150e+25
80 0 6.7078640831276689e+25
82 0 1.7123005107314074e+26
84 0 4.1297799500358292e+26
86 0 9.4035806508611019e+26
88 0 2.0167778774666227e+27
90 0 4.0869285185025801e+27
92 0 7.7899821909638348e+27
94 0 1.3986582835383666e+28
96 0 2.3643654487051134e+28
98 0 3.7556393262708216e+28
100 0 5.6080450699175049e+28
102 0 7.8658978558536924e+28
104 0 1.0358855327964321e+29
106 0 1.2767875738422088e+29
108 0 1.4704065041916411e+29
110 0 1.5815846511177248e+29
112 0 1.5826595734072494e+29
114 0 1.4691046595496588e+29
116 0 1.2609205490298999e+29
118 0 9.9632247405400901e+28
120 0 7.1956080061756465e+28
122 0 4.7140279259391383e+28
124 0 2.7723641222549486e+28
126 0 1.4426471507084753e+28
128 0 6.5196790834211633e+27
130 0 2.4799451734570709e+27
132 0 7.5409681875832202e+26
134 0 1.6693609858814109e+26
136 0 2.1136651508994929e+25
24 1 2.1967660002722487e+03
26 1 5.0725949490056018e+05
28 1 2.0655547361565113e+07
30 1 3.8174014697191119e+08
32 1 4.6551173494656210e+09
34 1 4.5213180172674202e+10
36 1 4.0646476994138721e+11
38 1 3.5816903207608901e+12
40 1 3.0261209975961582e+13
42 1 2.3804786130093262e+14
44 1 1.7299770374961710e+15
46 1 1.1863357452715024e+16
48 1 7.6731719059295872e+16
50 1 4.7038092288154400e+17
52 1 2.7444232300422682e+18
54 1 1.5160262164105634e+19
56 1 7.9703038133028700e+19
58 1 3.9743355727249847e+20
60 1 1.8854685504137527e+21
62 1 8.4989173630403619e+21
64 1 3.6349233525599626e+22
66 1 1.4743647035216382e+23
68 1 5.6540830951865733e+23
70 1 2.0589362248672555e+24
72 1 7.0877134229833182e+24
74 1 2.3046581275205972e+25
76 1 7.0733107528578269e+25
78 1 2.0518036987648422e+26
80 1 5.6146249393043719e+26
82 1 1.4475588349887416e+27
84 1 3.5120932651899513e+27
86 1 8.0357883381680959e+27
88 1 1.7260837885623022e+28
90 1 3.4895882307040356e+28
92 1 6.6441894522880374e+28
94 1 1.1873377655352052e+29
96 1 1.9938758774759523e+29
98 1 3.1472395615171706e+29
100 1 4.6546510625956036e+29
102 1 6.4553485559788073e+29
104 1 8.3733785844599866e+29
106 1 1.0150834513274387e+30
108 1 1.1492885635563764e+30
110 1 1.2130009705609888e+30
112 1 1.1890304110034055e+30
114 1 1.0793358141621086e+30
116 1 9.0441545923424091e+29
118 1 6.9568214352967957e+29
120 1 4.8858360490764579e+29
122 1 3.1080852862341046e+29
124 1 1.7705933058014543e+29
126 1 8.9169822886698752e+28
128 1 3.8813200351557564e+28
130 1 1.4166786547965159e+28
132 1 4.1267201365484794e+27
134 1 8.6861250203701049e+26
136 1 1.0312635499758394e+26
28 2 1.1272694709157220e+06
30 2 1.6492316959064773e+08
32 2 5.7252328907466259e+09
34 2 1.0089884006324294e+11
36 2 1.2266061539499050e+12
38 2 1.2012463147060559e+13
40 2 1.0514852271340214e+14
42 2 8.5892843926495275e+14
44 2 6.5973958775683870e+15
46 2 4.7602994704461608e+16
48 2 3.2363520969075763e+17
50 2 2.0773442080808015e+18
52 2 1.2627270397170383e+19
54 2 7.2782233225898148e+19
56 2 3.9871466355208605e+20
58 2 2.0728419037152372e+21
60 2 1.0207210785039731e+22
62 2 4.7813658223208122e+22
64 2 2.1176644445217229e+23
66 2 8.8840999510099734e+23
68 2 3.5326731912612783e+24
70 2 1.3255687009517499e+25
72 2 4.7015024460098594e+25
74 2 1.5704353315405984e+26
76 2 4.9523346457265774e+26
78 2 1.4667747785245344e+27
80 2 4.0903335875983588e+27
82 2 1.0721601108393409e+28
84 2 2.6389348497505183e+28
86 2 6.1003522058405852e+28
88 2 1.3243375668225174e+29
90 2 2.6959545348795248e+29
92 2 5.1463807915280803e+29
94 2 9.2054253118508284e+29
96 2 1.5433802785894224e+30
98 2 2.4251004978079029e+30
100 2 3.5624204852082012e+30
102 2 4.8956844368919842e+30
104 2 6.2816810865786490e+30
106 2 7.5307452489942623e+30
108 2 8.4013253646580824e+30
110 2 8.7149789552567110e+30
112 2 8.3832401268900951e+30
114 2 7.4626634120674149e+30
116 2 6.1125145682664063e+30
118 2 4.5926458815617504e+30
120 2 3.1443899044663264e+30
122 2 1.9465737410402519e+30
124 2 1.0754752122366481e+30
126 2 5.2420672373589974e+29
128 2 2.2009567576039707e+29
130 2 7.7417365839430248e+28
132 2 2.1590937654573469e+28
134 2 4.3292334295258689e+27
136 2 4.8472180893353181e+26
32 3 2.4861607168554538e+08
34 3 2.5248888140026691e+10
36 3 7.6792147777587549e+11
38 3 1.3016277329768873e+13
40 3 1.5875530863023547e+14
42 3 1.5829624357750625e+15
44 3 1.3934550950810068e+16
46 3 1.1247856077985878e+17
48 3 8.4266726476214400e+17
50 3 5.9085850952784876e+18
52 3 3.8893618650169098e+19
54 3 2.4203365626579953e+20
56 3 1.4131104278698792e+21
58 3 7.8263320969069514e+21
60 3 4.1049765670992810e+22
62 3 2.0328150274666364e+23
64 3 9.5083123825402027e+23
66 3 4.2024017965673513e+24
68 3 1.7559201944405562e+25
70 3 6.9059256026061947e+25
72 3 2.5530963152154663e+26
74 3 8.8820475327092762e+26
76 3 2.9021190870513573e+27
78 3 8.8963694148875793e+27
80 3 2.5575565216095661e+28
82 3 6.8857684682884519e+28
84 3 1.7344058122229620e+29
86 3 4.0906829884498455e+29
88 3 9.0150163449879076e+29
90 3 1.8595698079309764e+30
92 3 3.5812777998577086e+30
94 3 6.4532150940317874e+30
96 3 1.0863815375490209e+31
98 3 1.7076591039775295e+31
100 3 2.5024838872558824e+31
102 3 3.4221254410576180e+31
104 3 4.3614906183783697e+31
106 3 5.1827200327854691e+31
108 3 5.7150355704820720e+31
110 3 5.8488571266487874e+31
112 3 5.5404118927884676e+31
114 3 4.8431056249120905e+31
116 3 3.8924111637232387e+31
118 3 2.8617228750955459e+31
120 3 1.9119510102973516e+31
122 3 1.1514737219726391e+31
124 3 6.1937815426649387e+30
126 3 2.9231432780294256e+30
128 3 1.1879109397529083e+30
130 3 4.0252547099454309e+29
132 3 1.0776643862108559e+29
134 3 2.0651052405624343e+28
136 3 2.1834746900609235e+27
36 4 3.3310726576483509e+10
38 4 2.4353171296654424e+12
40 4 6.6894313690885219e+13
42 4 1.0986705542943589e+15
44 4 1.3416147053237840e+16
46 4 1.3627426741076291e+17
48 4 1.2146573509535329e+18
50 4 9.8799088571811840e+18
52 4 7.3905796142134018e+19
54 4 5.1548581795228261e+20
56 4 3.3453161015422201e+21
58 4 2.0406255641201396e+22
60 4 1.1664274208449453e+23
62 4 6.2649509887122281e+23
64 4 3.1653706929446009e+24
66 4 1.5047669445265980e+25
68 4 6.7097879500765698e+25
70 4 2.8098110726156094e+26
72 4 1.1035684598922257e+27
74 4 4.0489921641610786e+27
76 4 1.3953687372279189e+28
78 4 4.4815705417967390e+28
80 4 1.3438714794449204e+29
82 4 3.7610345166588980e+29
84 4 9.8035195685931121e+29
86 4 2.3783334192329709e+30
88 4 5.3769547652845079e+30
90 4 1.1325026834070463e+31
92 4 2.2201354802417634e+31
94 4 4.0511357941278220e+31
96 4 6.8816126642738845e+31
98 4 1.0895220392732331e+32
100 4 1.6033723846616037e+32
102 4 2.1931850245649249e+32
104 4 2.7865917698146454e+32
106 4 3.2923186925460294e+32
108 4 3.6024519291331328e+32
110 4 3.6479853602742215e+32
112 4 3.4112466337666808e+32
114 4 2.9375862628473844e+32
116 4 2.3215521757900157e+32
118 4 1.6729080689131630e+32
120 4 1.0940025691634925e+32
122 4 6.4406194962975706e+31
124 4 3.3674987967846279e+31
126 4 1.5470445436776555e+31
128 4 6.0891964707515415e+30
130 4 1.9929844940769226e+30
132 4 5.1339892520015229e+29
134 4 9.4086581363908407e+28
136 4 9.4373763542834906e+27
38 5 6.0854032646850605e+09
40 5 2.8832945561088862e+12
42 5 1.6994772983059212e+14
44 5 4.2477656322891250e+15
46 5 6.8104832680706480e+16
48 5 8.3275792324576973e+17
50 5 8.5805070440214395e+18
52 5 7.7841358082632614e+19
54 5 6.4056507332772718e+20
56 5 4.8342141325560932e+21
58 5 3.3660852919980354e+22
60 5 2.1812532288599700e+23
62 5 1.3130518997678411e+24
64 5 7.3748816238945066e+24
66 5 3.8602037330227676e+25
68 5 1.8859063526298445e+26
70 5 8.6025857709530979e+26
72 5 3.6528627184942749e+27
74 5 1.4458966997900776e+28
76 5 5.3181925413720246e+28
78 5 1.8207223545720334e+29
80 5 5.7846920608670554e+29
82 5 1.7069766007264967e+30
84 5 4.6608606670282622e+30
86 5 1.1799853004943138e+31
88 5 2.7656546751006944e+31
90 5 6.0064980174770700e+31
92 5 1.2096883237410580e+32
94 5 2.2541519267903338e+32
96 5 3.8946290820753917e+32
98 5 6.2348625385350370e+32
100 5 9.2707673501293707e+32
102 5 1.2754444697241262e+33
104 5 1.6259068040006899e+33
106 5 1.9190541272679035e+33
108 5 2.0910899689767036e+33
110 5 2.1027628581417063e+33
112 5 1.9493854020834275e+33
114 5 1.6589493427051539e+33
116 5 1.2924622840909586e+33
118 5 9.1531402702456512e+32
120 5 5.8763601696644012e+32
122 5 3.3827514072279636e+32
124 5 1.7305195511687803e+32
126 5 7.7340472971193225e+31
128 5 2.9584513405604853e+31
130 5 9.3645029870969497e+30
132 5 2.3240914194485038e+30
134 5 4.0834947359816611e+29
136 5 3.8965038491477576e+28
42 6 7.0807530700364062e+11
44 6 1.8977652566913662e+14
46 6 9.0366776954164680e+15
48 6 2.1122276717791018e+17
50 6 3.3051586520117760e+18
52 6 4.0659234493489029e+19
54 6 4.2444624749237404e+20
56 6 3.9113384223166929e+21
58 6 3.2535779398775235e+22
60 6 2.4780129531698451e+23
62 6 1.7358437357825974e+24
64 6 1.1191308837879153e+25
66 6 6.6775192969664123e+25
68 6 3.6785375971564533e+26
70 6 1.8738056651460251e+27
72 6 8.8520395049561028e+27
74 6 3.8543689705274267e+28
76 6 1.5516408089922667e+29
78 6 5.7634330879734763e+29
80 6 1.9740333296489418e+30
82 6 6.2418535004706435e+30
84 6 1.8158386695756350e+31
86 6 4.8623385856607791e+31
88 6 1.1984679037892564e+32
90 6 2.7189360978445049e+32
92 6 5.6837350804305105e+32
94 6 1.0940494529321506e+33
96 6 1.9399506779635938e+33
98 6 3.1755177705741186e+33
100 6 4.7961183685805333e+33
102 6 6.6752517800856017e+33
104 6 8.5828936193317385e+33
106 6 1.0168806209252897e+34
108 6 1.1090424003445510e+34
110 6 1.1139936561862384e+34
112 6 1.0259725605338107e+34
114 6 8.6645057734910501e+33
116 6 6.6802710592209585e+33
118 6 4.6715309836070325e+33
120 6 2.9511264510689819e+33
122 6 1.6671248331139694e+33
124 6 8.3424125543241220e+32
126 6 3.6436648463230789e+32
128 6 1.3565916630126668e+32
130 6 4.1683776870585990e+31
132 6 9.9997975056994257e+30
134 6 1.6868155806415100e+30
136 6 1.5363342671171855e+29
46 7 6.2490870369475633e+13
48 7 9.4878535415244100e+15
50 7 3.8958554057594541e+17
52 7 8.5017743665439764e+18
54 7 1.3149839601679466e+20
56 7 1.6236361385144473e+21
58 7 1.7144747187557020e+22
60 7 1.6004690326642440e+23
62 7 1.3517859275957753e+24
64 7 1.0369963084078845e+25
66 7 7.2748270748510587e+25
68 7 4.6748365109248091e+26
70 7 2.7459900380449872e+27
72 7 1.4783574402978414e+28
74 7 7.2962492952639007e+28
76 7 3.2959752757663873e+29
78 7 1.3635879524848497e+30
80 7 5.1454684977147274e+30
82 7 1.7803675932042836e+31
84 7 5.6231260974695522e+31
86 7 1.6211327847088237e+32
88 7 4.2741849802346860e+32
90 7 1.0284342074432864e+33
92 7 2.2618151344221723e+33
94 7 4.5506928519160600e+33
96 7 8.3744007235257089e+33
98 7 1.4140990776594726e+34
100 7 2.1897724252380628e+34
102 7 3.1114559265043345e+34
104 7 4.0589251784199251e+34
106 7 4.8607757864218287e+34
108 7 5.3416208670866511e+34
110 7 5.3795745349484429e+34
112 7 4.9517310743490455e+34
114 7 4.1672625592237345e+34
116 7 3.1874678826614306e+34
118 7 2.2096123242842327e+34
120 7 1.3779399353890414e+34
122 7 7.6662962484515207e+33
124 7 3.7692905408623425e+33
126 7 1.6100087304705046e+33
128 7 5.8515967279873699e+32
130 7 1.7487014515168551e+32
132 7 4.0697820163437866e+31
134 7 6.6232099270183659e+30
136 7 5.7708673581587322e+29
50 8 3.5453232272147375e+15
52 8 3.8987396529359642e+17
54 8 1.3815153871163089e+19
56 8 2.8878573016697248e+20
58 8 4.3949431964608899e+21
60 8 5.4527520855090470e+22
62 8 5.8218750191722694e+23
64 8 5.5187357048870607e+24
66 8 4.7051895839764083e+25
68 8 3.6297732316031165e+26
70 8 2.5429574978056808e+27
72 8 1.6131224877020911e+28
74 8 9.2974833513440837e+28
76 8 4.8492082791792282e+29
78 8 2.2943854902455416e+30
80 8 9.8329012540825063e+30
82 8 3.8079389739317805e+31
84 8 1.3365982049005911e+32
86 8 4.2382242273002812e+32
88 8 1.2178526455023730e+33
90 8 3.1652889419351665e+33
92 8 7.4493267334886494e+33
94 8 1.5895975622665754e+34
96 8 3.0786667167380842e+34
98 8 5.4282917512983301e+34
100 8 8.7124001024314247e+34
102 8 1.2753586186187653e+35
104 8 1.7035233841842739e+35
106 8 2.0761900614425655e+35
108 8 2.3123725345077874e+35
110 8 2.3506995028614768e+35
112 8 2.1770578242948080e+35
114 8 1.8325167214371522e+35
116 8 1.3986361832250029e+35
118 8 9.6371173287934797e+34
120 8 5.9606074940626817e+34
122 8 3.2776123378817227e+34
124 8 1.5869106034247436e+34
126 8 6.6622824978849918e+33
128 8 2.3684282320668667e+33
130 8 6.9105668894970518e+32
132 8 1.5622868159093901e+32
134 8 2.4623428039270390e+31
136 8 2.0593949083149164e+30
54 9 1.6619628869040934e+17
56 9 1.3132202905358082e+19
58 9 4.1854612138238489e+20
60 9 8.3841457858191137e+21
62 9 1.2673777354348385e+23
64 9 1.5790618147130141e+24
66 9 1.7066206875324627e+25
68 9 1.6340375655742822e+26
70 9 1.4033744323028192e+27
72 9 1.0825252448062226e+28
74 9 7.5094467004651672e+28
76 9 4.6794974623104958e+29
78 9 2.6093871761738997e+30
80 9 1.3039071767706633e+31
82 9 5.8409386418400678e+31
84 9 2.3375417345088957e+32
86 9 8.3739810459422234e+32
88 9 2.6840938452868623e+33
90 9 7.7010809362643562e+33
92 9 1.9787767510426516e+34
94 9 4.5598929873949660e+34
96 9 9.4467459714876156e+34
98 9 1.7634184964598478e+35
100 9 2.9719261669968813e+35
102 9 4.5298528031769576e+35
104 9 6.2606815058495420e+35
106 9 7.8458028603440598e+35
108 9 8.9205689962658162e+35
110 9 9.2228431270966802e+35
112 9 8.6315255312739359e+35
114 9 7.3181704077894526e+35
116 9 5.5995981730530655e+35
118 9 3.8520397560193547e+35
120 9 2.3723379352335046e+35
122 9 1.2954322815835502e+35
124 9 6.2018145888386308e+34
126 9 2.5644901900578024e+34
128 9 8.9663497639601355e+33
130 9 2.5595612793529697e+33
132 9 5.6426794529478254e+32
134 9 8.6257298121620063e+31
136 9 6.9614250186066114e+30
56 10 1.1355159872298110e+16
58 10 6.0947573451679252e+18
60 10 3.7601102277771244e+20
62 10 1.0969760058218063e+22
64 10 2.1343946782406813e+23
66 10 3.1896548166504283e+24
68 10 4.0120871100440490e+25
70 10 4.3775442694025932e+26
72 10 4.2230457936568051e+27
74 10 3.6361555450273858e+28
76 10 2.7846988031981154e+29
78 10 1.8927675278843999e+30
80 10 1.1419214426582630e+31
82 10 6.0949665674468158e+31
84 10 2.8735697611138494e+32
86 10 1.1962773993040046e+33
88 10 4.3996768579165221e+33
90 10 1.4290737277129437e+34
92 10 4.1053144704989653e+34
94 10 1.0451012225260579e+35
96 10 2.3616720470145129e+35
98 10 4.7516055667769786e+35
100 10 8.5407357747754474e+35
102 10 1.3741455959749728e+36
104 10 1.9880257376211490e+36
106 10 2.5865831962186989e+36
108 10 3.0340848941904649e+36
110 10 3.2092018824700072e+36
112 10 3.0628421603949553e+36
114 10 2.6322508505086984e+36
116 10 2.0317194815508703e+36
118 10 1.4043921217108112e+36
120 10 8.6462425094582951e+35
122 10 4.7045279332328314e+35
124 10 2.2375799552915607e+35
126 10 9.1576453568015418e+34
128 10 3.1567677355048817e+34
130 10 8.8508443465222135e+33
132 10 1.9099092123663157e+33
134 10 2.8429485521614066e+32
136 10 2.2225882633821211e+31
60 11 8.3708739734845056e+17
62 11 1.8129160226617223e+20
64 11 9.3146367239345888e+21
66 11 2.5534531938648561e+23
68 11 4.7917480931030783e+24
70 11 7.1872749757872763e+25
72 11 9.0610026493438005e+26
74 11 9.9577052592132721e+27
76 11 9.6506005294796808e+28
78 11 8.2550875993605035e+29
80 11 6.2093087231183336e+30
82 11 4.0864001964436590e+31
84 11 2.3504322578945352e+32
86 11 1.1763472827361761e+33
88 11 5.1263564087938267e+33
90 11 1.9459174736683925e+34
92 11 6.4346670011436526e+34
94 11 1.8543166646422943e+35
96 11 4.6841958719127529e+35
98 11 1.0364454374030978e+36
100 11 2.0232357041921502e+36
102 11 3.4948335027464547e+36
104 11 5.3643473421591175e+36
106 11 7.3391537500195287e+36
108 11 8.9741912638842833e+36
110 11 9.8232127748785593e+36
112 11 9.6315238080065394e+36
114 11 8.4517893394714540e+36
116 11 6.6272068369004093e+36
118 11 4.6298563021431349e+36
120 11 2.8677354082690161e+36
122 11 1.5626439307346735e+36
124 11 7.4161389910377575e+35
126 11 3.0172500725203898e+35
128 11 1.0299844933711263e+35
130 11 2.8478944761897291e+34
132 11 6.0394349599966998e+33
134 11 8.7911602722614795e+32
136 11 6.6801710699094179e+31
64 12 3.2717091113175306e+19
66 12 4.5553825456813381e+21
68 12 2.0772727316257501e+23
70 12 5.2235660793469592e+24
72 12 9.7352468538563172e+25
74 12 1.4516034948037052e+27
76 12 1.8448077116591476e+28
78 12 2.0332396689580978e+29
80 12 1.9673514563358453e+30
82 12 1.6537652879407384e+31
84 12 1.2017302686462934e+32
86 12 7.5155605667307593e+32
88 12 4.0307412204090646e+33
90 12 1.8518995014758489e+34
92 12 7.2875544838081564e+34
94 12 2.4593691559969394e+35
96 12 7.1315593415723867e+35
98 12 1.7830484413085182e+36
100 12 3.8650328958977110e+36
102 12 7.3040651235204523e+36
104 12 1.2098767968587086e+37
106 12 1.7665008525709159e+37
108 12 2.2807391878768617e+37
110 12 2.6118088646931125e+37
112 12 2.6551646809340411e+37
114 12 2.4004171560759243e+37
116 12 1.9270728163511811e+37
118 12 1.3700315195937238e+37
120 12 8.5907033422777688e+36
122 12 4.7196568925575739e+36
124 12 2.2459218871257422e+36
126 12 9.1316529402186259e+35
128 12 3.0996669293463861e+35
130 12 8.4935719529996654e+34
132 12 1.7753235620236601e+34
134 12 2.5349125300871365e+33
136 12 1.8796075871103291e+32
68 13 9.4347299041634327e+20
70 13 1.0533030788849645e+23
72 13 3.9896560133430186e+24
74 13 9.8127912764362628e+25
76 13 1.7879312740585032e+27
78 13 2.6773118765942484e+28
80 13 3.4082189224560859e+29
82 13 3.7709049053265849e+30
84 13 3.5783290560219608e+31
86 13 2.9099080125407927e+32
88 13 2.0016527372481311e+33
90 13 1.1612868714735120e+34
92 13 5.6672973525879212e+34
94 13 2.3228289385457824e+35
96 13 8.0165880780873217e+35
98 13 2.3360059795664553e+36
100 13 5.7864223620093220e+36
102 13 1.2252847211665731e+37
104 13 2.2368052794975070e+37
106 13 3.5455547682317895e+37
108 13 4.9058717301611324e+37
110 13 5.9535143223655503e+37
112 13 6.3548031247167752e+37
114 13 5.9730560509372510e+37
116 13 4.9512345283776493e+37
118 13 3.6108449276527503e+37
120 13 2.3089516843354090e+37
122 13 1.2856242689810153e+37
124 13 6.1737942044448397e+36
126 13 2.5194209706180442e+36
128 13 8.5490316467104979e+35
130 13 2.3327175594893544e+35
132 13 4.8284736754624604e+34
134 13 6.8055048657169550e+33
136 13 4.9455241985974447e+32
72 14 2.7723865154732786e+22
74 14 1.9873397248684644e+24
76 14 7.1301360482440809e+25
78 14 1.6695923378562317e+27
80 14 3.0284302115626307e+28
82 14 4.5300523202234168e+29
84 14 5.8107334755734139e+30
86 14 6.3078418725790129e+31
88 14 5.8123267648780538e+32
90 14 4.4542576053073258e+33
92 14 2.8242102036892525e+34
94 14 1.4735790193252652e+35
96 14 6.3257793363474240e+35
98 14 2.2382238652549352e+36
100 14 6.5596764840363678e+36
102 14 1.6056282938011239e+37
104 14 3.3141282376337289e+37
106 14 5.8214023157778785e+37
108 14 8.7861825694004665e+37
110 14 1.1469721218777001e+38
112 14 1.3015584678688990e+38
114 14 1.2881389541751130e+38
116 14 1.1137002446497283e+38
118 14 8.4017691272042291e+37
120 14 5.5225690056231175e+37
122 14 3.1396567086326816e+37
124 14 1.5306202670688010e+37
126 14 6.3106646928395524e+36
128 14 2.1528964683129447e+36
130 14 5.8725582148740618e+35
132 14 1.2107793394928254e+35
134 14 1.6895761816956882e+34
136 14 1.2105988930570987e+33
74 15 2.3317678915851791e+21
76 15 5.5812572082961308e+23
78 15 3.5111271794557312e+25
80 15 1.1525483304760916e+27
82 15 2.6391394182192785e+28
84 15 4.7418583578201895e+29
86 15 7.1661255686235613e+30
88 15 9.0392837881378477e+31
90 15 9.5767392727935950e+32
92 15 8.2940615054888710e+33
94 15 5.8106575404037219e+34
96 15 3.2738538491098273e+35
98 15 1.4794127533113837e+36
100 15 5.3754335732261610e+36
102 15 1.5812881349309784e+37
104 15 3.8121311878588724e+37
106 15 7.6366650086724817e+37
108 15 1.2858231990339277e+38
110 15 1.8395683619257239e+38
112 15 2.2536995799772915e+38
114 15 2.3789561367635182e+38
116 15 2.1696141798851749e+38
118 15 1.7106085365399175e+38
120 15 1.1650448813535798e+38
122 15 6.8168114523800229e+37
124 15 3.4000624736788253e+37
126 15 1.4242794984790834e+37
128 15 4.9139048462358387e+36
130 15 1.3478888053254458e+36
132 15 2.7821146701039427e+35
134 15 3.8660792757579537e+34
136 15 2.7446705016755517e+33
78 16 6.1503869613255145e+22
80 16 1.0443119758653105e+25
82 16 5.6216528689205312e+26
84 16 1.7357142506259064e+28
86 16 3.8695232810309891e+29
88 16 7.0466096809106130e+30
90 16 1.0474384772813703e+32
92 16 1.2983893814115642e+33
94 16 1.2905036546095535e+34
96 16 1.0148255769890593e+35
98 16 6.2239892268739650e+35
100 16 2.9809053565989709e+36
102 16 1.1135076973719548e+37
104 16 3.2804856156489330e+37
106 16 7.7651533841721220e+37
108 16 1.5005996682528182e+38
110 16 2.4091083819782231e+38
112 16 3.2475662854483572e+38
114 16 3.7131965203582795e+38
116 16 3.6185114279372798e+38
118 16 3.0179570584512654e+38
120 16 2.1508924316499825e+38
122 16 1.3064015533238621e+38
124 16 6.7157247752574499e+37
126 16 2.8814015291285171e+37
128 16 1.0108291085791323e+37
130 16 2.8070795511236675e+36
132 16 5.8275711066931849e+35
134 16 8.1181558407988066e+34
136 16 5.7358280759020538e+33
82 17 1.3808746617755993e+24
84 17 1.7804154144800541e+26
86 17 8.3151726353747929e+27
88 17 2.4160958044656658e+29
90 17 5.4787954082627278e+30
92 17 9.7581243900600666e+31
94 17 1.4434788559074873e+33
96 17 1.6744103110497459e+34
98 17 1.5018359838864193e+35
100 17 1.0163994840215259e+36
102 17 5.1896459467793480e+36
104 17 1.9948163668263031e+37
106 17 5.8732318030262999e+37
108 17 1.3558774273115686e+38
110 17 2.5161214742817949e+38
112 17 3.8234753504482901e+38
114 17 4.8246229897410119e+38
116 17 5.1056177185558935e+38
118 17 4.5571035011708324e+38
120 17 3.4389444385577598e+38
122 17 2.1908717081682849e+38
124 17 1.1701000415264317e+38
126 17 5.1813413435689471e+37
128 17 1.8640871718371427e+37
130 17 5.2703623563550693e+36
132 17 1.1077830835797688e+36
134 17 1.5528810238869184e+35
136 17 1.0983210261633264e+34
86 18 3.0739420657452548e+25
88 18 2.7193524818187695e+27
90 18 1.1173260646493434e+29
92 18 3.3239918147015988e+30
94 18 7.2262840986812738e+31
96 18 1.3043620281918696e+33
98 18 1.8046020761713508e+34
100 18 1.8827070102809503e+35
102 18 1.4268725066566547e+36
104 18 7.8335707561637072e+36
106 18 3.0988194140131968e+37
108 18 9.0605850598310941e+37
110 18 2.0291700899038918e+38
112 18 3.5882573803479186e+38
114 18 5.1219302895581560e+38
116 18 5.9994590479660172e+38
118 18 5.8268141659924876e+38
120 18 4.7174134006475630e+38
122 18 3.1846249981409715e+38
124 18 1.7851865372064746e+38
126 18 8.2246055043525508e+37
128 18 3.0546665620967942e+37
130 18 8.8596998389868645e+36
132 18 1.8983846993715389e+36
134 18 2.6945083329861478e+35
136 18 1.9190526193127020e+34
88 19 1.7648919163709009e+24
90 19 5.3685594227277802e+26
92 19 3.6078595245423191e+28
94 19 1.5416536782279359e+30
96 19 4.2016444796141306e+31
98 19 9.5065497422131990e+32
100 19 1.6036975209086567e+34
102 19 1.9924713570386530e+35
104 19 1.7196495616547889e+36
106 19 1.0271169846034323e+37
108 19 4.1742072560938162e+37
110 19 1.2049674634803149e+38
112 19 2.5963487908154828e+38
114 19 4.3387209440610260e+38
116 19 5.7689818844797861e+38
118 19 6.2148501732805864e+38
120 19 5.4807980642654763e+38
122 19 3.9733540717574820e+38
124 19 2.3639731731874692e+38
126 19 1.1437285938231606e+38
128 19 4.4243290387624788e+37
130 19 1.3251507235123376e+37
132 19 2.9134805701661212e+36
134 19 4.2169625781560906e+35
136 19 3.0423519333430810e+34
92 20 4.6640154953131350e+25
94 20 7.2767686551980516e+27
96 20 5.2682443048561766e+29
98 20 1.8689320179425260e+31
100 20 5.5039860677631127e+32
102 20 1.1618898928265418e+34
104 20 1.7730755979541664e+35
106 20 1.7792672491856736e+36
108 20 1.1722993875546268e+37
110 20 4.8780626578931332e+37
112 20 1.3790840144564888e+38
114 20 2.8318174558975364e+38
116 20 4.4267328418536096e+38
118 20 5.4303084887605391e+38
120 20 5.3200106421692401e+38
122 20 4.2087463125860776e+38
124 20 2.6902069432044612e+38
126 20 1.3820246604756166e+38
128 20 5.6175278921540557e+37
130 20 1.7528482119357604e+37
132 20 3.9853584211431022e+36
134 20 5.9157107614552414e+35
136 20 4.3526479037364861e+34
96 21 6.8691428347200637e+26
98 21 1.2507464706576269e+29
100 21 6.1771330013426563e+30
102 21 2.4877258647869179e+32
104 21 6.7780393905411587e+33
106 21 1.3136592716490133e+35
108 21 1.5749900976252633e+36
110 21 1.1646329016557216e+37
112 21 4.9371327932425824e+37
114 21 1.3537021157306165e+38
116 21 2.6210811858473281e+38
118 21 3.7925630191303767e+38
120 21 4.2389219062692828e+38
122 21 3.7296661277126714e+38
124 21 2.6008203874431276e+38
126 21 1.4367109137115371e+38
128 21 6.2011144006771695e+37
130 21 2.0351573765409399e+37
132 21 4.8203096406366831e+36
134 21 7.3980932128348219e+35
136 21 5.5866549346640243e+34
100 22 1.8177946861866666e+28
102 22 1.4325884875521392e+30
104 22 8.5621608685237743e+31
106 22 3.1202426616113631e+33
108 22 8.0334199462619699e+34
110 22 1.1873258148910432e+36
112 22 1.0083824025724808e+37
114 22 4.3163263461060670e+37
116 22 1.1329516638444081e+38
118 22 2.0439881196407898e+38
120 22 2.7022241361800015e+38
122 22 2.7140451068304927e+38
124 22 2.1083431100554363e+38
126 22 1.2712187518251331e+38
128 22 5.8994615245554014e+37
130 22 2.0565639669649120e+37
132 22 5.1202072378227521e+36
134 22 8.1941626108178814e+35
136 22 6.3909426397308066e+34
102 23 1.2005318702344621e+27
104 23 2.0834799267974312e+29
106 23 2.1690857164682228e+31
108 23 1.1031965759461764e+33
110 23 3.9848837901494061e+34
112 23 7.5485222177701203e+35
114 23 7.5911962722160407e+36
116 23 3.2427957639249501e+37
118 23 8.0340609612765105e+37
120 23 1.3313411152463516e+38
122 23 1.5853862712836519e+38
124 23 1.4068003651946826e+38
126 23 9.4425983644345415e+37
128 23 4.7858128280019547e+37
130 23 1.7953729427484507e+37
132 23 4.7455749065328762e+36
134 23 7.9776404938207552e+35
136 23 6.4891597197067644e+34
106 24 1.4439671090131986e+28
108 24 3.8051165907961167e+30
110 24 2.8801066940680935e+32
112 24 1.5741239003218524e+34
114 24 4.0075756239026817e+35
116 24 4.9676032329975304e+36
118 24 2.0810250787173276e+37
120 24 4.7840887915212467e+37
122 24 7.1619892435889983e+37
124 24 7.5470484038633163e+37
126 24 5.7917351457980014e+37
128 24 3.2655258757062743e+37
130 24 1.3366192756153641e+37
132 24 3.7993288020025358e+36
134 24 6.7862242937330065e+35
136 24 5.7998446897833199e+34
110 25 4.1475645267367711e+29
112 25 5.2004703883411843e+31
114 25 4.7955966391774413e+33
116 25 1.7484560628690587e+35
118 25 2.8060883716984279e+36
120 25 1.1280124415400447e+37
122 25 2.3605685811131073e+37
124 25 3.1353291755162793e+37
126 25 2.8552983870573165e+37
128 25 1.8428476943113742e+37
130 25 8.3929048993850040e+36
132 25 2.6009859345076451e+36
134 25 4.9940882637647946e+35
136 25 4.5292055049285436e+34
112 26 2.1203583927722340e+28
114 26 5.7974916380860520e+30
116 26 1.0832060732639504e+33
118 26 6.1414905945498319e+34
120 26 1.3575913546948523e+36
122 26 5.1047429762541517e+36
124 26 9.5273047775688319e+36
126 26 1.0950390319442797e+37
128 26 8.3839352436410604e+36
130 26 4.3607507865472836e+36
132 26 1.5048327018731773e+36
134 26 3.1462399501105159e+35
136 26 3.0675195898053635e+34
116 27 2.9923050583809148e+29
118 27 1.6950750076192878e+32
120 27 1.6844940829116404e+34
122 27 5.5491644074036134e+35
124 27 1.8951001964768979e+36
126 27 3.0724766478796924e+36
128 27 2.9661944236866872e+36
130 27 1.8314428998225077e+36
132 27 7.2133867512981695e+35
134 27 1.6772004779925699e+35
136 27 1.7824259759613941e+34
120 28 1.6311659331672890e+31
122 28 3.4593280146516533e+33
124 28 1.8825938902669680e+35
126 28 5.6552838959660223e+35
128 28 7.7072123286115481e+35
130 28 5.9985940873619028e+35
132 28 2.8015581950876323e+35
134 28 7.4337611960389146e+34
136 28 8.7742193948577471e+33
122 29 7.2341028451650372e+29
124 29 4.9857201955012596e+32
126 29 5.1722755555739039e+34
128 29 1.3162333100967638e+35
130 29 1.4456074333031742e+35
132 29 8.4991307598202380e+34
134 29 2.6736046846756022e+34
136 29 3.5934263299382005e+33
126 30 4.4767657244380248e+31
128 30 1.1155120951570603e+34
130 30 2.2928932725607740e+34
132 30 1.9011978343848573e+34
134 30 7.5205922270157013e+33
136 30 1.1956795046924854e+33
128 31 1.8760846874878974e+30
130 31 1.8117959501986626e+33
132 31 2.8021036454707413e+33
134 31 1.5602638488568550e+33
136 31 3.1230929303419296e+32
132 32 2.0650173407157062e+32
134 32 2.1442716049154223e+32
136 32 6.0285771163528713e+31
134 33 1.4734865604528458e+31
136 33 7.7007984188368618e+30
136 34 4.9310443997591640e+29
