324 -65 8.1928313961064530e+19
320 -64 1.5822177861514379e+21
322 -64 1.5010799269143174e+22
316 -63 1.7627912765909011e+22
318 -63 2.9590527640886685e+23
320 -63 1.3541620482842115e+24
312 -62 1.5123416412175281e+23
314 -62 3.3777922807450847e+24
316 -62 2.7025189326455816e+25
318 -62 7.8755335977760374e+25
308 -61 1.0733398953349236e+24
310 -61 2.9001901008629890e+25
312 -61 3.1143096413052297e+26
314 -61 1.5977827825888293e+27
316 -61 3.3581720218432834e+27
304 -60 6.5586471813562221e+24
306 -60 2.0399381994887673e+26
308 -60 2.6752896763905814e+27
310 -60 1.8529040675166906e+28
312 -60 6.9100078848442924e+28
314 -60 1.1191606958411590e+29
300 -59 3.5451210686666274e+25
302 -59 1.2333333320265779e+27
304 -59 1.8730141272417440e+28
306 -59 1.5870034701028931e+29
308 -59 8.0034983014563557e+29
310 -59 2.3120683295254268e+30
312 -59 3.0189417965747597e+30
296 -58 1.7330255933254944e+26
298 -58 6.5983811823167311e+27
300 -58 1.1191491706359254e+29
302 -58 1.0982568682397364e+30
304 -58 6.8139028688229382e+30
306 -58 2.6820938114431943e+31
308 -58 6.2689513506945214e+31
310 -58 6.7887537093707077e+31
292 -57 7.7323912122480596e+26
294 -57 3.1631964640697980e+28
296 -57 5.8715374658410986e+29
298 -57 6.4973320963735946e+30
300 -57 4.6728552649931830e+31
302 -57 2.2648107156756435e+32
304 -57 7.2390020791667510e+32
306 -57 1.4126934853510860e+33
308 -57 1.3050138888150780e+33
288 -56 3.1658556934272592e+27
290 -56 1.3811262010288726e+29
292 -56 2.7734680979938255e+30
294 -56 3.3642175358079319e+31
296 -56 2.7188475647045852e+32
298 -56 1.5333749446660030e+33
300 -56 6.0540104411247099e+33
302 -56 1.6234973563851340e+34
304 -56 2.7072176253327496e+34
306 -56 2.1731056804484916e+34
284 -55 1.2065747505925008e+28
286 -55 5.5671146855126942e+29
288 -55 1.1888019501056852e+31
290 -55 1.5581288255446473e+32
292 -55 1.3834627122454153e+33
294 -55 8.7559222905138521e+33
296 -55 4.0356999732331137e+34
298 -55 1.3382225624818540e+35
300 -55 3.0848412286569073e+35
302 -55 4.4850379489332539e+35
304 -55 3.1718657030402174e+35
280 -54 4.2906933017277016e+28
282 -54 2.0729174025709853e+30
284 -54 4.6571877589900312e+31
286 -54 6.5185547642855063e+32
288 -54 6.2598377132706607e+33
290 -54 4.3748795166543824e+34
292 -54 2.2697844509245281e+35
294 -54 8.8011941736271515e+35
296 -54 2.5084178061533750e+36
298 -54 5.0542233303749037e+36
300 -54 6.5019879678379042e+36
302 -54 4.1062729947374118e+36
276 -53 1.4286092726384192e+29
278 -53 7.1751129898306641e+30
280 -53 1.6934491330836738e+32
282 -53 2.4986555646233536e+33
284 -53 2.5672787819826096e+34
286 -53 1.9382537523695372e+35
288 -53 1.1095884660214580e+36
290 -53 4.8474906209406079e+36
292 -53 1.6221820371788945e+37
294 -53 4.0460727968288113e+37
296 -53 7.2275559050757884e+37
298 -53 8.3407703380338740e+37
300 -53 4.7519068414356067e+37
272 -52 4.4710014012436817e+29
274 -52 2.3172918568758045e+31
276 -52 5.7047749253963591e+32
278 -52 8.8268103536255627e+33
280 -52 9.5924122567539602e+34
282 -52 7.7369427102379544e+35
284 -52 4.8030421089627040e+36
286 -52 2.3194202357245878e+37
288 -52 8.7612241065564673e+37
290 -52 2.5711722795413648e+38
292 -52 5.6955357934448335e+38
294 -52 9.1300420690030756e+38
296 -52 9.5256262813397487e+38
298 -52 4.9421322798746162e+38
268 -51 1.3117523201775877e+30
270 -51 7.0170649442043205e+31
272 -51 1.7895585294055221e+33
274 -51 2.8845170285500693e+34
276 -51 3.2895357694666428e+35
278 -51 2.8178504922874903e+36
280 -51 1.8667813295193707e+37
282 -51 9.7921183986289744e+37
284 -51 4.0863666055769109e+38
286 -51 1.3579779774337444e+39
288 -51 3.5445908833453209e+39
290 -51 7.0663326457928060e+39
292 -51 1.0278734232093510e+40
294 -51 9.8075077287601233e+39
296 -51 4.6759095449301067e+39
262 -50 4.8477033312897039e+24
264 -50 3.6231238824316582e+30
266 -50 1.9919684677918871e+32
268 -50 5.2517312260490714e+33
270 -50 8.7723045068631105e+34
272 -50 1.0455844862529897e+36
274 -50 9.3836309325436705e+36
276 -50 6.6136352478133174e+37
278 -50 3.7066982562055763e+38
280 -50 1.6833683147971718e+39
282 -50 6.1742532351167959e+39
284 -50 1.8293210085789325e+40
286 -50 4.3000001774525674e+40
288 -50 7.7927343505876028e+40
290 -50 1.0371300605868529e+41
292 -50 9.1102676534118557e+40
294 -50 4.0190134383161920e+40
258 -49 5.2699245489891818e+25
260 -49 9.4425288297133532e+30
262 -49 5.3350943128097171e+32
264 -49 1.4426462350449966e+34
266 -49 2.4931912740341282e+35
268 -49 3.0814070323811751e+36
270 -49 2.8867231130803375e+37
272 -49 2.1362045680520893e+38
274 -49 1.2740662527208306e+39
276 -49 6.1897628505621960e+39
278 -49 2.4766806034584789e+40
280 -49 8.1046515861563556e+40
282 -49 2.1665137061540676e+41
284 -49 4.6322300819481117e+41
286 -49 7.7067621720304646e+41
288 -49 9.4572181048213698e+41
290 -49 7.6940471803257568e+41
292 -49 3.1557318712724912e+41
254 -48 3.5303721627745924e+26
256 -48 2.3300159226889104e+31
258 -48 1.3410051128521410e+33
260 -48 3.7182041842435470e+34
262 -48 6.6032037967497664e+35
264 -48 8.4323960165586650e+36
266 -48 8.2332102249710708e+37
268 -48 6.3636386344761682e+38
270 -48 3.9926193008793810e+39
272 -48 2.0625381688571384e+40
274 -48 8.8464988457513660e+40
276 -48 3.1532644030343053e+41
278 -48 9.3433006795107777e+41
280 -48 2.2749411224450878e+42
282 -48 4.4701730318669651e+42
284 -48 6.8639701639360614e+42
286 -48 7.8231035532541407e+42
288 -48 5.9404938915031976e+42
290 -48 2.2793676598725236e+42
250 -47 1.7945089751591412e+27
252 -47 5.4340303802922775e+31
254 -47 3.1875818264845332e+33
256 -47 9.0135670447604686e+34
258 -47 1.6401109120881519e+36
260 -47 2.1585106210564029e+37
262 -47 2.1803828083014087e+38
264 -47 1.7524058397370224e+39
266 -47 1.1500845402417817e+40
268 -47 6.2646818518475121e+40
270 -47 2.8551931197587071e+41
272 -47 1.0951489974202872e+42
274 -47 3.5308915763053391e+42
276 -47 9.5355725952413877e+42
278 -47 2.1326812827310813e+43
280 -47 3.8816303398736008e+43
282 -47 5.5394161086035447e+43
284 -47 5.9096278368498044e+43
286 -47 4.2069545327977069e+43
288 -47 1.5190826288302854e+43
246 -46 7.4981424440547928e+27
248 -46 1.1973432396668551e+32
250 -46 7.1227222997241554e+33
252 -46 2.0536217408592909e+35
254 -46 3.8247812310730905e+36
256 -46 5.1650920436987358e+37
258 -46 5.3770691706260844e+38
260 -46 4.4823422237594221e+39
262 -46 3.0592661170611257e+40
264 -46 1.7487779071491023e+41
266 -46 8.3924352631369974e+41
268 -46 3.4220854221005630e+42
270 -46 1.1894297824445627e+43
272 -46 3.5005445086861566e+43
274 -46 8.6915510107846091e+43
276 -46 1.8013723262366075e+44
278 -46 3.0482861427207959e+44
280 -46 4.0793728829835547e+44
282 -46 4.0786436974591766e+44
284 -46 2.7383572892436303e+44
286 -46 9.3328148782861278e+43
242 -45 2.6753559908429032e+28
244 -45 2.5006623261170327e+32
246 -45 1.5076956069187068e+34
248 -45 4.4146731819928350e+35
250 -45 8.3878642371592935e+36
252 -45 1.1595023880507368e+38
254 -45 1.2400599454004929e+39
256 -45 1.0657624704939814e+40
258 -45 7.5428711766848562e+40
260 -45 4.4752088566212159e+41
262 -45 2.2566073979970541e+42
264 -45 9.7131293713035286e+42
266 -45 3.5937037984507352e+43
268 -45 1.1404484174267257e+44
270 -45 3.0930366679189342e+44
272 -45 7.1193827288020232e+44
274 -45 1.3748260841062634e+45
276 -45 2.1813315991262337e+45
278 -45 2.7468228737909429e+45
280 -45 2.5917674039796167e+45
282 -45 1.6451834178302179e+45
284 -45 5.3244195162091231e+44
238 -44 8.4190699880194832e+28
240 -44 4.9370537702201850e+32
242 -44 3.0055259816721778e+34
244 -44 8.9533823348242342e+35
246 -44 1.7288141275852801e+37
248 -44 2.4383998516012451e+38
250 -44 2.6729520339243871e+39
252 -44 2.3557340606171904e+40
254 -44 1.7236134454012190e+41
256 -44 1.0621761651389072e+42
258 -44 5.5801130831234341e+42
260 -44 2.5212176433828387e+43
262 -44 9.8535920155319070e+43
264 -44 3.3308713403282927e+44
266 -44 9.7407030351556617e+44
268 -44 2.4545260827961239e+45
270 -44 5.2737361844859152e+45
272 -44 9.5557495599765405e+45
274 -44 1.4261638692607447e+46
276 -44 1.6955463303663089e+46
278 -44 1.5164781420964184e+46
280 -44 9.1522615598471395e+45
282 -44 2.8184371557456192e+45
234 -43 2.3733609346160237e+29
236 -43 9.2159987835950940e+32
238 -43 5.6784629562928897e+34
240 -43 1.7090792445650205e+36
242 -43 3.3561716415393042e+37
244 -43 4.8193559997090351e+38
246 -43 5.3942092405230347e+39
248 -43 4.8830269813780758e+40
250 -43 3.6682980804935130e+41
252 -43 2.3373037126890642e+42
254 -43 1.2735682082358640e+43
256 -43 6.0087813810442356e+43
258 -43 2.4626390243451742e+44
260 -43 8.8107767683416737e+44
262 -43 2.7520858662431323e+45
264 -43 7.4729966660407826e+45
266 -43 1.7579045054061143e+46
268 -43 3.5475055162759922e+46
270 -43 6.0564285754689686e+46
272 -43 8.5486483566924313e+46
274 -43 9.6483928214072823e+46
276 -43 8.2126136318188407e+46
278 -43 4.7208902902159629e+46
280 -43 1.3886936377910061e+46
230 -42 6.0621905988272666e+29
232 -42 1.6336662691278125e+33
234 -42 1.0117466880673837e+35
236 -42 3.0829838740918022e+36
238 -42 6.1264438458682085e+37
240 -42 8.9428742436821048e+38
242 -42 1.0208694607070108e+40
244 -42 9.4488256573648227e+40
246 -42 7.2833174042359197e+41
248 -42 4.7746307191033540e+42
250 -42 2.6922148784495262e+43
252 -42 1.3172953951540924e+44
254 -42 5.6477876444023730e+44
256 -42 2.1244214035769570e+45
258 -42 7.0091211846612166e+45
260 -42 2.0358311204802825e+46
262 -42 5.1742771885706980e+46
264 -42 1.1421148080952034e+47
266 -42 2.1760533799842262e+47
268 -42 3.5135977733329750e+47
270 -42 4.7115632563784355e+47
272 -42 5.0663815602595223e+47
274 -42 4.1169030776189249e+47
276 -42 2.2626082073075137e+47
278 -42 6.3679444827164681e+46
226 -41 1.4090779618774423e+30
228 -41 2.7383346090814672e+33
230 -41 1.7008501489067654e+35
232 -41 5.2380660651669256e+36
234 -41 1.0546763946128356e+38
236 -41 1.5595791771861715e+39
238 -41 1.8116579833495404e+40
240 -41 1.7119313425873629e+41
242 -41 1.3508561960011483e+42
244 -41 9.0944545162892686e+42
246 -41 5.2827093683177684e+43
248 -41 2.6773656338241336e+44
250 -41 1.1927312887896255e+45
252 -41 4.6833254520203163e+45
254 -41 1.6275218636182145e+46
256 -41 5.0001976273031207e+46
258 -41 1.3575500527733927e+47
260 -41 3.2434964967560113e+47
262 -41 6.7663899845252839e+47
264 -41 1.2212715195371501e+48
266 -41 1.8760695950230942e+48
268 -41 2.3998819771367040e+48
270 -41 2.4623413750186245e+48
272 -41 1.9153718502668810e+48
274 -41 1.0087560891815870e+48
276 -41 2.7311644464049091e+47
222 -40 2.9976373794446124e+30
224 -40 4.3429289621426938e+33
226 -40 2.7072777622874519e+35
228 -40 8.3800064724315647e+36
230 -40 1.7061821576327331e+38
232 -40 2.5636845525483989e+39
234 -40 3.0167866264477378e+40
236 -40 2.9016661540497771e+41
238 -40 2.3403442737205279e+42
240 -40 1.6141295608531433e+43
242 -40 9.6391182619700718e+43
244 -40 5.0419419261909187e+44
246 -40 2.3244172247262587e+45
248 -40 9.5055759300242462e+45
250 -40 3.4481169284413868e+46
252 -40 1.1155653828609404e+47
254 -40 3.2130187158637047e+47
256 -40 8.2086519047960468e+47
258 -40 1.8532559898170011e+48
260 -40 3.6664804407534338e+48
262 -40 6.2940653252116447e+48
264 -40 9.2231376568736866e+48
266 -40 1.1276476591005991e+49
268 -40 1.1095074970856393e+49
270 -40 8.2802788478769125e+48
272 -40 4.1958470899664543e+48
274 -40 1.0932909750050031e+48
218 -39 5.8947508136855273e+30
220 -39 6.5347966439974938e+33
222 -39 4.0684543883870959e+35
224 -39 1.2701768092399365e+37
226 -39 2.6011077287402713e+38
228 -39 3.9507341351506824e+39
230 -39 4.7202854110060843e+40
232 -39 4.6202541668561772e+41
234 -39 3.7950143003915785e+42
236 -39 2.6726720283681718e+43
238 -39 1.6384743704664584e+44
240 -39 8.8018626568327032e+44
242 -39 4.1927035265798164e+45
244 -39 1.7761693819990456e+46
246 -39 6.7141063402707305e+46
248 -39 2.2737618667749426e+47
250 -39 6.8885353759860558e+47
252 -39 1.8676554324926820e+48
254 -39 4.5098639517187295e+48
256 -39 9.6745649499680979e+48
258 -39 1.8214727601190573e+49
260 -39 2.9870009026770826e+49
262 -39 4.1904917623693499e+49
264 -39 4.9120089080310151e+49
266 -39 4.6411510559020816e+49
268 -39 3.3356220467716268e+49
270 -39 1.6283043575384727e+49
272 -39 4.0887630960979560e+48
214 -38 1.0671178063841575e+31
216 -38 9.3083563661286255e+33
218 -38 5.7750601691612456e+35
220 -38 1.8108242023371820e+37
222 -38 3.7443780131105239e+38
224 -38 5.7378584437959669e+39
226 -38 6.9426398029333541e+40
228 -38 6.8886523807975975e+41
230 -38 5.7583048119587592e+42
232 -38 4.1376376878573218e+43
234 -38 2.5921607937273270e+44
236 -38 1.4291829423921933e+45
238 -38 7.0108681312105844e+45
240 -38 3.0678926531555764e+46
242 -38 1.2037758296494180e+47
244 -38 4.2454260163186288e+47
246 -38 1.3476554991114091e+48
248 -38 3.8483812024336787e+48
250 -38 9.8697072042591353e+48
252 -38 2.2647379511672244e+49
254 -38 4.6224339473411084e+49
256 -38 8.3181158529797423e+49
258 -38 1.3062408597378163e+50
260 -38 1.7595252580377305e+50
262 -38 1.9836577779796101e+50
264 -38 1.8069603116295699e+50
266 -38 1.2513397774722769e+50
268 -38 5.8976181862062335e+49
270 -38 1.4313754665787517e+49
210 -37 1.7865999983155541e+31
212 -37 1.2560658606100821e+34
214 -37 7.7584839333099695e+35
216 -37 2.4351680249323992e+37
218 -37 5.0732026232175615e+38
220 -37 7.8367310257520251e+39
222 -37 9.5814869459659508e+40
224 -37 9.6336782475906292e+41
226 -37 8.1841970843724938e+42
228 -37 5.9911537057801043e+43
230 -37 3.8276638661759236e+44
232 -37 2.1605674239859391e+45
234 -37 1.0874110051136981e+46
236 -37 4.9014777986868480e+46
238 -37 1.9878294247741501e+47
240 -37 7.2839377474085066e+47
242 -37 2.4105209871868127e+48
244 -37 7.2184155859911334e+48
246 -37 1.9522363101170645e+49
248 -37 4.7578474691878091e+49
250 -37 1.0405740792929887e+50
252 -37 2.0312841745713581e+50
254 -37 3.5047664250530712e+50
256 -37 5.2853982896703970e+50
258 -37 6.8508329080090850e+50
260 -37 7.4477963034553788e+50
262 -37 6.5428190703300698e+50
264 -37 4.3805337468203840e+50
266 -37 1.9968771575082604e+50
268 -37 4.6910718467719617e+49
204 -36 4.8033266963759790e+25
206 -36 2.7900088736420888e+31
208 -36 1.6054847682020049e+34
210 -36 9.8176108573407381e+35
212 -36 3.0863213079679809e+37
214 -36 6.4685219558055466e+38
216 -36 1.0068996842655754e+40
218 -36 1.2422893272939705e+41
220 -36 1.2631620236359831e+42
222 -36 1.0890712026922507e+43
224 -36 8.0970304221075475e+43
226 -36 5.2758383554039177e+44
228 -36 3.0438481589289643e+45
230 -36 1.5680665841100735e+46
232 -36 7.2591941314159068e+46
234 -36 3.0360135108075454e+47
236 -36 1.1507588448836870e+48
238 -36 3.9572556730012501e+48
240 -36 1.2357292856554360e+49
242 -36 3.5046483677166793e+49
244 -36 9.0217423362532598e+49
246 -36 2.0979128191950277e+50
248 -36 4.3902983814687302e+50
250 -36 8.2185426758010355e+50
252 -36 1.3626723023512078e+51
254 -36 1.9797143242409268e+51
256 -36 2.4735621070354112e+51
258 -36 2.5991137189197813e+51
260 -36 2.2092734226249809e+51
262 -36 1.4308563526164340e+51
264 -36 6.3216814921792469e+50
266 -36 1.4405718463804429e+50
200 -35 2.9526979815242704e+26
202 -35 4.0396416529216846e+31
204 -35 1.9363019558436790e+34
206 -35 1.1754481368933829e+36
208 -35 3.6939614675586379e+37
210 -35 7.7565962476722890e+38
212 -35 1.2159687696132769e+40
214 -35 1.5123217723505835e+41
216 -35 1.5546598561791273e+42
218 -35 1.3564285129781723e+43
220 -35 1.0239384337434967e+44
222 -35 6.7844794609986574e+44
224 -35 3.9958193725125562e+45
226 -35 2.1035547662640285e+46
228 -35 9.9820894172202999e+46
230 -35 4.2919906499543238e+47
232 -35 1.6779228273245131e+48
234 -35 5.9691899737937122e+48
236 -35 1.9380143895022045e+49
238 -35 5.7419061072157971e+49
240 -35 1.5508054520865927e+50
242 -35 3.8090316739887531e+50
244 -35 8.4765669416070157e+50
246 -35 1.7023718130821909e+51
248 -35 3.0651860421280462e+51
250 -35 4.8995665748818212e+51
252 -35 6.8724001571559116e+51
254 -35 8.3045586514769532e+51
256 -35 8.4381349767087291e+51
258 -35 6.9468439475026800e+51
260 -35 4.3649409439668447e+51
262 -35 1.8711483966859819e+51
264 -35 4.1466518837084690e+50
196 -34 1.0510640495430353e+27
198 -34 5.4553054335419161e+31
200 -34 2.2108970360791651e+34
202 -34 1.3255673386636705e+36
204 -34 4.1611174506166188e+37
206 -34 8.7603311558423539e+38
208 -34 1.3794803414577393e+40
210 -34 1.7287615494775632e+41
212 -34 1.7939880085160641e+42
214 -34 1.5820610806705197e+43
216 -34 1.2114312203499159e+44
218 -34 8.1525581851637151e+44
220 -34 4.8864505622619919e+45
222 -34 2.6258607178237742e+46
224 -34 1.2759450096026771e+47
226 -34 5.6226828046371923e+47
228 -34 2.2623789207347929e+48
230 -34 8.3051366645482684e+48
232 -34 2.7931141578933227e+49
234 -34 8.6077798603880635e+49
236 -34 2.4272668840318192e+50
238 -34 6.2633069187193126e+50
240 -34 1.4733045427026319e+51
242 -34 3.1490776359444822e+51
244 -34 6.0848841110697790e+51
246 -34 1.0570026388671357e+52
248 -34 1.6322572289094895e+52
250 -34 2.2134158915777965e+52
252 -34 2.5906924081889066e+52
254 -34 2.5519305175875739e+52
256 -34 2.0377501956390324e+52
258 -34 1.2439499899097283e+52
260 -34 5.1825014869369122e+51
262 -34 1.1164612463853055e+51
192 -33 2.7853169363739799e+27
194 -33 6.8634578760834151e+31
196 -33 2.3829644135153455e+34
198 -33 1.4100878609940968e+36
200 -33 4.4136169743744739e+37
202 -33 9.3006321761758640e+38
204 -33 1.4692078755511092e+40
206 -33 1.8559613120535800e+41
208 -33 1.9412816282826768e+42
210 -33 1.7304809698879563e+43
212 -33 1.3401780894207739e+44
214 -33 9.1527629497295947e+44
216 -33 5.5739360848870630e+45
218 -33 3.0529374682691849e+46
220 -33 1.5130406001937157e+47
222 -33 6.8284752877636330e+47
224 -33 2.8194999495553074e+48
226 -33 1.0664482462486820e+49
228 -33 3.7015029896402552e+49
230 -33 1.1821476030615814e+50
232 -33 3.4683999724545814e+50
234 -33 9.3528853088936923e+50
236 -33 2.3133338460986836e+51
238 -33 5.2288627360683378e+51
240 -33 1.0766057763302446e+52
242 -33 2.0084650349449627e+52
244 -33 3.3708135878081833e+52
246 -33 5.0366471887795753e+52
248 -33 6.6200355213696369e+52
250 -33 7.5166689050058680e+52
252 -33 7.1930946209629044e+52
254 -33 5.5828543776577157e+52
256 -33 3.3136610923240340e+52
258 -33 1.3426411625244143e+52
260 -33 2.8157092246066295e+51
188 -32 5.9886153346359564e+27
190 -32 8.0600327093526587e+31
192 -32 2.4238722331630048e+34
194 -32 1.4109049988586848e+36
196 -32 4.4003368023270349e+37
198 -32 9.2803013245332481e+38
200 -32 1.4727081796028991e+40
202 -32 1.8677461929631194e+41
204 -32 1.9670886496611953e+42
206 -32 1.7706248092042234e+43
208 -32 1.3857003286652622e+44
210 -32 9.5859104500970192e+44
212 -32 5.9292744005022791e+45
214 -32 3.3023017637840338e+46
216 -32 1.6699309566757449e+47
218 -32 7.7000287944689940e+47
220 -32 3.2546935074854615e+48
222 -32 1.2646291584663802e+49
224 -32 4.5235094646653398e+49
226 -32 1.4917384593407498e+50
228 -32 4.5404855938546573e+50
230 -32 1.2739417043223831e+51
232 -32 3.2940475456577293e+51
234 -32 7.8353086916567100e+51
236 -32 1.7060234242647087e+52
238 -32 3.3923201306417727e+52
240 -32 6.1185872101751720e+52
242 -32 9.9431925836716054e+52
244 -32 1.4407922357895634e+53
246 -32 1.8386261433063510e+53
248 -32 2.0284935485010575e+53
250 -32 1.8880447048441415e+53
252 -32 1.4263913021331706e+53
254 -32 8.2455430238901248e+52
256 -32 3.2546851623985283e+52
258 -32 6.6543629722315051e+51
184 -31 1.0879124707786098e+28
186 -31 8.8182006057796494e+31
188 -31 2.3256635168066390e+34
190 -31 1.3318607347110122e+36
192 -31 4.1310690874817484e+37
194 -31 8.6988062450961987e+38
196 -31 1.3831967405695610e+40
198 -31 1.7598459797097298e+41
200 -31 1.8666440833405337e+42
202 -31 1.6931115867848574e+43
204 -31 1.3396714191391707e+44
206 -31 9.3750432875098206e+44
208 -31 5.8806537966775614e+45
210 -31 3.3259467012819469e+46
212 -31 1.7127919426803706e+47
214 -31 8.0543984299498948e+47
216 -31 3.4806087716005539e+48
218 -31 1.3854901601520164e+49
220 -31 5.0935616937226021e+49
222 -31 1.7319410183719478e+50
224 -31 5.4483734433770050e+50
226 -31 1.5866732296086672e+51
228 -31 4.2720863713255389e+51
230 -31 1.0627625904556485e+52
232 -31 2.4362493380433656e+52
234 -31 5.1263513934493222e+52
236 -31 9.8593900175823914e+52
238 -31 1.7240588068416749e+53
240 -31 2.7190217945824532e+53
242 -31 3.8266309733919505e+53
244 -31 4.7482722619646637e+53
246 -31 5.0980560726687195e+53
248 -31 4.6203697388878846e+53
250 -31 3.4006919093432410e+53
252 -31 1.9165229324709239e+53
254 -31 7.3751580033432134e+52
256 -31 1.4727453723422984e+52
180 -30 1.7192396642694101e+28
182 -30 8.9890869175971435e+31
184 -30 2.1043104055048369e+34
186 -30 1.1800430665763821e+36
188 -30 3.6377947086588300e+37
190 -30 7.6543552121201068e+38
192 -30 1.2163116341464681e+40
194 -30 1.5537063612676163e+41
196 -30 1.6575458931649261e+42
198 -30 1.5147460470574947e+43
200 -30 1.2096550386033027e+44
202 -30 8.5651101805211142e+44
204 -30 5.4319164181131030e+45
206 -30 3.1192026809836269e+46
208 -30 1.6320192305748356e+47
210 -30 7.8224318025661946e+47
212 -30 3.4492322086632100e+48
214 -30 1.4052230153491093e+49
216 -30 5.2944860335186373e+49
218 -30 1.8511589680386911e+50
220 -30 6.0065080278922108e+50
222 -30 1.8087215212832025e+51
224 -30 5.0587059943509427e+51
226 -30 1.3110701959961060e+52
228 -30 3.1465279687511184e+52
230 -30 6.9648502396398019e+52
232 -30 1.4193522112731077e+53
234 -30 2.6469246410379845e+53
236 -30 4.4923732205225432e+53
238 -30 6.8828613593365337e+53
240 -30 9.4313501132635547e+53
242 -30 1.1393136305442117e+54
244 -30 1.1923393110188139e+54
246 -30 1.0535591808174975e+54
248 -30 7.5653086937319360e+53
250 -30 4.1599860947896563e+53
252 -30 1.5644653557558738e+53
254 -30 3.0521293514542677e+52
176 -29 2.3933272126057361e+28
178 -29 8.5609869533222912e+31
180 -29 1.7882227401071776e+34
182 -29 9.8425753930514314e+35
184 -29 3.0078119761939225e+37
186 -29 6.3095037497432458e+38
188 -29 1.0038588873590617e+40
190 -29 1.2853376653172873e+41
192 -29 1.3778635970813631e+42
194 -29 1.2664991398582319e+43
196 -29 1.0188649436365675e+44
198 -29 7.2815373200772962e+44
200 -29 4.6751502212199508e+45
202 -29 2.7197101836478236e+46
204 -29 1.4450016030210122e+47
206 -29 7.0488577236002872e+47
208 -29 3.1673570326786706e+48
210 -29 1.3176949170955682e+49
212 -29 5.0860020541710263e+49
214 -29 1.8234645361003563e+50
216 -29 6.0867096132069733e+50
218 -29 1.8915777555541153e+51
220 -29 5.4737175060095328e+51
222 -29 1.4735986352662992e+52
224 -29 3.6865051068620591e+52
226 -29 8.5521761099371893e+52
228 -29 1.8335616697111991e+53
230 -29 3.6233057689677023e+53
232 -29 6.5688070835681924e+53
234 -29 1.0838616288495504e+54
236 -29 1.6161408745276130e+54
238 -29 2.1567979158843488e+54
240 -29 2.5418222298750814e+54
242 -29 2.5954595118369568e+54
244 -29 2.2375498629018332e+54
246 -29 1.5695854749239881e+54
248 -29 8.4301946032652767e+53
250 -29 3.1005245630348554e+53
252 -29 5.9160518758769944e+52
172 -28 2.9693243030974530e+28
174 -28 7.6016706646825160e+31
176 -28 1.4305280588372182e+34
178 -28 7.7091519374200093e+35
180 -28 2.3332662545142981e+37
182 -28 4.8808820630603453e+38
184 -28 7.7586527474666395e+39
186 -28 9.9435114746750411e+40
188 -28 1.0686519694271124e+42
190 -28 9.8842392525913834e+42
192 -28 8.0047647972797237e+43
194 -28 5.7767024532129193e+44
196 -28 3.7444538600340088e+45
198 -28 2.2066647219091815e+46
200 -28 1.1885944027848049e+47
202 -28 5.8845485270944078e+47
204 -28 2.6936916151894544e+48
206 -28 1.1430778904419429e+49
208 -28 4.5071919891278609e+49
210 -28 1.6546443523689001e+50
212 -28 5.6696759668054189e+50
214 -28 1.8140620752330351e+51
216 -28 5.4186425124825375e+51
218 -28 1.5109711426480119e+52
220 -28 3.9287884776966028e+52
222 -28 9.5040640543404244e+52
224 -28 2.1368776604851884e+53
226 -28 4.4475998076383925e+53
228 -28 8.5397559899652953e+53
230 -28 1.5060396945636565e+54
232 -28 2.4195933273709273e+54
234 -28 3.5183667788175232e+54
236 -28 4.5806856727664552e+54
238 -28 5.2696566287572999e+54
240 -28 5.2541661953871727e+54
242 -28 4.4263790275387119e+54
244 -28 3.0361913677891891e+54
246 -28 1.5947946958510154e+54
248 -28 5.7392481565888640e+53
250 -28 1.0720935751519404e+53
168 -27 3.3198111225433084e+28
170 -27 6.2887480535494750e+31
172 -27 1.0739276304776858e+34
174 -27 5.6591958215681849e+35
176 -27 1.6974234021188180e+37
178 -27 3.5289293570450957e+38
180 -27 5.6051963674954791e+39
182 -27 7.1885573713169061e+40
184 -27 7.7455207716911199e+41
186 -27 7.2028149423951185e+42
188 -27 5.8650680068396412e+43
190 -27 4.2619919234261981e+44
192 -27 2.7930099616587278e+45
194 -27 1.6621459715074524e+46
196 -27 9.0713578133584790e+46
198 -27 4.5592121094690018e+47
200 -27 2.1217106284617082e+48
202 -27 9.1642409014311270e+48
204 -27 3.6874328149661267e+49
206 -27 1.3857067632891647e+50
208 -27 4.8594461015390588e+50
210 -27 1.5974042115038720e+51
212 -27 4.9145954576112273e+51
214 -27 1.4149856211977306e+52
216 -27 3.8103687981972500e+52
218 -27 9.5932662977533426e+52
220 -27 2.2505038777346001e+53
222 -27 4.9120959182032401e+53
224 -27 9.9394180364235547e+53
226 -27 1.8569900665331084e+54
228 -27 3.1898460645379897e+54
230 -27 5.0023048537190488e+54
232 -27 7.0984418030453125e+54
234 -27 9.0224357157861360e+54
236 -27 1.0143495367271813e+55
238 -27 9.8871286653514433e+54
240 -27 8.1493597680434987e+54
242 -27 5.4709871637783314e+54
244 -27 2.8121041644855480e+54
246 -27 9.9127341951921526e+53
248 -27 1.8162473206323046e+53
164 -26 3.3576930418277432e+28
166 -26 4.8490230193151368e+31
168 -26 7.5604086556016677e+33
170 -26 3.8937938144568692e+35
172 -26 1.1558713514927288e+37
174 -26 2.3869053743818628e+38
176 -26 3.7817479763350174e+39
178 -26 4.8563122542557157e+40
180 -26 5.2436557164568212e+41
182 -26 4.8817244467393692e+42
184 -26 4.0030255967140319e+43
186 -26 2.9262241167248679e+44
188 -26 1.9338575930738961e+45
190 -26 1.1635281701858945e+46
192 -26 6.4198128980410304e+46
194 -26 3.2717552164644084e+47
196 -26 1.5455152507729007e+48
198 -26 6.7905780483880115e+48
200 -26 2.7845916834426996e+49
202 -26 1.0683302697647477e+50
204 -26 3.8359571552979847e+50
206 -26 1.2912050022330745e+51
208 -26 4.0816326606495927e+51
210 -26 1.2118076093429821e+52
212 -26 3.3719622977282707e+52
214 -26 8.7899456424798820e+52
216 -26 2.1457857993143792e+53
218 -26 4.8906102098888747e+53
220 -26 1.0380356948209744e+54
222 -26 2.0455541836903818e+54
224 -26 3.7292099340158745e+54
226 -26 6.2463557332722558e+54
228 -26 9.5631413180676725e+54
230 -26 1.3263906235597169e+55
232 -26 1.6489931768568767e+55
234 -26 1.8127001450782586e+55
236 -26 1.7305539698290243e+55
238 -26 1.3956868568775171e+55
240 -26 9.1805790619679937e+54
242 -26 4.6254397209056955e+54
244 -26 1.5977166148591404e+54
246 -26 2.8723195589034673e+53
160 -25 3.0794629100014873e+28
162 -25 3.4842931528822103e+31
164 -25 4.9897482947610624e+33
166 -25 2.5076690947031996e+35
168 -25 7.3491345521901365e+36
170 -25 1.5082468621117972e+38
172 -25 2.3801605494015494e+39
174 -25 3.0560217320625399e+40
176 -25 3.3013287525963101e+41
178 -25 3.0816124026458668e+42
180 -25 2.5358141706694042e+43
182 -25 1.8673990918048030e+44
184 -25 1.2430559071753991e+45
186 -25 7.5446500505130195e+45
188 -25 4.2116814737964689e+46
190 -25 2.1744970924136680e+47
192 -25 1.0405243227304241e+48
194 -25 4.6451685743568792e+48
196 -25 1.9387217901628604e+49
198 -25 7.5794801594075561e+49
200 -25 2.7817368054359667e+50
202 -25 9.5904273506475246e+50
204 -25 3.1086933528632697e+51
206 -25 9.4842570769227018e+51
208 -25 2.7200176326011757e+52
210 -25 7.3314420651944844e+52
212 -25 1.8555040470806714e+53
214 -25 4.3973870619691303e+53
216 -25 9.7572589711167764e+53
218 -25 2.0186737713574346e+54
220 -25 3.8817912441246061e+54
222 -25 6.9025665697636091e+54
224 -25 1.1302383136505356e+55
226 -25 1.6916549809537687e+55
228 -25 2.2946165942929790e+55
230 -25 2.7935249751228600e+55
232 -25 3.0065467635583515e+55
234 -25 2.8107863065970871e+55
236 -25 2.2237709244586585e+55
238 -25 1.4335665953018412e+55
240 -25 7.0818297529518598e+54
242 -25 2.4016079156902348e+54
244 -25 4.2381894979630984e+53
156 -24 2.5646522575726464e+28
158 -24 2.3256525624821172e+31
160 -24 3.0741022172976999e+33
162 -24 1.5063985373263056e+35
164 -24 4.3652005172246399e+36
166 -24 8.8932677130649831e+37
168 -24 1.3998417289640271e+39
170 -24 1.7907597107936905e+40
172 -24 1.9341542608358518e+41
174 -24 1.8108934714901052e+42
176 -24 1.4953759052208335e+43
178 -24 1.1049638784808175e+44
180 -24 7.4115125339908190e+44
182 -24 4.5371584713283680e+45
184 -24 2.5574106689162080e+46
186 -24 1.3350419323507275e+47
188 -24 6.4744607434737060e+47
190 -24 2.9323451372466002e+48
192 -24 1.2436356815128566e+49
194 -24 4.9529698060027206e+49
196 -24 1.8534141614368820e+50
198 -24 6.5287835932902200e+50
200 -24 2.1693412564194575e+51
202 -24 6.7895751858211558e+51
204 -24 2.0032709094049386e+52
206 -24 5.5685447395233388e+52
208 -24 1.4567386383046862e+53
210 -24 3.5844762042931716e+53
212 -24 8.2715868569633205e+53
214 -24 1.7900096831870345e+54
216 -24 3.6116719042194040e+54
218 -24 6.7830946418742083e+54
220 -24 1.1791724853429030e+55
222 -24 1.8877801002040277e+55
224 -24 2.7653772666028732e+55
226 -24 3.6739942481149097e+55
228 -24 4.3811823646682612e+55
230 -24 4.6205749649424980e+55
232 -24 4.2371941661814682e+55
234 -24 3.2879313380610080e+55
236 -24 2.0794723244471487e+55
238 -24 1.0089763166377087e+55
240 -24 3.3588188584232222e+54
242 -24 5.8272159471024485e+53
152 -23 1.9512620134269214e+28
154 -23 1.4444820253943744e+31
156 -23 1.7722519713860341e+33
158 -23 8.4551380237495162e+34
160 -23 2.4126063062701502e+36
162 -23 4.8874138286916249e+37
164 -23 7.6370887200926605e+38
166 -23 9.7468998630335942e+39
168 -23 1.0529435362689921e+41
170 -23 9.8701712686416044e+41
172 -23 8.1723496836247715e+42
174 -23 6.0703892860497046e+43
176 -23 4.0919646833816040e+44
178 -23 2.5236843456365289e+45
180 -23 1.4356104426163119e+46
182 -23 7.5661535615160256e+46
184 -23 3.7203057426763985e+47
186 -23 1.7065811084962973e+48
188 -23 7.3510274677518818e+48
190 -23 2.9766564863511997e+49
192 -23 1.1348946039635868e+50
194 -23 4.0827106720627845e+50
196 -23 1.3851135016502822e+51
198 -23 4.4410799110138016e+51
200 -23 1.3458744511332000e+52
202 -23 3.8489381105682532e+52
204 -23 1.0390265516827260e+53
206 -23 2.6449046872348612e+53
208 -23 6.3358836684964747e+53
210 -23 1.4268827772852956e+54
212 -23 3.0118751099940834e+54
214 -23 5.9369130968457968e+54
216 -23 1.0910589543443364e+55
218 -23 1.8556675554005037e+55
220 -23 2.9101891495868258e+55
222 -23 4.1751962232741204e+55
224 -23 5.4388974785470718e+55
226 -23 6.3584967581147609e+55
228 -23 6.5769390557077334e+55
230 -23 5.9201201852021819e+55
232 -23 4.5087144167415576e+55
234 -23 2.8005753907239304e+55
236 -23 1.3354081973591066e+55
238 -23 4.3726671484812884e+54
240 -23 7.4581958711224522e+53
146 -22 8.7648453659419973e+22
148 -22 1.3590741367349640e+28
150 -22 8.3167637106501907e+30
152 -22 9.5087429303467473e+32
154 -22 4.4192928683340691e+34
156 -22 1.2416061283015090e+36
158 -22 2.4898248226899565e+37
160 -22 3.8737421863936715e+38
162 -22 4.9337836104201565e+39
164 -22 5.3191479990820171e+40
166 -22 4.9888341431066023e+41
168 -22 4.1389829732116947e+42
170 -22 3.0866909339189923e+43
172 -22 2.0893698657476285e+44
174 -22 1.2976759420905472e+45
176 -22 7.4429650205363541e+45
178 -22 3.9616861038327727e+46
180 -22 1.9677626865942575e+47
182 -22 9.1443359490530573e+47
184 -22 3.9927700944794413e+48
186 -22 1.6426259030684357e+49
188 -22 6.3741709660605871e+49
190 -22 2.3358318378813902e+50
192 -22 8.0954562711100484e+50
194 -22 2.6543158367918900e+51
196 -22 8.2404609088864294e+51
198 -22 2.4235016209804724e+52
200 -22 6.7351270720256549e+52
202 -22 1.7687706372833502e+53
204 -22 4.3861492693703149e+53
206 -22 1.0254179388068196e+54
208 -22 2.2549262460649264e+54
210 -22 4.6507072445484424e+54
212 -22 8.9748278511876260e+54
214 -22 1.6134354522439113e+55
216 -22 2.6892607817851567e+55
218 -22 4.1336318261388189e+55
220 -22 5.8172972703428134e+55
222 -22 7.4332428677032479e+55
224 -22 8.5309301465878826e+55
226 -22 8.6698747707492197e+55
228 -22 7.6606826975753587e+55
230 -22 5.7331736807042153e+55
232 -22 3.4999714207924856e+55
234 -22 1.6411865914953603e+55
236 -22 5.2886069410828292e+54
238 -22 8.8846046150700721e+53
142 -21 1.5924643309614101e+23
144 -21 8.6314695428023219e+27
146 -21 4.4436337602042067e+30
148 -21 4.7385652189776909e+32
150 -21 2.1445712415217590e+34
152 -21 5.9375578417954246e+35
154 -21 1.1792515900483464e+37
156 -21 1.8247214064408253e+38
158 -21 2.3111459724652729e+39
160 -21 2.4856432693157679e+40
162 -21 2.3323392401222625e+41
164 -21 1.9388767315860025e+42
166 -21 1.4489399011090475e+43
168 -21 9.8590041763982182e+43
170 -21 6.1547970333118569e+44
172 -21 3.5558015658477414e+45
174 -21 1.9090561021010842e+46
176 -21 9.5824556963303488e+46
178 -21 4.5029132057518203e+47
180 -21 1.9927221512085542e+48
182 -21 8.3174433841489045e+48
184 -21 3.2808221945595681e+49
186 -21 1.2237100887569931e+50
188 -21 4.3258201861411512e+50
190 -21 1.4484380282106764e+51
192 -21 4.6031094168987076e+51
194 -21 1.3875409764467333e+52
196 -21 3.9638845201573404e+52
198 -21 1.0725219935831683e+53
200 -21 2.7461707468999473e+53
202 -21 6.6437465308559452e+53
204 -21 1.5180204833045827e+54
206 -21 3.2634168190017399e+54
208 -21 6.5892813434601878e+54
210 -21 1.2446068624353262e+55
212 -21 2.1937426723297766e+55
214 -21 3.5849492915023388e+55
216 -21 5.4082825777843883e+55
218 -21 7.4713051320322607e+55
220 -21 9.3756252794950572e+55
222 -21 1.0572884303791201e+56
224 -21 1.0554000657458631e+56
226 -21 9.1673141577474447e+55
228 -21 6.7490177691651429e+55
230 -21 4.0523990164960705e+55
232 -21 1.8707350099663899e+55
234 -21 5.9356303009181311e+54
236 -21 9.8351983690074625e+53
138 -20 2.1118363185425105e+23
140 -20 5.0072979870865273e+27
142 -20 2.1940562555870375e+30
144 -20 2.1969739603042671e+32
146 -20 9.6715336680942093e+33
148 -20 2.6360416130561558e+35
150 -20 5.1729987495151374e+36
152 -20 7.9457987949694286e+37
154 -20 1.0022004620598626e+39
156 -20 1.0752413186211346e+40
158 -20 1.0067540044711110e+41
160 -20 8.3685728760560682e+41
162 -20 6.2762085159198506e+42
164 -20 4.2851586907301965e+43
166 -20 2.6900597408382328e+44
168 -20 1.5632241793518288e+45
170 -20 8.4607245208402247e+45
172 -20 4.2829362046317594e+46
174 -20 2.0366562684684175e+47
176 -20 9.1236392366270014e+47
178 -20 3.8585585499757846e+48
180 -20 1.5446903017756837e+49
182 -20 5.8611068208800191e+49
184 -20 2.1094660868969364e+50
186 -20 7.2091723103123562e+50
188 -20 2.3408529911785988e+51
190 -20 7.2197079068020186e+51
192 -20 2.1160474454006869e+52
194 -20 5.8863727348852574e+52
196 -20 1.5532868845505630e+53
198 -20 3.8840900390022481e+53
200 -20 9.1881787759434823e+53
202 -20 2.0527948924645087e+54
204 -20 4.3221357206946488e+54
206 -20 8.5517703336297336e+54
208 -20 1.5846458912224231e+55
210 -20 2.7382628030861764e+55
212 -20 4.3926768157148677e+55
214 -20 6.5070339637055036e+55
216 -20 8.8333074191066226e+55
218 -20 1.0896679122696597e+56
220 -20 1.2071580150631813e+56
222 -20 1.1860833004592893e+56
224 -20 1.0137996148822578e+56
226 -20 7.3419935385975554e+55
228 -20 4.3426573492927071e+55
230 -20 1.9743474145260794e+55
232 -20 6.1744360202496225e+54
234 -20 1.0096129900916720e+54
134 -19 2.0806698909441156e+23
136 -19 2.6528270688321174e+27
138 -19 1.0034326886232031e+30
140 -19 9.4235784515246265e+31
142 -19 4.0331468145863407e+33
144 -19 1.0827962107529433e+35
146 -19 2.1002026492556417e+36
148 -19 3.1935917956972681e+37
150 -19 4.0070672406943065e+38
152 -19 4.2878822428569233e+39
154 -19 4.0051296220462542e+40
156 -19 3.3297559791078041e+41
158 -19 2.5009641256548655e+42
160 -19 1.7122253989193139e+43
162 -19 1.0803363736290007e+44
164 -19 6.3117242382320541e+44
166 -19 3.4399575285258924e+45
168 -19 1.7568728794534106e+46
170 -19 8.4329442981423020e+46
172 -19 3.8221094658846004e+47
174 -19 1.6376321356802121e+48
176 -19 6.6460602528917128e+48
178 -19 2.5614819270679086e+49
180 -19 9.3830203992493374e+49
182 -19 3.2658639283769992e+50
184 -19 1.0820471321090397e+51
186 -19 3.4127947771365238e+51
188 -19 1.0240815558162138e+52
190 -19 2.9258812829431757e+52
192 -19 7.9350297154013781e+52
194 -19 2.0454614866525008e+53
196 -19 5.0020704160488802e+53
198 -19 1.1579950839128434e+54
200 -19 2.5353549771142186e+54
202 -19 5.2310624359049181e+54
204 -19 1.0152735443512119e+55
206 -19 1.8469722878496454e+55
208 -19 3.1348441109558414e+55
210 -19 4.9403198884991504e+55
212 -19 7.1930660341462410e+55
214 -19 9.5965998067673525e+55
216 -19 1.1651780352849625e+56
218 -19 1.2704179243116537e+56
220 -19 1.2285211385290195e+56
222 -19 1.0337651428829336e+56
224 -19 7.3757117761662741e+55
226 -19 4.2987916020610724e+55
228 -19 1.9275323505992269e+55
230 -19 5.9475243813120818e+54
232 -19 9.6044940427119403e+53
130 -18 1.6840240235176121e+23
132 -18 1.2838790394316216e+27
134 -18 4.2232929738497344e+29
136 -18 3.7332038956402386e+31
138 -18 1.5536694770639627e+33
140 -18 4.1029168543028981e+34
142 -18 7.8633575667402085e+35
144 -18 1.1845779667922001e+37
146 -18 1.4769009759456922e+38
148 -18 1.5725172117992986e+39
150 -18 1.4666781238101828e+40
152 -18 1.2186670030625461e+41
154 -18 9.1471722142863911e+41
156 -18 6.2849854346514839e+42
158 -18 3.9758912624339488e+43
160 -18 2.3349823311780989e+44
162 -18 1.2807535194092108e+45
164 -18 6.5918303329281893e+45
166 -18 3.1930486160360138e+46
168 -18 1.4613710071585837e+47
170 -18 6.3364877352383270e+47
172 -18 2.6071114126851639e+48
174 -18 1.0196072435295359e+49
176 -18 3.7953243259784959e+49
178 -18 1.3455348724189082e+50
180 -18 4.5410698080264846e+50
182 -18 1.4625510191520472e+51
184 -18 4.4889312540060181e+51
186 -18 1.3133423714673852e+52
188 -18 3.6593934142779782e+52
190 -18 9.7065818891108911e+52
192 -18 2.4465857054135795e+53
194 -18 5.8590676389146710e+53
196 -18 1.3292414460385219e+54
198 -18 2.8533901439665367e+54
200 -18 5.7786136679908089e+54
202 -18 1.1014913385894178e+55
204 -18 1.9683019518005972e+55
206 -18 3.2833074877885564e+55
208 -18 5.0912040835221742e+55
210 -18 7.2921588905555732e+55
212 -18 9.5789546326444314e+55
214 -18 1.1441809636432639e+56
216 -18 1.2294527965591172e+56
218 -18 1.1710228991043138e+56
220 -18 9.7102903128191225e+55
222 -18 6.8287084919149451e+55
224 -18 3.9265089487691649e+55
226 -18 1.7378048718830380e+55
228 -18 5.2952902168095935e+54
230 -18 8.4517662879454828e+53
126 -17 1.1423739225285077e+23
128 -17 5.6571162004741034e+26
130 -17 1.6400805388189927e+29
132 -17 1.3666637611125580e+31
134 -17 5.5225981222709037e+32
136 -17 1.4303902912223018e+34
138 -17 2.7056000957943559e+35
140 -17 4.0405764895875219e+36
142 -17 5.0016796251860385e+37
144 -17 5.3015636187828905e+38
146 -17 4.9229695880061785e+39
148 -17 4.0814442401157125e+40
150 -17 3.0660994707655175e+41
152 -17 2.1089135548048821e+42
154 -17 1.3376501695130091e+43
156 -17 7.8954520358594620e+43
158 -17 4.3530668214439420e+44
160 -17 2.2567823963703490e+45
162 -17 1.1029880630306022e+46
164 -17 5.0973271453689425e+46
166 -17 2.2340837795370869e+47
168 -17 9.3098102381586346e+47
170 -17 3.6907305174611426e+48
172 -17 1.3942568323124949e+49
174 -17 5.0236913241111581e+49
176 -17 1.7274367878683463e+50
178 -17 5.6738081719216979e+50
180 -17 1.7784638370314862e+51
182 -17 5.3249749149014816e+51
184 -17 1.5211847854448902e+52
186 -17 4.1429211848197964e+52
188 -17 1.0754729526957720e+53
190 -17 2.6551085286912484e+53
192 -17 6.2349332443032383e+53
194 -17 1.3884321055409861e+54
196 -17 2.9250133782657031e+54
198 -17 5.8220113292696827e+54
200 -17 1.0903717605303582e+55
202 -17 1.9154344631124257e+55
204 -17 3.1453773815036477e+55
206 -17 4.7994040314002746e+55
208 -17 6.7676730500804148e+55
210 -17 8.7578669492793657e+55
212 -17 1.0307445908262347e+56
214 -17 1.0915151533191499e+56
216 -17 1.0250759279018188e+56
218 -17 8.3844295803020546e+55
220 -17 5.8190658262597432e+55
222 -17 3.3043809328716480e+55
224 -17 1.4440063162887329e+55
226 -17 4.3502722105046667e+54
228 -17 6.8695647496588884e+53
122 -16 6.6855329865049810e+22
124 -16 2.2734842663464864e+26
126 -16 5.8283506994734475e+28
128 -16 4.6012932056129913e+30
130 -16 1.8024446328078726e+32
132 -16 4.5854109369527729e+33
134 -16 8.5482880777645115e+34
136 -16 1.2636888649282547e+36
138 -16 1.5504541336430841e+37
140 -16 1.6337254009080484e+38
142 -16 1.5114829870023021e+39
144 -16 1.2513280182161651e+40
146 -16 9.3921104706721368e+40
148 -16 6.4638152491495675e+41
150 -16 4.1063102082434067e+42
152 -16 2.4325952759202461e+43
154 -16 1.3491545579234373e+44
156 -16 7.0321041169210933e+44
158 -16 3.4633227094643216e+45
160 -16 1.6144733818204675e+46
162 -16 7.1548654292060574e+46
164 -16 3.0134485560795949e+47
166 -16 1.2103622804070349e+48
168 -16 4.6388911661223553e+48
170 -16 1.6985118499291417e+49
172 -16 5.9401707684979173e+49
174 -16 1.9863534090426811e+50
176 -16 6.3554733506159425e+50
178 -16 1.9445897495722693e+51
180 -16 5.6856230198145023e+51
182 -16 1.5893564596216095e+52
184 -16 4.2383894311040641e+52
186 -16 1.0784600234688883e+53
188 -16 2.6103074937823842e+53
190 -16 6.0178707460766937e+53
192 -16 1.3157971321556054e+54
194 -16 2.7260724194285632e+54
196 -16 5.3331275810125929e+54
198 -16 9.8277923352892348e+54
200 -16 1.7006056048201491e+55
202 -16 2.7485775863729085e+55
204 -16 4.1326598170768416e+55
206 -16 5.7430045931860285e+55
208 -16 7.3262280830440285e+55
210 -16 8.5014796497711487e+55
212 -16 8.8818767273232502e+55
214 -16 8.2302741696457567e+55
216 -16 6.6437057434681126e+55
218 -16 4.5568060264444518e+55
220 -16 2.5549438714672627e+55
222 -16 1.1046540129317519e+55
224 -16 3.2930076681609640e+54
226 -16 5.1467527280703557e+53
118 -15 3.3926852797354551e+22
120 -15 8.2789646712299568e+25
122 -15 1.8961367715042491e+28
124 -15 1.4157788793584000e+30
126 -15 5.3946769861571754e+31
128 -15 1.3420714974989686e+33
130 -15 2.4695493676309678e+34
132 -15 3.6044330041518033e+35
134 -15 4.3873798846536725e+36
136 -15 4.5931007738761719e+37
138 -15 4.2308934952942244e+38
140 -15 3.4918459220766517e+39
142 -15 2.6155855795566896e+40
144 -15 1.8022352202671081e+41
146 -15 1.1465925071571894e+42
148 -15 6.8159686116609119e+42
150 -15 3.7949012512089559e+43
152 -15 1.9898210864976314e+44
154 -15 9.8598264823417041e+44
156 -15 4.6355635410034678e+45
158 -15 2.0729069628122698e+46
160 -15 8.8309304486188790e+46
162 -15 3.5909277345348818e+47
164 -15 1.3944785660804046e+48
166 -15 5.1785200261878718e+48
168 -15 1.8419817816638278e+49
170 -15 6.2704086569368615e+49
172 -15 2.0442429270115785e+50
174 -15 6.3843024308343741e+50
176 -15 1.9097053695104370e+51
178 -15 5.4627908611003536e+51
180 -15 1.4955488608132924e+52
182 -15 3.9094145294738293e+52
184 -15 9.7592248990538460e+52
186 -15 2.3217450563438523e+53
188 -15 5.2553494063142539e+53
190 -15 1.1305840236526053e+54
192 -15 2.3036505691198721e+54
194 -15 4.4367858692575378e+54
196 -15 8.0544726568642081e+54
198 -15 1.3728308140409431e+55
200 -15 2.1871327713918621e+55
202 -15 3.2429901825929796e+55
204 -15 4.4440114129210311e+55
206 -15 5.5919591997790864e+55
208 -15 6.4074781813546699e+55
210 -15 6.6039883832281047e+55
212 -15 6.0486330538328484e+55
214 -15 4.8247376542103072e+55
216 -15 3.2709847211634362e+55
218 -15 1.8141906552361534e+55
220 -15 7.7617245787722713e+54
222 -15 2.2915125931469706e+54
224 -15 3.5541356446064489e+53
114 -14 1.5027856351777505e+22
116 -14 2.7349618719161000e+25
118 -14 5.6264691398385345e+27
120 -14 3.9861318760109122e+29
122 -14 1.4724509152695242e+31
124 -14 3.5863798348043893e+32
126 -14 6.4964536812406888e+33
128 -14 9.3837518771456703e+34
130 -14 1.1301110382978732e+36
132 -14 1.1750591385275745e+37
134 -14 1.0759361277050843e+38
136 -14 8.8523817068163348e+38
138 -14 6.6178415823383279e+39
140 -14 4.5499074957460556e+40
142 -14 2.9020368726297219e+41
144 -14 1.7261533692282346e+42
146 -14 9.6475562511064074e+42
148 -14 5.0882507708272309e+43
150 -14 2.5379621270173322e+44
152 -14 1.2022982977057003e+45
154 -14 5.4198435904295265e+45
156 -14 2.3338862073757599e+46
158 -14 9.5991886362548769e+46
160 -14 3.7724873463964653e+47
162 -14 1.4212449919731716e+48
164 -14 5.1346266528526003e+48
166 -14 1.7778456869724117e+49
168 -14 5.8994013388536506e+49
170 -14 1.8796060275435412e+50
172 -14 5.7400296757029249e+50
174 -14 1.6799517408161164e+51
176 -14 4.7119140641896186e+51
178 -14 1.2646251610306763e+52
180 -14 3.2472741067189616e+52
182 -14 7.9640807968565552e+52
184 -14 1.8628293064720179e+53
186 -14 4.1478653733327294e+53
188 -14 8.7822401926883099e+53
190 -14 1.7629105178082242e+54
192 -14 3.3452665929362525e+54
194 -14 5.9871534625150129e+54
196 -14 1.0061708189757021e+55
198 -14 1.5809898613750863e+55
200 -14 2.3133875706621634e+55
202 -14 3.1292962876600894e+55
204 -14 3.8902944077498794e+55
206 -14 4.4022217025965914e+55
208 -14 4.4850867124749276e+55
210 -14 4.0595448146341366e+55
212 -14 3.2041324251225652e+55
214 -14 2.1486010505009149e+55
216 -14 1.1798516202595619e+55
218 -14 4.9980556160275116e+54
220 -14 1.4644619319749376e+54
222 -14 2.2537043961913556e+53
110 -13 5.8300877323717491e+21
112 -13 8.1413832931358985e+24
114 -13 1.5144397334789249e+27
116 -13 1.0195577920713600e+29
118 -13 3.6568348115552706e+30
120 -13 8.7159936708376492e+31
122 -13 1.5533098609379053e+33
124 -13 2.2121241300257808e+34
126 -13 2.6400043282642328e+35
128 -13 2.7198808497431256e+36
130 -13 2.4751037749046428e+37
132 -13 2.0274366105597215e+38
134 -13 1.5121487010025846e+39
136 -13 1.0385205139617723e+40
138 -13 6.6237270237225227e+40
140 -13 3.9507888202423357e+41
142 -13 2.2140470897029964e+42
144 -13 1.1717436993168600e+43
146 -13 5.8759866670647467e+43
148 -13 2.8050057345248685e+44
150 -13 1.2761083708380975e+45
152 -13 5.5380469407127639e+45
154 -13 2.3019503085348262e+46
156 -13 9.1706298112568863e+46
158 -13 3.5014295795406221e+47
160 -13 1.2820287237785368e+48
162 -13 4.5098113455298646e+48
164 -13 1.5233383553622983e+49
166 -13 4.9408696043088191e+49
168 -13 1.5398139433498572e+50
170 -13 4.6080893071530956e+50
172 -13 1.3230929865222140e+51
174 -13 3.6407259403398929e+51
176 -13 9.5985575462793173e+51
178 -13 2.4229243829209123e+52
180 -13 5.8454312889453498e+52
182 -13 1.3455008897258374e+53
184 -13 2.9512890467272951e+53
186 -13 6.1566383881515910e+53
188 -13 1.2184342038900741e+54
190 -13 2.2808203737011581e+54
192 -13 4.0290326784620499e+54
194 -13 6.6756266833175040e+54
196 -13 1.0361521392712534e+55
198 -13 1.4972201775722899e+55
200 -13 2.0022708927603842e+55
202 -13 2.4590032054761157e+55
204 -13 2.7508205188879225e+55
206 -13 2.7713326656067709e+55
208 -13 2.4821488326549502e+55
210 -13 1.9408580453751849e+55
212 -13 1.2886817461536061e+55
214 -13 7.0122164491896935e+54
216 -13 2.9477167394037701e+54
218 -13 8.5684264142981155e+53
220 -13 1.3115153016767638e+53
106 -12 1.9833037193770230e+21
108 -12 2.1847124407281920e+24
110 -12 3.6971952508916284e+26
112 -12 2.3611379249716590e+28
114 -12 8.2074071844154782e+29
116 -12 1.9162073831205620e+31
118 -12 3.3545923676942519e+32
120 -12 4.7135468141011772e+33
122 -12 5.5589180981060639e+34
124 -12 5.6770135250798601e+35
126 -12 5.1286774272340118e+36
128 -12 4.1784709529128857e+37
130 -12 3.1074883733467466e+38
132 -12 2.1293884426127350e+39
134 -12 1.3576183433333056e+40
136 -12 8.1062419323719747e+40
138 -12 4.5554199487087494e+41
140 -12 2.4193396777692241e+42
142 -12 1.2204063185649130e+43
144 -12 5.8615969904192335e+43
146 -12 2.6857599836728128e+44
148 -12 1.1772343847019985e+45
150 -12 4.9434595387605817e+45
152 -12 1.9904194981514971e+46
154 -12 7.6938482824191937e+46
156 -12 2.8590181178495103e+47
158 -12 1.0209491420724271e+48
160 -12 3.5067373785883391e+48
162 -12 1.1577083315499780e+49
164 -12 3.6776935269015087e+49
166 -12 1.1234187671783831e+50
168 -12 3.2972310408350406e+50
170 -12 9.2913208006639495e+50
172 -12 2.5131455417008377e+51
174 -12 6.5191356344379675e+51
176 -12 1.6194786242945610e+52
178 -12 3.8468168047243995e+52
180 -12 8.7311928143871538e+52
182 -12 1.8874429897933131e+53
184 -12 3.8845885663922684e+53
186 -12 7.5877986944800551e+53
188 -12 1.4021523289489594e+54
190 -12 2.4444407605111522e+54
192 -12 4.0044851028927296e+54
194 -12 6.1424074762627879e+54
196 -12 8.7746030533647791e+54
198 -12 1.1597030177017320e+55
200 -12 1.4092627280951210e+55
202 -12 1.5603337975192076e+55
204 -12 1.5570897046766842e+55
206 -12 1.3817276791498145e+55
208 -12 1.0697788308214756e+55
210 -12 7.0430299395747960e+54
212 -12 3.8036424497231385e+54
214 -12 1.5869861714632536e+54
216 -12 4.5874202152348683e+53
218 -12 6.9854922660940327e+52
102 -11 5.9138563244186508e+20
104 -11 5.2414912682498486e+23
106 -11 8.1146336360240878e+25
108 -11 4.9233458201035357e+27
110 -11 1.6608945731870346e+29
112 -11 3.7845791332180102e+30
114 -11 6.5101808655676311e+31
116 -11 9.0156021860709202e+32
118 -11 1.0510477910192474e+34
120 -11 1.0623745724665732e+35
122 -11 9.5354754802937321e+35
124 -11 7.7108016449376715e+36
126 -11 5.7136465648246338e+37
128 -11 3.9062081700363811e+38
130 -11 2.4864993253370768e+39
132 -11 1.4856049626027893e+40
134 -11 8.3666072932060156e+40
136 -11 4.4630785573334355e+41
138 -11 2.2614301904263929e+42
140 -11 1.0915011491604588e+43
142 -11 5.0401843347497012e+43
144 -11 2.2267231031997453e+44
146 -11 9.4409797527235515e+44
148 -11 3.8434902104968902e+45
150 -11 1.5036998047152822e+46
152 -11 5.6634822391306639e+46
154 -11 2.0524516524727467e+47
156 -11 7.1615971917653492e+47
158 -11 2.4063999548751529e+48
160 -11 7.7854310692517404e+48
162 -11 2.4240201599219590e+49
164 -11 7.2707015786087678e+49
166 -11 2.0957702725627857e+50
168 -11 5.8129186565690993e+50
170 -11 1.5467889674976953e+51
172 -11 3.9526211459472093e+51
174 -11 9.6690391486146469e+51
176 -11 2.2657506382200715e+52
178 -11 5.0722351565128743e+52
180 -11 1.0825868186547416e+53
182 -11 2.1980375227128052e+53
184 -11 4.2419570592773344e+53
186 -11 7.7445109081320241e+53
188 -11 1.3346665929178866e+54
190 -11 2.1636048735186373e+54
192 -11 3.2819701688436237e+54
194 -11 4.6396200826738844e+54
196 -11 6.0716320675152155e+54
198 -11 7.3074223228181399e+54
200 -11 8.0148797676319384e+54
202 -11 7.9279416914500428e+54
204 -11 6.9735559722223999e+54
206 -11 5.3567634681437769e+54
208 -11 3.5005262692817300e+54
210 -11 1.8767354661124095e+54
212 -11 7.7872816828810207e+53
214 -11 2.2401507496252441e+53
216 -11 3.3994123699785547e+52
98 -10 1.5429638054705483e+20
100 -10 1.1198610671376315e+23
102 -10 1.5870483416625321e+25
104 -10 9.1763504198683914e+26
106 -10 3.0037878047443863e+28
108 -10 6.6898772619477927e+29
110 -10 1.1282954509344608e+31
112 -10 1.5392744420800437e+32
114 -10 1.7716963096145969e+33
116 -10 1.7718132594837739e+34
118 -10 1.5751502446540127e+35
120 -10 1.2668266449683170e+36
122 -10 9.3372026405301472e+36
124 -10 6.3697801054794375e+37
126 -10 4.0461580939429663e+38
128 -10 2.4167668010162599e+39
130 -10 1.3633859067451632e+40
132 -10 7.2983464004360901e+40
134 -10 3.7146796972425820e+41
136 -10 1.8026161810396739e+42
138 -10 8.3816328623507729e+42
140 -10 3.7346023972535707e+43
142 -10 1.5975007604229289e+44
144 -10 6.5692276634880986e+44
146 -10 2.6014240256882905e+45
148 -10 9.9175913960715384e+45
150 -10 3.6464729153961398e+46
152 -10 1.2913382568486714e+47
154 -10 4.4141464353107786e+47
156 -10 1.4537547917353692e+48
158 -10 4.6162710781054236e+48
160 -10 1.4126187839577099e+49
162 -10 4.1637764271714047e+49
164 -10 1.1810829652960955e+50
166 -10 3.2230101489258106e+50
168 -10 8.4560148029811684e+50
170 -10 2.1307285287490948e+51
172 -10 5.1476193473585964e+51
174 -10 1.1894056749590845e+52
176 -10 2.6296635559774351e+52
178 -10 5.5454578620465439e+52
180 -10 1.1137845223837370e+53
182 -10 2.1242628052582807e+53
184 -10 3.8372480029653898e+53
186 -10 6.5429747518740244e+53
188 -10 1.0494064656617403e+54
190 -10 1.5764947623142046e+54
192 -10 2.2085941968724796e+54
194 -10 2.8642225150880860e+54
196 -10 3.4178240614311509e+54
198 -10 3.7176896362558815e+54
200 -10 3.6475894485035570e+54
202 -10 3.1850598120315439e+54
204 -10 2.4290231457904939e+54
206 -10 1.5775874416816046e+54
208 -10 8.4177443562123952e+53
210 -10 3.4742815998666418e+53
212 -10 9.9486050832809586e+52
214 -10 1.5080693970300120e+52
92 -9 2.5515437830804234e+14
94 -9 3.5031960726558728e+19
96 -9 2.1265078621869420e+22
98 -9 2.7620068402459915e+24
100 -9 1.5209850742178479e+26
102 -9 4.8196643741009392e+27
104 -9 1.0503965804941118e+29
106 -9 1.7371026087240219e+30
108 -9 2.3282044366498341e+31
110 -9 2.6431994876702274e+32
112 -9 2.6143281853242475e+33
114 -9 2.3031758492269742e+34
116 -9 1.8381958366462828e+35
118 -9 1.3466480728700367e+36
120 -9 9.1502792713550809e+36
122 -9 5.8098775456643575e+37
124 -9 3.4690638327898981e+38
126 -9 1.9602612020718829e+39
128 -9 1.0511793700421696e+40
130 -9 5.3679084400973031e+40
132 -9 2.6223614120478682e+41
134 -9 1.2271575857956905e+42
136 -9 5.5096396770514459e+42
138 -9 2.3796122121217116e+43
140 -9 9.8869932409421345e+43
142 -9 3.9569041159146491e+44
144 -9 1.5289656822084383e+45
146 -9 5.6934733678190938e+45
148 -9 2.0494784641876662e+46
150 -9 7.1100739722672211e+46
152 -9 2.3824607491663944e+47
154 -9 7.7044484985918779e+47
156 -9 2.4048001751808895e+48
158 -9 7.2426199815212985e+48
160 -9 2.1013994795951390e+49
162 -9 5.8762208811597628e+49
164 -9 1.5820074203435425e+50
166 -9 4.0943438087829837e+50
168 -9 1.0186209803101277e+51
170 -9 2.4287112561122349e+51
172 -9 5.5518636929075307e+51
174 -9 1.2133209498359345e+52
176 -9 2.5305447849866885e+52
178 -9 5.0315957732598633e+52
180 -9 9.4942219095851811e+52
182 -9 1.6979495931009016e+53
184 -9 2.8681570913490024e+53
186 -9 4.5616809687819637e+53
188 -9 6.7938586782568261e+53
190 -9 9.4331823943655705e+53
192 -9 1.2143040632105398e+54
194 -9 1.4373837172812303e+54
196 -9 1.5518628301093815e+54
198 -9 1.5123063356281435e+54
200 -9 1.3123943313629760e+54
202 -9 9.9492993693562725e+53
204 -9 6.4335239213236266e+53
206 -9 3.4164077663383295e+53
208 -9 1.4046739934683817e+53
210 -9 4.0172316880997503e+52
212 -9 6.0861494470115868e+51
88 -8 1.7605588616861700e+14
90 -8 6.8764959908110694e+18
92 -8 3.5346930008172323e+21
94 -8 4.2479540618006980e+23
96 -8 2.2260048151383212e+25
98 -8 6.8191543692770941e+26
100 -8 1.4487840654171034e+28
102 -8 2.3481253398765684e+29
104 -8 3.0944190837337403e+30
106 -8 3.4623504625439244e+31
108 -8 3.3878717210879160e+32
110 -8 2.9506931680805674e+33
112 -8 2.3356039896751133e+34
114 -8 1.7024549491218678e+35
116 -8 1.1522691625047378e+36
118 -8 7.3002414260960231e+36
120 -8 4.3555034831907416e+37
122 -8 2.4622105211441829e+38
124 -8 1.3242319244787473e+39
126 -8 6.7920554577278382e+39
128 -8 3.3342583849185499e+40
130 -8 1.5709993807586501e+41
132 -8 7.1055900719151535e+41
134 -8 3.0960623358973299e+42
136 -8 1.2995546821404771e+43
138 -8 5.2629399084942364e+43
140 -8 2.0572277286269501e+44
142 -8 7.7663124960852392e+44
144 -8 2.8326009054856008e+45
146 -8 9.9950471345925155e+45
148 -8 3.4080299916427923e+46
150 -8 1.1222568424965009e+47
152 -8 3.5695011470232058e+47
154 -8 1.0967279770943690e+48
156 -8 3.2549202686475317e+48
158 -8 9.3185708073994904e+48
160 -8 2.5721176349451862e+49
162 -8 6.8353694442834603e+49
164 -8 1.7484613675150663e+50
166 -8 4.2998183635556252e+50
168 -8 1.0145120040215598e+51
170 -8 2.2940395955551980e+51
172 -8 4.9626903982091784e+51
174 -8 1.0251012100064864e+52
176 -8 2.0181706151692263e+52
178 -8 3.7768400483392740e+52
180 -8 6.6966481217054169e+52
182 -8 1.1219924876995194e+53
184 -8 1.7692389151566872e+53
186 -8 2.6144750155259784e+53
188 -8 3.6051763356734973e+53
190 -8 4.6068842802494071e+53
192 -8 5.4215528655727123e+53
194 -8 5.8193756159741245e+53
196 -8 5.6387772928249548e+53
198 -8 4.8657705123786658e+53
200 -8 3.6747500161973637e+53
202 -8 2.3659172815434751e+53
204 -8 1.2532012719099118e+53
206 -8 5.1418938239793793e+52
208 -8 1.4690883100580429e+52
210 -8 2.2298362478109465e+51
84 -7 6.5080151342472484e+13
86 -7 1.1666058355404808e+18
88 -7 5.1130490600110758e+20
90 -7 5.6846366140749270e+22
92 -7 2.8449428893465212e+24
94 -7 8.4258561296503664e+25
96 -7 1.7412470221689554e+27
98 -7 2.7675410858509806e+28
100 -7 3.5790975265243037e+29
102 -7 3.9453808592101604e+30
104 -7 3.8055415439316104e+31
106 -7 3.2852039912402224e+32
108 -7 2.5772770719117261e+33
110 -7 1.8645082188276989e+34
112 -7 1.2564283550950162e+35
114 -7 7.9422319757326706e+35
116 -7 4.7405564670264041e+36
118 -7 2.6830748390921105e+37
120 -7 1.4459731021920328e+38
122 -7 7.4441906809597289e+38
124 -7 3.6753097578223424e+39
126 -7 1.7432532489075928e+40
128 -7 7.9501112197960632e+40
130 -7 3.4937989906177665e+41
132 -7 1.4827080648213804e+42
134 -7 6.0673719850007846e+42
136 -7 2.3985786793904630e+43
138 -7 9.1867438822199261e+43
140 -7 3.4017208973372377e+44
142 -7 1.2176567358840187e+45
144 -7 4.2209276563166800e+45
146 -7 1.4155510677178354e+46
148 -7 4.5922650195639882e+46
150 -7 1.4399712993318653e+47
152 -7 4.3651462549690015e+47
154 -7 1.2783859545740569e+48
156 -7 3.6164799591242683e+48
158 -7 9.8617580293514748e+48
160 -7 2.5924045206014259e+49
162 -7 6.5614681640812716e+49
164 -7 1.5973362534314887e+50
166 -7 3.7317735839125452e+50
168 -7 8.3559284818309857e+50
170 -7 1.7931673079186297e+51
172 -7 3.6715218304683634e+51
174 -7 7.1708532177387460e+51
176 -7 1.3302687295457907e+52
178 -7 2.3426202406430871e+52
180 -7 3.8964937200576847e+52
182 -7 6.1035482601981092e+52
184 -7 8.9620270989075582e+52
186 -7 1.2280038763007351e+53
188 -7 1.5609098816735770e+53
190 -7 1.8270452903091744e+53
192 -7 1.9532640179281546e+53
194 -7 1.8837259224958620e+53
196 -7 1.6199504763436328e+53
198 -7 1.2187196743732626e+53
200 -7 7.8337201280363319e+52
202 -7 4.1407357131669351e+52
204 -7 1.6992746005864364e+52
206 -7 4.8564181866310756e+51
208 -7 7.3945721410191712e+50
80 -6 1.7138967010020154e+13
82 -6 1.6813599852219734e+17
84 -6 6.3644314359522304e+19
86 -6 6.5541424399413255e+21
88 -6 3.1338005813176364e+23
90 -6 8.9752456380214243e+24
92 -6 1.8018487920761545e+26
94 -6 2.7995299043889749e+27
96 -6 3.5595403117620512e+28
98 -6 3.8497413748264408e+29
100 -6 3.6658050157036313e+30
102 -6 3.1284339529766076e+31
104 -6 2.4355246393661728e+32
106 -6 1.7520796308754873e+33
108 -6 1.1740971173763978e+34
110 -6 7.3992404658123051e+34
112 -6 4.4151990882983286e+35
114 -6 2.5028845614018142e+36
116 -6 1.3519537963585134e+37
118 -6 6.9973537083651413e+37
120 -6 3.4775312418837446e+38
122 -6 1.6580283822197826e+39
124 -6 7.6347178003553567e+39
126 -6 3.3859688066863017e+40
128 -6 1.4512895401724009e+41
130 -6 6.0106224359045008e+41
132 -6 2.4086486830745251e+42
134 -6 9.3317131324345405e+42
136 -6 3.5081848057359371e+43
138 -6 1.2767133183069880e+44
140 -6 4.4986489943461696e+44
142 -6 1.5360423928830397e+45
144 -6 5.0750366984680994e+45
146 -6 1.6255088656279195e+46
148 -6 5.0349899454052227e+46
150 -6 1.5089652746834343e+47
152 -6 4.3666532404097974e+47
154 -6 1.2212011230556421e+48
156 -6 3.2949827451880686e+48
158 -6 8.5908541456401650e+48
160 -6 2.1527417685849651e+49
162 -6 5.1952264141462396e+49
164 -6 1.2031927171929881e+50
166 -6 2.6743555297361404e+50
168 -6 5.6950681897742032e+50
170 -6 1.1577391731519832e+51
172 -6 2.2451678219205196e+51
174 -6 4.1386270848144496e+51
176 -6 7.2441244954541373e+51
178 -6 1.1986111214903228e+52
180 -6 1.8668382623862072e+52
182 -6 2.7268516193942613e+52
184 -6 3.7206374012801620e+52
186 -6 4.7095224583084128e+52
188 -6 5.4900145216617754e+52
190 -6 5.8478881016228574e+52
192 -6 5.6252977136524182e+52
194 -6 4.8265670630422143e+52
196 -6 3.6264916286144841e+52
198 -6 2.3274001901874760e+52
200 -6 1.2303316728814614e+52
202 -6 5.0526253242975527e+51
204 -6 1.4480785315470605e+51
206 -6 2.2145176631930696e+50
76 -5 3.4028069786467363e+12
78 -5 2.0280917123160596e+16
80 -5 6.6920223863931945e+18
82 -5 6.4201691696301421e+20
84 -5 2.9195450487709811e+22
86 -5 8.0814470553417582e+23
88 -5 1.5818576097113770e+25
90 -5 2.3959054327778467e+26
92 -5 2.9822523051600770e+27
94 -5 3.1797928991878169e+28
96 -5 2.9783178817041814e+29
98 -5 2.5154271970723995e+30
100 -5 1.9412013099637986e+31
102 -5 1.3855321107143975e+32
104 -5 9.2525893574895158e+32
106 -5 5.8260063291986820e+33
108 -5 3.4744215478888170e+34
110 -5 1.9722337323563607e+35
112 -5 1.0701184111473870e+36
114 -5 5.5661041058219638e+36
116 -5 2.7819348707583529e+37
118 -5 1.3386487385063522e+38
120 -5 6.2127570671496956e+38
122 -5 2.7840090862329785e+39
124 -5 1.2064489375592125e+40
126 -5 5.0588557086807687e+40
128 -5 2.0539302116079331e+41
130 -5 8.0810981883769120e+41
132 -5 3.0817342347628327e+42
134 -5 1.1397924549462703e+43
136 -5 4.0864328247526483e+43
138 -5 1.4207182112122078e+44
140 -5 4.7877815900979432e+44
142 -5 1.5645259956679651e+45
144 -5 4.9488307956604897e+45
146 -5 1.5160393487779167e+46
148 -5 4.4944939343631838e+46
150 -5 1.2890652491732627e+47
152 -5 3.5744301356046763e+47
154 -5 9.5708404556666483e+47
156 -5 2.4722494951225632e+48
158 -5 6.1534958708149684e+48
160 -5 1.4737646560040275e+49
162 -5 3.3918957628232854e+49
164 -5 7.4888961187133414e+49
166 -5 1.5834345397664503e+50
168 -5 3.2019932458303726e+50
170 -5 6.1747041176103807e+50
172 -5 1.1328227732560230e+51
174 -5 1.9722668439143610e+51
176 -5 3.2484279285326615e+51
178 -5 5.0410142093977155e+51
180 -5 7.3396273563292732e+51
182 -5 9.9756215686704072e+51
184 -5 1.2585158935836032e+52
186 -5 1.4635628994083292e+52
188 -5 1.5559206430128986e+52
190 -5 1.4952270208648943e+52
192 -5 1.2808185326174129e+52
194 -5 9.6306878486796223e+51
196 -5 6.1848720978269608e+51
198 -5 3.2734431052517796e+51
200 -5 1.3494047122153847e+51
202 -5 3.8810009568870929e+50
204 -5 5.9742473019671380e+49
72 -4 5.1367174731652161e+11
74 -4 2.0215786238631992e+15
76 -4 5.8419242883754483e+17
78 -4 5.2139601760874742e+19
80 -4 2.2618829592754937e+21
82 -4 6.0469763653730541e+22
84 -4 1.1496845723304638e+24
86 -4 1.7004473841681151e+25
88 -4 2.0718607850370178e+26
90 -4 2.1676916573774636e+27
92 -4 2.0046422459572982e+28
94 -4 1.6726341606409634e+29
96 -4 1.2792024180763577e+30
98 -4 9.0811173209464602e+30
100 -4 6.0526630937016364e+31
102 -4 3.8051381322552246e+32
104 -4 2.2689886652792240e+33
106 -4 1.2937527088338586e+34
108 -4 7.0503923745860484e+34
110 -4 3.6927049499429973e+35
112 -4 1.8576627250199814e+36
114 -4 9.0288029462154928e+36
116 -4 4.2325676634407523e+37
118 -4 1.9183013801958594e+38
120 -4 8.4203398206608674e+38
122 -4 3.5799635781518663e+39
124 -4 1.4737024488326921e+40
126 -4 5.8889572817034174e+40
128 -4 2.2802632398908471e+41
130 -4 8.5748414290613926e+41
132 -4 3.1336211984770046e+42
134 -4 1.1096772298866626e+43
136 -4 3.8085757939316044e+43
138 -4 1.2711015079248843e+44
140 -4 4.1114732586214933e+44
142 -4 1.2887290145140529e+45
144 -4 3.9151637308017408e+45
146 -4 1.1519843786242499e+46
148 -4 3.2795264764463519e+46
150 -4 9.0231885776125463e+46
152 -4 2.3963280408926732e+47
154 -4 6.1531385599848879e+47
156 -4 1.5229849797150932e+48
158 -4 3.6279400056338428e+48
160 -4 8.3016776455793310e+48
162 -4 1.8246915246704070e+49
164 -4 3.8406268042652374e+49
166 -4 7.7298354101418845e+49
168 -4 1.4854081117865061e+50
170 -4 2.7158950005961285e+50
172 -4 4.7118151113972766e+50
174 -4 7.7372394259185533e+50
176 -4 1.1975409544030986e+51
178 -4 1.7400550026162875e+51
180 -4 2.3614657001792262e+51
182 -4 2.9753654972901796e+51
184 -4 3.4566475075697033e+51
186 -4 3.6716765263392639e+51
188 -4 3.5279398902738096e+51
190 -4 3.0272042091659138e+51
192 -4 2.2787076924199532e+51
194 -4 1.4668240031176208e+51
196 -4 7.7898547321304249e+50
198 -4 3.2221561699302433e+50
200 -4 9.3357701930688716e+49
202 -4 1.4492901431160008e+49
68 -3 5.8583050330770508e+10
70 -3 1.6086292810450622e+14
72 -3 4.1102254362261952e+16
74 -3 3.4201054603410360e+18
76 -3 1.4168689015267181e+20
78 -3 3.6437820662937000e+21
80 -3 6.7478234182970572e+22
82 -3 9.6920146860159694e+23
84 -3 1.1571695924783337e+25
86 -3 1.1879668428602914e+26
88 -3 1.0839747770469636e+27
90 -3 8.9411148812905737e+27
92 -3 6.8036129427771804e+28
94 -3 4.8083974776057892e+29
96 -3 3.1985315511886203e+30
98 -3 2.0141236982235385e+31
100 -3 1.2061035010098781e+32
102 -3 6.9134370828628598e+32
104 -3 3.7961910326557457e+33
106 -3 2.0017233036620909e+34
108 -3 1.0182698099027382e+35
110 -3 5.0015586982536001e+35
112 -3 2.3753648010236619e+36
114 -3 1.0910201379502807e+37
116 -3 4.8565980595233086e+37
118 -3 2.0941574224366808e+38
120 -3 8.7761893189084404e+38
122 -3 3.5605940502969712e+39
124 -3 1.4040799815840206e+40
126 -3 5.3769723309586089e+40
128 -3 2.0003982981807612e+41
130 -3 7.2338934548110358e+41
132 -3 2.5371867736883545e+42
134 -3 8.6386628206164276e+42
136 -3 2.8549588789159097e+43
138 -3 9.1642548770302810e+43
140 -3 2.8551157441167160e+44
142 -3 8.6117771169713840e+44
144 -3 2.5191704281453599e+45
146 -3 7.1329308376155402e+45
148 -3 1.9502851719486514e+46
150 -3 5.1633960205591901e+46
152 -3 1.3188982881461262e+47
154 -3 3.2480466298321434e+47
156 -3 7.7065223477925991e+47
158 -3 1.7584230543715713e+48
160 -3 3.8505552690823827e+48
162 -3 8.0864494460170221e+48
164 -3 1.6233953265090623e+49
166 -3 3.1101179188364366e+49
168 -3 5.6785383391635539e+49
170 -3 9.8401006639451161e+49
172 -3 1.6134393710602354e+50
174 -3 2.4935381420308471e+50
176 -3 3.6207192866616767e+50
178 -3 4.9121487193330691e+50
180 -3 6.1891760444341942e+50
182 -3 7.1953121991190759e+50
184 -3 7.6530168819411508e+50
186 -3 7.3678760539486696e+50
188 -3 6.3426626578407369e+50
190 -3 4.7847767154977677e+50
192 -3 3.0923707701642826e+50
194 -3 1.6505077360770303e+50
196 -3 6.8705611551548826e+49
198 -3 2.0080542547468658e+49
200 -3 3.1546492358567453e+48
64 -2 4.8890700083321257e+09
66 -2 9.7795437751127988e+12
68 -2 2.2425951444237240e+15
70 -2 1.7382260489488077e+17
72 -2 6.8788682201651814e+18
74 -2 1.7038008291026239e+20
76 -2 3.0475134290000027e+21
78 -2 4.2781364974507585e+22
80 -2 4.9832189787317908e+23
82 -2 5.0333540676838332e+24
84 -2 4.5278386677855939e+25
86 -2 3.7025652531688619e+26
88 -2 2.8017378424835382e+27
90 -2 1.9806268633533960e+28
92 -2 1.3212547735071030e+29
94 -2 8.3694753759191475e+29
96 -2 5.0573193098232284e+30
98 -2 2.9251887818571277e+31
100 -2 1.6258324004703547e+32
102 -2 8.6889767680580854e+32
104 -2 4.4767593442014553e+33
106 -2 2.2306652871918049e+34
108 -2 1.0745631684338257e+35
110 -2 5.0179615196279329e+35
112 -2 2.2710121429286553e+36
114 -2 9.9776184957055823e+36
116 -2 4.2520226963498703e+37
118 -2 1.7603783542838611e+38
120 -2 7.0788660006357021e+38
122 -2 2.7691894397549596e+39
124 -2 1.0509177815081364e+40
126 -2 3.8791838623975268e+40
128 -2 1.3933437004841913e+41
130 -2 4.8544287476607588e+41
132 -2 1.6433724286922560e+42
134 -2 5.4017154907959972e+42
136 -2 1.7257096810281044e+43
138 -2 5.3483165417547022e+43
140 -2 1.6060606312369413e+44
142 -2 4.6798676957418917e+44
144 -2 1.3190567003845401e+45
146 -2 3.6008844515183802e+45
148 -2 9.4983279404944543e+45
150 -2 2.4197235809257351e+46
152 -2 5.9487155839529480e+46
154 -2 1.4075635607347410e+47
156 -2 3.2059696565741364e+47
158 -2 7.0106046814250364e+47
160 -2 1.4711008245634379e+48
162 -2 2.9509452859504151e+48
164 -2 5.6516971172790957e+48
166 -2 1.0309747470368149e+49
168 -2 1.7859769952530390e+49
170 -2 2.9319264711862437e+49
172 -2 4.5342831761729642e+49
174 -2 6.5921250652204839e+49
176 -2 8.9603253378072556e+49
178 -2 1.1312341849272985e+50
180 -2 1.3180852627382846e+50
182 -2 1.4054328424017859e+50
184 -2 1.3581551430024149e+50
186 -2 1.1734656328840992e+50
188 -2 8.8930404629841748e+49
190 -2 5.7852132897700208e+49
192 -2 3.1081802377061111e+49
194 -2 1.3065382877521193e+49
196 -2 3.8561896366912685e+48
198 -2 6.1380017677856084e+47
60 -1 2.8553255049911690e+08
62 -1 4.3447310785530969e+11
64 -1 8.8851755861188641e+13
66 -1 6.4527524942276700e+15
68 -1 2.4216153021154333e+17
70 -1 5.7833760057732997e+18
72 -1 1.0027808511497686e+20
74 -1 1.3661772447927446e+21
76 -1 1.5579341877570615e+22
78 -1 1.5457039667648379e+23
80 -1 1.3755573563131750e+24
82 -1 1.1220472451360884e+25
84 -1 8.5131861733505642e+25
86 -1 6.0599160857323714e+26
88 -1 4.0817724445983939e+27
90 -1 2.6216295191323787e+28
92 -1 1.6066295176019534e+29
94 -1 9.4540124191730557e+29
96 -1 5.3466494071991112e+30
98 -1 2.9118764446768467e+31
100 -1 1.5288086235294984e+32
102 -1 7.7741358596471544e+32
104 -1 3.8275089978466620e+33
106 -1 1.8248696225279403e+34
108 -1 8.4283659421889933e+34
110 -1 3.7814217215230849e+35
112 -1 1.6492719985887362e+36
114 -1 6.9827388736299866e+36
116 -1 2.8695524088073460e+37
118 -1 1.1485507444020879e+38
120 -1 4.4656430710140040e+38
122 -1 1.6900614377866152e+39
124 -1 6.2066992359628172e+39
126 -1 2.2193046035643460e+40
128 -1 7.7180280312799779e+40
130 -1 2.6052536733451669e+41
132 -1 8.5467089143778636e+41
134 -1 2.7239971972548122e+42
136 -1 8.4204533074354674e+42
138 -1 2.5250425492618261e+43
140 -1 7.3425971214216299e+43
142 -1 2.0664931398870906e+44
144 -1 5.6403142583269158e+44
146 -1 1.4856316700292473e+45
148 -1 3.7848872947044488e+45
150 -1 9.2935145369162103e+45
152 -1 2.2010120563337923e+46
154 -1 5.0163249201820402e+46
156 -1 1.0975518677436876e+47
158 -1 2.3030552147435010e+47
160 -1 4.6232421892396665e+47
162 -1 8.8658512452197204e+47
164 -1 1.6196701133355344e+48
166 -1 2.8137565455607215e+48
168 -1 4.6255872038464074e+48
170 -1 7.1728250400229303e+48
172 -1 1.0459209054122252e+49
174 -1 1.4260691030009023e+49
176 -1 1.8078140934014379e+49
178 -1 2.1152116667430774e+49
180 -1 2.2677886400619222e+49
182 -1 2.2012583536821510e+49
184 -1 1.9119058991330954e+49
186 -1 1.4602293879149126e+49
188 -1 9.5645204767408117e+48
190 -1 5.1911899037923340e+48
192 -1 2.2048101290533071e+48
194 -1 6.5867363373940319e+47
196 -1 1.0654426334465773e+47
56 0 1.0405394110937923e+07
58 0 1.2420505253035118e+10
60 0 2.2715421433993149e+12
62 0 1.5400231946205481e+14
64 0 5.5260513054315240e+15
66 0 1.2664340522329254e+17
68 0 2.1273035646148995e+18
70 0 2.8167194487216574e+19
72 0 3.1476452202801195e+20
74 0 3.0862068528219323e+21
76 0 2.7427743654324510e+22
78 0 2.2563530138853420e+23
80 0 1.7399133108147234e+24
82 0 1.2703741526778287e+25
84 0 8.7882934374134552e+25
86 0 5.7902807779978407e+26
88 0 3.6547022076955284e+27
90 0 2.2114930149830678e+28
92 0 1.2857460674757934e+29
94 0 7.2220200005465600e+29
96 0 3.9149930095882442e+30
98 0 2.0440289167872269e+31
100 0 1.0350922990345888e+32
102 0 5.0722503195244533e+32
104 0 2.4095899150567637e+33
106 0 1.1130230086065885e+34
108 0 4.9841275320975459e+34
110 0 2.1690990928228238e+35
112 0 9.1699958771859269e+35
114 0 3.7706452646244629e+36
116 0 1.5066856237023688e+37
118 0 5.8614208529479403e+37
120 0 2.2165865817181676e+38
122 0 8.1477081383810794e+38
124 0 2.9122233118948802e+39
126 0 1.0131486157552045e+40
128 0 3.4224978307622031e+40
130 0 1.1232640961464529e+41
132 0 3.5814870707676577e+41
134 0 1.1081140915696900e+42
136 0 3.3282130168433911e+42
138 0 9.6848287170399668e+42
140 0 2.7293470373595828e+43
142 0 7.4570598081111336e+43
144 0 1.9685200023020762e+44
146 0 5.0173534821982535e+44
148 0 1.2355241661590022e+45
150 0 2.9306588688376233e+45
152 0 6.6922456173299128e+45
154 0 1.4683746622313916e+46
156 0 3.0904672941027045e+46
158 0 6.2207834387799849e+46
160 0 1.1979070553088077e+47
162 0 2.1967289484242362e+47
164 0 3.8277981737534851e+47
166 0 6.3171017977978367e+47
168 0 9.8405776174427664e+47
170 0 1.4421204982219114e+48
172 0 1.9771806988491921e+48
174 0 2.5197357171192181e+48
176 0 2.9664488293278106e+48
178 0 3.1985704203254654e+48
180 0 3.1289723113950555e+48
182 0 2.7398841329576705e+48
184 0 2.1112909768055963e+48
186 0 1.3959540463998231e+48
188 0 7.6591927985233667e+47
190 0 3.2927893853542063e+47
192 0 9.9877467952773282e+46
194 0 1.6456531093852765e+46
52 1 1.7800305343110432e+05
54 1 1.7058627021747336e+08
56 1 2.8098691752710373e+10
58 1 1.7860862738033787e+12
60 1 6.0839868951139328e+13
62 1 1.3413651944289635e+15
64 1 2.1793687735548872e+16
66 1 2.8209612098101952e+17
68 1 3.1279975748634931e+18
70 1 3.1174495301630108e+19
72 1 2.8810343520156831e+20
74 1 2.4985501862820677e+21
76 1 2.0495282353684382e+22
78 1 1.5846414916832051e+23
80 1 1.1657146545555212e+24
82 1 8.1391625303989135e+24
84 1 5.4237247326509437e+25
86 1 3.4579714838278865e+26
88 1 2.1160849259114740e+27
90 1 1.2426314622398200e+28
92 1 7.0378077009430278e+28
94 1 3.8469719112266357e+29
96 1 2.0289718185407409e+30
98 1 1.0347291892019943e+31
100 1 5.1157139985079943e+31
102 1 2.4495302549645468e+32
104 1 1.1379725875539687e+33
106 1 5.1298081677037754e+33
108 1 2.2477458873810114e+34
110 1 9.5609486731059021e+34
112 1 3.9506070277580381e+35
114 1 1.5883099486754619e+36
116 1 6.2055767069781888e+36
118 1 2.3591368374769482e+37
120 1 8.7049345518717625e+37
122 1 3.1276022736116585e+38
124 1 1.0913299273636520e+39
126 1 3.7026633131785966e+39
128 1 1.2205329699783685e+40
130 1 3.9075778628935119e+40
132 1 1.2143841299860193e+41
134 1 3.6610080094442724e+41
136 1 1.0696686141933574e+42
138 1 3.0296463209236739e+42
140 1 8.2993534566229168e+42
142 1 2.1998081870868946e+43
144 1 5.6289452647123145e+43
146 1 1.3914053548528269e+44
148 1 3.3132583911237307e+44
150 1 7.5994773535191173e+44
152 1 1.6754917554630614e+45
154 1 3.5434135861937920e+45
156 1 7.1729148203135015e+45
158 1 1.3872229191811661e+46
160 1 2.5605446091474124e+46
162 1 4.4816662368228225e+46
164 1 7.4452304812864957e+46
166 1 1.1678943238356514e+47
168 1 1.7233251551616715e+47
170 1 2.3772622942807525e+47
172 1 3.0529433657180134e+47
174 1 3.6229897056451754e+47
176 1 3.9411793438868020e+47
178 1 3.8892370626659807e+47
180 1 3.4395192386932029e+47
182 1 2.6807604020449020e+47
184 1 1.7932943060192096e+47
186 1 9.9703189032572238e+46
188 1 4.3524312504674655e+46
190 1 1.3421428395855038e+46
192 1 2.2566179779279971e+45
56 2 9.5473408627896793e+06
58 2 7.1324055695479193e+09
60 2 1.0286917936043920e+12
62 2 6.1061436223060344e+13
64 2 2.0139270605240420e+15
66 2 4.3256837359962016e+16
68 2 6.8569727056404992e+17
70 2 8.6847720586455194e+18
72 2 9.2805747868577235e+19
74 2 8.7551748368236360e+20
76 2 7.4830140816129660e+21
78 2 5.9474627977651851e+22
80 2 4.4264499875537627e+23
82 2 3.1172101889424857e+24
84 2 2.0859822702880683e+25
86 2 1.3311091013289413e+26
88 2 8.1201124325330575e+26
90 2 4.7512194199431530e+27
92 2 2.6740945653829013e+28
94 2 1.4491639808111328e+29
96 2 7.5829673073270141e+29
98 2 3.8312563844601675e+30
100 2 1.8732395594332977e+31
102 2 8.8521061562619493e+31
104 2 4.0581848635928249e+32
106 2 1.8043283164556693e+33
108 2 7.7847080946891376e+33
110 2 3.2635325456636108e+34
112 2 1.3255699586703371e+35
114 2 5.2410111060724245e+35
116 2 2.0124355214889439e+36
118 2 7.5114329012985950e+36
120 2 2.7220775220619979e+37
122 2 9.5993530467642974e+37
124 2 3.2833529581478735e+38
126 2 1.0897803974665103e+39
128 2 3.5163292088897958e+39
130 2 1.1009127395064992e+40
132 2 3.3428314494009389e+40
134 2 9.8368616488496373e+40
136 2 2.8031562566305473e+41
138 2 7.7281755860691850e+41
140 2 2.0638927351830323e+42
142 2 5.3187896691836919e+42
144 2 1.3235681473144189e+43
146 2 3.1748996064469058e+43
148 2 7.3271008476179314e+43
150 2 1.6265676370927590e+44
152 2 3.4638569785348710e+44
154 2 7.0585557769082746e+44
156 2 1.3762214866603639e+45
158 2 2.5557449359810443e+45
160 2 4.5154336830577893e+45
162 2 7.5552376986375491e+45
164 2 1.1939613178124517e+46
166 2 1.7763401524128810e+46
168 2 2.4725774894557504e+46
170 2 3.2077784163387637e+46
172 2 3.8464535537016351e+46
174 2 4.2281275366903907e+46
176 2 4.2236643090742796e+46
178 2 3.7780754790502966e+46
180 2 2.9808078398930548e+46
182 2 2.0233054748897212e+46
184 2 1.1421463456432931e+46
186 2 5.0645184166412628e+45
188 2 1.5924006124328635e+45
190 2 2.7454332936696049e+44
60 3 2.4274706756770068e+08
62 3 1.3719161284757504e+11
64 3 1.7477516044422266e+13
66 3 9.5519517964492625e+14
68 3 2.9924131622725624e+16
70 3 6.2342164488932902e+17
72 3 9.6738136717417882e+18
74 3 1.1958076802798933e+20
76 3 1.2446424606841208e+21
78 3 1.1360332353095877e+22
80 3 9.3367586579345607e+22
82 3 7.0645026708863460e+23
84 3 4.9854209364389223e+24
86 3 3.3011967841760433e+25
88 3 2.0761255651197616e+26
90 3 1.2404941692867805e+27
92 3 7.1061288789592611e+27
94 3 3.8945662022835053e+28
96 3 2.0513149691758464e+29
98 3 1.0407860151078172e+30
100 3 5.0894544118323444e+30
102 3 2.4089964155106894e+31
104 3 1.1008881129808459e+32
106 3 4.8687444465442747e+32
108 3 2.0869698106597042e+33
110 3 8.6665478849100572e+33
112 3 3.4948948583226856e+34
114 3 1.3649955361033732e+35
116 3 5.1796665688325857e+35
118 3 1.9091130004898256e+36
120 3 6.8154711517725973e+36
122 3 2.3668348417515111e+37
124 3 7.9596927511617904e+37
126 3 2.5977966320477484e+38
128 3 8.2233412226139567e+38
130 3 2.5246244718659210e+39
132 3 7.5118812115356867e+39
134 3 2.1620295258724621e+40
136 3 6.0265533560568584e+40
138 3 1.6230553839876913e+41
140 3 4.2264496721946442e+41
142 3 1.0607261176098688e+42
144 3 2.5691277752268112e+42
146 3 5.9849216750708415e+42
148 3 1.3401256019266244e+43
150 3 2.8803853812863137e+43
152 3 5.9271132240740117e+43
154 3 1.1656032319927409e+44
156 3 2.1847790923234352e+44
158 3 3.8969676289419138e+44
160 3 6.5921137548579097e+44
162 3 1.0524290325675629e+45
164 3 1.5811296991040013e+45
166 3 2.2273502238443348e+45
168 3 2.9209654918678428e+45
170 3 3.5451393277910614e+45
172 3 3.9503809537760769e+45
174 3 3.9950385490248377e+45
176 3 3.6260683756825521e+45
178 3 2.9030428482504375e+45
180 3 2.0012335546607095e+45
182 3 1.1495239024122895e+45
184 3 5.2036535987245716e+44
186 3 1.6703151969147135e+44
188 3 2.9566476951876682e+43
62 4 1.0638427095351853e+05
64 4 3.7520860302696309e+09
66 4 1.6497780520110986e+12
68 4 1.8224071566202162e+14
70 4 9.0673688589495900e+15
72 4 2.6875639513847546e+17
74 4 5.3914399412311204e+18
76 4 8.1198785968841687e+19
78 4 9.7826649706969235e+20
80 4 9.9497908335473863e+21
82 4 8.8189958893475744e+22
84 4 7.0215574502626222e+23
86 4 5.1028893753788462e+24
88 4 3.4387102100200309e+25
90 4 2.1769992237421460e+26
92 4 1.2995831708821041e+27
94 4 7.3756489149486322e+27
96 4 3.9937560444667479e+28
98 4 2.0707254042666568e+29
100 4 1.0302410177997014e+30
102 4 4.9246289635149709e+30
104 4 2.2721013620788997e+31
106 4 1.0091613668342704e+32
108 4 4.3384972622988205e+32
110 4 1.8007300667268134e+33
112 4 7.2341159995753976e+33
114 4 2.8188606752291902e+34
116 4 1.0623782369264264e+35
118 4 3.8760588761849942e+35
120 4 1.3723015155801360e+36
122 4 4.7059840548699095e+36
124 4 1.5636005456085942e+37
126 4 5.0260506790172628e+37
128 4 1.5694294611713759e+38
130 4 4.7379928147865617e+38
132 4 1.3835866299516614e+39
134 4 3.9082287348383824e+39
136 4 1.0662914090065478e+40
138 4 2.8117468778841158e+40
140 4 7.1476190741837987e+40
142 4 1.7510909966274583e+41
144 4 4.1293602748670823e+41
146 4 9.3550232833899341e+41
148 4 2.0329558296886013e+42
150 4 4.2371334691381318e+42
152 4 8.4241998999318127e+42
154 4 1.5985651605846871e+43
156 4 2.8846243435323559e+43
158 4 4.9340901047074197e+43
160 4 7.9811036889808676e+43
162 4 1.2147490357482382e+44
164 4 1.7311102115897249e+44
166 4 2.3012578687422497e+44
168 4 2.8310510558167677e+44
170 4 3.2002404796082892e+44
172 4 3.2871303412985534e+44
174 4 3.0301516183559541e+44
176 4 2.4674212876427089e+44
178 4 1.7334358319000833e+44
180 4 1.0147191452098443e+44
182 4 4.6977098383120125e+43
184 4 1.5438886541215077e+43
186 4 2.8146276705003807e+42
66 5 2.8667378585828785e+06
68 5 3.9185077529081795e+10
70 5 1.3450955748423580e+13
72 5 1.3026030003433370e+15
74 5 5.8756987766189800e+16
76 5 1.6323520220353674e+18
78 5 3.1279620056158319e+19
80 5 4.5485803891099822e+20
82 5 5.3276230794893203e+21
84 5 5.2612141493814907e+22
86 5 4.5310803598006492e+23
88 5 3.4893729394184522e+24
90 5 2.4452152859792304e+25
92 5 1.5862210302240091e+26
94 5 9.6125213561103951e+26
96 5 5.4840359504328830e+27
98 5 2.9688577282117935e+28
100 5 1.5271661122091230e+29
102 5 7.5090342454780354e+29
104 5 3.5390893853761377e+30
106 5 1.6000622258040326e+31
108 5 6.9559715583215890e+31
110 5 2.9133377339529689e+32
112 5 1.1772395581393004e+33
114 5 4.5945909520879378e+33
116 5 1.7305772127317850e+34
118 5 6.3210287429001097e+34
120 5 2.2247967483571598e+35
122 5 7.5789057137934541e+35
124 5 2.4950225422181446e+36
126 5 7.9596482252454387e+36
128 5 2.4511269014900819e+37
130 5 7.2887301863722954e+37
132 5 2.0963428924212949e+38
134 5 5.8236420911476915e+38
136 5 1.5612546375802561e+39
138 5 4.0351767057933384e+39
140 5 1.0037681217484849e+40
142 5 2.4023797097026364e+40
144 5 5.5159708201284431e+40
146 5 1.2160095042594432e+41
148 5 2.5701231187809837e+41
150 5 5.1841332800630759e+41
152 5 9.9746692783269921e+41
154 5 1.8250120045579442e+42
156 5 3.1692772921668689e+42
158 5 5.1930079694804799e+42
160 5 8.0265580004366883e+42
162 5 1.1614716982413134e+43
164 5 1.5670915371218365e+43
166 5 1.9591235365316763e+43
168 5 2.2487197215306005e+43
170 5 2.3517017869360534e+43
172 5 2.2074608822158104e+43
174 5 1.8311744339448628e+43
176 5 1.3135916057050545e+43
178 5 7.8527065458665320e+42
180 5 3.7177415948684435e+42
182 5 1.2560526061622478e+42
184 5 2.3699239400253449e+41
70 6 5.1712930397866420e+07
72 6 2.9150607374044720e+11
74 6 7.8477346182706156e+13
76 6 6.6830596990174200e+15
78 6 2.7588149447549030e+17
80 6 7.1044314089904302e+18
82 6 1.2998062873315287e+20
84 6 1.8150524857660924e+21
86 6 2.0494110497804858e+22
88 6 1.9593065805114941e+23
90 6 1.6332247469928929e+24
92 6 1.2134522787109810e+25
94 6 8.2126876355461776e+25
96 6 5.1303855643926830e+26
98 6 2.9764904862288213e+27
100 6 1.6247227394568146e+28
102 6 8.3940434665268335e+28
104 6 4.1128553545507180e+29
106 6 1.9164683972156374e+30
108 6 8.5472970802599851e+30
110 6 3.6555251288666398e+31
112 6 1.5009337382487550e+32
114 6 5.9210452711195237e+32
116 6 2.2477862204873520e+33
118 6 8.2290260105657975e+33
120 6 2.9072029497632127e+34
122 6 9.8851176321003603e+34
124 6 3.2440108250809499e+35
126 6 1.0278827358081866e+36
128 6 3.1397440389970787e+36
130 6 9.2392507066179415e+36
132 6 2.6266330249610127e+37
134 6 7.1921971520116676e+37
136 6 1.8957989241697421e+38
138 6 4.8078485809188986e+38
140 6 1.1720377623732963e+39
142 6 2.7434208515901982e+39
144 6 6.1516291593759294e+39
146 6 1.3214166896779239e+40
148 6 2.7129266858677438e+40
150 6 5.3110085924543972e+40
152 6 9.8752777981486448e+40
154 6 1.7419527890416440e+41
156 6 2.9057005906265793e+41
158 6 4.5618085519093953e+41
160 6 6.7141917727451125e+41
162 6 9.2131604506351649e+41
164 6 1.1733595431137013e+42
166 6 1.3717642166100795e+42
168 6 1.4615110700254934e+42
170 6 1.3991090647399723e+42
172 6 1.1850294171947316e+42
174 6 8.6879980858750321e+41
176 6 5.3198671962519402e+41
178 6 2.5830339478583110e+41
180 6 8.9941009251043332e+40
182 6 1.7579155557447933e+40
74 7 5.3316670098604226e+08
76 7 1.6095731169923704e+12
78 7 3.3751676165577425e+14
80 7 2.5557639992363916e+16
82 7 9.6038319475150592e+17
84 7 2.3030141155986977e+19
86 7 3.9832340440379510e+20
88 7 5.3181213312476963e+21
90 7 5.7762367223225014e+22
92 7 5.3265107253576510e+23
94 7 4.2777541032804266e+24
96 7 3.0631172144529966e+25
98 7 1.9906947357695668e+26
100 7 1.1954644773514273e+27
102 7 6.6471829954645855e+27
104 7 3.4613462525175185e+28
106 7 1.6988443077082118e+29
108 7 7.9037209547912811e+29
110 7 3.4988697886067371e+30
112 7 1.4770727915983609e+31
114 7 5.9652873153932895e+31
116 7 2.3040883833320413e+32
118 7 8.5464545763741466e+32
120 7 3.0374162547237238e+33
122 7 1.0390733790878640e+34
124 7 3.4197429237927109e+34
126 7 1.0812796755759225e+35
128 7 3.2928087688425601e+35
130 7 9.6450467780428721e+35
132 7 2.7152876731312642e+36
134 7 7.3604034004842399e+36
136 7 1.9133413409964898e+37
138 7 4.7729476540704122e+37
140 7 1.1438024129997311e+38
142 7 2.6196738773846301e+38
144 7 5.7477057271695410e+38
146 7 1.2036844540262004e+39
148 7 2.4019121477213393e+39
150 7 4.5581777910824469e+39
152 7 8.1989955809926980e+39
154 7 1.3938437609342725e+40
156 7 2.2281168799097981e+40
158 7 3.3465369346912348e+40
160 7 4.6847011165218600e+40
162 7 6.0830341253711553e+40
164 7 7.2595173172998581e+40
166 7 7.8909717893583471e+40
168 7 7.7202334734287061e+40
170 7 6.6897122483293706e+40
172 7 5.0202838760803713e+40
174 7 3.1560991047478974e+40
176 7 1.5754795621647186e+40
178 7 5.6632605643412242e+39
180 7 1.1539898558993754e+39
78 8 3.8301479859900231e+09
80 8 6.7249225453331162e+12
82 8 1.1063879227778710e+15
84 8 7.3991940733098896e+16
86 8 2.5429422542897085e+18
88 8 5.6768702292077978e+19
90 8 9.2361823793790242e+20
92 8 1.1688439158988620e+22
94 8 1.2174305096559628e+23
96 8 1.0741633050128602e+24
98 8 8.2996926279131934e+24
100 8 5.7074692482559377e+25
102 8 3.5647635585458930e+26
104 8 2.0395159993367427e+27
106 8 1.0831248329436165e+28
108 8 5.3780812665819197e+28
110 8 2.5119029774627955e+29
112 8 1.1055728301038300e+30
114 8 4.6330462359857951e+30
116 8 1.8436360501748389e+31
118 8 6.9866974275010571e+31
120 8 2.5298172923913466e+32
122 8 8.7760506108255187e+32
124 8 2.9120683468678782e+33
126 8 9.2635929736569909e+33
128 8 2.8231258857472275e+34
130 8 8.2710693452772507e+34
132 8 2.3174839622232010e+35
134 8 6.2265446605247083e+35
136 8 1.6033823707039114e+36
138 8 3.9520365774905587e+36
140 8 9.3179077442682107e+36
142 8 2.0963562704490064e+37
144 8 4.4987914465271422e+37
146 8 9.1972840339815811e+37
148 8 1.7865754093732109e+38
150 8 3.2882828314814979e+38
152 8 5.7204264059944621e+38
154 8 9.3581793710288634e+38
156 8 1.4360850990937257e+39
158 8 2.0544956536886288e+39
160 8 2.7235066358820242e+39
162 8 3.3266693722474751e+39
164 8 3.6992299647992474e+39
166 8 3.7081156340239294e+39
168 8 3.2931813965578282e+39
170 8 2.5350412710480082e+39
172 8 1.6382285032514934e+39
174 8 8.4351316604087201e+38
176 8 3.1332613302825991e+38
178 8 6.6793278681850980e+37
82 9 1.8777270048067917e+10
84 9 2.1759855574833375e+13
86 9 2.7814160255168615e+15
88 9 1.6357531754904480e+17
90 9 5.1520349387703480e+18
92 9 1.0716550948031870e+20
94 9 1.6378964984364943e+21
96 9 1.9612155667833606e+22
98 9 1.9476315919109216e+23
100 9 1.6413294292450749e+24
102 9 1.2113755420479291e+25
104 9 7.9674288385377257e+25
106 9 4.7424879746186761e+26
108 9 2.5847989252742699e+27
110 9 1.3060522037413425e+28
112 9 6.1467772278434927e+28
114 9 2.7098776215311441e+29
116 9 1.1278961202971200e+30
118 9 4.4405170937358746e+30
120 9 1.6580916118162027e+31
122 9 5.8893676200143651e+31
124 9 1.9886870071528941e+32
126 9 6.4149629470495636e+32
128 9 1.9725409088597896e+33
130 9 5.7880796545415083e+33
132 9 1.6243920752069024e+34
134 9 4.3566798896928677e+34
136 9 1.1144061199793257e+35
138 9 2.7241027531873353e+35
140 9 6.3387632903432781e+35
142 9 1.4045827378624555e+36
144 9 2.9553339330729594e+36
146 9 5.9089510780711163e+36
148 9 1.1178000194113232e+37
150 9 1.9940618638501066e+37
152 9 3.3489235508051637e+37
154 9 5.2737866039148476e+37
156 9 7.7445277686091594e+37
158 9 1.0533081195593414e+38
160 9 1.3185959470240299e+38
162 9 1.5050296843976259e+38
164 9 1.5479208404855961e+38
166 9 1.4131934377702052e+38
168 9 1.1202989174816286e+38
170 9 7.4567703777512040e+37
172 9 3.9649457420481720e+37
174 9 1.5254614484701803e+37
176 9 3.4095011530361147e+36
86 10 6.6781901229205803e+10
88 10 5.4240882233257898e+13
90 10 5.4470382787088580e+15
92 10 2.8078429866771645e+17
94 10 8.0672782402570363e+18
96 10 1.5574465007915896e+20
98 10 2.2353003221134808e+21
100 10 2.5310570746401484e+22
102 10 2.3785601550759500e+23
104 10 1.9069733503031189e+24
106 10 1.3377902606741578e+25
108 10 8.3287571354099480e+25
110 10 4.7119468661012718e+26
112 10 2.4383724217463641e+27
114 10 1.1644054760301177e+28
116 10 5.1710880812215617e+28
118 10 2.1456435168386852e+29
120 10 8.3868807357603753e+29
122 10 3.0862821037946487e+30
124 10 1.0755511289961295e+31
126 10 3.5477821836706480e+31
128 10 1.1094860488892813e+32
130 10 3.3006723913792289e+32
132 10 9.3271097633451236e+32
134 10 2.5055273815061940e+33
136 10 6.4006632510355570e+33
138 10 1.5562832313529952e+34
140 10 3.5895346408945204e+34
142 10 7.8592479629763334e+34
144 10 1.6261086295868092e+35
146 10 3.1815601670293954e+35
148 10 5.8647263077187584e+35
150 10 1.0175229335639469e+36
152 10 1.6506557934839619e+36
154 10 2.4932408441150855e+36
156 10 3.4919609640312795e+36
158 10 4.4991973200152096e+36
160 10 5.2862575989500688e+36
162 10 5.6032281646718025e+36
164 10 5.2672725334247026e+36
166 10 4.3021623169647841e+36
168 10 2.9629739394413447e+36
170 10 1.6318254371670574e+36
172 10 6.5272799223517430e+35
174 10 1.5359048303797181e+35
90 11 1.6795307107127011e+11
92 11 1.0393125517384998e+14
94 11 8.3841251267499230e+15
96 11 3.7575463489308538e+17
98 11 9.8075823282934047e+18
100 11 1.7508420115151733e+20
102 11 2.3475467198017556e+21
104 11 2.4972606605929791e+22
106 11 2.2182082306957084e+23
108 11 1.6783173068661777e+24
110 11 1.1144941284466226e+25
112 11 6.5747416262614210e+25
114 11 3.5027218645629098e+26
116 11 1.7111716845525770e+27
118 11 7.6733025840888431e+27
120 11 3.1894046340804960e+28
122 11 1.2407193823157160e+29
124 11 4.5142414725061086e+29
126 11 1.5418848725404296e+30
128 11 4.9642680570558810e+30
130 11 1.5095109735110442e+31
132 11 4.3400621931491395e+31
134 11 1.1775810707081929e+32
136 11 3.0246570655961113e+32
138 11 7.3547072472180846e+32
140 11 1.6859972565442694e+33
142 11 3.6578333793463499e+33
144 11 7.4567168773302616e+33
146 11 1.4338098159014046e+34
148 11 2.5812640884956185e+34
150 11 4.3463168140922087e+34
152 11 6.8044077697267921e+34
154 11 9.8597722275948428e+34
156 11 1.3137316576952353e+35
158 11 1.5969669331375983e+35
160 11 1.7471040840405020e+35
162 11 1.7006727416795349e+35
164 11 1.4372183704196098e+35
166 11 1.0229337003731486e+35
168 11 5.8610849018461377e+34
170 11 2.4437035326682731e+34
172 11 6.1003664661093381e+33
94 12 3.0695402056439526e+11
96 12 1.5295779565481103e+14
98 12 1.0184056342211856e+16
100 12 3.9265510249609568e+17
102 12 9.2821024451694490e+18
104 12 1.5275470324343207e+20
106 12 1.9008942805370777e+21
108 12 1.8967369158216213e+22
110 12 1.5772391097330953e+23
112 12 1.1209075835088342e+24
114 12 6.9930636122168350e+24
116 12 3.8782333177650840e+25
118 12 1.9401121847796979e+26
120 12 8.8540189391123360e+26
122 12 3.7130227941603992e+27
124 12 1.4357320842964798e+28
126 12 5.1684311643477232e+28
128 12 1.7357895550799292e+29
130 12 5.4557841170380209e+29
132 12 1.6120955277392467e+30
134 12 4.4560209767737008e+30
136 12 1.1595320492604954e+31
138 12 2.8364835332222427e+31
140 12 6.5091950325950475e+31
142 12 1.4045905993858702e+32
144 12 2.8387709114018920e+32
146 12 5.3664725258399983e+32
148 12 9.4562355709626397e+32
150 12 1.5462458870126828e+33
152 12 2.3354478965089335e+33
154 12 3.2381614565268997e+33
156 12 4.0947076043563517e+33
158 12 4.6628306487468471e+33
160 12 4.7107004451026677e+33
162 12 4.1460058726058383e+33
164 12 3.0687242108358154e+33
166 12 1.8344935441756633e+33
168 12 8.0005504412850256e+32
170 12 2.1215101125791667e+32
98 13 4.0498222206123718e+11
100 13 1.7289839220069378e+14
102 13 9.7042894611697600e+15
104 13 3.2210870263280666e+17
106 13 6.8368808918469243e+18
108 13 1.0295849588138667e+20
110 13 1.1881586138575392e+21
112 13 1.0993959103041183e+22
114 13 8.4944720777712117e+22
116 13 5.6547260349404198e+23
118 13 3.2958504896814343e+24
120 13 1.7012425545888123e+25
122 13 7.9090575911919474e+25
124 13 3.3483039093689076e+26
126 13 1.2951184017049618e+27
128 13 4.6228506808465299e+27
130 13 1.5283901898440867e+28
132 13 4.6898636005191705e+28
134 13 1.3399462653185874e+29
136 13 3.5613318766140885e+29
138 13 8.8473152400575006e+29
140 13 2.0511810488779917e+30
142 13 4.4216619751604276e+30
144 13 8.8950894517593536e+30
146 13 1.6599687462169326e+31
148 13 2.8636373120475593e+31
150 13 4.5620938973183708e+31
152 13 6.6332537048164307e+31
154 13 8.7844024627047703e+31
156 13 1.0482441725602189e+32
158 13 1.1068393298812999e+32
160 13 1.0190689114629867e+32
162 13 7.9010725246216672e+31
164 13 4.9613617491320899e+31
166 13 2.2713725599024193e+31
168 13 6.4459911809374383e+30
102 14 3.9532482767049182e+11
104 14 1.4689781890944206e+14
106 14 7.1322137326685630e+15
108 14 2.0431420047532550e+17
110 14 3.8836726663567268e+18
112 14 5.3278685305100714e+19
114 14 5.6482720989961696e+20
116 14 4.8311452686194007e+21
118 14 3.4608533466819324e+22
120 14 2.1280948154546614e+23
122 14 1.1475120480033615e+24
124 14 5.4783199068491523e+24
126 14 2.3422578923755921e+25
128 14 9.1007034988930954e+25
130 14 3.2235459690717006e+26
132 14 1.0466239641024346e+27
134 14 3.1206413800447048e+27
136 14 8.6041779728191048e+27
138 14 2.1946455704452858e+28
140 14 5.1753954237550069e+28
142 14 1.1262328586519153e+29
144 14 2.2643975888495200e+29
146 14 4.1927091449107632e+29
148 14 7.1124912568363394e+29
150 14 1.1013605804090621e+30
152 14 1.5454291786193330e+30
154 14 1.9494812205832404e+30
156 14 2.1721349179010116e+30
158 14 2.1070679809624892e+30
160 14 1.7225987744636291e+30
162 14 1.1431425182369028e+30
164 14 5.5302914065987093e+29
166 14 1.6976784587651502e+29
106 15 2.8110097207003723e+11
108 15 9.4398472218672250e+13
110 15 4.0229441522029525e+15
112 15 1.0047305976721058e+17
114 15 1.7006482647865029e+18
116 15 2.1057582537417503e+19
118 15 2.0334703728173623e+20
120 15 1.5941689841403345e+21
122 15 1.0489015777284887e+22
124 15 5.9021638783291384e+22
126 15 2.9064960397206818e+23
128 15 1.2663015254987185e+24
130 15 4.9343037477164921e+24
132 15 1.7330290160305283e+25
134 15 5.5326754127096174e+25
136 15 1.6047391408823309e+26
138 15 4.2504971892573437e+26
140 15 1.0299951901385095e+27
142 15 2.2797446813177969e+27
144 15 4.6194068338302749e+27
146 15 8.5185459018763775e+27
148 15 1.4289303440483757e+28
150 15 2.1590044338971669e+28
152 15 2.9162532923910002e+28
154 15 3.4752053474209056e+28
156 15 3.5982844159929011e+28
158 15 3.1278459594813955e+28
160 15 2.2132979200835444e+28
162 15 1.1407710200634628e+28
164 15 3.8305878077113844e+27
108 16 1.8316987062438359e+05
110 16 1.6260916422999539e+11
112 16 4.5401388766588094e+13
114 16 1.7318920164104878e+15
116 16 3.7732680246624392e+16
118 16 5.6447497086538835e+17
120 16 6.2899936158831022e+18
122 16 5.4698472459782038e+19
124 16 3.8966272938901530e+20
126 16 2.3206915891646743e+21
128 16 1.1765152076603960e+22
130 16 5.2296687086611156e+22
132 16 2.0454446420973087e+23
134 16 7.1189990311082904e+23
136 16 2.2240225601040998e+24
138 16 6.2532326115472690e+24
140 16 1.5809616971574958e+25
142 16 3.6072175598889563e+25
144 16 7.4312139005948007e+25
146 16 1.3769340736462371e+26
148 16 2.2858555172130123e+26
150 16 3.3769965519694466e+26
152 16 4.3550466135590337e+26
154 16 4.8921640482792167e+26
156 16 4.5904836046143797e+26
158 16 3.5134369673117106e+26
160 16 1.9425340918848079e+26
162 16 7.1901073038430771e+25
112 17 3.4326915041381979e+08
114 17 7.2663720095621414e+10
116 17 1.6414632984514637e+13
118 17 5.4941963897146306e+14
120 17 1.0558319867810074e+16
122 17 1.3920873253790198e+17
124 17 1.3815216529927741e+18
126 17 1.0727990159031529e+19
128 17 6.8098897648799769e+19
130 17 3.6185130270473631e+20
132 17 1.6444145288618299e+21
134 17 6.4811960525415367e+21
136 17 2.2229946920670411e+22
138 17 6.7578498149126561e+22
140 17 1.8171586606607695e+23
142 17 4.3303040244552108e+23
144 17 9.1670884867253513e+23
146 17 1.7216217538306164e+24
148 17 2.8504397803245555e+24
150 17 4.0909712387870608e+24
152 17 5.0810818055534637e+24
154 17 5.2272542156508228e+24
156 17 4.4066592362870611e+24
158 17 2.6504910112398572e+24
160 17 1.1119579680754634e+24
116 18 3.2227434870597583e+08
118 18 3.1546107382074692e+10
120 18 4.3673210029037461e+12
122 18 1.2940879220480703e+14
124 18 2.1568276317749130e+15
126 18 2.5056706906781644e+16
128 18 2.1704556589963965e+17
130 18 1.4817299908099840e+18
132 18 8.2550791863376753e+18
134 18 3.8411169572454662e+19
136 18 1.5150896490229357e+20
138 18 5.1371290708085755e+20
140 18 1.5056646252292787e+21
142 18 3.8322186944201905e+21
144 18 8.4634570913590238e+21
146 18 1.6297279290993791e+22
148 18 2.6849431516425755e+22
150 18 3.8024829975442766e+22
152 18 4.3797833162659755e+22
154 18 4.1806769867473532e+22
156 18 2.7797879778415141e+22
158 18 1.3427026508540786e+22
120 19 2.1253362755325282e+08
122 19 1.0730846149214575e+10
124 19 8.8438588675165430e+11
126 19 2.1771008567096754e+13
128 19 3.1716411885007150e+14
130 19 3.1388202897578165e+15
132 19 2.3689196994503288e+16
134 19 1.3862709390485261e+17
136 19 6.6368939316364250e+17
138 19 2.5994847453574886e+18
140 19 8.5870644094300119e+18
142 19 2.3760498554424709e+19
144 19 5.6236557499447788e+19
146 19 1.1131776555816668e+20
148 19 1.8715780944549531e+20
150 19 2.5104440704563629e+20
152 19 2.7892954266679362e+20
154 19 2.1067990513563222e+20
156 19 1.2199822506443679e+20
124 20 6.8272454219380468e+07
126 20 2.9691136273336582e+09
128 20 1.2994945107816278e+11
130 20 2.6698607321121123e+12
132 20 3.1813519762248496e+13
134 20 2.6877197286783612e+14
136 20 1.6565442278298688e+15
138 20 8.1359439044946530e+15
140 20 3.1373304803526880e+16
142 20 1.0018709319517925e+17
144 20 2.5389444140811171e+17
146 20 5.4204739597192755e+17
148 20 8.8770580624900570e+17
150 20 1.2169931223709002e+18
152 20 1.0777284431864353e+18
154 20 7.7695407938562048e+17
128 21 1.6269822766273292e+07
130 21 4.7200754646677828e+08
132 21 1.4534288131528767e+10
134 21 2.1479391704923175e+11
136 21 2.1335868075814851e+12
138 21 1.3923075907883820e+13
140 21 7.0513384859086734e+13
142 21 2.5780743174261116e+14
144 21 7.7931937731224138e+14
146 21 1.6694363952797360e+15
148 21 3.0349312347633600e+15
150 21 3.3075057645126420e+15
152 21 3.1420676176557525e+15
132 22 2.0536607798192699e+06
134 22 5.5521705856551021e+07
136 22 9.4997990480778682e+08
138 22 1.1638790999804052e+10
140 22 7.8517873247207260e+10
142 22 4.1157193901923474e+11
144 22 1.3175678504070601e+12
146 22 3.6048273853110854e+12
148 22 5.2191322820119736e+12
150 22 7.1420410990034170e+12
136 23 1.7985066708569325e+05
138 23 3.0468075197172938e+06
140 23 4.2523052713503212e+07
142 23 2.7402119999794847e+08
144 23 1.4713288570216966e+09
146 23 3.3155808345056434e+09
148 23 7.4200411274594555e+09
140 24 5.4959086406026063e+03
142 24 1.1043760466249182e+05
144 24 5.4131304831940075e+05
146 24 2.6209824174678568e+06
144 25 1.8373817233083318e+02
