156 -26 2.0969674239638616e+03
150 -25 1.3657319065696485e+04
152 -25 1.0680871406442452e+05
154 -25 3.1700455948100083e+04
156 -25 4.5753622135729791e+05
144 -24 6.5553789364018477e+04
146 -24 6.9608527903116075e+05
148 -24 2.5563789171479871e+06
150 -24 5.2919351046064934e+06
152 -24 1.4273184558487134e+07
154 -24 6.4207663049980979e+06
156 -24 2.0499715511546969e+07
138 -23 1.5102182257083876e+05
140 -23 2.6459421850196263e+06
142 -23 1.5857025943843201e+07
144 -23 5.5898828013646588e+07
146 -23 1.4441073561111331e+08
148 -23 2.8037284794409108e+08
150 -23 3.8651403857401907e+08
152 -23 5.6928140089703929e+08
154 -23 3.0121404273176265e+08
156 -23 4.8609707867200780e+08
132 -22 1.6557686703928004e+05
134 -22 5.4960875614811992e+06
136 -22 5.1453640075505093e+07
138 -22 2.6210831505899152e+08
140 -22 9.0918167347858393e+08
142 -22 2.3333823968061557e+09
144 -22 4.8654132683925056e+09
146 -22 8.0897992454519224e+09
148 -22 1.1446271671505909e+10
150 -22 1.2864172687750441e+10
152 -22 1.4203013668472582e+10
154 -22 7.7519866015555744e+09
156 -22 8.5850827648589077e+09
126 -21 8.2589263031564769e+04
128 -21 6.0814301404665662e+06
130 -21 9.7309336834709868e+07
132 -21 7.1109334246310532e+08
134 -21 3.3260326761097355e+09
136 -21 1.1281101953196859e+10
138 -21 2.9891459944999969e+10
140 -21 6.5021774975853271e+10
142 -21 1.1793034685650296e+11
144 -21 1.8621170984345154e+11
146 -21 2.5264928108067947e+11
148 -21 2.9884587818502197e+11
150 -21 2.9622138712219946e+11
152 -21 2.7132958464857422e+11
154 -21 1.4711901696731430e+11
156 -21 1.2297454828100020e+11
120 -20 1.5994059396982586e+04
122 -20 3.4741829630962093e+06
124 -20 1.0361644059791674e+08
126 -20 1.1861443871521232e+09
128 -20 7.6517976902950726e+09
130 -20 3.3898942713066242e+10
132 -20 1.1427597410934814e+11
134 -20 3.0963422066397809e+11
136 -20 7.0353019040375012e+11
138 -20 1.3792615252181863e+12
140 -20 2.3649243550544307e+12
142 -20 3.5797278348483975e+12
144 -20 4.8310842935277500e+12
146 -20 5.7145158336378574e+12
148 -20 5.9959347909776787e+12
150 -20 5.3496451208153262e+12
152 -20 4.2725939945471636e+12
154 -20 2.2530997895422896e+12
156 -20 1.5089186652133457e+12
114 -19 4.6627013398207043e+02
116 -19 9.2895694136452593e+05
118 -19 6.1151238806057364e+07
120 -19 1.1894306793449521e+09
122 -19 1.1324624178494827e+10
124 -19 6.7065379222615570e+10
126 -19 2.8849273200297943e+11
128 -19 9.7185333290855322e+11
130 -19 2.7120250530271089e+12
132 -19 6.4635182297657305e+12
134 -19 1.3414569132732908e+13
136 -19 2.4736109045210289e+13
138 -19 4.0900721279358266e+13
140 -19 6.0854957411212578e+13
142 -19 8.1238108949982297e+13
144 -19 9.7640375083737297e+13
146 -19 1.0437832721596334e+14
148 -19 9.9225011911951312e+13
150 -19 8.1463046113875828e+13
152 -19 5.8317612684135492e+13
154 -19 2.9532801371681262e+13
156 -19 1.6382420719086465e+13
110 -18 8.7028139941980538e+04
112 -18 1.7982382595332995e+07
114 -18 6.9405750988809264e+08
116 -18 1.0615914949288145e+10
118 -18 8.8836919555976654e+10
120 -18 4.9923510225108856e+11
122 -18 2.1141451872336086e+12
124 -18 7.2008011340901152e+12
126 -18 2.0614320000538727e+13
128 -18 5.1168652070421859e+13
130 -18 1.1211042889435573e+14
132 -18 2.2011881382006512e+14
134 -18 3.9190446493134312e+14
136 -18 6.3202775121100362e+14
138 -18 9.2640727171603012e+14
140 -18 1.2388048097293345e+15
142 -18 1.5041746000871700e+15
144 -18 1.6532140939903348e+15
146 -18 1.6251580315672898e+15
148 -18 1.4221183859832342e+15
150 -18 1.0812518793436082e+15
152 -18 7.0914444559551388e+14
154 -18 3.4214216264753881e+14
156 -18 1.6105846645771516e+14
104 -17 7.6970833945263098e+02
106 -17 2.1598386776047023e+06
108 -17 2.1258095174860165e+08
110 -17 6.0011683938050423e+09
112 -17 7.7452355325308167e+10
114 -17 5.9586984418845532e+11
116 -17 3.2360664679007778e+12
118 -17 1.3585936458683131e+13
120 -17 4.7202007159829211e+13
122 -17 1.3889158696933656e+14
124 -17 3.5896811494572388e+14
126 -17 8.2506664544642912e+14
128 -17 1.7200577602677788e+15
130 -17 3.2510704844376780e+15
132 -17 5.6257039971254560e+15
134 -17 8.9187152650455920e+15
136 -17 1.3002655376716152e+16
138 -17 1.7386145920018948e+16
140 -17 2.1363624959410884e+16
142 -17 2.3926198764871472e+16
144 -17 2.4352132877793072e+16
146 -17 2.2277253483124900e+16
148 -17 1.8146759196225496e+16
150 -17 1.2861919964224682e+16
152 -17 7.8082644110750390e+15
154 -17 3.5692764118395375e+15
156 -17 1.4567369775450632e+15
100 -16 6.1563679876387512e+04
102 -16 2.8923358821252987e+07
104 -16 1.8635302405812244e+09
106 -16 4.2115699908481331e+10
108 -16 4.8082839989497290e+11
110 -16 3.4926560516848125e+12
112 -16 1.8560591599700109e+13
114 -16 7.8487433454615797e+13
116 -16 2.7518962724363525e+14
118 -16 8.3592476338201400e+14
120 -16 2.2424715601814990e+15
122 -16 5.4090260410145480e+15
124 -16 1.1848117048099524e+16
126 -16 2.3723490051312248e+16
128 -16 4.3639411199554688e+16
130 -16 7.4125004960139632e+16
132 -16 1.1646868170807488e+17
134 -16 1.6911499066428666e+17
136 -16 2.2729992521809146e+17
138 -16 2.8231288701829638e+17
140 -16 3.2166229959019552e+17
142 -16 3.3639100728154502e+17
144 -16 3.2008451445866842e+17
146 -16 2.7456679085156810e+17
148 -16 2.0983605298305251e+17
150 -16 1.3984422540975190e+17
152 -16 7.8970090815952672e+16
154 -16 3.4085405725002600e+16
156 -16 1.2229993457964182e+16
96 -15 1.2099621449447973e+06
98 -15 2.7344614310466212e+08
100 -15 1.3221803418015751e+10
102 -15 2.5129466612893787e+11
104 -15 2.6004382856934834e+12
106 -15 1.8107614907721500e+13
108 -15 9.5632176557818281e+13
110 -15 4.0638485315140912e+14
112 -15 1.4568844770823430e+15
114 -15 4.5550325367065570e+15
116 -15 1.2662604498691872e+16
118 -15 3.1808615206585424e+16
120 -15 7.3006857595147872e+16
122 -15 1.5411750051149021e+17
124 -15 3.0016892635544448e+17
126 -15 5.4226063503344346e+17
128 -15 9.0942676247392870e+17
130 -15 1.4203579974330693e+18
132 -15 2.0620485050706486e+18
134 -15 2.7894521314128538e+18
136 -15 3.4953562666522414e+18
138 -15 4.0549545228743209e+18
140 -15 4.3501524807514952e+18
142 -15 4.2781188580557020e+18
144 -15 3.8344042531883110e+18
146 -15 3.1021788839081841e+18
148 -15 2.2335431252034486e+18
150 -15 1.3987432043335572e+18
152 -15 7.4064088944357389e+17
154 -15 3.0135337980420109e+17
156 -15 9.6143151173224656e+16
90 -14 2.9170406438576506e+03
92 -14 1.3985671578157589e+07
94 -14 2.0454215835740111e+09
96 -14 7.8717351725288071e+10
98 -14 1.2954223087821743e+12
100 -14 1.2522531323997902e+13
102 -14 8.4809191828887969e+13
104 -14 4.4295823198621569e+14
106 -14 1.9000575949051232e+15
108 -14 6.9611903749531430e+15
110 -14 2.2397160454715600e+16
112 -14 6.4509403104200360e+16
114 -14 1.6895703566594125e+17
116 -14 4.0507212036430144e+17
118 -14 8.9816977747357210e+17
120 -14 1.8443064331401667e+18
122 -14 3.5247898428248340e+18
124 -14 6.2733038103216138e+18
126 -14 1.0465622911285189e+19
128 -14 1.6284379321704675e+19
130 -14 2.3681582332966183e+19
132 -14 3.2265572156936520e+19
134 -14 4.0866397932561433e+19
136 -14 4.8245704232633532e+19
138 -14 5.2898707091819700e+19
140 -14 5.3656404657068753e+19
142 -14 4.9928975684551254e+19
144 -14 4.2387708004389650e+19
146 -14 3.2463397085359346e+19
148 -14 2.2131667648099185e+19
150 -14 1.3080163976526852e+19
152 -14 6.5093706198375485e+18
154 -14 2.4999379707770665e+18
156 -14 7.1344274302957568e+17
86 -13 9.2250340267816777e+04
88 -13 1.2063908249102280e+08
90 -13 1.2736114838479248e+10
92 -13 3.9836743302240619e+11
94 -13 5.8768221205444355e+12
96 -13 5.3719740716634508e+13
98 -13 3.5576358765932300e+14
100 -13 1.8520615909608122e+15
102 -13 8.0223833020308020e+15
104 -13 3.0032585626767288e+16
106 -13 9.9305593422280352e+16
108 -13 2.9615896783743168e+17
110 -13 8.0702035606746355e+17
112 -13 2.0257898725124393e+18
114 -13 4.6940558535081933e+18
116 -13 1.0151668134232416e+19
118 -13 2.0431131933483794e+19
120 -13 3.8562982746148684e+19
122 -13 6.8248322804412449e+19
124 -13 1.1307573114757795e+20
126 -13 1.7604929207663847e+20
128 -13 2.5753556263131228e+20
130 -13 3.5305707340454927e+20
132 -13 4.5403301634519230e+20
134 -13 5.4482350465366065e+20
136 -13 6.0986253757536797e+20
138 -13 6.3507379623959160e+20
140 -13 6.1124455974108109e+20
142 -13 5.4085816450587073e+20
144 -13 4.3627471505519201e+20
146 -13 3.1754676795193223e+20
148 -13 2.0504096116728116e+20
150 -13 1.1491857597343690e+20
152 -13 5.3891617808237486e+19
154 -13 1.9470189212477342e+19
156 -13 5.0168627182092677e+18
82 -12 1.2954583800027054e+06
84 -12 8.4189337670297682e+08
86 -12 6.6510259430904968e+10
88 -12 1.7373454247375583e+12
90 -12 2.3362836226027121e+13
92 -12 2.0425957133121838e+14
94 -12 1.3262379214770135e+15
96 -12 6.9130361898705560e+15
98 -12 3.0312908704483824e+16
100 -12 1.1615732134866645e+17
102 -12 3.9586899337168134e+17
104 -12 1.2246978430889946e+18
106 -12 3.4663355096730394e+18
108 -12 9.0683640869180621e+18
110 -12 2.2022430105223594e+19
112 -12 4.9853669390473855e+19
114 -12 1.0587922276981211e+20
116 -12 2.1090372242335266e+20
118 -12 3.9462582678191125e+20
120 -12 6.9637619605089341e+20
122 -12 1.1543739462213754e+21
124 -12 1.8043981290501974e+21
126 -12 2.6548230722944620e+21
128 -12 3.6796780005160182e+21
130 -12 4.7856932640544281e+21
132 -12 5.8335705686261702e+21
134 -12 6.6722650452902418e+21
136 -12 7.1291407248250131e+21
138 -12 7.0688807931930749e+21
140 -12 6.4875920161563528e+21
142 -12 5.4735536685099453e+21
144 -12 4.2114502324436394e+21
146 -12 2.9191191085829372e+21
148 -12 1.7944306636370134e+21
150 -12 9.5382926526327331e+20
152 -12 4.2273664355507241e+20
154 -12 1.4385080481727372e+20
156 -12 3.3670645660158140e+19
78 -11 1.2902758545402113e+07
80 -11 4.8578134188187389e+09
82 -11 2.9225020582666071e+11
84 -11 6.5273509890413418e+12
86 -11 8.0899506235793250e+13
88 -11 6.7978931102980150e+14
90 -11 4.3661004669492800e+15
92 -11 2.2812140702086012e+16
94 -11 1.0155941020765350e+17
96 -11 3.9927853773758950e+17
98 -11 1.4030470901509345e+18
100 -11 4.4912234327602176e+18
102 -11 1.3240272664292723e+19
104 -11 3.6082331638055539e+19
106 -11 9.1967683917107233e+19
108 -11 2.1895768379476895e+20
110 -11 4.8917955054074613e+20
112 -11 1.0276635194994908e+21
114 -11 2.0328151378998707e+21
116 -11 3.7999917455110130e+21
118 -11 6.6894043630457009e+21
120 -11 1.1144921407220594e+22
122 -11 1.7540071985329857e+22
124 -11 2.6033214524781509e+22
126 -11 3.6438397019180113e+22
128 -11 4.8089348278577348e+22
130 -11 5.9742427666620275e+22
132 -11 6.9604434559096989e+22
134 -11 7.6099308557512659e+22
136 -11 7.7658961595599568e+22
138 -11 7.3678421961597931e+22
140 -11 6.4671743056156182e+22
142 -11 5.2181299405216901e+22
144 -11 3.8328238463847577e+22
146 -11 2.5401273916754600e+22
148 -11 1.4854212324662914e+22
150 -11 7.5062421315936091e+21
152 -11 3.1478965694273752e+21
154 -11 1.0090260529742131e+21
156 -11 2.1601588680364635e+20
74 -10 9.8583522416133314e+07
76 -10 2.2895487612938866e+10
78 -10 1.0697496197199053e+12
80 -10 2.0918673529162348e+13
82 -10 2.4089624902727212e+14
84 -10 1.9678225294963592e+15
86 -10 1.2481671791608384e+16
88 -10 6.5666022146967600e+16
90 -10 2.9823935662620704e+17
92 -10 1.2017326026477949e+18
94 -10 4.3686605956234911e+18
96 -10 1.4534311684427444e+19
98 -10 4.4567146980986102e+19
100 -10 1.2733771802521012e+20
102 -10 3.3912324417086285e+20
104 -10 8.4859036167802048e+20
106 -10 1.9930801977772144e+21
108 -10 4.4245349619997999e+21
110 -10 9.2645421455109448e+21
112 -10 1.8312797931699096e+22
114 -10 3.4273598232421017e+22
116 -10 6.0706246215550139e+22
118 -10 1.0171263679262722e+23
120 -10 1.6123535550778676e+23
122 -10 2.4209358180318339e+23
124 -10 3.4325847079404578e+23
126 -10 4.6020692396002039e+23
128 -10 5.8153884954965429e+23
130 -10 6.9166898877251039e+23
132 -10 7.7513772366902666e+23
134 -10 8.1196976469485016e+23
136 -10 7.9526179912932315e+23
138 -10 7.2308516591669195e+23
140 -10 6.0935950414866642e+23
142 -10 4.7113162454370427e+23
144 -10 3.3151549128593363e+23
146 -10 2.0957385946795455e+23
148 -10 1.1720921528155169e+23
150 -10 5.6407902108858045e+22
152 -10 2.2434308676013347e+22
154 -10 6.7811329859570526e+21
156 -10 1.3297913435181655e+21
68 -9 5.1634252351298506e+04
70 -9 5.6030300417177749e+08
72 -9 8.5333969396263763e+10
74 -9 3.1885666419764438e+12
76 -9 5.5976035121101172e+13
78 -9 6.0718912287196862e+14
80 -9 4.8381659621710490e+15
82 -9 3.0578608787564692e+16
84 -9 1.6250765166646394e+17
86 -9 7.5470182697554074e+17
88 -9 3.1297087717097590e+18
90 -9 1.1787244512920482e+19
92 -9 4.0804518800806527e+19
94 -9 1.3070327127899860e+20
96 -9 3.9072926830473976e+20
98 -9 1.0939134499868351e+21
100 -9 2.8750752494514901e+21
102 -9 7.1338442575272959e+21
104 -9 1.6695143106131215e+22
106 -9 3.6932588442011954e+22
108 -9 7.7377387978126080e+22
110 -9 1.5379885904507552e+23
112 -9 2.8961768169710214e+23
114 -9 5.1668103191245292e+23
116 -9 8.7505796154260135e+23
118 -9 1.4043463240755211e+24
120 -9 2.1336992217871192e+24
122 -9 3.0740850538801905e+24
124 -9 4.1883370805248515e+24
126 -9 5.3988861298709169e+24
128 -9 6.5656917228923464e+24
130 -9 7.5194270330518749e+24
132 -9 8.0960956810671659e+24
134 -9 8.1512537107522162e+24
136 -9 7.6784286426797802e+24
138 -9 6.7223763971031800e+24
140 -9 5.4399848043811866e+24
142 -9 4.0371716689901276e+24
144 -9 2.7269430152970099e+24
146 -9 1.6503890653730640e+24
148 -9 8.8234152782096340e+23
150 -9 4.0528008783429465e+23
152 -9 1.5289634424251936e+23
154 -9 4.3559130633218503e+22
156 -9 7.8801730335997260e+21
64 -8 1.0521511989208821e+06
66 -8 2.3527433835415559e+09
68 -8 2.4906444145799799e+11
70 -8 7.7192721929087305e+12
72 -8 1.2248273624419108e+14
74 -8 1.2717938130723155e+15
76 -8 9.9344218025768900e+15
78 -8 6.2850021156010464e+16
80 -8 3.4027176664524416e+17
82 -8 1.6167042999409861e+18
84 -8 6.9200004816799119e+18
86 -8 2.7069719731301896e+19
88 -8 9.7701777847787913e+19
90 -8 3.2814152263715717e+20
92 -8 1.0290154804780364e+21
94 -8 3.0321061739017326e+21
96 -8 8.4034580994674288e+21
98 -8 2.2014319513034027e+22
100 -8 5.4573199126169632e+22
102 -8 1.2787706312887771e+23
104 -8 2.8444685647332816e+23
106 -8 5.9981426726866941e+23
108 -8 1.2007028318268907e+24
110 -8 2.2847376170224567e+24
112 -8 4.1226674771079035e+24
114 -8 7.0770381659557305e+24
116 -8 1.1518776582252190e+25
118 -8 1.7819666889693897e+25
120 -8 2.6099581390069543e+25
122 -8 3.6247975004508904e+25
124 -8 4.7665045811894975e+25
126 -8 5.9266414842380190e+25
128 -8 6.9528010849569648e+25
130 -8 7.6874973997110549e+25
132 -8 7.9870568977740704e+25
134 -8 7.7602589064078562e+25
136 -8 7.0483703452062644e+25
138 -8 5.9378215372897589e+25
140 -8 4.6196104316257368e+25
142 -8 3.3029674122955307e+25
144 -8 2.1402800967463108e+25
146 -8 1.2438773336642443e+25
148 -8 6.3627705686927840e+24
150 -8 2.7860491842484558e+24
152 -8 9.9851183928972100e+23
154 -8 2.6943054006326194e+23
156 -8 4.4976591443000602e+22
60 -7 8.7839620652904194e+06
62 -7 7.2606564543068819e+09
64 -7 5.6059885435960828e+11
66 -7 1.4893947238585699e+13
68 -7 2.1758618165534775e+14
70 -7 2.1740176615614030e+15
72 -7 1.6775117881740776e+16
74 -7 1.0671654822195514e+17
76 -7 5.8669717434139750e+17
78 -7 2.8732938088082437e+18
80 -7 1.2730099040461519e+19
82 -7 5.1895513736277606e+19
84 -7 1.9611397703270829e+20
86 -7 6.9125046129442908e+20
88 -7 2.2815157203386164e+21
90 -7 7.0977309574239439e+21
92 -7 2.0865822907815783e+22
94 -7 5.7746141618135697e+22
96 -7 1.5196933629812233e+23
98 -7 3.7819147819671174e+23
100 -7 8.9448495542558555e+23
102 -7 2.0083952468690981e+24
104 -7 4.2913480305237919e+24
106 -7 8.6967229009478856e+24
108 -7 1.6794809487052117e+25
110 -7 3.0815630562444708e+25
112 -7 5.3771432097143732e+25
114 -7 8.9127462721601705e+25
116 -7 1.4025376303058006e+26
118 -7 2.0956113453961719e+26
120 -7 2.9733859178798638e+26
122 -7 3.9952276765800902e+26
124 -7 5.0855375826302045e+26
126 -7 6.1181585232091776e+26
128 -7 6.9498536607441247e+26
130 -7 7.4237179080892207e+26
132 -7 7.4480893533319706e+26
134 -7 6.9993450560751698e+26
136 -7 6.1405508952874782e+26
138 -7 4.9938002479921549e+26
140 -7 3.7504771240178208e+26
142 -7 2.5792172072592003e+26
144 -7 1.6072822800808272e+26
146 -7 8.9730360479186885e+25
148 -7 4.3947609380144679e+25
150 -7 1.8380845752431797e+25
152 -7 6.2723177711317262e+24
154 -7 1.6008029428213717e+24
156 -7 2.4777683602185642e+23
56 -6 3.9970340633563899e+07
58 -6 1.6399525193180161e+10
60 -6 9.5925761575984448e+11
62 -6 2.2369001876072148e+13
64 -6 3.0445241303778350e+14
66 -6 2.9531282160057570e+15
68 -6 2.2650087573672324e+16
70 -6 1.4558720349446595e+17
72 -6 8.1869058712427277e+17
74 -6 4.1365666913193185e+18
76 -6 1.9068936984614081e+19
78 -6 8.1446723162705756e+19
80 -6 3.2266072825134567e+20
82 -6 1.1980082690567108e+21
84 -6 4.1863102605768466e+21
86 -6 1.3789862093403787e+22
88 -6 4.2962551260277555e+22
90 -6 1.2672945642102891e+23
92 -6 3.5389720130398470e+23
94 -6 9.3983499498189295e+23
96 -6 2.3698028078244982e+24
98 -6 5.6861164404668897e+24
100 -6 1.2973210499553702e+25
102 -6 2.8152858268660169e+25
104 -6 5.8164796887803028e+25
106 -6 1.1436981298844385e+26
108 -6 2.1398853360063416e+26
110 -6 3.8092664403717803e+26
112 -6 6.4495123450937536e+26
114 -6 1.0371194324161094e+27
116 -6 1.5847108054530554e+27
118 -6 2.3006450554262344e+27
120 -6 3.1660900100824833e+27
122 -6 4.1343136615237159e+27
124 -6 5.1072092505595134e+27
126 -6 5.9589825334523165e+27
128 -6 6.5589846657682347e+27
130 -6 6.7999153844597049e+27
132 -6 6.6149378956497952e+27
134 -6 6.0169333786236082e+27
136 -6 5.0978801670499644e+27
138 -6 4.0082329264951848e+27
140 -6 2.9024048898899817e+27
142 -6 1.9249063554140587e+27
144 -6 1.1557410589886244e+27
146 -6 6.1986521896777073e+26
148 -6 2.9128994947132706e+26
150 -6 1.1659130890142085e+26
152 -6 3.7889645229148556e+25
154 -6 9.1453697233256459e+24
156 -6 1.3195233923042833e+24
52 -5 1.1042485798062861e+08
54 -5 2.6462239002911095e+10
56 -5 1.2309874386938018e+12
58 -5 2.5543291630476230e+13
60 -5 3.2986503069142725e+14
62 -5 3.1249860333431230e+15
64 -5 2.3881850495656600e+16
66 -5 1.5601366343391978e+17
68 -5 9.0191099632791347e+17
70 -5 4.7160400938936136e+18
72 -5 2.2708604264156860e+19
74 -5 1.0156563529076929e+20
76 -5 4.2491068969198099e+20
78 -5 1.6702544993686284e+21
80 -5 6.1903750538445655e+21
82 -5 2.1695820095356832e+22
84 -5 7.1954449522455833e+22
86 -5 2.2632573017275907e+23
88 -5 6.7578158504804408e+23
90 -5 1.9201634531287751e+24
92 -5 5.1760530288062335e+24
94 -5 1.3334138061229967e+25
96 -5 3.2649710289208079e+25
98 -5 7.5941632786681694e+25
100 -5 1.6866371773359481e+26
102 -5 3.5593134971624039e+26
104 -5 7.1656536198208017e+26
106 -5 1.3717717733054572e+27
108 -5 2.5001117378683299e+27
110 -5 4.3434026315438147e+27
112 -5 7.1658094557481996e+27
114 -5 1.1233968531833395e+28
116 -5 1.6723337923593679e+28
118 -5 2.3665020129551530e+28
120 -5 3.1696222175858943e+28
122 -5 4.0244291157053744e+28
124 -5 4.8406116139239010e+28
126 -5 5.4886171943072086e+28
128 -5 5.8732555070308340e+28
130 -5 5.9053876518770050e+28
132 -5 5.5776553440732026e+28
134 -5 4.9184204024779289e+28
136 -5 4.0384129637382283e+28
138 -5 3.0734541972315514e+28
140 -5 2.1526715050845089e+28
142 -5 1.3775178226644905e+28
144 -5 7.9723324186762526e+27
146 -5 4.1108193165302902e+27
148 -5 1.8561688517214799e+27
150 -5 7.1020512268260212e+26
152 -5 2.2026675888305644e+26
154 -5 5.0434995679358391e+25
156 -5 6.7795903147452483e+24
48 -4 1.9549095911847234e+08
50 -4 3.0238641093510696e+10
52 -4 1.1574595027951770e+12
54 -4 2.1829093865947582e+13
56 -4 2.6867106399109722e+14
58 -4 2.5021289897296110e+15
60 -4 1.9175223011224056e+16
62 -4 1.2717975110809690e+17
64 -4 7.5750605876671066e+17
66 -4 4.1312927302643251e+18
68 -4 2.0860809491170349e+19
70 -4 9.8524317490356453e+19
72 -4 4.3588565549011226e+20
74 -4 1.8197708325751703e+21
76 -4 7.1894869906312124e+21
78 -4 2.6900204127928529e+22
80 -4 9.5475424705517388e+22
82 -4 3.2201462574291765e+23
84 -4 1.0326639792365920e+24
86 -4 3.1503563122780227e+24
88 -4 9.1531726386518909e+24
90 -4 2.5303007194636503e+25
92 -4 6.6860862696295584e+25
94 -4 1.6745984242220677e+26
96 -4 4.0064833731576494e+26
98 -4 9.1295008366670597e+26
100 -4 1.9847445073586731e+27
102 -4 4.1027817044842158e+27
104 -4 8.0750613401641238e+27
106 -4 1.5144662858561062e+28
108 -4 2.7029703174001625e+28
110 -4 4.5872559103961473e+28
112 -4 7.4088667757475703e+28
114 -4 1.1347405354489211e+29
116 -4 1.6526222416021920e+29
118 -4 2.2825321812068371e+29
120 -4 2.9876612764293690e+29
122 -4 3.7026155688338327e+29
124 -4 4.3347183981162980e+29
126 -4 4.7894948538639785e+29
128 -4 4.9891351451956327e+29
130 -4 4.8830186805252911e+29
132 -4 4.4791121868814534e+29
134 -4 3.8350291680425163e+29
136 -4 3.0532534215460387e+29
138 -4 2.2522006001447399e+29
140 -4 1.5260561962043360e+29
142 -4 9.4504507913840740e+28
144 -4 5.2731042339795104e+28
146 -4 2.6174314287056423e+28
148 -4 1.1354681473290490e+28
150 -4 4.1634626243933599e+27
152 -4 1.2328890855381550e+27
154 -4 2.6793119330709772e+26
156 -4 3.3701018086840347e+25
44 -3 2.2108099127981198e+08
46 -3 2.3836126061120358e+10
48 -3 7.7704380196837463e+11
50 -3 1.3433507673336805e+13
52 -3 1.5855823571774819e+14
54 -3 1.4548235300243505e+15
56 -3 1.1202237793540902e+16
58 -3 7.6086270860060592e+16
60 -3 4.6970702383781139e+17
62 -3 2.6824678148414075e+18
64 -3 1.4284375613699080e+19
66 -3 7.1311973235493519e+19
68 -3 3.3656917339458319e+20
70 -3 1.5029920400751489e+21
72 -3 6.3460415259533535e+21
74 -3 2.5488898588524398e+22
76 -3 9.7385640492177730e+22
78 -3 3.5361812545911967e+23
80 -3 1.2218972705662359e+24
82 -3 4.0260038265929342e+24
84 -3 1.2646240862247025e+25
86 -3 3.7840074993502179e+25
88 -3 1.0798697528688639e+26
90 -3 2.9401191837509928e+26
92 -3 7.6181273325865375e+26
94 -3 1.8827822203190664e+27
96 -3 4.4393934654067890e+27
98 -3 9.9419516401379504e+27
100 -3 2.1237008176472418e+28
102 -3 4.3250997251804842e+28
104 -3 8.3769033482644544e+28
106 -3 1.5433953561321759e+29
108 -3 2.7041829473827032e+29
110 -3 4.5072476348619569e+29
112 -3 7.1338820510620250e+29
114 -3 1.0721519946382374e+30
116 -3 1.5306681424035815e+30
118 -3 2.0679358042372925e+30
120 -3 2.6522244274734548e+30
122 -3 3.2126073795971770e+30
124 -3 3.6730011215580276e+30
126 -3 3.9663297991133383e+30
128 -3 4.0276888259724789e+30
130 -3 3.8372586848566649e+30
132 -3 3.4275788397767443e+30
134 -3 2.8524202204926577e+30
136 -3 2.2058058916142229e+30
138 -3 1.5790918373564912e+30
140 -3 1.0369420464574832e+30
142 -3 6.2016978786634604e+29
144 -3 3.3458660131060486e+29
146 -3 1.6023241663143341e+29
148 -3 6.6710098192462517e+28
150 -3 2.3494658691728394e+28
152 -3 6.6412992781879223e+27
154 -3 1.3692551138931287e+27
156 -3 1.6196607338887512e+26
38 -2 1.1754596184197860e+05
40 -2 1.5655670983296034e+08
42 -2 1.2595291213219980e+10
44 -2 3.5644648979949860e+11
46 -2 5.6988720678067695e+12
48 -2 6.4667864089956344e+13
50 -2 5.8666360023140925e+14
52 -2 4.5682553585732100e+15
54 -2 3.1958739605181244e+16
56 -2 2.0622760108851203e+17
58 -2 1.2390159518991201e+18
60 -2 6.9948587890638623e+18
62 -2 3.7260002928086614e+19
64 -2 1.8804221517743387e+20
66 -2 9.0133407804454692e+20
68 -2 4.0991093547072267e+21
70 -2 1.7756694622158239e+22
72 -2 7.3329557792501157e+22
74 -2 2.8855457930866166e+23
76 -2 1.0826086056114257e+24
78 -2 3.8767275223592825e+24
80 -2 1.3240020502679410e+25
82 -2 4.3135641814026970e+25
84 -2 1.3402015704638007e+26
86 -2 3.9720150363899439e+26
88 -2 1.1228269859520103e+27
90 -2 3.0260139214104298e+27
92 -2 7.7635845222070275e+27
94 -2 1.9003125157113121e+28
96 -2 4.4299123962522302e+28
98 -2 9.8277677846771340e+28
100 -2 2.0781460844071951e+29
102 -2 4.1738977511674524e+29
104 -2 7.9759842832930659e+29
106 -2 1.4523993296221340e+30
108 -2 2.5095218940889481e+30
110 -2 4.1181910280901247e+30
112 -2 6.4156303319815783e+30
114 -2 9.4835911314642307e+30
116 -2 1.3289957077385083e+31
118 -2 1.7656044211077522e+31
120 -2 2.2165995239700697e+31
122 -2 2.6315814356803419e+31
124 -2 2.9461107702252098e+31
126 -2 3.1072158850107838e+31
128 -2 3.0812512855124374e+31
130 -2 2.8688762723170581e+31
132 -2 2.4954897924276260e+31
134 -2 2.0234076611306202e+31
136 -2 1.5223366962732420e+31
138 -2 1.0574295129553920e+31
140 -2 6.7322887822053248e+30
142 -2 3.9013288691834548e+30
144 -2 2.0325213239645204e+30
146 -2 9.4033674494268661e+29
148 -2 3.7719096593406036e+29
150 -2 1.2741165280868139e+29
152 -2 3.4435190555313418e+28
154 -2 6.7490851086083420e+27
156 -2 7.5133182236515339e+26
34 -1 1.1473006497755137e+05
36 -1 6.7252351853673950e+07
38 -1 4.1819103818879175e+09
40 -1 1.0417891041392334e+11
42 -1 1.5487070409108667e+12
44 -1 1.6994143372099887e+13
46 -1 1.5288245390213878e+14
48 -1 1.2121175971235202e+15
50 -1 8.8593890517888250e+15
52 -1 6.0279681063198888e+16
54 -1 3.8701770001462688e+17
56 -1 2.3341469824863196e+18
58 -1 1.3337938069817879e+19
60 -1 7.2464438482538455e+19
62 -1 3.7476869011071146e+20
64 -1 1.8523589051576924e+21
66 -1 8.6987600666765851e+21
68 -1 3.9171943114920937e+22
70 -1 1.6768206465908037e+23
72 -1 6.8741539161962061e+23
74 -1 2.6879645460089020e+24
76 -1 1.0056217865726448e+25
78 -1 3.5941288999895025e+25
80 -1 1.2256818469239021e+26
82 -1 3.9791294101986635e+26
84 -1 1.2347395707368480e+27
86 -1 3.6509508190874539e+27
88 -1 1.0296884930901972e+28
90 -1 2.7696149239620724e+28
92 -1 7.0857080102775963e+28
94 -1 1.7271991251258137e+29
96 -1 4.0080762265659152e+29
98 -1 8.8410940654548621e+29
100 -1 1.8566644016183632e+30
102 -1 3.7016687349821082e+30
104 -1 7.0153084004712555e+30
106 -1 1.2624846577770949e+31
108 -1 2.1579937943652235e+31
110 -1 3.4989112627683483e+31
112 -1 5.3840733038544059e+31
114 -1 7.8505893623442975e+31
116 -1 1.0837799744835923e+32
118 -1 1.4147106773777183e+32
120 -1 1.7446201171822718e+32
122 -1 2.0330271879497237e+32
124 -1 2.2315116447190466e+32
126 -1 2.3053962377088033e+32
128 -1 2.2370280582249349e+32
130 -1 2.0341188542093417e+32
132 -1 1.7266036510625779e+32
134 -1 1.3648283507279682e+32
136 -1 9.9930217237311601e+31
138 -1 6.7543131844311427e+31
140 -1 4.1786824630713579e+31
142 -1 2.3475176556316436e+31
144 -1 1.1843100514988388e+31
146 -1 5.2883168837325115e+30
148 -1 2.0468526449886541e+30
150 -1 6.6437332048610815e+29
152 -1 1.7169439375980258e+29
154 -1 3.2071733175286575e+28
156 -1 3.3638255819425629e+27
30 0 5.2521523437850075e+04
32 0 1.5770073867805924e+07
34 0 7.8242656027453935e+08
36 0 1.7252483184540775e+10
38 0 2.4112973047728821e+11
40 0 2.5519388979925659e+12
42 0 2.3001206113953043e+13
44 0 1.8987127212219894e+14
46 0 1.4788576749732442e+15
48 0 1.0854512033708670e+16
50 0 7.5008340526794752e+16
52 0 4.9202090111448480e+17
54 0 3.0582143550552632e+18
56 0 1.8091223460513540e+19
58 0 1.0194857542038004e+20
60 0 5.5055819604456014e+20
62 0 2.8346418163193432e+21
64 0 1.3961907167402087e+22
66 0 6.5854664768302086e+22
68 0 2.9682367166741242e+23
70 0 1.2798452498876002e+24
72 0 5.2834254451882546e+24
74 0 2.0816697106943784e+25
76 0 7.8321868537840772e+25
78 0 2.8180246850491093e+26
80 0 9.6749535964332905e+26
82 0 3.1683866925548338e+27
84 0 9.8924209022737567e+27
86 0 2.9417599270293638e+28
88 0 8.3476018910054914e+28
90 0 2.2498921709634000e+29
92 0 5.7809980872915297e+29
94 0 1.4099786140532400e+30
96 0 3.2731364603744983e+30
98 0 7.2147458227598045e+30
100 0 1.5100363001583463e+31
102 0 3.0032549991452235e+31
104 0 5.6613880881581521e+31
106 0 1.0132163552243514e+32
108 0 1.7179816206073652e+32
110 0 2.7632043189772302e+32
112 0 4.2074938740659315e+32
114 0 6.0611706417077522e+32
116 0 8.2556604708494129e+32
118 0 1.0630750066306065e+33
120 0 1.2914251232826721e+33
122 0 1.4791593987163223e+33
124 0 1.5952577287426228e+33
126 0 1.6168536797329262e+33
128 0 1.5369906681637591e+33
130 0 1.3679039403315046e+33
132 0 1.1349944352592720e+33
134 0 8.7548625486947109e+32
136 0 6.2521292260626630e+32
138 0 4.1144358688138039e+32
140 0 2.4721156654486884e+32
142 0 1.3484877742748859e+32
144 0 6.5972751436750931e+31
146 0 2.8494537478899684e+31
148 0 1.0635907999563205e+31
150 0 3.3227736712437558e+30
152 0 8.2313397134077321e+29
154 0 1.4679965478231263e+29
156 0 1.4522925779778214e+28
26 1 7.9326701439241242e+03
28 1 1.5109305249766298e+06
30 1 6.2052562694721721e+07
32 1 1.2128997750091999e+09
34 1 1.5868128836663063e+10
36 1 1.6471878405365009e+11
38 1 1.5652356399131116e+12
40 1 1.4366283510023412e+13
42 1 1.2714386671342552e+14
44 1 1.0498471358712465e+15
46 1 8.1076683262785220e+15
48 1 5.8818824317254088e+16
50 1 4.0441086158939405e+17
52 1 2.6517664121251430e+18
54 1 1.6613804621221605e+19
56 1 9.9413620574581228e+19
58 1 5.6789545402669721e+20
60 1 3.1017746197068508e+21
62 1 1.6229470601155906e+22
64 1 8.1411721516510582e+22
66 1 3.9096278293166223e+23
68 1 1.7941177108450357e+24
70 1 7.8834533153291127e+24
72 1 3.3134837276247123e+25
74 1 1.3300657380102158e+26
76 1 5.0974207133657370e+26
78 1 1.8664303010405616e+27
80 1 6.5073976042327548e+27
82 1 2.1664841438564978e+28
84 1 6.8678584063050420e+28
86 1 2.0696170658319154e+29
88 1 5.9410484341236829e+29
90 1 1.6169027941576717e+30
92 1 4.1950772798116727e+30
94 1 1.0312777797176885e+31
96 1 2.4056782919165240e+31
98 1 5.3226198663004357e+31
100 1 1.1172036116649894e+32
102 1 2.2216303589668002e+32
104 1 4.1877296129734379e+32
106 1 7.4743521997751211e+32
108 1 1.2625018948012668e+33
110 1 2.0182925358020013e+33
112 1 3.0501417532861968e+33
114 1 4.3555964732161433e+33
116 1 5.8702864585536289e+33
118 1 7.4700164938404715e+33
120 1 8.9631755349510968e+33
122 1 1.0117352989110872e+34
124 1 1.0733546754767252e+34
126 1 1.0695678718458422e+34
128 1 9.9758274972365177e+33
130 1 8.7015873437435576e+33
132 1 7.0697686211976995e+33
134 1 5.3338585385391554e+33
136 1 3.7172109479936455e+33
138 1 2.3827300854760073e+33
140 1 1.3953737757663059e+33
142 1 7.4003727671005135e+32
144 1 3.5110524837308632e+32
146 1 1.4674696741151192e+32
148 1 5.2923450778008535e+31
150 1 1.5932888838218210e+31
152 1 3.7934045144185566e+30
154 1 6.4528522293686654e+29
156 1 6.0502642350905852e+28
30 2 3.4304864501046068e+06
32 2 4.4610110392654753e+08
34 2 1.5951081781742014e+10
36 2 2.9976849072723969e+11
38 2 3.8906436734377158e+12
40 2 4.0465301470507906e+13
42 2 3.7188516352057419e+14
44 2 3.1804753748755230e+15
46 2 2.5648684990404892e+16
48 2 1.9496418643517917e+17
50 2 1.4014984703967475e+18
52 2 9.5712455980719759e+18
54 2 6.2089159925452112e+19
56 2 3.8519548480724854e+20
58 2 2.2800148188197730e+21
60 2 1.2924260807543030e+22
62 2 6.9995918886957444e+22
64 2 3.6309152496089264e+23
66 2 1.8013789673849884e+24
68 2 8.5438221780230294e+24
70 2 3.8728320793612984e+25
72 2 1.6795104602023698e+26
74 2 6.9388343485968414e+26
76 2 2.7409556556722170e+27
78 2 1.0309389512035446e+28
80 2 3.6917137223286945e+28
82 2 1.2595444977589441e+29
84 2 4.0828189722618753e+29
86 2 1.2576498506815139e+30
88 2 3.6816496062692582e+30
90 2 1.0206894280077534e+31
92 2 2.6852310434364877e+31
94 2 6.6928186692472896e+31
96 2 1.5807231660248928e+32
98 2 3.5300371639130833e+32
100 2 7.4598077361527343e+32
102 2 1.4915149479796566e+33
104 2 2.8204559105093886e+33
106 2 5.0419756850971106e+33
108 2 8.5159372614458302e+33
110 2 1.3572191822003132e+34
112 2 2.0434787661224476e+34
114 2 2.9018809015118699e+34
116 2 3.8821915341151611e+34
118 2 4.8971359226081598e+34
120 2 5.8096489957585177e+34
122 2 6.4782839924674412e+34
124 2 6.7794488304745884e+34
126 2 6.6550438955363822e+34
128 2 6.1037549202977053e+34
130 2 5.2237657923652809e+34
132 2 4.1624340048089959e+34
134 2 3.0726791390623484e+34
136 2 2.0971584447805393e+34
138 2 1.3121478767564611e+34
140 2 7.4847626258219540e+33
142 2 3.8638532704509459e+33
144 2 1.7811656955247387e+33
146 2 7.2209142155569894e+32
148 2 2.5182216702081387e+32
150 2 7.3123786995830827e+31
152 2 1.6742486365341361e+31
154 2 2.7256941538277899e+30
156 2 2.4238426060735429e+29
34 3 6.5393755553548944e+08
36 3 6.2520419366012062e+10
38 3 1.9925563679487163e+12
40 3 3.6013397674663375e+13
42 3 4.6516786943114100e+14
44 3 4.8784494189518190e+15
46 3 4.5038035452203088e+16
48 3 3.7883227621686931e+17
50 3 2.9773285522588175e+18
52 3 2.2096008103865872e+19
54 3 1.5424730242945971e+20
56 3 1.0202865132301044e+21
58 3 6.4332974677024299e+21
60 3 3.8618486350897259e+22
62 3 2.2085882129697069e+23
64 3 1.2076579509550919e+24
66 3 6.2895731500498224e+24
68 3 3.1302339220188084e+25
70 3 1.4857935016800995e+26
72 3 6.7303205173816650e+26
74 3 2.9065822636622525e+27
76 3 1.1932825965215485e+28
78 3 4.6647537536710025e+28
80 3 1.7360285101031276e+29
82 3 6.1300775973371910e+29
84 3 2.0524807469457732e+30
86 3 6.5227998680994840e+30
88 3 1.9628602238298965e+31
90 3 5.5824487860876984e+31
92 3 1.5021300519500109e+32
94 3 3.8224095113031499e+32
96 3 9.1873812461602019e+32
98 3 2.0841047022652603e+33
100 3 4.4623798088392334e+33
102 3 9.0227914833969289e+33
104 3 1.7208633058871362e+34
106 3 3.0906691143795038e+34
108 3 5.2402241509244495e+34
110 3 8.3641572008453647e+34
112 3 1.2585924225427429e+35
114 3 1.7817183631001774e+35
116 3 2.3753609368784214e+35
118 3 2.9750204777627518e+35
120 3 3.5029846862073600e+35
122 3 3.8682072352991710e+35
124 3 4.0036735784682124e+35
126 3 3.8788534805530113e+35
128 3 3.5080368474367821e+35
130 3 2.9536729282751969e+35
132 3 2.3115423438608252e+35
134 3 1.6756358487172765e+35
136 3 1.1186753875029263e+35
138 3 6.8456218229074561e+34
140 3 3.8118959571785234e+34
142 3 1.9167161973433667e+34
144 3 8.6003253763332367e+33
146 3 3.3860910771261767e+33
148 3 1.1442569252338463e+33
150 3 3.2093350212034933e+32
152 3 7.0730639786417164e+31
154 3 1.1044165490791950e+31
156 3 9.3584713524534526e+29
36 4 6.5304597535411201e+07
38 4 7.5348048495648438e+10
40 4 5.5560181766243135e+12
42 4 1.6043276103162612e+14
44 4 2.8031702725224545e+15
46 4 3.6104548952188696e+16
48 4 3.8202788679511962e+17
50 4 3.5567272803835464e+18
52 4 3.0043139013422694e+19
54 4 2.3643628825878128e+20
56 4 1.7364104894694076e+21
58 4 1.2002618862413776e+22
60 4 7.8612484369352808e+22
62 4 4.8733830435830026e+23
64 4 2.8681313465377789e+24
66 4 1.6067277538819736e+25
68 4 8.5387426130013580e+25
70 4 4.3146934528981690e+26
72 4 2.0746399368860410e+27
74 4 9.4803050286077176e+27
76 4 4.1104442574262044e+28
78 4 1.6923533234046168e+29
80 4 6.6045539058209389e+29
82 4 2.4415983874220078e+30
84 4 8.5376511738961516e+30
86 4 2.8236063968178388e+31
88 4 8.8243373683684818e+31
90 4 2.5991368844486905e+32
92 4 7.2254513419937797e+32
94 4 1.8926368783684655e+33
96 4 4.6631762737466543e+33
98 4 1.0825257572377534e+34
100 4 2.3660823502489783e+34
102 4 4.8621021305838408e+34
104 4 9.4019523304810963e+34
106 4 1.7087161898539616e+35
108 4 2.9209034147770747e+35
110 4 4.6922458878881621e+35
112 4 7.0836651164331071e+35
114 4 1.0050492415946457e+36
116 4 1.3368419895782491e+36
118 4 1.6696836469852514e+36
120 4 1.9566278256765987e+36
122 4 2.1473819416016016e+36
124 4 2.2027207973359800e+36
126 4 2.1116613451961011e+36
128 4 1.8852771498855299e+36
130 4 1.5664651174950139e+36
132 4 1.2061808100668547e+36
134 4 8.5940095593168532e+35
136 4 5.6268654987456748e+35
138 4 3.3737018985434469e+35
140 4 1.8381277447354548e+35
142 4 9.0235374897353928e+34
144 4 3.9436601639064186e+34
146 4 1.5087577160878778e+34
148 4 4.9513796919147141e+33
150 4 1.3444634613399467e+33
152 4 2.8577083075642926e+32
154 4 4.2824875758725905e+31
156 4 3.4617908281395631e+30
40 5 1.4117712721500324e+10
42 5 5.8948655216498379e+12
44 5 3.5404948200334906e+14
46 5 9.4232922704228980e+15
48 5 1.5982990417944694e+17
50 5 2.0500088275351803e+18
52 5 2.1913939737223922e+19
54 5 2.0584283662778414e+20
56 5 1.7588381241934721e+21
58 5 1.3884440217487638e+22
60 5 1.0244020711972874e+23
62 5 7.0976486204560363e+23
64 5 4.6226201794123704e+24
66 5 2.8412688875734946e+25
68 5 1.6501924984736912e+26
70 5 9.0811656793336907e+26
72 5 4.7162515304386210e+27
74 5 2.3232070385893889e+28
76 5 1.0819718580808137e+29
78 5 4.7602246117287842e+29
80 5 1.9798833547153342e+30
82 5 7.7624418374660358e+30
84 5 2.8692798580239383e+31
86 5 9.9999777713923365e+31
88 5 3.2824081225318882e+32
90 5 1.0117972005278040e+33
92 5 2.9324718454807183e+33
94 5 7.9793031318539896e+33
96 5 2.0375183210588058e+34
98 5 4.8802642408526424e+34
100 5 1.0965862242106539e+35
102 5 2.3098156044265939e+35
104 5 4.5604781495783180e+35
106 5 8.4292636440740028e+35
108 5 1.4617191376508827e+36
110 5 2.3756493885963949e+36
112 5 3.6166909043238967e+36
114 5 5.1559294141877487e+36
116 5 6.8879957544439878e+36
118 5 8.6100021824482815e+36
120 5 1.0068196550234649e+37
122 5 1.1002343367637911e+37
124 5 1.1233148619059512e+37
126 5 1.0680067125233089e+37
128 5 9.4444789584930937e+36
130 5 7.7570426678548590e+36
132 5 5.9004078693427427e+36
134 5 4.1372864916724085e+36
136 5 2.6648357213923638e+36
138 5 1.5674169152782812e+36
140 5 8.3707938964864306e+35
142 5 4.0183259321214517e+35
144 5 1.7128171869143022e+35
146 5 6.3881208622994522e+34
148 5 2.0374872239403650e+34
150 5 5.3633467920506586e+33
152 5 1.1015584469269834e+33
154 5 1.5878786058517467e+32
156 5 1.2282782733727699e+31
44 6 1.4298056339732676e+12
46 6 3.4340885833335856e+14
48 6 1.7327079598397720e+16
50 6 4.2949057656131226e+17
52 6 7.0933593667075256e+18
54 6 9.0885860218979222e+19
56 6 9.7651212986860110e+20
58 6 9.3082690139553782e+21
60 6 8.0485058097889143e+22
62 6 6.4240377939426190e+23
64 6 4.7616162387449362e+24
66 6 3.3047303990530480e+25
68 6 2.1545046359300215e+26
70 6 1.3162088101497400e+27
72 6 7.5762958372833060e+27
74 6 4.0980386150251981e+28
76 6 2.0886962749676212e+29
78 6 1.0006765029069442e+30
80 6 4.5060224706197877e+30
82 6 1.9061905141262500e+31
84 6 7.5646497038508947e+31
86 6 2.8184226994628642e+32
88 6 9.8512352755099475e+32
90 6 3.2180500334051212e+33
92 6 9.8508561423297565e+33
94 6 2.8172558303151747e+34
96 6 7.5243691286617118e+34
98 6 1.8785038621722212e+35
100 6 4.3813536337983021e+35
102 6 9.5358518444931690e+35
104 6 1.9370011236481406e+36
106 6 3.6726229559517119e+36
108 6 6.5003532289909344e+36
110 6 1.0752920969644118e+37
112 6 1.6604924597901444e+37
114 6 2.3930743865865567e+37
116 6 3.2189368865946784e+37
118 6 4.0469992993463928e+37
120 6 4.7456504117446722e+37
122 6 5.1847510438234371e+37
124 6 5.2800631777973649e+37
126 6 4.9965341072387255e+37
128 6 4.3917911019606991e+37
130 6 3.5753100110838511e+37
132 6 2.6895794189083758e+37
134 6 1.8634329518099404e+37
136 6 1.1828036387122500e+37
138 6 6.8461957878616180e+36
140 6 3.5886001325089368e+36
142 6 1.6879449582175223e+36
144 6 7.0396703400121246e+35
146 6 2.5628069333883178e+35
148 6 7.9536356879326272e+34
150 6 2.0322560862549996e+34
152 6 4.0452973205859850e+33
154 6 5.6220672481397423e+32
156 6 4.1678470453498343e+31
48 7 9.8838507281597609e+13
50 7 1.5611594241239506e+16
52 7 6.8061827225602342e+17
54 7 1.5842416277546877e+19
56 7 2.5590686085116880e+20
58 7 3.2702734686794815e+21
60 7 3.5503118676269812e+22
62 7 3.4155778005012676e+23
64 7 2.9914061873007722e+24
66 7 2.4076649697176093e+25
68 7 1.7970016101440831e+26
70 7 1.2546732807081133e+27
72 7 8.1694903268486665e+27
74 7 4.9722144560723063e+28
76 7 2.8319465689255480e+29
78 7 1.5084171451913657e+30
80 7 7.5034174957563702e+30
82 7 3.4874925093710777e+31
84 7 1.5132393690355614e+32
86 7 6.1284114604259177e+32
88 7 2.3169599517631342e+33
90 7 8.1427755792082349e+33
92 7 2.6659521735831174e+34
94 7 8.1224903155755446e+34
96 7 2.3008054456945231e+35
98 7 6.0562524307131310e+35
100 7 1.4810876866073766e+36
102 7 3.3644135062322777e+36
104 7 7.1054475859098988e+36
106 7 1.3925448157654233e+37
108 7 2.5396749117710485e+37
110 7 4.3035675805964451e+37
112 7 6.7841371251489622e+37
114 7 9.9529311747997749e+37
116 7 1.3573426332583013e+38
118 7 1.7235700388307944e+38
120 7 2.0343432506609723e+38
122 7 2.2328353160468357e+38
124 7 2.2766093703890290e+38
126 7 2.1530819404389516e+38
128 7 1.8861317979787165e+38
130 7 1.5265495430665399e+38
132 7 1.1399098345275855e+38
134 7 7.8136670104363846e+37
136 7 4.9043450453663236e+37
138 7 2.7980981737629650e+37
140 7 1.4438409988450564e+37
142 7 6.6684274236756113e+36
144 7 2.7269386715413545e+36
146 7 9.7079117657404090e+35
148 7 2.9385651293138561e+35
150 7 7.3113185078469797e+34
152 7 1.4109761366520195e+34
154 7 1.8957040684152085e+33
156 7 1.3501865004555367e+32
52 8 5.0124571729712730e+15
54 8 5.7868449964747226e+17
56 8 2.2005208716531986e+19
58 8 4.8686560647652744e+20
60 8 7.7141631894134131e+21
62 8 9.8468630911145476e+22
64 8 1.0776051297316490e+24
66 8 1.0488076510089882e+25
68 8 9.2717833333270315e+25
70 8 7.5399097808266115e+26
72 8 5.6734326390906479e+27
74 8 3.9709711652603956e+28
76 8 2.5836614729613331e+29
78 8 1.5607249794872679e+30
80 8 8.7715156125118737e+30
82 8 4.5733795055843995e+31
84 8 2.2117489167292613e+32
86 8 9.9245162803378242e+32
88 8 4.1291124320219242e+33
90 8 1.5897501672328493e+34
92 8 5.6606162562596275e+34
94 8 1.8660110522558272e+35
96 8 5.6891727322701226e+35
98 8 1.5999928608281928e+36
100 8 4.1583105447502082e+36
102 8 9.9850607028062247e+36
104 8 2.2138027836869949e+37
106 8 4.5375311550387231e+37
108 8 8.5905259746347646e+37
110 8 1.5057168363024001e+38
112 8 2.4426003343778120e+38
114 8 3.6700683963035149e+38
116 8 5.1080747149538155e+38
118 8 6.5902143763721644e+38
120 8 7.8785328717607468e+38
122 8 8.7255977116757549e+38
124 8 8.9433303164381388e+38
126 8 8.4918107551625903e+38
128 8 7.4461144208716221e+38
130 8 6.0126322696801325e+38
132 8 4.4661927001708130e+38
134 8 3.0420198909964305e+38
136 8 1.8920705135537016e+38
138 8 1.0674658755003586e+38
140 8 5.4365023772312493e+37
142 8 2.4720722638978698e+37
144 8 9.9240421551272299e+36
146 8 3.4634612777205166e+36
148 8 1.0252556438382295e+36
150 8 2.4882282387280307e+35
152 8 4.6697458653662397e+34
154 8 6.0823023904663387e+33
156 8 4.1739501098268636e+32
56 9 2.0855379974186506e+17
58 9 1.7532671860599433e+19
60 9 6.0494450415375378e+20
62 9 1.2720906211007884e+22
64 9 1.9891347431480015e+23
66 9 2.5333286726905259e+24
68 9 2.7925028941223801e+25
70 9 2.7459954950096268e+26
72 9 2.4490323820587138e+27
74 9 2.0102770095275699e+28
76 9 1.5228255215426682e+29
78 9 1.0668858000990128e+30
80 9 6.9027197437895254e+30
82 9 4.1234195295136730e+31
84 9 2.2714046326143783e+32
86 9 1.1538160785117974e+33
88 9 5.3923108901049710e+33
90 9 2.3176747255567471e+34
92 9 9.1574639384198768e+34
94 9 3.3234074206696828e+35
96 9 1.1063853328639256e+36
98 9 3.3823853343310113e+36
100 9 9.4856582101361919e+36
102 9 2.4397146747262058e+37
104 9 5.7538523153327067e+37
106 9 1.2467916131079317e+38
108 9 2.4822356278492954e+38
110 9 4.5446553128238982e+38
112 9 7.6551309091629610e+38
114 9 1.1879846540418359e+39
116 9 1.6996932939121904e+39
118 9 2.2426034989792295e+39
120 9 2.7321579972332947e+39
122 9 3.0715859366508991e+39
124 9 3.1857046003470560e+39
126 9 3.0452406763706427e+39
128 9 2.6821252460672277e+39
130 9 2.1711954006572752e+39
132 9 1.6120480073169342e+39
134 9 1.0932299267462204e+39
136 9 6.7588181030313444e+38
138 9 3.7856353923754979e+38
140 9 1.9064724124539010e+38
142 9 8.5613330813616275e+37
144 9 3.3861235256383590e+37
146 9 1.1607597164272698e+37
148 9 3.3698654584125097e+36
150 9 7.9902049576994060e+35
152 9 1.4605645298327529e+35
154 9 1.8485959493552370e+34
156 9 1.2256916658760039e+33
58 10 1.4094090100963832e+16
60 10 6.5746437044903526e+18
62 10 4.5583696857460271e+20
64 10 1.4208935326476092e+22
66 10 2.8928895257424727e+23
68 10 4.4509652498715440e+24
70 10 5.6718567545710258e+25
72 10 6.2867747811567780e+26
74 10 6.2327548114109791e+27
76 10 5.6142389141179933e+28
78 10 4.6400822555856843e+29
80 10 3.5250384129152801e+30
82 10 2.4601956045803123e+31
84 10 1.5755344517204683e+32
86 10 9.2508613872647645e+32
88 10 4.9655360240841303e+33
90 10 2.4325541237516970e+34
92 10 1.0884287932942962e+35
94 10 4.4359198508430766e+35
96 10 1.6479072979882495e+36
98 10 5.5714320110340394e+36
100 10 1.7144849481675715e+37
102 10 4.7995067830513608e+37
104 10 1.2237119328727116e+38
106 10 2.8422944272461631e+38
108 10 6.0242512131498192e+38
110 10 1.1653554667406301e+39
112 10 2.0612415875098274e+39
114 10 3.3347848666456748e+39
116 10 4.9454050935319143e+39
118 10 6.7321570614258459e+39
120 10 8.4173228172375243e+39
122 10 9.6647843917076465e+39
124 10 1.0197060178904396e+40
126 10 9.8785640836758740e+39
128 10 8.7797123054139779e+39
130 10 7.1494952986882413e+39
132 10 5.3262242820020963e+39
134 10 3.6156703358225189e+39
136 10 2.2292528192211307e+39
138 10 1.2421473730248478e+39
140 10 6.2076542216331972e+38
142 10 2.7603119806936718e+38
144 10 1.0786815593279149e+38
146 10 3.6416412610274351e+37
148 10 1.0387689442001382e+37
150 10 2.4135129573520817e+36
152 10 4.3134518928768064e+35
154 10 5.3121252274246252e+34
156 10 3.4179943442397509e+33
62 11 6.5199917472486490e+17
64 11 1.7923059634683219e+20
66 11 1.0099637010145856e+22
68 11 2.9434572292215962e+23
70 11 5.7564086401176958e+24
72 11 8.7568980593496721e+25
74 11 1.1161881190397865e+27
76 11 1.2438876889029203e+28
78 11 1.2431325395891941e+29
80 11 1.1300620503968445e+30
82 11 9.3825333618884931e+30
84 11 7.1095249986532931e+31
86 11 4.9203863064050067e+32
88 11 3.1002133534385275e+33
90 11 1.7712261361585931e+34
92 11 9.1715875165114792e+34
94 11 4.2971497760473923e+35
96 11 1.8178480348556538e+36
98 11 6.9353042146151368e+36
100 11 2.3904855509950159e+37
102 11 7.4231206643263395e+37
104 11 2.0807262369056400e+38
106 11 5.2691058134338999e+38
108 11 1.2052649404340196e+39
110 11 2.4984708872432529e+39
112 11 4.6936385587975217e+39
114 11 8.0132338000336170e+39
116 11 1.2446893658143863e+40
118 11 1.7628182344451593e+40
120 11 2.2802437034269344e+40
122 11 2.6943335276887043e+40
124 11 2.9102869252783555e+40
126 11 2.8736563804940981e+40
128 11 2.5931717066336752e+40
130 11 2.1362842598492404e+40
132 11 1.6036672024423960e+40
134 11 1.0932985329436194e+40
136 11 6.7533686594791262e+39
138 11 3.7552799382527830e+39
140 11 1.8706656846423636e+39
142 11 8.2600526012260939e+38
144 11 3.1963850038449183e+38
146 11 1.0675420871932934e+38
148 11 2.9983254537266613e+37
150 11 6.8508890203817179e+36
152 11 1.1994276901170357e+36
154 11 1.4408610680198309e+35
156 11 9.0121627569911415e+33
66 12 2.4646319701333070e+19
68 12 4.0035740643875173e+21
70 12 1.9873335472275908e+23
72 12 5.3524418451687342e+24
74 12 1.0169758014807431e+26
76 12 1.5330745610865284e+27
78 12 1.9531678045469138e+28
80 12 2.1911754782586780e+29
82 12 2.2083379933844816e+30
84 12 2.0183909767280650e+31
86 12 1.6749789590094755e+32
88 12 1.2609988739550059e+33
90 12 8.5818026468482571e+33
92 12 5.2634333355547011e+34
94 12 2.8998435569916511e+35
96 12 1.4317454671092557e+36
98 12 6.3165254933380005e+36
100 12 2.4890426154655059e+37
102 12 8.7645743335565522e+37
104 12 2.7573378342664717e+38
106 12 7.7496798706287664e+38
108 12 1.9494216218488223e+39
110 12 4.3961362145200074e+39
112 12 8.9079800692355583e+39
114 12 1.6252774004886590e+40
116 12 2.6748382772623157e+40
118 12 3.9842080015168817e+40
120 12 5.3787797751156647e+40
122 12 6.5962493301272525e+40
124 12 7.3470445011247099e+40
126 12 7.4470653278514458e+40
128 12 6.8632771335855355e+40
130 12 5.7517192597751584e+40
132 12 4.3718867838132821e+40
134 12 3.0116896675163782e+40
136 12 1.8695746869151247e+40
138 12 1.0425090213418284e+40
140 12 5.1863015323981641e+39
142 12 2.2843653044443473e+39
144 12 8.7863655054853522e+38
146 12 2.9074792600177370e+38
148 12 8.0743544787478064e+37
150 12 1.8170813052532713e+37
152 12 3.1259550000423414e+36
154 12 3.6785848033021085e+35
156 12 2.2425947028755365e+34
70 13 6.4000838877644023e+20
72 13 8.0006721680137911e+22
74 13 3.4151947891889352e+24
76 13 8.6816364272168918e+25
78 13 1.6087099984504603e+27
80 13 2.4061544829040701e+28
82 13 3.0723843956953814e+29
84 13 3.4725802304544814e+30
86 13 3.5191954349669247e+31
88 13 3.2220448594761897e+32
90 13 2.6578205811367325e+33
92 13 1.9718223520846862e+34
94 13 1.3079568760309657e+35
96 13 7.7233729523687051e+35
98 13 4.0399738997948238e+36
100 13 1.8688216092223773e+37
102 13 7.6459377681582101e+37
104 13 2.7634979066411048e+38
106 13 8.8166376241099255e+38
108 13 2.4898212105386686e+39
110 13 6.2255851589010153e+39
112 13 1.3830361619977497e+40
114 13 2.7366774100439632e+40
116 13 4.8387819101548261e+40
118 13 7.6695700732808930e+40
120 13 1.0932330642577955e+41
122 13 1.4038759395424600e+41
124 13 1.6277122638615633e+41
126 13 1.7054545010934069e+41
128 13 1.6166197199264591e+41
130 13 1.3858708052672562e+41
132 13 1.0735661389624878e+41
134 13 7.4971701738444128e+40
136 13 4.7057384619450026e+40
138 13 2.6432245023035527e+40
140 13 1.3201829561358369e+40
142 13 5.8148162663637233e+39
144 13 2.2301419123665275e+39
146 13 7.3383282423889822e+38
148 13 2.0223503829577664e+38
150 13 4.4981517033160875e+37
152 13 7.6277539148539999e+36
154 13 8.8212233007176785e+35
156 13 5.2593297422332051e+34
74 14 1.5154927174112313e+22
76 14 1.3731022949953456e+24
78 14 5.2314861881636227e+25
80 14 1.2663444002308449e+27
82 14 2.3044504490631331e+28
84 14 3.4191605943627752e+29
86 14 4.3903176444523888e+30
88 14 4.9837423209489852e+31
90 14 5.0734907892662976e+32
92 14 4.6209129640687087e+33
94 14 3.7647605831308001e+34
96 14 2.7213967325975840e+35
98 14 1.7344627464541510e+36
100 14 9.6924026956782989e+36
102 14 4.7334505361858151e+37
104 14 2.0193890610215382e+38
106 14 7.5073281889751830e+38
108 14 2.4373033735032952e+39
110 14 6.9117784144591898e+39
112 14 1.7183733740831573e+40
114 14 3.7582836658419977e+40
116 14 7.2516376273516426e+40
118 14 1.2408102263534438e+41
120 14 1.8894101659021788e+41
122 14 2.5693096378883451e+41
124 14 3.1298688894015541e+41
126 14 3.4217781106742740e+41
128 14 3.3628196221496509e+41
130 14 2.9690605852206199e+41
132 14 2.3564190283863555e+41
134 14 1.6792739179290569e+41
136 14 1.0706883409692329e+41
138 14 6.0863919257401889e+40
140 14 3.0653063574918199e+40
142 14 1.3559244067984155e+40
144 14 5.2098928282447946e+39
146 14 1.7101674447250773e+39
148 14 4.6891131234100767e+38
150 14 1.0352362423531622e+38
152 14 1.7352869406194687e+37
154 14 1.9766934818000777e+36
156 14 1.1564836801025706e+35
76 15 5.5666008544405422e+20
78 15 2.9273757614340661e+23
80 15 2.0763642872696308e+25
82 15 7.2124270796917295e+26
84 15 1.6868214102347639e+28
86 15 2.9937512866813952e+29
88 15 4.4545080101555187e+30
90 15 5.7280778560332988e+31
92 15 6.5359804688574013e+32
94 15 6.6321588608830835e+33
96 15 5.9868414759143371e+34
98 15 4.7581777686333287e+35
100 15 3.2995537850924296e+36
102 15 1.9823831455018232e+37
104 15 1.0291365692830288e+38
106 15 4.5963125750971437e+38
108 15 1.7660299257879240e+39
110 15 5.8374790117541749e+39
112 15 1.6646596021153058e+40
114 15 4.1130722478973137e+40
116 15 8.8323145905215128e+40
118 15 1.6594736732113071e+41
120 15 2.7413936665249000e+41
122 15 3.9986069344315828e+41
124 15 5.1748043657432778e+41
126 15 5.9611265645251237e+41
128 15 6.1214199880681032e+41
130 15 5.6129279091125094e+41
132 15 4.6007949712854236e+41
134 15 3.3651962633819752e+41
136 15 2.1918641958399112e+41
138 15 1.2664795050000133e+41
140 15 6.4636316188757529e+40
142 15 2.8861805293114427e+40
144 15 1.1145842261261618e+40
146 15 3.6675742795086056e+39
148 15 1.0034164182573793e+39
150 15 2.2063279793535154e+38
152 15 3.6681139738414635e+37
154 15 4.1311288108686846e+36
156 15 2.3799753342759806e+35
80 16 2.0949213078860732e+22
82 16 4.7014539255060499e+24
84 16 2.7937102030203740e+26
86 16 9.1688903115182897e+27
88 16 2.0285055868070828e+29
90 16 3.5943241155809720e+30
92 16 5.3250974357975623e+31
94 16 6.8882581387641382e+32
96 16 7.8535549011886542e+33
98 16 7.9246531801100983e+34
100 16 6.9803771300990007e+35
102 16 5.3176866575341874e+36
104 16 3.4719447942350342e+37
106 16 1.9271550868855356e+38
108 16 9.0600704686105999e+38
110 16 3.6076837239144129e+39
112 16 1.2168121190049404e+40
114 16 3.4888921160080441e+40
116 16 8.5476896946293580e+40
118 16 1.8001951983082930e+41
120 16 3.2834495065525053e+41
122 16 5.2158622803803441e+41
124 16 7.2682339082356619e+41
126 16 8.9207164595897651e+41
128 16 9.6720808785896210e+41
130 16 9.2939961329118623e+41
132 16 7.9206141146209228e+41
134 16 5.9894028204518504e+41
136 16 4.0109354125118448e+41
138 16 2.3717163170726577e+41
140 16 1.2310715525978325e+41
142 16 5.5753713378691518e+40
144 16 2.1749710751931224e+40
146 16 7.1981562701932179e+39
148 16 1.9741004716047812e+39
150 16 4.3369401206049622e+38
152 16 7.1809201117044567e+37
154 16 8.0198820353771520e+36
156 16 4.5665669574196871e+35
84 17 4.3184865421297250e+23
86 17 6.5140351274568712e+25
88 17 3.5235948046836670e+27
90 17 1.0387108517270345e+29
92 17 2.2793688495909000e+30
94 17 3.9764522318827716e+31
96 17 5.9242412680333066e+32
98 17 7.6567707826190085e+33
100 17 8.7172844639151246e+34
102 17 8.6018526651346299e+35
104 17 7.2737820694273806e+36
106 17 5.2005578437790704e+37
108 17 3.1115190295292568e+38
110 17 1.5503041287797832e+39
112 17 6.4194096974274559e+39
114 17 2.2130333456685149e+40
116 17 6.3732055181610908e+40
118 17 1.5446943953023342e+41
120 17 3.1834742047779727e+41
122 17 5.6168893690097254e+41
124 17 8.5564082447868704e+41
126 17 1.1342574150587965e+42
128 17 1.3137243933155889e+42
130 17 1.3355626052178056e+42
132 17 1.1946246643598707e+42
134 17 9.4093834787791752e+41
136 17 6.5200058456349561e+41
138 17 3.9679775042278062e+41
140 17 2.1101989078371066e+41
142 17 9.7318375522398677e+40
144 17 3.8529632594531361e+40
146 17 1.2889296852482019e+40
148 17 3.5607069964494900e+39
150 17 7.8418004810174514e+38
152 17 1.2968913135811686e+38
154 17 1.4429906185971446e+37
156 17 8.1516359616704319e+35
88 18 6.7702700517298781e+24
90 18 8.8124378176050079e+26
92 18 3.8467217146067315e+28
94 18 1.1099973290918946e+30
96 18 2.3604116303558799e+31
98 18 4.1255726902257672e+32
100 18 6.1277730824554004e+33
102 18 7.9638748819717984e+34
104 18 8.8864801800249115e+35
106 18 8.4424763670840591e+36
108 18 6.6796718438834635e+37
110 18 4.3467641606730257e+38
112 18 2.3087691769116253e+39
114 18 9.9807690636478935e+39
116 18 3.5203361003928877e+40
118 18 1.0174593487692200e+41
120 18 2.4357211125289246e+41
122 18 4.8872503634579311e+41
124 18 8.3097297366180808e+41
126 18 1.2086073846195338e+42
128 18 1.5161567353763610e+42
130 18 1.6499923851410583e+42
132 18 1.5642766669093600e+42
134 18 1.2946161173805786e+42
136 18 9.3589746109879876e+41
138 18 5.9004331431656608e+41
140 18 3.2319259942020538e+41
142 18 1.5277825853371003e+41
144 18 6.1695471976183263e+40
146 18 2.0956701195699611e+40
148 18 5.8510625294517511e+39
150 18 1.2977563520317103e+39
152 18 2.1545654382901450e+38
154 18 2.3962885918507519e+37
156 18 1.3485000069559939e+36
92 19 1.2050033574121720e+26
94 19 9.5991240984959185e+27
96 19 4.0044505832047862e+29
98 19 1.0931259410400423e+31
100 19 2.3043927015295142e+32
102 19 4.0010791408332544e+33
104 19 6.0060527904441145e+34
106 19 7.6733226987073180e+35
108 19 8.2841351650421464e+36
110 19 7.3383727607300750e+37
112 19 5.2487407294314996e+38
114 19 2.9955883304860133e+39
116 19 1.3593911412911277e+40
118 19 4.9063898731631474e+40
120 19 1.4204772208830494e+41
122 19 3.3468882478050237e+41
124 19 6.5127403804552217e+41
126 19 1.0619948888158781e+42
128 19 1.4678841501342666e+42
130 19 1.7338568123818034e+42
132 19 1.7626320007535434e+42
134 19 1.5482588106904506e+42
136 19 1.1773483273991221e+42
138 19 7.7494946386909493e+41
140 19 4.4019920368875187e+41
142 19 2.1456096797765699e+41
144 19 8.8820473785407064e+40
146 19 3.0784813749039904e+40
148 19 8.7351048525950718e+39
150 19 1.9600257400162427e+39
152 19 3.2794643457819133e+38
154 19 3.6561250681799556e+37
156 19 2.0565611010392327e+36
94 20 5.8061590961522649e+24
96 20 1.4048851734314292e+27
98 20 1.0044408991333928e+29
100 20 3.8353247391513753e+30
102 20 1.0175745581657627e+32
104 20 2.1105680974864643e+33
106 20 3.7216520455910103e+34
108 20 5.5040091168854969e+35
110 20 6.8558409005512761e+36
112 20 6.8930788728837596e+37
114 20 5.4870457894460304e+38
116 20 3.3942928468162460e+39
118 20 1.6236148845341518e+40
120 20 6.0050255575945606e+40
122 20 1.7371093335329710e+41
124 20 4.0090243404083167e+41
126 20 7.5308326231197392e+41
128 20 1.1715879462903796e+42
130 20 1.5290228771704494e+42
132 20 1.6909480865736784e+42
134 20 1.5947395027910483e+42
136 20 1.2889850502829196e+42
138 20 8.9317844490293095e+41
140 20 5.3000632092221565e+41
142 20 2.6801394257443163e+41
144 20 1.1446276435475164e+41
146 20 4.0706037729732165e+40
148 20 1.1791384888428071e+40
150 20 2.6890872345931777e+39
152 20 4.5508973863731758e+38
154 20 5.1171473942459059e+37
156 20 2.8861487036437833e+36
98 21 8.6098978504376406e+25
100 21 1.5558350569517459e+28
102 21 9.7268631785963704e+29
104 21 3.4641416438561728e+31
106 21 8.8650555891305577e+32
108 21 1.8816933442893064e+34
110 21 3.2594247104616437e+35
112 21 4.7599377878099412e+36
114 21 5.5116434257651609e+37
116 21 4.9562360046806719e+38
118 21 3.3579489339182122e+39
120 21 1.7046904824674793e+40
122 21 6.4581262220282289e+40
124 21 1.8603409103848721e+41
126 21 4.1841413699492041e+41
128 21 7.5442634565554984e+41
130 21 1.1122543461486933e+42
132 21 1.3621654139807544e+42
134 21 1.4001015540774345e+42
136 21 1.2166884194358631e+42
138 21 8.9629231609860122e+41
140 21 5.6063601115516900e+41
142 21 2.9627346014889488e+41
144 21 1.3137100771203355e+41
146 21 4.8208959249501181e+40
148 21 1.4340279725566953e+40
150 21 3.3370404671152209e+39
152 21 5.7375344093006562e+38
154 21 6.5340814685204561e+37
156 21 3.7134932049787827e+36
102 22 1.1072646571713515e+27
104 22 1.6410936120192214e+29
106 22 8.7584540388088807e+30
108 22 2.9016861341594097e+32
110 22 7.6686914923652346e+33
112 22 1.5791370025168243e+35
114 22 2.7530358577468357e+36
116 22 3.7366603385191655e+37
118 22 3.8591406061678330e+38
120 22 2.9012791911832144e+39
122 22 1.5748610787941399e+40
124 22 6.1085538943354816e+40
126 22 1.7432440266977405e+41
128 22 3.7988544639262163e+41
130 22 6.5269550929813986e+41
132 22 9.0597839029842706e+41
134 22 1.0335504101028268e+42
136 22 9.7948983720753463e+41
138 22 7.7674480764138216e+41
140 22 5.1699950966544053e+41
142 22 2.8798928863489248e+41
144 22 1.3350778994277238e+41
146 22 5.0862176064057537e+40
148 22 1.5609486197548039e+40
150 22 3.7312223670433813e+39
152 22 6.5558519525668143e+38
154 22 7.5834115122834653e+37
156 22 4.3613138317236306e+36
106 23 1.5581542104330869e+28
108 23 1.5431749356465987e+30
110 23 7.1387240408566567e+31
112 23 2.4841337548592888e+33
114 23 6.1868711870355021e+34
116 23 1.3157719483619697e+36
118 23 2.1323263729551959e+37
120 23 2.5833817501858394e+38
122 23 2.1876176143023595e+39
124 23 1.2809427331420580e+40
126 23 5.0828846500514760e+40
128 23 1.4279384238639322e+41
130 23 2.9923093268887240e+41
132 23 4.8632629761014265e+41
134 23 6.3044065758707790e+41
136 23 6.6410487139931398e+41
138 23 5.7495519832705062e+41
140 23 4.1185819014888193e+41
142 23 2.4433184722991920e+41
144 23 1.1940823948619608e+41
146 23 4.7599555152153098e+40
148 23 1.5173538566891011e+40
150 23 3.7434516072380468e+39
152 23 6.7537052336547107e+38
154 23 7.9782805827660545e+37
156 23 4.6624116464368441e+36
108 24 5.3780726626477489e+26
110 24 1.6725606079985849e+29
112 24 1.2425865488939954e+31
114 24 6.2454626008864131e+32
116 24 1.9286435068918821e+34
118 24 5.1281552064646396e+35
120 24 1.0159013121013559e+37
122 24 1.4774829321825570e+38
124 24 1.4357738249542983e+39
126 24 9.1821784749741247e+39
128 24 3.7122497748387579e+40
130 24 1.0201092524956074e+41
132 24 2.0382431746748713e+41
134 24 3.1061628596689353e+41
136 24 3.7274449956587363e+41
138 24 3.5898915974160768e+41
140 24 2.8095108324921113e+41
142 24 1.7946108719265806e+41
144 24 9.3393533858009147e+40
146 24 3.9254437376285466e+40
148 24 1.3084757871263055e+40
150 24 3.3517015963963983e+39
152 24 6.2471841412619689e+38
154 24 7.5721702919600913e+37
156 24 4.5169592080394917e+36
112 25 8.2986903777988772e+27
114 25 1.3673113157335749e+30
116 25 1.1776954931429939e+32
118 25 4.6642438877944201e+33
120 25 1.6095798932712007e+35
122 25 3.9930231819464265e+36
124 25 7.1726792923089954e+37
126 25 8.1702800477735889e+38
128 25 5.8010309914579711e+39
130 25 2.3780778073144915e+40
132 25 6.3333738252346052e+40
134 25 1.1942433306718584e+41
136 25 1.6902452516689425e+41
138 25 1.8572057676134274e+41
140 25 1.6180248654624567e+41
142 25 1.1299502605738482e+41
144 25 6.3327691802857006e+40
146 25 2.8321103292052293e+40
148 25 9.9577640521210003e+39
150 25 2.6678355296146915e+39
152 25 5.1583976228102432e+38
154 25 6.4524543197578475e+37
156 25 3.9528388480326949e+36
116 26 7.1260978772883280e+28
118 26 1.5607561468638934e+31
120 26 8.4786667012732869e+32
122 26 3.9937602477640487e+34
124 26 1.2756582448896473e+36
126 26 2.9278137623312501e+37
128 26 4.0176759926499880e+38
130 26 3.2261217459248790e+39
132 26 1.3312554243509236e+40
134 26 3.3939778510855357e+40
136 26 5.9848363347687224e+40
138 26 7.7800425276351409e+40
140 26 7.7360945633337654e+40
142 26 6.0163201267282407e+40
144 26 3.6865747546472675e+40
146 26 1.7751011758767121e+40
148 26 6.6423027466981307e+39
150 26 1.8753821937129336e+39
152 26 3.7906690863116770e+38
154 26 4.9226165568789316e+37
156 26 3.1097028735125654e+36
120 27 1.2913663460168731e+30
122 27 1.0915506606872017e+32
124 27 7.6462215482743038e+33
126 27 3.2328849961928717e+35
128 27 9.9398664648929336e+36
130 27 1.6932946331083400e+38
132 27 1.5783674106401682e+39
134 27 6.4882894060496771e+39
136 27 1.5637248265504382e+40
138 27 2.5451699965396995e+40
140 27 3.0007884821410482e+40
142 27 2.6644740715595134e+40
144 27 1.8175294208549435e+40
146 27 9.5660884094483254e+39
148 27 3.8540463929470692e+39
150 27 1.1577879993076820e+39
152 27 2.4645659714113106e+38
154 27 3.3437455074890998e+37
156 27 2.1925606139016563e+36
122 28 4.9532525723618025e+28
124 28 8.9158218711823960e+30
126 28 1.0869100566269797e+33
128 28 6.3313150339922806e+34
130 28 2.7516647592789454e+36
132 28 6.0582709250145157e+37
134 28 6.7697978267998532e+38
136 28 2.7310785235003556e+39
138 28 6.1406388538828552e+39
140 28 9.0911648787615071e+39
142 28 9.5817996171259351e+39
144 28 7.4650733432079497e+39
146 28 4.3759225994080150e+39
148 28 1.9252953165436984e+39
150 28 6.2168736271424201e+38
152 28 1.4082820377308063e+38
154 28 2.0139330578278013e+37
156 28 1.3776222919284448e+36
126 29 3.4693850815059389e+29
128 29 1.0853447524727479e+32
130 29 9.2208929887748745e+33
132 29 6.0925329462626115e+35
134 29 1.8180212513096624e+37
136 29 2.5363259850128391e+38
138 29 9.8554853825744076e+38
140 29 2.0326138092148829e+39
142 29 2.6966462099311758e+39
144 29 2.4942673689604763e+39
146 29 1.6695542678602249e+39
148 29 8.1733019195025984e+38
150 29 2.8834023875821031e+38
152 29 7.0186753307681484e+37
154 29 1.0655109462725041e+37
156 29 7.6773667964572788e+35
130 30 6.8348540343910464e+30
132 30 9.3294420905264439e+32
134 30 1.0467156461566082e+35
136 30 4.5006550489434449e+36
138 30 8.2292466311362132e+37
140 30 3.0163112971911698e+38
142 30 5.6052116618756522e+38
144 30 6.5345080748502178e+38
146 30 5.1898977570291872e+38
148 30 2.8990536174130947e+38
150 30 1.1374678983164188e+38
152 30 3.0215355503084846e+37
154 30 4.9294965017979512e+36
156 30 3.7680794733548369e+35
132 31 2.0530982466724871e+29
134 31 5.8541794667241430e+31
136 31 1.3379860178115135e+34
138 31 8.9703174946902747e+35
140 31 2.2937111723329502e+37
142 31 7.7291699407474716e+37
144 31 1.2662941900702756e+38
146 31 1.2677202935123407e+38
148 31 8.3931282830081005e+37
150 31 3.7584501596807757e+37
152 31 1.1082203459356702e+37
154 31 1.9716154261917303e+36
156 31 1.6182742912736381e+35
136 32 1.7034306358995117e+30
138 32 1.1913805450337635e+33
140 32 1.4031550123371887e+35
142 32 5.3928953286131878e+36
144 32 1.6276558418569555e+37
146 32 2.2946695834065250e+37
148 32 1.9143760463623663e+37
150 32 1.0150211458406475e+37
152 32 3.4107996690127114e+36
154 32 6.7356943381586424e+35
156 32 6.0203367011575401e+34
140 33 6.5471938178368907e+31
142 33 1.6471943148241538e+34
144 33 1.0526036482660512e+36
146 33 2.7560449627539221e+36
148 33 3.2424251284763533e+36
150 33 2.1633722291424600e+36
152 33 8.6036661803584008e+35
154 33 1.9349124429560643e+35
156 33 1.9146151412932374e+34
142 34 1.6676141782904055e+30
144 34 1.3615195079363024e+33
146 34 1.6639345715033159e+35
148 34 3.6495326853672281e+35
150 34 3.4288836198441390e+35
152 34 1.7133735609525932e+35
154 34 4.5507295452880504e+34
156 34 5.1351808293832081e+33
146 35 7.0089653811156761e+31
148 35 2.0664452030215776e+34
150 35 3.6233071928983221e+34
152 35 2.5465106720481342e+34
154 35 8.4819815937540433e+33
156 35 1.1285708046130074e+33
148 36 1.6924192872482210e+30
150 36 1.9316095149697906e+33
152 36 2.5305193167973880e+33
154 36 1.1830192155959263e+33
156 36 1.9718707294331660e+32
152 37 1.2692799150671908e+32
154 37 1.1023419057144233e+32
156 37 2.5731394744652675e+31
154 38 5.2189272934354019e+30
156 38 2.2597534819735285e+30
156 39 1.0085059886442753e+29
