160 -27 7.8721323031362038e+00
154 -26 1.1112717174626252e+02
156 -26 8.2927801823165066e+02
158 -26 6.2746892167956389e+01
160 -26 4.8315123436048234e+03
148 -25 5.0163248929546023e+02
150 -25 9.1193277884459567e+03
152 -25 2.9682818398145093e+04
154 -25 6.8668126978685497e+04
156 -25 1.9418206456353457e+05
158 -25 4.9597234238476136e+04
160 -25 2.4015679175817431e+05
142 -24 1.0011836511026426e+03
144 -24 4.0236088439309766e+04
146 -24 2.7664771184926690e+05
148 -24 9.3163433052007831e+05
150 -24 2.4930378939480400e+06
152 -24 4.3049594972886555e+06
154 -24 5.2171719489064459e+06
156 -24 7.1267107637630282e+06
158 -24 2.6978814013852398e+06
160 -24 4.0740218164397627e+06
136 -23 1.0168446484293838e+03
138 -23 9.2594419059117834e+04
140 -23 1.1241506947186107e+06
142 -23 5.8478673869414777e+06
144 -23 1.9782235309234262e+07
146 -23 4.7429345314379089e+07
148 -23 8.7841909858675331e+07
150 -23 1.2811346847274336e+08
152 -23 1.5206242945359364e+08
154 -23 1.3890660773250920e+08
156 -23 1.2160537712876862e+08
158 -23 5.0022026167519994e+07
160 -23 4.1933196264860079e+07
130 -22 5.1355098520078582e+02
132 -22 1.1041881083744543e+05
134 -22 2.4327336609324915e+06
136 -22 1.9621378281947628e+07
138 -22 9.0917006229149789e+07
140 -22 2.8979403978488392e+08
142 -22 6.9890723318249869e+08
144 -22 1.3418428260438116e+09
146 -22 2.0739731824869509e+09
148 -22 2.7297158075514169e+09
150 -22 2.9517396380127168e+09
152 -22 2.7502291338690863e+09
154 -22 2.0695682503872921e+09
156 -22 1.4145551410671988e+09
158 -22 5.6100211339035678e+08
160 -22 3.3224259457422394e+08
124 -21 1.0392691832511476e+02
126 -21 6.1840533506502034e+04
128 -21 2.8613043394178394e+06
130 -21 3.8096567373090848e+07
132 -21 2.5305906153955546e+08
134 -21 1.0743713199198740e+09
136 -21 3.3475679966554852e+09
138 -21 8.1495506597494764e+09
140 -21 1.6121576484140867e+10
142 -21 2.6695073818098076e+10
144 -21 3.7614331104339066e+10
146 -21 4.5538683874507370e+10
148 -21 4.7907761180892181e+10
150 -21 4.3360830511677101e+10
152 -21 3.3994352784179539e+10
154 -21 2.2312768410639252e+10
156 -21 1.2839837247820745e+10
158 -21 4.7901273316072779e+09
160 -21 2.1689523854270124e+09
120 -20 1.4254968362035010e+04
122 -20 1.7193608529589905e+06
124 -20 4.2197034713764153e+07
126 -20 4.3175362647583586e+08
128 -20 2.5396160718462076e+09
130 -20 1.0332915584605190e+10
132 -20 3.1892354218306625e+10
134 -20 7.8798189348558304e+10
136 -20 1.6191139606451096e+11
138 -20 2.8286805679842920e+11
140 -20 4.2739750390029169e+11
142 -20 5.6481525527296338e+11
144 -20 6.5568334913975659e+11
146 -20 6.6938686858584009e+11
148 -20 6.0663873551066516e+11
150 -20 4.7943101769382538e+11
152 -20 3.2976942046050146e+11
154 -20 1.9265273308693103e+11
156 -20 9.6511250926632019e+10
158 -20 3.3589685301193863e+10
160 -20 1.2215802013440002e+10
114 -19 7.7434213833971148e+02
116 -19 4.6385027370824659e+05
118 -19 2.5382076666004255e+07
120 -19 4.4326091449835801e+08
122 -19 3.8469525020856156e+09
124 -19 2.1179609870370224e+10
126 -19 8.3890121585353546e+10
128 -19 2.5924574144172882e+11
130 -19 6.5483332720457361e+11
132 -19 1.3981543589047063e+12
134 -19 2.5706574911014624e+12
136 -19 4.1261019970355972e+12
138 -19 5.8693821916499453e+12
140 -19 7.4113877094432871e+12
142 -19 8.3552705092934688e+12
144 -19 8.4526092569250322e+12
146 -19 7.6039784322650293e+12
148 -19 6.1041468062639092e+12
150 -19 4.3052612833409707e+12
152 -19 2.6632904134525542e+12
154 -19 1.4032669027630244e+12
156 -19 6.2489595115538171e+11
158 -19 2.0135745821641461e+11
160 -19 6.0710629328490166e+10
110 -18 4.2093073812945710e+04
112 -18 7.4146997775193620e+06
114 -18 2.5967284695888183e+08
116 -18 3.6754635010869188e+09
118 -18 2.8757333876231369e+10
120 -18 1.5076752676888498e+11
122 -18 5.9086440312990430e+11
124 -18 1.8445389980362314e+12
126 -18 4.7820138964950605e+12
128 -18 1.0599517208624510e+13
130 -18 2.0413623176770250e+13
132 -18 3.4743027166072422e+13
134 -18 5.2669877363691109e+13
136 -18 7.1560600026598547e+13
138 -18 8.7799570155895328e+13
140 -18 9.7358313350235844e+13
142 -18 9.7401489393785156e+13
144 -18 8.7851294825934406e+13
146 -18 7.1205964670069906e+13
148 -18 5.1567149206376492e+13
150 -18 3.3064421717041043e+13
152 -18 1.8567814342247395e+13
154 -18 8.8941501667125566e+12
156 -18 3.5864754254017725e+12
158 -18 1.0621989642656250e+12
160 -18 2.7051433631150827e+11
104 -17 4.5708899448747542e+02
106 -17 8.4038261508356407e+05
108 -17 7.8944712528483808e+07
110 -17 2.0910758299665532e+09
112 -17 2.5458477952459515e+10
114 -17 1.8503092455592761e+11
116 -17 9.4221736721727649e+11
118 -17 3.6799200714163247e+12
120 -17 1.1649486580068555e+13
122 -17 3.1068278629817914e+13
124 -17 7.1315472911650328e+13
126 -17 1.4390492242862800e+14
128 -17 2.5847068092235812e+14
130 -17 4.1597093941961281e+14
132 -17 6.0403120962585438e+14
134 -17 7.9808160149747150e+14
136 -17 9.5787895682817038e+14
138 -17 1.0492126851694105e+15
140 -17 1.0423987139120746e+15
142 -17 9.4274413719350938e+14
144 -17 7.7282330083094700e+14
146 -17 5.7203374294732638e+14
148 -17 3.7876132240289281e+14
150 -17 2.2255634670887297e+14
152 -17 1.1448289580063028e+14
154 -17 5.0246043927357750e+13
156 -17 1.8418353096498969e+13
158 -17 5.0169887325589492e+12
160 -17 1.0997199214443789e+12
100 -16 1.8840369490316294e+04
102 -16 1.0068512919566229e+07
104 -16 6.4184303740234637e+08
106 -16 1.3940202684355776e+10
108 -16 1.5204780835476416e+11
110 -16 1.0500681544944441e+12
112 -16 5.2627637622380479e+12
114 -16 2.0610673180331238e+13
116 -16 6.6389592721236688e+13
118 -16 1.8205718081161234e+14
120 -16 4.3357157283795244e+14
122 -16 9.1430809950471088e+14
124 -16 1.7240844433774785e+15
126 -16 2.9345663689381105e+15
128 -16 4.5328592628743880e+15
130 -16 6.3894429639446150e+15
132 -16 8.2430479048103620e+15
134 -16 9.7367550102298240e+15
136 -16 1.0553359201904642e+16
138 -16 1.0475936696728566e+16
140 -16 9.5290265595402120e+15
142 -16 7.8911228372874160e+15
144 -16 5.9510569893761060e+15
146 -16 4.0485544822356330e+15
148 -16 2.4803344701106610e+15
150 -16 1.3413169244242398e+15
152 -16 6.3575162847249100e+14
154 -16 2.5678427575773559e+14
156 -16 8.6071462176489625e+13
158 -16 2.1568247482881965e+13
160 -16 4.0988202502797319e+12
96 -15 3.4474301356117934e+05
98 -15 8.9090850956579909e+07
100 -15 4.3073590429734945e+09
102 -15 8.0167427583992325e+10
104 -15 8.0256918400934973e+11
106 -15 5.3384305370882363e+12
108 -15 2.6416438807070312e+13
110 -15 1.0444553708651072e+14
112 -15 3.4221140031608800e+14
114 -15 9.6520562557026988e+14
116 -15 2.3848773917904485e+15
118 -15 5.2377343786160010e+15
120 -15 1.0364914833069068e+16
122 -15 1.8542424542294144e+16
124 -15 3.0323015910845624e+16
126 -15 4.5449485675846536e+16
128 -15 6.2656971439641976e+16
130 -15 7.9459870629137808e+16
132 -15 9.2878463652081568e+16
134 -15 1.0011462081217888e+17
136 -15 9.9524699611900528e+16
138 -15 9.0884505884573024e+16
140 -15 7.6156785153804032e+16
142 -15 5.8408528438738656e+16
144 -15 4.0784156650010512e+16
146 -15 2.5726081457901940e+16
148 -15 1.4580821347342522e+16
150 -15 7.3307475661754150e+15
152 -15 3.2100081916122070e+15
154 -15 1.2000702686673588e+15
156 -15 3.6874594284049825e+14
158 -15 8.4813897570160344e+13
160 -15 1.4127162203843941e+13
90 -14 3.1784269964342297e+02
92 -14 3.8588205149680232e+06
94 -14 6.3483313028081369e+08
96 -14 2.4616216438769997e+10
98 -14 4.0022776070727539e+11
100 -14 3.7579198318952085e+12
102 -14 2.4314525741419875e+13
104 -14 1.1966587267791508e+14
106 -14 4.7663649034777156e+14
108 -14 1.5995994989489470e+15
110 -14 4.6315264030537840e+15
112 -14 1.1855873432827052e+16
114 -14 2.7138643264659056e+16
116 -14 5.6086088768593960e+16
118 -14 1.0578443933331920e+17
120 -14 1.8244643129445466e+17
122 -14 2.8909357984359437e+17
124 -14 4.2328132247271354e+17
126 -14 5.7339196576552358e+17
128 -14 7.1855662132318387e+17
130 -14 8.3380345493405606e+17
132 -14 8.9872647378179418e+17
134 -14 8.9369874759223949e+17
136 -14 8.2294273742645709e+17
138 -14 6.9766295065586496e+17
140 -14 5.4355382526038406e+17
142 -14 3.8808274164049984e+17
144 -14 2.5260419297493651e+17
146 -14 1.4868493385039610e+17
148 -14 7.8363996046911200e+16
150 -14 3.6643671763091064e+16
152 -14 1.4908350860711864e+16
154 -14 5.1588971017613780e+15
156 -14 1.4582936419236248e+15
158 -14 3.0848929721264250e+14
160 -14 4.5205208196328531e+13
86 -13 1.3873835568995974e+04
88 -13 3.2859959645638969e+07
90 -13 3.8060096040471463e+09
92 -13 1.2098966876234605e+11
94 -13 1.7604768948601526e+12
96 -13 1.5618439941582941e+13
98 -13 9.9016343368535250e+13
100 -13 4.8517553474076538e+14
102 -13 1.9579249441807488e+15
104 -13 6.7098451345749200e+15
106 -13 2.0006811791085244e+16
108 -13 5.3037446127120528e+16
110 -13 1.2618766146942045e+17
112 -13 2.7295417623523232e+17
114 -13 5.3935855585043130e+17
116 -13 9.8083010086034240e+17
118 -13 1.6442855409836178e+18
120 -13 2.5528242168795535e+18
122 -13 3.6758086426014679e+18
124 -13 4.9182648998505001e+18
126 -13 6.1247395058448609e+18
128 -13 7.0890501167952916e+18
130 -13 7.6369626205001953e+18
132 -13 7.6347243380774595e+18
134 -13 7.0852658040603259e+18
136 -13 6.0769466959160095e+18
138 -13 4.8204610494813573e+18
140 -13 3.5120387858675860e+18
142 -13 2.3455987341805051e+18
144 -13 1.4282964577474002e+18
146 -13 7.8522187531998733e+17
148 -13 3.8643703881905203e+17
150 -13 1.6860981512741194e+17
152 -13 6.3840463841431160e+16
154 -13 2.0479000636656180e+16
156 -13 5.3422520872505700e+15
158 -13 1.0385416012634059e+15
160 -13 1.3423375736654327e+14
82 -12 2.4032903672505653e+05
84 -12 2.2635041558756027e+08
86 -12 1.9311178275328098e+10
88 -12 5.1178250983839691e+11
90 -12 6.7807504946604170e+12
92 -12 5.7640442576005797e+13
94 -12 3.5824167320353694e+14
96 -12 1.7634888022709652e+15
98 -12 7.1949315998093680e+15
100 -12 2.5177484863678664e+16
102 -12 7.7276477985525504e+16
104 -12 2.1185873835316528e+17
106 -12 5.2487282340004723e+17
108 -12 1.1869636779844948e+18
110 -12 2.4604784353956270e+18
112 -12 4.7040653646655939e+18
114 -12 8.3184915799414630e+18
116 -12 1.3653339254105094e+19
118 -12 2.0893898390042075e+19
120 -12 2.9747801221280874e+19
122 -12 3.9590068717868458e+19
124 -12 4.9099964589340025e+19
126 -12 5.6866744420706230e+19
128 -12 6.1401165760845398e+19
130 -12 6.1801140361947734e+19
132 -12 5.7841227746361524e+19
134 -12 5.0342687592613110e+19
136 -12 4.0521619293794787e+19
138 -12 3.0182375011533324e+19
140 -12 2.0649503156118913e+19
142 -12 1.2949271478563357e+19
144 -12 7.3988117896965734e+18
146 -12 3.8132154700321940e+18
148 -12 1.7614250771775652e+18
150 -12 7.1684397291899059e+17
152 -12 2.5339482195317504e+17
154 -12 7.5515654565189200e+16
156 -12 1.8209381941333192e+16
158 -12 3.2520108218507265e+15
160 -12 3.7279779829392294e+14
78 -11 2.5583473411801928e+06
80 -11 1.2810349112838500e+09
82 -11 8.2322340456761902e+10
84 -11 1.8668928666776133e+12
86 -11 2.2772426599700609e+13
88 -11 1.8583006237058500e+14
90 -11 1.1406193472625978e+15
92 -11 5.6205507568108660e+15
94 -11 2.3319436008533024e+16
96 -11 8.3646480687416288e+16
98 -11 2.6449222551349757e+17
100 -11 7.5135818047244275e+17
102 -11 1.9386436874891766e+18
104 -11 4.5740186047499827e+18
106 -11 9.9458062976600740e+18
108 -11 1.9989118877104071e+19
110 -11 3.7302056976946913e+19
112 -11 6.4727715594088178e+19
114 -11 1.0498257065779308e+20
116 -11 1.5901111834688881e+20
118 -11 2.2510282963323719e+20
120 -11 2.9884454913031936e+20
122 -11 3.7075209875989673e+20
124 -11 4.3041259674656873e+20
126 -11 4.6762542498315875e+20
128 -11 4.7392251140349375e+20
130 -11 4.4922984358873229e+20
132 -11 3.9556868126449480e+20
134 -11 3.2439429182289006e+20
136 -11 2.4632135734096426e+20
138 -11 1.7261289786431239e+20
140 -11 1.1154292629538202e+20
142 -11 6.5818769404827042e+19
144 -11 3.5337737080301195e+19
146 -11 1.7149038947038962e+19
148 -11 7.4139912695487304e+18
150 -11 2.8293558261329290e+18
152 -11 9.3136425763377075e+17
154 -11 2.5871474912672237e+17
156 -11 5.7763581741714560e+16
158 -11 9.4663116969207000e+15
160 -11 9.7014167357941875e+14
74 -10 2.0172194739172921e+07
76 -10 5.8160499746654625e+09
78 -10 2.8911039407166016e+11
80 -10 5.7371094950475918e+12
82 -10 6.5661193520590602e+13
84 -10 5.1962759136452975e+14
86 -10 3.1547788731335745e+15
88 -10 1.5624928970446800e+16
90 -10 6.5695054662515728e+16
92 -10 2.4175308471835078e+17
94 -10 7.8973117961167437e+17
96 -10 2.3301235235872865e+18
98 -10 6.2542875381583524e+18
100 -10 1.5413761479578270e+19
102 -10 3.5202610302568370e+19
104 -10 7.4387217425560060e+19
106 -10 1.4641021007483011e+20
108 -10 2.6928968894042971e+20
110 -10 4.6212502298973661e+20
112 -10 7.4369660729128059e+20
114 -10 1.1216645997335204e+21
116 -10 1.5895241202403928e+21
118 -10 2.1069469458133352e+21
120 -10 2.6256707785679218e+21
122 -10 3.0659548501689699e+21
124 -10 3.3572364011081942e+21
126 -10 3.4422662836851174e+21
128 -10 3.2963517714202792e+21
130 -10 2.9527384706885049e+21
132 -10 2.4598289672990176e+21
134 -10 1.9076628099464102e+21
136 -10 1.3682237580055772e+21
138 -10 9.0847647811103280e+20
140 -10 5.5353484508944007e+20
142 -10 3.0857654044968957e+20
144 -10 1.5616595992255939e+20
146 -10 7.1164681736981021e+19
148 -10 2.8979165487200346e+19
150 -10 1.0363149794355544e+19
152 -10 3.1964844417968415e+18
154 -10 8.2516282326875366e+17
156 -10 1.7013446379427347e+17
158 -10 2.5748680003708812e+16
160 -10 2.3566856801739830e+15
70 -9 1.1578869342706533e+08
72 -9 2.1102628737029285e+10
74 -9 8.3618999680724487e+11
76 -9 1.4815154607234996e+13
78 -9 1.5896268176746731e+14
80 -9 1.2270360546622475e+15
82 -9 7.4274642124159920e+15
84 -9 3.7077727334463968e+16
86 -9 1.5885962079374803e+17
88 -9 6.0040002857607181e+17
90 -9 2.0283202682148047e+18
92 -9 6.2119653886042583e+18
94 -9 1.7416694013861319e+19
96 -9 4.5025458273462821e+19
98 -9 1.0756453409499121e+20
100 -9 2.3994508548610467e+20
102 -9 4.9899241338279028e+20
104 -9 9.6859125360605345e+20
106 -9 1.7652106678878365e+21
108 -9 3.0205380444011086e+21
110 -9 4.8542529519449360e+21
112 -9 7.3221796599189503e+21
114 -9 1.0398260880327041e+22
116 -9 1.3870582425597394e+22
118 -9 1.7409079667195508e+22
120 -9 2.0518652018580022e+22
122 -9 2.2711450306436275e+22
124 -9 2.3551309912113423e+22
126 -9 2.2920078965105658e+22
128 -9 2.0813520979179168e+22
130 -9 1.7664936519927150e+22
132 -9 1.3991098353800119e+22
134 -9 1.0273720209857766e+22
136 -9 7.0019550634585652e+21
138 -9 4.3979454857742957e+21
140 -9 2.5353128723631975e+21
142 -9 1.3366078156392411e+21
144 -9 6.3746981580017854e+20
146 -9 2.7421977051554605e+20
148 -9 1.0509177734590631e+20
150 -9 3.5223208645522768e+19
152 -9 1.0176927435328506e+19
154 -9 2.4458102717430195e+18
156 -9 4.6841512827436934e+17
158 -9 6.5055663666332968e+16
160 -9 5.3613410051424080e+15
64 -8 6.1768675016125126e+04
66 -8 4.8802428687772560e+08
68 -8 5.9662278896708733e+10
70 -8 1.9541137930634038e+12
72 -8 3.1179770800595324e+13
74 -8 3.1973392602484325e+14
76 -8 2.4154141103711820e+15
78 -8 1.4587275619710286e+16
80 -8 7.3757532926671808e+16
82 -8 3.2309283677190637e+17
84 -8 1.2553091698858150e+18
86 -8 4.3980693313204255e+18
88 -8 1.4043908378746274e+19
90 -8 4.1108860764238987e+19
92 -8 1.1146138964541016e+20
94 -8 2.8060905159031256e+20
96 -8 6.5974129378629635e+20
98 -8 1.4485458339036744e+21
100 -8 2.9876656137097398e+21
102 -8 5.7789853352126516e+21
104 -8 1.0508257006947360e+22
106 -8 1.7989372795294379e+22
108 -8 2.8989688389985680e+22
110 -8 4.3965262509248124e+22
112 -8 6.2926609559824682e+22
114 -8 8.4775856341354505e+22
116 -8 1.0752385992519699e+23
118 -8 1.2811833584421319e+23
120 -8 1.4376867676851255e+23
122 -8 1.5131935920507099e+23
124 -8 1.4958917171881700e+23
126 -8 1.3850751910575076e+23
128 -8 1.1978101153050973e+23
130 -8 9.6792193047253112e+22
132 -8 7.2851415309562700e+22
134 -8 5.0869962055213036e+22
136 -8 3.2899485696888731e+22
138 -8 1.9614835749607271e+22
140 -8 1.0719633124759802e+22
142 -8 5.3461882749117750e+21
144 -8 2.4144220390052463e+21
146 -8 9.7824424865500050e+20
148 -8 3.5264932952288402e+20
150 -8 1.1128474923332036e+20
152 -8 3.0040475336486834e+19
154 -8 6.7435698508036157e+18
156 -8 1.1974268291603983e+18
158 -8 1.5329040508293482e+17
160 -8 1.1386872737728926e+16
60 -7 8.8752480464168848e+05
62 -7 1.4933711476341927e+09
64 -7 1.2993866509351550e+11
66 -7 3.6100630118333027e+12
68 -7 5.2985060256756094e+13
70 -7 5.2117304143768012e+14
72 -7 3.8849179657574235e+15
74 -7 2.3482852343911008e+16
76 -7 1.2087182645393995e+17
78 -7 5.4209807993051597e+17
80 -7 2.1756567020194299e+18
82 -7 7.8999487634724485e+18
84 -7 2.6281818262574707e+19
86 -7 8.0759956039836680e+19
88 -7 2.3006783519647865e+20
90 -7 6.1155839105303786e+20
92 -7 1.5180677530582927e+21
94 -7 3.5374446930242484e+21
96 -7 7.7463268223523121e+21
98 -7 1.5935381743602873e+22
100 -7 3.0918393705463225e+22
102 -7 5.6414492572525101e+22
104 -7 9.7235222453720520e+22
106 -7 1.5809163809322220e+23
108 -7 2.4248124783653270e+23
110 -7 3.5058498587542475e+23
112 -7 4.7773861513863807e+23
114 -7 6.1423688057710364e+23
116 -7 7.4366375325488641e+23
118 -7 8.4623269984540778e+23
120 -7 9.0741291467831045e+23
122 -7 9.1320943177313392e+23
124 -7 8.6158819993666834e+23
126 -7 7.6223137040459501e+23
128 -7 6.3003082086790217e+23
130 -7 4.8515402652826710e+23
132 -7 3.4784262477144636e+23
134 -7 2.3133603313680613e+23
136 -7 1.4227029745748947e+23
138 -7 8.0539340932649696e+22
140 -7 4.1814168640737073e+22
142 -7 1.9766414145910322e+22
144 -7 8.4493397277838085e+21
146 -7 3.2349174964393817e+21
148 -7 1.0988141630144159e+21
150 -7 3.2565445867960893e+20
152 -7 8.2398594900080640e+19
154 -7 1.7267888963304833e+19
156 -7 2.8464771748286029e+18
158 -7 3.3650453409860378e+17
160 -7 2.2603720091417348e+16
56 -6 5.0114980729517434e+06
58 -6 3.3024555119295945e+09
60 -6 2.1536823362124600e+11
62 -6 5.2003975078101709e+12
64 -6 7.1189778068996938e+13
66 -6 6.7864946106515875e+14
68 -6 5.0012443716623680e+15
70 -6 3.0420555320246432e+16
72 -6 1.5901905190863507e+17
74 -6 7.3311893401886950e+17
76 -6 3.0427571007997962e+18
78 -6 1.1505564848067240e+19
80 -6 4.0053517125570060e+19
82 -6 1.2934650979819241e+20
84 -6 3.8885717187666726e+20
86 -6 1.0908872526123275e+21
88 -6 2.8761386288364740e+21
90 -6 7.1076739342598605e+21
92 -6 1.6561782959334536e+22
94 -6 3.6411294527760821e+22
96 -6 7.5469586444432915e+22
98 -6 1.4728796799272673e+23
100 -6 2.7167140655584572e+23
102 -6 4.7362396036025940e+23
104 -6 7.8005919165370000e+23
106 -6 1.2147803819947054e+24
108 -6 1.7823056631834301e+24
110 -6 2.4694112426809429e+24
112 -6 3.2284539026598345e+24
114 -6 3.9827930197414537e+24
116 -6 4.6215165217026430e+24
118 -6 5.0526002954208442e+24
120 -6 5.1916538032081316e+24
122 -6 5.0017337421507484e+24
124 -6 4.5246915027078798e+24
126 -6 3.8278231988082913e+24
128 -6 3.0240958989929578e+24
130 -6 2.2267527805026661e+24
132 -6 1.5246658854671654e+24
134 -6 9.6694859423957162e+23
136 -6 5.6599034635846052e+23
138 -6 3.0492801567824358e+23
140 -6 1.5029782213701944e+23
142 -6 6.7422240956215768e+22
144 -6 2.7292878247116048e+22
146 -6 9.8740507974967031e+21
148 -6 3.1636557632725535e+21
150 -6 8.8175021302046156e+20
152 -6 2.0938927954024320e+20
154 -6 4.0978348920570724e+19
156 -6 6.2939194233838213e+18
158 -6 6.8552565211408358e+17
160 -6 4.1833537087870648e+16
52 -5 1.5386925749193432e+07
54 -5 5.2473994538338070e+09
56 -5 2.6810733851996002e+11
58 -5 5.7357671038321104e+12
60 -5 7.3769710778073391e+13
62 -5 6.8236349691809900e+14
64 -5 5.0010815078790220e+15
66 -5 3.0700312958766684e+16
68 -5 1.6396805644482192e+17
70 -5 7.7862779511489600e+17
72 -5 3.3573463679923702e+18
74 -5 1.3225129016402663e+19
76 -5 4.8310699176525775e+19
78 -5 1.6440612361604943e+20
80 -5 5.2200130191794635e+20
82 -5 1.5561592881657338e+21
84 -5 4.3535440753683123e+21
86 -5 1.1485009275887865e+22
88 -5 2.8567957889107899e+22
90 -5 6.7118701555270090e+22
92 -5 1.4896715808557010e+23
94 -5 3.1260137485995991e+23
96 -5 6.1961823490866513e+23
98 -5 1.1628252674329947e+24
100 -5 2.0632105430443859e+24
102 -5 3.4608698215311138e+24
104 -5 5.4865921042254651e+24
106 -5 8.2159363462064721e+24
108 -5 1.1613095736490761e+25
110 -5 1.5500573532688591e+25
112 -5 1.9520896867840684e+25
114 -5 2.3179850003903619e+25
116 -5 2.5886517139515140e+25
118 -5 2.7216600623616929e+25
120 -5 2.6874062672349956e+25
122 -5 2.4899361521020885e+25
124 -5 2.1609350497595366e+25
126 -5 1.7520576646942134e+25
128 -5 1.3254641519017930e+25
130 -5 9.3486308403526312e+24
132 -5 6.1133505827622880e+24
134 -5 3.7025457361854569e+24
136 -5 2.0690355263491136e+24
138 -5 1.0621961608968717e+24
140 -5 4.9720482743680399e+23
142 -5 2.1162298452683458e+23
144 -5 8.1242311461600397e+22
146 -5 2.7822470932692088e+22
148 -5 8.4084119925978217e+21
150 -5 2.2043488754694370e+21
152 -5 4.9150347646583092e+20
154 -5 9.0001734410775511e+19
156 -5 1.2851134452698657e+19
158 -5 1.2940513521218332e+18
160 -5 7.1946130201763600e+16
48 -4 2.8692808226350203e+07
50 -4 5.8628153460085869e+09
52 -4 2.4440738106388556e+11
54 -4 4.7099916025785098e+12
56 -4 5.7532745059863289e+13
58 -4 5.1997717734834688e+14
60 -4 3.7907688200452185e+15
62 -4 2.3495382521129996e+16
64 -4 1.2814655498648736e+17
66 -4 6.2956423382266816e+17
68 -4 2.8231400338920591e+18
70 -4 1.1642921736129212e+19
72 -4 4.4774930860349800e+19
74 -4 1.6091685316599185e+20
76 -4 5.4296113239490180e+20
78 -4 1.7196852207374219e+21
80 -4 5.1395570572031846e+21
82 -4 1.4483053010832599e+22
84 -4 3.8668492281779816e+22
86 -4 9.7494314869387782e+22
88 -4 2.3280581460592000e+23
90 -4 5.2608206208079540e+23
92 -4 1.1250881877252860e+24
94 -4 2.2766303008567845e+24
96 -4 4.3669494061482273e+24
98 -4 7.9282258731625518e+24
100 -4 1.3604303205593217e+25
102 -4 2.2084951606246755e+25
104 -4 3.3882731163475313e+25
106 -4 4.9168872152765922e+25
108 -4 6.7254271442937081e+25
110 -4 8.6825108684698407e+25
112 -4 1.0570106686311536e+26
114 -4 1.2111168413291945e+26
116 -4 1.3069085294228893e+26
118 -4 1.3250494744004327e+26
120 -4 1.2604822499606912e+26
122 -4 1.1244790472589338e+26
124 -4 9.3795508513624376e+25
126 -4 7.3055973552741130e+25
128 -4 5.3050032271147321e+25
130 -4 3.5838889188939172e+25
132 -4 2.2458054390740055e+25
134 -4 1.3001740356758897e+25
136 -4 6.9318605181581519e+24
138 -4 3.3873621163300809e+24
140 -4 1.5120474277450248e+24
142 -4 6.1138569992861288e+23
144 -4 2.2249876137969559e+23
146 -4 7.2097441038651311e+22
148 -4 2.0584360594960894e+22
150 -4 5.0857387254487596e+21
152 -4 1.0651129899341075e+21
154 -4 1.8262538171434874e+20
156 -4 2.4267867862174577e+19
158 -4 2.2621597773762524e+18
160 -4 1.1501537584621374e+17
44 -3 3.3289287995998695e+07
46 -3 4.5354941717444973e+09
48 -3 1.5851860302037500e+11
50 -3 2.7977275579767490e+12
52 -3 3.2559507254945195e+13
54 -3 2.8774391734515662e+14
56 -3 2.0943427575999542e+15
58 -3 1.3174045225463178e+16
60 -3 7.3632904322784816e+16
62 -3 3.7409959672637683e+17
64 -3 1.7485417048534436e+18
66 -3 7.5912526747866163e+18
68 -3 3.0775607407248904e+19
70 -3 1.1731134784482489e+20
72 -3 4.2080441734206220e+20
74 -3 1.4259028027845632e+21
76 -3 4.5656060620535638e+21
78 -3 1.3827613042839059e+22
80 -3 3.9701915833008325e+22
82 -3 1.0801797592916735e+23
84 -3 2.7867962975422901e+23
86 -3 6.8116857330615021e+23
88 -3 1.5785970606682239e+24
90 -3 3.4690328526295995e+24
92 -3 7.2149020504503682e+24
94 -3 1.4229531232613324e+25
96 -3 2.6572742706735589e+25
98 -3 4.6914310247775261e+25
100 -3 7.8447241815230030e+25
102 -3 1.2393240530640500e+26
104 -3 1.8494146924700869e+26
106 -3 2.6066125416611515e+26
108 -3 3.4630571309102276e+26
110 -3 4.3387387615209550e+26
112 -3 5.1242102267571617e+26
114 -3 5.6851142531606394e+26
116 -3 5.9344120298675032e+26
118 -3 5.8146018334765716e+26
120 -3 5.3413583790595460e+26
122 -3 4.5947592446222856e+26
124 -3 3.6928626030624789e+26
126 -3 2.7687958420627059e+26
128 -3 1.9312713949379399e+26
130 -3 1.2520876055323076e+26
132 -3 7.5109433217432272e+25
134 -3 4.1617458291918697e+25
136 -3 2.1202861422434030e+25
138 -3 9.8988916083494406e+24
140 -3 4.2116395513476648e+24
142 -3 1.6190987236673233e+24
144 -3 5.5912102998843176e+23
146 -3 1.7168497642657540e+23
148 -3 4.6291417844604727e+22
150 -3 1.0788804812282870e+22
152 -3 2.1249204773545470e+21
154 -3 3.4194613742740007e+20
156 -3 4.2320439439026233e+19
158 -3 3.6517461452389069e+18
160 -3 1.6995594537976166e+17
40 -2 2.4314617070830926e+07
42 -2 2.3550810848296666e+09
44 -2 7.0693732429838226e+10
46 -2 1.1442103764384985e+12
48 -2 1.2756804986457176e+13
50 -2 1.1076732372796383e+14
52 -2 8.0604246294887050e+14
54 -2 5.1360292825465620e+15
56 -2 2.9541205281708928e+16
58 -2 1.5577702882618598e+17
60 -2 7.6274834226168166e+17
62 -2 3.4946419040569446e+18
64 -2 1.5038523985828827e+19
66 -2 6.1015062231078527e+19
68 -2 2.3397557597326262e+20
70 -2 8.5053604311749309e+20
72 -2 2.9260120507690097e+21
74 -2 9.5838596276669498e+21
76 -2 2.9755074635791233e+22
78 -2 8.7800252694078689e+22
80 -2 2.4553270882456359e+23
82 -2 6.5364127586866410e+23
84 -2 1.6496152181049506e+24
86 -2 3.9551815842734692e+24
88 -2 8.9883885473880782e+24
90 -2 1.9358919586813594e+25
92 -2 3.9489102198350109e+25
94 -2 7.6286632331617321e+25
96 -2 1.3952822731186318e+26
98 -2 2.4153418131889352e+26
100 -2 3.9510919119954562e+26
102 -2 6.0993356682902110e+26
104 -2 8.8927012937317172e+26
106 -2 1.2219387439879106e+27
108 -2 1.5836927075882679e+27
110 -2 1.9312314611821646e+27
112 -2 2.2149833753467018e+27
114 -2 2.3899820158683524e+27
116 -2 2.4193178127314531e+27
118 -2 2.2956626690983876e+27
120 -2 2.0408010710065511e+27
122 -2 1.6962936086136342e+27
124 -2 1.3146567942930609e+27
126 -2 9.5038833899798721e+26
128 -2 6.3764624392162411e+26
130 -2 3.9735013101357777e+26
132 -2 2.2886458994344072e+26
134 -2 1.2149512215200492e+26
136 -2 5.9207287634773146e+25
138 -2 2.6407065292782458e+25
140 -2 1.0702227821503952e+25
142 -2 3.9198032288874395e+24
144 -2 1.2857885624040887e+24
146 -2 3.7453610602822570e+23
148 -2 9.5496915612484237e+22
150 -2 2.1025646674362390e+22
152 -2 3.8916769095148781e+21
154 -2 5.8648188279567293e+20
156 -2 6.7787680421696537e+19
158 -2 5.4271454121896960e+18
160 -2 2.3198774266542336e+17
34 -1 9.4239245302581403e+03
36 -1 1.0507432623596361e+07
38 -1 7.7103689480828166e+08
40 -1 2.0145549465066635e+10
42 -1 3.0196677935892139e+11
44 -1 3.2181879816731943e+12
46 -1 2.7506789409586273e+13
48 -1 2.0037903493839266e+14
50 -1 1.3014992998896012e+15
52 -1 7.7525753060166850e+15
54 -1 4.2760606835244584e+16
56 -1 2.2077060816307946e+17
58 -1 1.0721169843248588e+18
60 -1 4.9242457203241841e+18
62 -1 2.1435139810135912e+19
64 -1 8.8391026824380678e+19
66 -1 3.4676649545515454e+20
68 -1 1.2944363172204794e+21
70 -1 4.5903925462077161e+21
72 -1 1.5511220837943335e+22
74 -1 4.9935127003550288e+22
76 -1 1.5289237307843579e+23
78 -1 4.4437784524771595e+23
80 -1 1.2291230754232796e+24
82 -1 3.2378723468805569e+24
84 -1 8.0786366379491116e+24
86 -1 1.9136592718008107e+25
88 -1 4.2937417962522383e+25
90 -1 9.1446646038139419e+25
92 -1 1.8411431872992882e+26
94 -1 3.5113401549466042e+26
96 -1 6.3286787859581745e+26
98 -1 1.0775558893948045e+27
100 -1 1.7336023829153767e+27
102 -1 2.6276173809683272e+27
104 -1 3.7559180895255319e+27
106 -1 5.0545453575080655e+27
108 -1 6.4021869449952539e+27
110 -1 7.6302179319642469e+27
112 -1 8.5342820292924581e+27
114 -1 8.9622454256640220e+27
116 -1 8.8207368954949034e+27
118 -1 8.1266047890728345e+27
120 -1 6.9969897986526455e+27
122 -1 5.6337238490679406e+27
124 -1 4.2204779675693766e+27
126 -1 2.9456511516051984e+27
128 -1 1.9058111727369234e+27
130 -1 1.1431885937295811e+27
132 -1 6.3215742286115013e+26
134 -1 3.2224810389292743e+26
136 -1 1.5041257863013368e+26
138 -1 6.4096891981276593e+25
140 -1 2.4811146261675466e+25
142 -1 8.6540610500090695e+24
144 -1 2.7008685935643754e+24
146 -1 7.4598576165113983e+23
148 -1 1.8016792605732565e+23
150 -1 3.7443554087130446e+22
152 -1 6.5231759951169910e+21
154 -1 9.2201289975781995e+20
156 -1 9.9640400176450634e+19
158 -1 7.4148346260514898e+18
160 -1 2.9125829524482157e+17
30 0 4.7592141136293003e+03
32 0 2.4815232821669332e+06
34 0 1.4260426884097835e+08
36 0 3.2731154921397114e+09
38 0 4.5542246723321365e+10
40 0 4.6539890091785913e+11
42 0 3.9065488164295142e+12
44 0 2.8703535175204359e+13
46 0 1.9285861729803394e+14
48 0 1.2047916866389680e+15
50 0 7.0614827314146150e+15
52 0 3.8901682711919936e+16
54 0 2.0328795779226736e+17
56 0 1.0051786825875761e+18
58 0 4.7320334302629581e+18
60 0 2.1219534553403314e+19
62 0 9.0618341385812804e+19
64 0 3.6869918959230655e+20
66 0 1.4310986634800889e+21
68 0 5.3063891613694527e+21
70 0 1.8738571939898905e+22
72 0 6.3129860907708461e+22
74 0 2.0247504820901804e+23
76 0 6.1917502919658487e+23
78 0 1.7997864242303839e+24
80 0 4.9803254436370332e+24
82 0 1.3075312997499818e+25
84 0 3.2531659935637731e+25
86 0 7.6876708713908070e+25
88 0 1.7200972658206959e+26
90 0 3.6428977199200707e+26
92 0 7.2900224395360601e+26
94 0 1.3792309799355829e+27
96 0 2.4647285689963992e+27
98 0 4.1513481368530055e+27
100 0 6.5956733863617483e+27
102 0 9.8549183266162552e+27
104 0 1.3874339407187182e+28
106 0 1.8347389752350302e+28
108 0 2.2816905126925794e+28
110 0 2.6595279077977830e+28
112 0 2.9118208571032585e+28
114 0 2.9857616843800123e+28
116 0 2.8618160547007070e+28
118 0 2.5658512376506131e+28
120 0 2.1485181249997753e+28
122 0 1.6755816999716945e+28
124 0 1.2175514182941602e+28
126 0 8.2088415675595888e+27
128 0 5.1331969818208046e+27
130 0 2.9662906231049775e+27
132 0 1.5788925543414836e+27
134 0 7.7273914959202862e+26
136 0 3.4628404297550922e+26
138 0 1.4122276559882681e+26
140 0 5.2208537986767741e+25
142 0 1.7372925005977703e+25
144 0 5.1590519546383983e+24
146 0 1.3550634327167198e+24
148 0 3.1006387107678967e+23
150 0 6.0837294414626606e+22
152 0 9.9866323922115992e+21
154 0 1.3242262949109443e+21
156 0 1.3385187758882351e+20
158 0 9.2684808951512740e+18
160 0 3.3549635908185286e+17
26 1 8.8848116545280732e+02
28 1 2.4084166220698136e+05
30 1 1.1152528740000997e+07
32 1 2.2590346593098813e+08
34 1 2.9204694980510259e+09
36 1 2.8640303082020164e+10
38 1 2.4081184853388071e+11
40 1 1.8589019419862686e+12
42 1 1.3497628979054396e+13
44 1 9.2487476042920328e+13
46 1 5.9776833773325200e+14
48 1 3.6353014953141095e+15
50 1 2.0895577809131140e+16
52 1 1.1405391526230981e+17
54 1 5.9131638774403827e+17
56 1 2.9289042749509284e+18
58 1 1.3808278541976130e+19
60 1 6.2175371462162506e+19
62 1 2.6721465302309139e+20
64 1 1.0991336359015861e+21
66 1 4.3079201146868523e+21
68 1 1.6121456528147681e+22
70 1 5.7585718433541735e+22
72 1 1.9643481377978775e+23
74 1 6.3761899840878007e+23
76 1 1.9670175422413351e+24
78 1 5.7819030155897616e+24
80 1 1.6128243145705042e+25
82 1 4.2641213412229367e+25
84 1 1.0708187192674961e+26
86 1 2.5425954736718697e+26
88 1 5.7106310450210276e+26
90 1 1.2117950433335681e+27
92 1 2.4281106090568668e+27
94 1 4.5916551880503810e+27
96 1 8.1642144380188886e+27
98 1 1.3688125298812125e+28
100 1 2.1587000202441028e+28
102 1 3.1976091804020479e+28
104 1 4.4487314133220621e+28
106 1 5.8107702394688063e+28
108 1 7.1072812428732935e+28
110 1 8.1537671400371296e+28
112 1 8.7557984369881704e+28
114 1 8.7888878495365690e+28
116 1 8.2418777830351413e+28
118 1 7.2115601430042618e+28
120 1 5.8770827383860912e+28
122 1 4.4557198124375512e+28
124 1 3.1427473797858882e+28
126 1 2.0534373035501082e+28
128 1 1.2417093629751630e+28
130 1 6.9276073834917304e+27
132 1 3.5562677985931786e+27
134 1 1.6739362915227723e+27
136 1 7.1989717895175966e+26
138 1 2.8170056592458244e+26
140 1 9.9584090213963975e+25
142 1 3.1618199627389650e+25
144 1 8.9394272593340152e+24
146 1 2.2317215349526652e+24
148 1 4.8422952001362333e+23
150 1 8.9950567120225658e+22
152 1 1.3929088882785758e+22
154 1 1.7355434855465684e+21
156 1 1.6388339263999086e+20
158 1 1.0557649436529465e+19
160 1 3.5358183095636570e+17
30 2 1.4949394909021122e+05
32 2 2.5775974201689597e+07
34 2 9.8231238914786148e+08
36 2 1.8493414088905022e+10
38 2 2.3085312512276822e+11
40 2 2.2294140856594365e+12
42 2 1.8337290532184945e+13
44 2 1.3505071947674633e+14
46 2 9.1808120676198400e+14
48 2 5.8487057263794190e+15
50 2 3.4997388264676944e+16
52 2 1.9839032871207149e+17
54 2 1.0675902512368433e+18
56 2 5.4553039968491868e+18
58 2 2.6552699624792179e+19
60 2 1.2346639918513730e+20
62 2 5.4728788416159410e+20
64 2 2.3161116928755336e+21
66 2 9.3366848138407701e+21
68 2 3.5965794143437308e+22
70 2 1.3193431087334138e+23
72 2 4.6087252568657543e+23
74 2 1.5327282424132519e+24
76 2 4.8391974740206006e+24
78 2 1.4521682112347650e+25
80 2 4.1282824320952895e+25
82 2 1.1118096534199011e+26
84 2 2.8359699184655193e+26
86 2 6.8300134663672243e+26
88 2 1.5532861674510944e+27
90 2 3.3317459136194874e+27
92 2 6.7272755249374661e+27
94 2 1.2778578202503443e+28
96 2 2.2828271629921235e+28
98 2 3.8277278687563765e+28
100 2 6.0237713023293846e+28
102 2 8.8909408929450446e+28
104 2 1.2293950407762409e+29
106 2 1.5907075955303693e+29
108 2 1.9276915061887932e+29
110 2 2.1817511047467326e+29
112 2 2.3053619382566553e+29
114 2 2.2759506092384106e+29
116 2 2.0935130025950953e+29
118 2 1.7911017180688347e+29
120 2 1.4267858089652155e+29
122 2 1.0548509805133435e+29
124 2 7.2314439533285162e+28
126 2 4.5861785051346224e+28
128 2 2.6867427831153908e+28
130 2 1.4491705312799695e+28
132 2 7.1808903222623791e+27
134 2 3.2579561558302182e+27
136 2 1.3484580516736710e+27
138 2 5.0578265374327102e+26
140 2 1.7128053147156486e+26
142 2 5.1984008035731843e+25
144 2 1.4022015057938914e+25
146 2 3.3290292303396444e+24
148 2 6.8571452642959097e+23
150 2 1.2055104649416808e+23
152 2 1.7597753182882919e+22
154 2 2.0618315599230078e+21
156 2 1.8251871739691388e+20
158 2 1.0934001474698795e+19
160 2 3.3893413372905165e+17
34 3 1.0746045114804490e+07
36 3 1.2348522830584421e+09
38 3 4.0439065044025894e+10
40 3 7.0741950634443628e+11
42 3 8.5737306309558623e+12
44 3 8.1761099129490266e+13
46 3 6.6407211886318650e+14
48 3 4.8273650893780790e+15
50 3 3.2107538426140816e+16
52 3 1.9881190881905254e+17
54 3 1.1543875663866900e+18
56 3 6.3191321599731425e+18
58 3 3.2777308495401095e+19
60 3 1.6138550200354334e+20
62 3 7.5571762698537691e+20
64 3 3.3604152847969870e+21
66 3 1.4223083315166376e+22
68 3 5.7278897243297453e+22
70 3 2.1948997529749861e+23
72 3 7.9762997613505542e+23
74 3 2.7542566563194931e+24
76 3 9.0153927948429557e+24
78 3 2.7953240881121205e+25
80 3 8.2082702621938667e+25
82 3 2.2731651272833030e+26
84 3 5.9523389336414841e+26
86 3 1.4679243927231210e+27
88 3 3.4120178845147571e+27
90 3 7.4470270484065641e+27
92 3 1.5274710268300478e+28
94 3 2.9434902275863794e+28
96 3 5.3143187036591838e+28
98 3 8.9768654794616968e+28
100 3 1.4196934370023391e+29
102 3 2.1002909080310004e+29
104 3 2.9025386466771497e+29
106 3 3.7451702367388506e+29
108 3 4.5083689967010132e+29
110 3 5.0601986298274108e+29
112 3 5.2906765332111309e+29
114 3 5.1479054974907499e+29
116 3 4.6594794392595215e+29
118 3 3.9185467090119258e+29
120 3 3.0554893957766512e+29
122 3 2.2071372968790509e+29
124 3 1.4758342438386850e+29
126 3 9.1123036885575802e+28
128 3 5.1815102159802139e+28
130 3 2.7095929435779518e+28
132 3 1.2986742557371993e+28
134 3 5.6800386103256117e+27
136 3 2.2641470138033573e+27
138 3 8.1688606946743092e+26
140 3 2.6510153600059259e+26
142 3 7.7022585941080815e+25
144 3 1.9832368579343985e+25
146 3 4.4752896532379708e+24
148 3 8.7722427141529797e+23
150 3 1.4579348566085351e+23
152 3 2.0095527816187026e+22
154 3 2.2137853592559527e+21
156 3 1.8382484532301473e+20
158 3 1.0277116705923955e+19
160 3 2.9465763620739686e+17
38 4 4.3040577015296322e+08
40 4 3.5782185245845230e+10
42 4 1.0248768967575029e+12
44 4 1.6850130347838426e+13
46 4 1.9760912376236450e+14
48 4 1.8597671735757630e+15
50 4 1.5012764337365134e+16
52 4 1.0822260201739195e+17
54 4 7.1244648529286810e+17
56 4 4.3490041493145994e+18
58 4 2.4795234643734905e+19
60 4 1.3340373820141326e+20
62 4 6.7543390078484034e+20
64 4 3.2391487669190567e+21
66 4 1.4689435508210076e+22
68 4 6.3097244760606983e+22
70 4 2.5698117161085141e+23
72 4 9.8913647156875959e+23
74 4 3.6063463710161924e+24
76 4 1.2402450355859561e+25
78 4 4.0296254955864554e+25
80 4 1.2347719728518763e+26
82 4 3.5700379653730749e+26
84 4 9.6923685543605035e+26
86 4 2.4783931408274549e+27
88 4 5.9404326427449200e+27
90 4 1.3346469439758969e+28
92 4 2.8100156957381370e+28
94 4 5.5319482979881860e+28
96 4 1.0173374532246535e+29
98 4 1.7465536552254654e+29
100 4 2.7967379314717597e+29
102 4 4.1738811185493722e+29
104 4 5.8034034516148694e+29
106 4 7.5088473332799381e+29
108 4 9.0362317779225447e+29
110 4 1.0104323412691069e+30
112 4 1.0497176062911196e+30
114 4 1.0116058381348300e+30
116 4 9.0464575647240048e+29
118 4 7.4924791180137113e+29
120 4 5.7431196854836819e+29
122 4 4.0707354405222266e+29
124 4 2.6598547600043035e+29
126 4 1.6032691933199201e+29
128 4 8.8801773482707719e+28
130 4 4.5048386436919318e+28
132 4 2.0924863098683103e+28
134 4 8.8532756987345155e+27
136 4 3.4009090114531810e+27
138 4 1.1807525286087595e+27
140 4 3.6830175685246335e+26
142 4 1.0239727077438972e+26
144 4 2.5182708553114900e+25
146 4 5.4250064310680341e+24
148 4 1.0085930067391106e+24
150 4 1.5892216942788444e+23
152 4 2.0686917378481930e+22
154 4 2.1465136564833464e+21
156 4 1.6695794694162294e+20
158 4 8.7122003167377224e+18
160 4 2.3162831546078326e+17
40 5 1.1855315130749539e+07
42 5 1.1161213114500607e+10
44 5 7.0501920556622253e+11
46 5 1.7942144492322629e+13
48 5 2.7841631736295672e+14
50 5 3.1760302327281430e+15
52 5 2.9494052733073212e+16
54 5 2.3625970822395885e+17
56 5 1.6896339947581473e+18
58 5 1.1052490727339465e+19
60 5 6.6699884694325903e+19
62 5 3.7668780508467292e+20
64 5 1.9936676926693192e+21
66 5 9.9143505537741850e+21
68 5 4.6442233637772720e+22
70 5 2.0477579213109869e+23
72 5 8.5076703331892103e+23
74 5 3.3300923419913509e+24
76 5 1.2252909297152977e+25
78 5 4.2388191896684126e+25
80 5 1.3769603421534739e+26
82 5 4.2025409607059305e+26
84 5 1.2021394256213959e+27
86 5 3.2186620415508317e+27
88 5 8.0593352630830371e+27
90 5 1.8848220356004205e+28
92 5 4.1121291561853769e+28
94 5 8.3584403654926687e+28
96 5 1.5826564348949923e+29
98 5 2.7848696525294718e+29
100 5 4.5539405722771515e+29
102 5 6.9107515691750426e+29
104 5 9.7304014517676745e+29
106 5 1.2706905518291353e+30
108 5 1.5382287339491464e+30
110 5 1.7244596487051385e+30
112 5 1.7895619518661059e+30
114 5 1.7170919079929667e+30
116 5 1.5239538340656518e+30
118 5 1.2493000748729352e+30
120 5 9.4409368951608690e+29
122 5 6.5820163552859620e+29
124 5 4.2222081808339484e+29
126 5 2.4876312070703419e+29
128 5 1.3444436098783336e+29
130 5 6.6432391182551183e+28
132 5 2.9947739811168376e+28
134 5 1.2278830349053593e+28
136 5 4.5586024986484280e+27
138 5 1.5245435863499624e+27
140 5 4.5681422251794909e+26
142 5 1.2195361892342015e+26
144 5 2.8669870192574062e+25
146 5 5.8892161548931606e+24
148 5 1.0416642017827065e+24
150 5 1.5554129917612609e+23
152 5 1.9129750327973193e+22
154 5 1.8684442552074447e+21
156 5 1.3633300083062304e+20
158 5 6.6390839627729203e+18
160 5 1.6381565997108429e+17
44 6 5.9542684578250945e+08
46 6 1.9950539914790298e+11
48 6 1.0077008542527422e+13
50 6 2.3084787775069256e+14
52 6 3.4004313789577130e+15
54 6 3.7825827564611136e+16
56 6 3.4597853534529139e+17
58 6 2.7453689578677555e+18
60 6 1.9506020239600013e+19
62 6 1.2648501304884671e+20
64 6 7.5922194236583091e+20
66 6 4.2347456761050814e+21
68 6 2.2063792686492079e+22
70 6 1.0762053729277713e+23
72 6 4.9178329246082090e+23
74 6 2.1065966284975656e+24
76 6 8.4360358949655430e+24
78 6 3.1623435508601765e+25
80 6 1.1071246257654455e+26
82 6 3.6239137010346664e+26
84 6 1.1073556459102647e+27
86 6 3.1522142064037646e+27
88 6 8.3539430163439155e+27
90 6 2.0596472281025845e+28
92 6 4.7138120243342101e+28
94 6 1.0008256893648493e+29
96 6 1.9709499949806496e+29
98 6 3.5904822565411682e+29
100 6 6.0535181180937502e+29
102 6 9.4279934690267313e+29
104 6 1.3556817450947826e+30
106 6 1.8019799952778436e+30
108 6 2.2095653921498674e+30
110 6 2.4983540544853576e+30
112 6 2.6032240577207007e+30
114 6 2.5016097044841549e+30
116 6 2.2140248898139292e+30
118 6 1.8038609401491075e+30
120 6 1.3512901505417339e+30
122 6 9.2995445711321873e+29
124 6 5.8706175490533705e+29
126 6 3.3937887795340853e+29
128 6 1.7951080848616076e+29
130 6 8.6572917522145954e+28
132 6 3.7984752235948876e+28
134 6 1.5107587885391300e+28
136 6 5.4267686354647648e+27
138 6 1.7515640906841962e+27
140 6 5.0551529360716475e+26
142 6 1.2945901246403826e+26
144 6 2.9157111627977105e+25
146 6 5.7194203986850926e+24
148 6 9.6261401116445155e+23
150 6 1.3632234000337080e+23
152 6 1.5861007860419359e+22
154 6 1.4567144830375525e+21
156 6 9.9508051258940768e+19
158 6 4.5246840853799137e+18
160 6 1.0355052837419539e+17
48 7 1.4021765370782391e+10
50 7 2.6157577296318779e+12
52 7 1.0886214704969425e+14
54 7 2.2785119987041615e+15
56 7 3.1993917355458676e+16
58 7 3.4596411996708640e+17
60 7 3.1126197060617370e+18
62 7 2.4432606542827917e+19
64 7 1.7219898714235322e+20
66 7 1.1080216864381415e+21
68 7 6.5735367190041298e+21
70 7 3.6221245899396090e+22
72 7 1.8563019481043375e+23
74 7 8.8472701258578014e+23
76 7 3.9337608413512344e+24
78 7 1.6255934688782958e+25
80 7 6.2528115565206493e+25
82 7 2.2323295273109325e+26
84 7 7.4052209099684333e+26
86 7 2.2787621328913256e+27
88 7 6.4850143798648435e+27
90 7 1.7087839663220299e+28
92 7 4.1615873400479799e+28
94 7 9.3493875846265865e+28
96 7 1.9364599860009277e+29
98 7 3.6962864422254588e+29
100 7 6.4938513836089822e+29
102 7 1.0482644471093673e+30
104 7 1.5551830418142901e+30
106 7 2.1191835173838964e+30
108 7 2.6539299334287942e+30
110 7 3.0488952460005696e+30
112 7 3.2148762390261191e+30
114 7 3.1107821926484226e+30
116 7 2.7611784314800812e+30
118 7 2.2462186497571296e+30
120 7 1.6741900285599689e+30
122 7 1.1420047726306563e+30
124 7 7.1236547309216746e+29
126 7 4.0566259317922283e+29
128 7 2.1043685375634445e+29
130 7 9.9387526345236994e+28
132 7 4.2509936884002685e+28
134 7 1.6438485462842731e+28
136 7 5.7251578583605940e+27
138 7 1.7866896527562741e+27
140 7 4.9722550811761298e+26
142 7 1.2237605259771991e+26
144 7 2.6415463926962970e+25
146 7 4.9515133079897384e+24
148 7 7.9296605118380759e+23
150 7 1.0651739080048786e+23
152 7 1.1711514685975910e+22
154 7 1.0139691590120694e+21
156 7 6.4961201085709697e+19
158 7 2.7566403995757952e+18
160 7 5.8526041924099008e+16
52 8 2.1444380114961951e+11
54 8 2.6001415403350785e+13
56 8 9.1808667366607900e+14
58 8 1.7633439334828916e+16
60 8 2.3665379619856864e+17
62 8 2.4882625595003530e+18
64 8 2.2034991758150193e+19
66 8 1.7081807572423937e+20
68 8 1.1912868389315708e+21
70 8 7.5837456680065874e+21
72 8 4.4479717471052727e+22
74 8 2.4045976092418255e+23
76 8 1.2064968313073930e+24
78 8 5.6063358276109420e+24
80 8 2.4095850055020926e+25
82 8 9.5576078367566580e+25
84 8 3.5032715814615285e+26
86 8 1.1838902043466324e+27
88 8 3.6854462630591654e+27
90 8 1.0548236273911391e+28
92 8 2.7730249263115427e+28
94 8 6.6855833501566719e+28
96 8 1.4779616863938225e+29
98 8 2.9904297092134093e+29
100 8 5.5395609143028431e+29
102 8 9.3783490098005536e+29
104 8 1.4504556206283325e+30
106 8 2.0487156775023994e+30
108 8 2.6417901515121739e+30
110 8 3.1113240919627045e+30
112 8 3.3442641737168124e+30
114 8 3.2796478328594266e+30
116 8 2.9372716330419626e+30
118 8 2.4006799945762366e+30
120 8 1.7884372572906401e+30
122 8 1.2160244244742631e+30
124 8 7.5227387830817099e+29
126 8 4.2314190798490798e+29
128 8 2.1620167699112811e+29
130 8 1.0012617185326339e+29
132 8 4.1913021707475455e+28
134 8 1.5785146135852425e+28
136 8 5.3444745150929260e+27
138 8 1.6150345102838884e+27
140 8 4.3366678958198605e+26
142 8 1.0279237512551926e+26
144 8 2.1283335981781590e+25
146 8 3.8059984072935268e+24
148 8 5.8189225634262377e+23
150 8 7.4111152383978407e+22
152 8 7.7052856119573569e+21
154 8 6.2734895101414330e+20
156 8 3.7654805204104348e+19
158 8 1.4882074594856328e+18
160 8 2.9276295948256972e+16
56 9 2.3102718006936479e+12
58 9 2.0239862450986262e+14
60 9 6.1062575935648200e+15
62 9 1.0927783603431125e+17
64 9 1.4015528488890227e+18
66 9 1.4356864745206219e+19
68 9 1.2461423228483140e+20
70 9 9.5203566727990700e+20
72 9 6.5560436597988587e+21
74 9 4.1203096049547852e+22
76 9 2.3741480634472634e+23
78 9 1.2600592684044810e+24
80 9 6.1577449685945315e+24
82 9 2.7642650053800576e+25
84 9 1.1403465434639027e+26
86 9 4.3108635291630997e+26
88 9 1.4920761929005826e+27
90 9 4.7213588765998367e+27
92 9 1.3635472886251532e+28
94 9 3.5871638870763485e+28
96 9 8.5933830836160233e+28
98 9 1.8735858523482737e+29
100 9 3.7090183115188807e+29
102 9 6.6744208217170829e+29
104 9 1.0883976464933417e+30
106 9 1.6108767544286192e+30
108 9 2.1628989391391572e+30
110 9 2.6329911443566025e+30
112 9 2.9093505361259045e+30
114 9 2.9161414856297226e+30
116 9 2.6533512539336219e+30
118 9 2.1917411291371914e+30
120 9 1.6430835837661526e+30
122 9 1.1168224037563560e+30
124 9 6.8848776116078834e+29
126 9 3.8420134948198349e+29
128 9 1.9397689948259695e+29
130 9 8.8353042204650733e+28
132 9 3.6270142248349208e+28
134 9 1.3356428409470427e+28
136 9 4.3992731358443418e+27
138 9 1.2896813700588494e+27
140 9 3.3510709703222656e+26
142 9 7.6452119804820213e+25
144 9 1.5172471504171539e+25
146 9 2.6015105671097720e+24
148 9 3.7791778206137882e+23
150 9 4.5791784055872390e+22
152 9 4.4939469052113044e+21
154 9 3.4454918290481834e+20
156 9 1.9327201066865484e+19
158 9 7.1157310591503590e+17
160 9 1.2941969295719974e+16
60 10 1.9639910926999352e+13
62 10 1.2213794061903142e+15
64 10 3.2905968337234792e+16
66 10 5.4621659604331674e+17
68 10 6.7355269443470653e+18
70 10 6.6976538663502799e+19
72 10 5.6991967855866007e+20
74 10 4.2946196878756104e+21
76 10 2.9129675374631234e+22
78 10 1.7992677157238731e+23
80 10 1.0158595254705199e+24
82 10 5.2498674352391574e+24
84 10 2.4790013727775695e+25
86 10 1.0680812664959738e+26
88 10 4.1952202894719403e+26
90 10 1.4931840324796707e+27
92 10 4.8240900285096033e+27
94 10 1.4103451663210517e+28
96 10 3.7306814431986349e+28
98 10 8.8984123653128022e+28
100 10 1.9146314296116437e+29
102 10 3.7125654605736751e+29
104 10 6.4845453616629531e+29
106 10 1.0183902348721499e+30
108 10 1.4397399634511019e+30
110 10 1.8329715763372901e+30
112 10 2.1028155026304684e+30
114 10 2.1721002955081850e+30
116 10 2.0233842895939620e+30
118 10 1.7011329802577689e+30
120 10 1.2896715586308114e+30
122 10 8.8275726341947320e+29
124 10 5.4452803516645918e+29
126 10 3.0275246535942225e+29
128 10 1.5155439199984293e+29
130 10 6.8198660064381628e+28
132 10 2.7500982025909161e+28
134 10 9.9247686887213123e+27
136 10 3.1903844554299457e+27
138 10 9.0832586067000850e+26
140 10 2.2846316549709864e+26
142 10 5.0255587953366402e+25
144 10 9.5969293563603422e+24
146 10 1.5727247735178517e+24
148 10 2.1762959555358290e+23
150 10 2.5009424452071541e+22
152 10 2.3212971860870994e+21
154 10 1.6726903874381208e+20
156 10 8.7846849343288965e+18
158 10 3.0055788350126618e+17
160 10 5.0365930880035170e+15
62 11 3.9755748201363513e+11
64 11 1.1808703560519545e+14
66 11 6.0472193110177440e+15
68 11 1.4295055876214755e+17
70 11 2.2429654954538778e+18
72 11 2.6412532574226579e+19
74 11 2.5589815646094642e+20
76 11 2.1328499431370622e+21
78 11 1.5760397774046513e+22
80 11 1.0490666391454072e+23
82 11 6.3522164725580728e+23
84 11 3.4907107370754910e+24
86 11 1.7442273315324911e+25
88 11 7.9052312226026202e+25
90 11 3.2347719567649318e+26
92 11 1.1931260146490044e+27
94 11 3.9568647974111847e+27
96 11 1.1767361185345156e+28
98 11 3.1332281137832423e+28
100 11 7.4675831552469121e+28
102 11 1.5872030115079260e+29
104 11 3.0130373334108785e+29
106 11 5.1009389504312965e+29
108 11 7.7094044233950872e+29
110 11 1.0392378466827639e+30
112 11 1.2506634461265563e+30
114 11 1.3465949862742197e+30
116 11 1.2958045453509345e+30
118 11 1.1172143296531090e+30
120 11 8.6296199390523672e+29
122 11 5.9764420364434193e+29
124 11 3.7110314913184290e+29
126 11 2.0654968902296576e+29
128 11 1.0295758954823057e+29
130 11 4.5891412298619912e+28
132 11 1.8272480982902549e+28
134 11 6.4669417984646741e+27
136 11 2.0326154204947107e+27
138 11 5.6397397095046588e+26
140 11 1.3741177628184940e+26
142 11 2.9192876089571762e+25
144 11 5.3539766631603524e+24
146 11 8.3892007507938218e+23
148 11 1.1090623243234799e+23
150 11 1.2077724588861402e+22
152 11 1.0581870049039664e+21
154 11 7.1639030516958577e+19
156 11 3.5100236299681321e+18
158 11 1.1152033275054998e+17
160 11 1.7260371898530180e+15
66 12 3.2442186362053369e+12
68 12 5.8731646126761012e+14
70 12 2.3728377116631468e+16
72 12 5.1528294997570822e+17
74 12 7.5320829428586097e+18
76 12 8.5326865721337610e+19
78 12 8.0390007214699053e+20
80 12 6.5552135413886542e+21
82 12 4.7465970851864927e+22
84 12 3.0923264132689897e+23
86 12 1.8206230571435047e+24
88 12 9.6889260385148167e+24
90 12 4.6363430679914021e+25
92 12 1.9935229122138106e+26
94 12 7.6512816810236900e+26
96 12 2.6172643422168053e+27
98 12 7.9470689974098551e+27
100 12 2.1385001022462292e+28
102 12 5.0943581632570241e+28
104 12 1.0713235818269113e+29
106 12 1.9918755960843995e+29
108 12 3.2667750795457914e+29
110 12 4.7333585338191155e+29
112 12 6.0648478809832543e+29
114 12 6.8752628185062457e+29
116 12 6.9150214339176403e+29
118 12 6.1724327719133525e+29
120 12 4.8960630477781700e+29
122 12 3.4552799931259934e+29
124 12 2.1725853287378070e+29
126 12 1.2167040156830214e+29
128 12 6.0628139103685477e+28
130 12 2.6888158001063946e+28
132 12 1.0590313249078389e+28
134 12 3.6934932784465770e+27
136 12 1.1370149887887968e+27
138 12 3.0764789919108411e+26
140 12 7.2806445140000308e+25
142 12 1.4940331697466402e+25
144 12 2.6371387663075895e+24
146 12 3.9620189030635768e+23
148 12 4.9895344313857152e+22
150 12 5.1553699868624216e+21
152 12 4.2561637884650789e+20
154 12 2.7018168209796334e+19
156 12 1.2353192915094961e+18
158 12 3.6317118420023088e+16
160 12 5.1779501891280031e+14
70 13 2.0963230880327629e+13
72 13 2.2041221026222590e+15
74 13 7.7871764881236848e+16
76 13 1.5142268523835141e+18
78 13 2.0976040458209911e+19
80 13 2.2815907487189506e+20
82 13 2.0897161954382116e+21
84 13 1.6623175528791721e+22
86 13 1.1773090184930422e+23
88 13 7.4715216795348264e+23
90 13 4.2508623598968890e+24
92 13 2.1662267294667615e+25
94 13 9.8442717329084698e+25
96 13 3.9515331360760984e+26
98 13 1.4008647253180704e+27
100 13 4.3643496280817346e+27
102 13 1.1893494777729281e+28
104 13 2.8379697627010713e+28
106 13 5.9114616088473219e+28
108 13 1.0749711228115514e+29
110 13 1.7055606661069570e+29
112 13 2.3634195607471883e+29
114 13 2.8659597525569784e+29
116 13 3.0472623436857395e+29
118 13 2.8470870345237963e+29
120 13 2.3409887830925901e+29
122 13 1.6997257314956695e+29
124 13 1.0890775724810659e+29
126 13 6.1741513827734929e+28
128 13 3.0929997897450465e+28
130 13 1.3703147094673657e+28
132 13 5.3570160050262086e+27
134 13 1.8456229240545286e+27
136 13 5.5796419690076550e+26
138 13 1.4760972381409069e+26
140 13 3.3946736252681913e+25
142 13 6.7396259656755083e+24
144 13 1.1466303324863464e+24
146 13 1.6496760076259294e+23
148 13 1.9772573032499074e+22
150 13 1.9355891824280317e+21
152 13 1.5072002286091479e+20
154 13 8.9426179311726592e+18
156 13 3.8091485441665107e+17
158 13 1.0347836517188660e+16
160 13 1.3590468212724866e+14
74 14 8.4271321416697766e+13
76 14 6.9930228490771280e+15
78 14 2.0582278243511373e+17
80 14 3.7027570644686147e+18
82 14 4.8285855037924065e+19
84 14 5.0774739084291329e+20
86 14 4.4992974395074271e+21
88 14 3.4970489421876873e+22
90 14 2.4060666110740970e+23
92 14 1.4758731956370758e+24
94 14 8.0591665284544291e+24
96 14 3.8893644902099690e+25
98 14 1.6473672652692373e+26
100 14 6.0876705472184796e+26
102 14 1.9514037947300425e+27
104 14 5.4164106548942623e+27
106 14 1.2972104409984638e+28
108 14 2.6768949760107679e+28
110 14 4.7561255751557187e+28
112 14 7.2774418882949138e+28
114 14 9.6053204623635011e+28
116 14 1.0976431448678451e+29
118 14 1.0879362335100330e+29
120 14 9.3826923309976371e+28
122 14 7.0723652407797147e+28
124 14 4.6592135497235517e+28
126 14 2.6888963360676953e+28
128 14 1.3635010484566867e+28
130 14 6.0628151445900299e+27
132 14 2.3656297503851932e+27
134 14 8.0654590445347536e+26
136 14 2.4027576735663007e+26
138 14 6.2225731202990210e+25
140 14 1.3933952141229161e+25
142 14 2.6840719353597477e+24
144 14 4.3936135795488905e+23
146 14 6.0512869846141670e+22
148 14 6.9137304447768645e+21
150 14 6.3960304558495472e+20
152 14 4.6827513590678331e+19
154 14 2.6021548772081848e+18
156 14 1.0296493994824739e+17
158 14 2.5833191431081730e+15
160 14 3.1187406087643125e+13
78 15 3.0540616844909325e+14
80 15 1.7567062495127426e+16
82 15 4.5220522475321702e+17
84 15 7.4671988661188628e+18
86 15 9.3249117531479671e+19
88 15 9.3544600265516397e+20
90 15 8.0852938931921905e+21
92 15 6.0830358900367168e+22
94 15 4.0534882586767327e+23
96 15 2.3902133937693351e+24
98 15 1.2347736908994433e+25
100 15 5.5468923827662982e+25
102 15 2.1510506553010325e+26
104 15 7.1403834510512555e+26
106 15 2.0249900192445385e+27
108 15 4.8769333784858253e+27
110 15 9.9712765843862621e+27
112 15 1.7276806077310952e+28
114 15 2.5394879322842494e+28
116 15 3.1817418723509870e+28
118 15 3.4053788702647433e+28
120 15 3.1250456169795892e+28
122 15 2.4725415471738354e+28
124 15 1.6914566563020476e+28
126 15 1.0037081494729960e+28
128 15 5.1799055271230093e+27
130 15 2.3247643210378512e+27
132 15 9.0777779776409993e+26
134 15 3.0802062743220167e+26
136 15 9.0638374530030309e+25
138 15 2.3044677265625889e+25
140 15 5.0332377940801854e+24
142 15 9.4026598677890134e+23
144 15 1.4817270892886190e+23
146 15 1.9557456038872469e+22
148 15 2.1292791217647051e+21
150 15 1.8649495481345370e+20
152 15 1.2812340548397019e+19
154 15 6.6398122803997696e+17
156 15 2.4298055012796288e+16
158 15 5.6082026213861888e+14
160 15 6.2419356946348730e+12
80 16 3.2247020031611025e+12
82 16 8.0955092384320175e+14
84 16 3.5723291514153428e+16
86 16 8.1410785027056384e+17
88 16 1.2719822501854876e+19
90 16 1.4828639443257931e+20
92 16 1.4524373601360190e+21
94 16 1.2073422426524103e+22
96 16 8.8091744977845330e+22
98 16 5.6224468957426275e+23
100 16 3.1416914175254974e+24
102 16 1.5088341782485465e+25
104 16 6.1866371244255666e+25
106 16 2.1405176908806785e+26
108 16 6.2198215041945809e+26
110 16 1.5110211782514911e+27
112 16 3.0587810108987647e+27
114 16 5.1628208100160267e+27
116 16 7.2707919955020184e+27
118 16 8.5875027298357867e+27
120 16 8.5398849748459367e+27
122 16 7.2047799217198377e+27
124 16 5.1812778214061074e+27
126 16 3.1910369981858414e+27
128 16 1.6890664069973354e+27
130 16 7.7077731636815641e+26
132 16 3.0285304524432004e+26
134 16 1.0268890793493893e+26
136 16 2.9941267045662026e+25
138 16 7.4989980007331830e+24
140 16 1.6006244453585322e+24
142 16 2.8975168634938729e+23
144 16 4.4148350924589434e+22
146 16 5.5775202134892520e+21
148 16 5.7587038720677983e+20
150 16 4.7692110497814725e+19
152 16 3.0778724862930417e+18
154 16 1.4862699977128902e+17
156 16 5.0232051482859020e+15
158 16 1.0666488442758991e+14
160 16 1.0868116215192726e+12
84 17 1.4149565679192482e+13
86 17 1.6307250580958800e+15
88 17 5.8967545666771456e+16
90 17 1.2546952371537556e+18
92 17 1.7587955283244818e+19
94 17 2.0028296604996855e+20
96 17 1.8634091039906810e+21
98 17 1.5054881503887286e+22
100 17 1.0523546738233345e+23
102 17 6.3748099694658200e+23
104 17 3.3015309964542415e+24
106 17 1.4457002472075289e+25
108 17 5.2450314039152753e+25
110 17 1.5706163526266167e+26
112 17 3.8571068714207599e+26
114 17 7.7436241758876564e+26
116 17 1.2687783651238309e+27
118 17 1.7033019975054459e+27
120 17 1.8822909075423772e+27
122 17 1.7270836573417966e+27
124 17 1.3266790273931984e+27
126 17 8.5899149599140006e+26
128 17 4.7157940807630358e+26
130 17 2.2027320383114648e+26
132 17 8.7797242850641844e+25
134 17 2.9853621275876697e+25
136 17 8.6653533850488404e+24
138 17 2.1392671834347011e+24
140 17 4.4751667241271925e+23
142 17 7.8826479634227422e+22
144 17 1.1553028348579775e+22
146 17 1.4008412386467415e+21
148 17 1.3749648405970230e+20
150 17 1.0741148353779839e+19
152 17 6.4849670174540326e+17
154 17 2.9070621657984884e+16
156 17 9.0703673279340188e+14
158 17 1.7625285714636785e+13
160 17 1.6512115929149722e+11
88 18 3.2034195327847152e+13
90 18 2.5462323991841860e+15
92 18 8.5872993343317312e+16
94 18 1.5216982862088799e+18
96 18 2.0922113643540963e+19
98 18 2.2224502253366742e+20
100 18 2.0135285127048163e+21
102 18 1.5510763167850420e+22
104 18 1.0328300254149496e+23
106 18 5.8124659037843244e+23
108 18 2.7364728816880130e+24
110 18 1.0501589515344319e+25
112 18 3.2666306818241094e+25
114 18 8.1285826263947254e+25
116 18 1.6187502064539802e+26
118 18 2.5676325774035855e+26
120 18 3.2609819019575732e+26
122 18 3.3439862101664851e+26
124 18 2.8012304383796025e+26
126 18 1.9403211472080690e+26
128 18 1.1185965139260139e+26
130 18 5.4076737725429833e+25
132 18 2.1996207628558264e+25
134 18 7.5631933604860897e+24
136 18 2.1935158784583051e+24
138 18 5.3660224624071354e+23
140 18 1.1008912946015455e+23
142 18 1.8865472884455047e+22
144 18 2.6760170753051853e+21
146 18 3.1044522126594703e+20
148 18 2.8957377327335281e+19
150 18 2.1283470658310062e+18
152 18 1.2020496473632190e+17
154 18 4.9738764078104040e+15
156 18 1.4299971070639097e+14
158 18 2.5548703495552095e+12
160 18 2.1651757218590248e+10
92 19 4.9373578283068938e+13
94 19 3.8397136037560180e+15
96 19 9.2642593744857536e+16
98 19 1.6202730411312909e+18
100 19 2.0214227405268238e+19
102 19 2.0923886333750582e+20
104 19 1.7948932081575972e+21
106 19 1.3258189544102937e+22
108 19 8.1803289149948526e+22
110 19 4.1854317857724367e+23
112 19 1.7132918351826710e+24
114 19 5.5779176426234392e+24
116 19 1.4131524810649776e+25
118 19 2.7926183477073264e+25
120 19 4.2708771668207321e+25
122 19 5.0847921204273188e+25
124 19 4.7975027093347506e+25
126 19 3.6285147542828944e+25
128 19 2.2354692024411958e+25
130 19 1.1335197081253123e+25
132 19 4.7607548626698032e+24
134 19 1.6655400499662807e+24
136 19 4.8604682072051050e+23
138 19 1.1808812498002864e+23
140 19 2.3863579500255856e+22
142 19 3.9834709108944625e+21
144 19 5.4636004942991124e+20
146 19 6.0661547779398353e+19
148 19 5.3689725466342636e+18
150 19 3.7244717169702995e+17
152 19 1.9519288751652084e+16
154 19 7.4953546152174575e+14
156 19 1.9716374042234980e+13
158 19 3.2064333434551282e+11
160 19 2.4913820259416695e+09
96 20 9.7565837235449125e+13
98 20 3.7441528605024085e+15
100 20 8.9918938552219472e+16
102 20 1.3814386431170181e+18
104 20 1.6734990860062122e+19
106 20 1.6128342013677021e+20
108 20 1.3406400839622512e+21
110 20 9.1305341221034231e+21
112 20 5.1469609413021884e+22
114 20 2.2703923727566681e+23
116 20 7.7945052744214361e+23
118 20 2.0209048016899567e+24
120 20 3.9708122175749386e+24
122 20 5.8172478504372223e+24
124 20 6.4466461698626407e+24
126 20 5.5124876867541087e+24
128 20 3.7210087476534533e+24
130 20 2.0151699916757823e+24
132 20 8.8485368765186676e+23
134 20 3.1776012055723694e+23
136 20 9.3851562770005590e+22
138 20 2.2814473744821523e+22
140 20 4.5550080193219170e+21
142 20 7.4440574819221753e+20
144 20 9.8778081773543277e+19
146 20 1.0515912160714674e+19
148 20 8.8265261706727053e+17
150 20 5.7387481096130128e+16
152 20 2.8001796399424190e+15
154 20 9.9152284900829297e+13
156 20 2.3866785141370039e+12
158 20 3.5059600210945755e+10
160 20 2.4511900055630130e+08
98 21 9.8100648136429480e+11
100 21 8.9149563994944391e+13
102 21 3.4025614345316025e+15
104 21 6.8536771352222224e+16
106 21 1.0218786723752979e+18
108 21 1.1205215318336678e+19
110 21 1.0634750294352550e+20
112 21 8.0392776808200995e+20
114 21 5.0626194017197060e+21
116 21 2.4293851744010922e+22
118 21 8.9093900917027748e+22
120 21 2.3755482502508952e+23
122 21 4.6535130624662340e+23
124 21 6.4881599939582232e+23
126 21 6.5989411953456268e+23
128 21 5.0528200928004857e+23
130 21 2.9942049974881071e+23
132 21 1.3993134341082566e+23
134 21 5.2353742582032632e+22
136 21 1.5817753948676923e+22
138 21 3.8657116170542698e+21
140 21 7.6787053438383777e+20
142 21 1.2312156960206173e+20
144 21 1.5825837714236961e+19
146 21 1.6178216989916170e+18
148 21 1.2869947939250822e+17
150 21 7.8569059407704060e+15
152 21 3.5485073785668494e+14
154 21 1.1547882170910465e+13
156 21 2.5084496268917255e+11
158 21 3.3320830752312260e+09
160 21 2.1656392694182042e+07
102 22 9.0283766146391211e+11
104 22 7.7832098452676266e+13
106 22 2.3579953730535170e+15
108 22 4.6329257956734984e+16
110 22 5.8975246848617754e+17
112 22 6.6110801615598961e+18
114 22 5.5313225167658992e+19
116 22 3.9710270924574923e+20
118 22 2.0894030131412987e+21
120 22 8.2745764362618594e+21
122 22 2.2875236684237736e+22
124 22 4.4817714583245364e+22
126 22 5.8911184154323329e+22
128 22 5.4225954669260035e+22
130 22 3.6561359558290618e+22
132 22 1.8695363221437435e+22
134 22 7.4140183910603618e+21
136 22 2.3184571437195662e+21
138 22 5.7643556578499795e+20
140 22 1.1425370182414831e+20
142 22 1.8037293778085706e+19
144 22 2.2589788181787786e+18
146 22 2.2106428412338413e+17
148 22 1.6692106923694760e+16
150 22 9.5295867915250312e+14
152 22 3.9882368931258578e+13
154 22 1.1795461523995715e+12
156 22 2.3062491544780617e+10
158 22 2.7091106204293442e+08
160 22 1.6126082914088173e+06
106 23 7.9614085230686487e+11
108 23 5.1218275527058469e+13
110 23 1.5348315663901818e+15
112 23 2.3267354403799024e+16
114 23 3.1902714874368544e+17
116 23 2.9699743333893740e+18
118 23 2.4601657162362982e+19
120 23 1.4311552465270312e+20
122 23 6.2227404993503298e+20
124 23 1.7946692535540570e+21
126 23 3.5591419459216904e+21
128 23 4.3573257362572438e+21
130 23 3.5606339650189525e+21
132 23 2.0696784199847636e+21
134 23 8.9393144659715490e+20
136 23 2.9472990876993775e+20
138 23 7.5402535843848372e+19
140 23 1.5081635207433714e+19
142 23 2.3553348858983731e+18
144 23 2.8735656876109939e+17
146 23 2.7049978666201064e+16
148 23 1.9339635415654758e+15
150 23 1.0290189080449830e+14
152 23 3.9546167147140830e+12
154 23 1.0515157757337180e+11
156 23 1.8450429671961184e+09
158 23 1.9716793507845588e+07
160 23 7.9070196459031766e+04
110 24 5.6562110803969055e+11
112 24 3.5953987298489219e+13
114 24 6.7029583780444300e+14
116 24 1.2006680374504868e+16
118 24 1.2325079280853386e+17
120 24 1.2090653840386954e+18
122 24 7.7542880953593457e+18
124 24 3.7769234898678456e+19
126 24 1.1424207252962406e+20
128 24 2.3324487266470140e+20
130 24 2.6072421220511436e+20
132 24 1.8494871644244417e+20
134 24 9.0744560452757979e+19
136 24 3.2396509375469863e+19
138 24 8.6567898806775306e+18
140 24 1.7635252403107658e+18
142 24 2.7487752568822042e+17
144 24 3.2798006159286956e+16
146 24 2.9616934589125415e+15
148 24 2.0009209520924269e+14
150 24 9.8482909183103613e+12
152 24 3.4403820178845300e+11
154 24 8.1435374935436649e+09
156 24 1.2386577627183588e+08
158 24 1.2250287376925158e+06
160 24 1.4041624472235681e+04
112 25 1.5525069494025605e+09
114 25 5.5164089805252588e+11
116 25 1.3739593372473465e+13
118 25 3.4892506155388231e+14
120 25 3.9346603696350730e+15
122 25 4.7198690689939160e+16
124 25 3.2922732759323405e+17
126 25 1.8426105281640302e+18
128 25 5.8629344540854415e+18
130 25 1.2636651892971366e+19
132 25 1.2575584527822512e+19
134 25 7.5164802183064873e+18
136 25 3.0288748539035684e+18
138 25 8.6926674138484531e+17
140 25 1.8297984629666493e+17
142 25 2.8673941375763732e+16
144 25 3.3625194622944480e+15
146 25 2.9139448040110406e+14
148 25 1.8477145042383500e+13
150 25 8.3867553257423376e+11
152 25 2.6142109064777016e+10
154 25 5.4637003972217214e+08
156 25 6.4386638308414258e+06
158 25 4.3358134663547156e+04
116 26 4.4113249685535135e+09
118 26 1.8247314861598117e+11
120 26 7.6654809434995967e+12
122 26 9.4475976817541531e+13
124 26 1.4731155356989318e+15
126 26 1.0938114229670642e+16
128 26 7.1885566612165312e+16
130 26 2.3898686354062659e+17
132 26 5.7143821136820019e+17
134 26 4.8523139962518451e+17
136 26 2.3688744823773696e+17
138 26 7.5503468588609072e+16
140 26 1.6805102329718246e+16
142 26 2.6714096354486025e+15
144 26 3.0776096359756150e+14
146 26 2.5591186698174547e+13
148 26 1.5174047871310344e+12
150 26 6.1623821423887001e+10
152 26 1.6715085090507724e+09
154 26 2.9252868289466687e+07
156 26 4.3513249620126875e+05
120 27 1.2904268865070322e+09
122 27 1.1743415539547220e+11
124 27 1.6471729125166921e+12
126 27 3.6835258554949609e+13
128 27 2.7855106314852781e+14
130 27 2.2223000725490920e+15
132 27 7.6766041461097200e+15
134 27 2.1403666395776612e+16
136 27 1.4666178886434770e+16
138 27 5.5871925936392060e+15
140 27 1.3460378070294290e+15
142 27 2.2194764263817919e+14
144 27 2.5210493042890648e+13
146 27 2.0051802989064949e+12
148 27 1.0897307213261302e+11
150 27 3.9865562346347890e+09
152 27 8.4338991034054443e+07
154 27 1.0409555224032965e+06
124 28 1.0949524680681164e+09
126 28 1.9424527664763245e+10
128 28 7.3158260846260132e+11
130 28 5.3906701090760938e+12
132 28 5.3603608404727859e+13
134 28 1.8748091154237419e+14
136 28 6.5400760515783438e+14
138 28 3.3395990214161356e+14
140 28 9.3691593390269875e+13
142 28 1.6103873963523312e+13
144 28 1.8500077674728806e+12
146 28 1.3731490812353508e+11
148 28 6.6471050835579462e+09
150 28 1.9758964915816265e+08
152 28 4.3527398838621303e+06
126 29 4.3569325026877839e+06
128 29 1.3640321189028928e+08
130 29 1.1385852932118193e+10
132 29 7.7937111324152542e+10
134 29 9.7679119786625940e+11
136 29 3.3177882472365254e+12
138 29 1.5614992843349553e+13
140 29 5.4006993791082910e+12
142 29 1.0314769494209786e+12
144 29 1.1502775382061163e+11
146 29 8.4779847805631819e+09
148 29 3.2330477120783609e+08
150 29 7.0632057108293902e+06
130 30 4.1103834627440863e+05
132 30 1.2947309913604815e+08
134 30 8.2199558007382488e+08
136 30 1.2899746066394196e+10
138 30 3.9844730371387688e+10
140 30 2.7353974239238211e+11
142 30 5.4791949810933212e+10
144 30 6.2877938551492586e+09
146 30 3.6821581098619640e+08
148 30 1.6203271124265984e+07
134 31 9.8830780310855189e+05
136 31 6.1225829489954216e+06
138 31 1.1276018899625614e+08
140 31 2.8215137644145662e+08
142 31 3.1273749741621737e+09
144 31 2.6364658131202716e+08
146 31 1.3830940492250104e+07
136 32 4.2313108136797036e+03
138 32 2.9903293584690149e+04
140 32 5.6751255933619605e+05
142 32 8.5356564736996638e+05
144 32 1.7473584980682276e+07
140 33 1.0038770014882327e+02
142 33 1.0862356298672405e+03
