222 -40 1.1460328656561054e+04
224 -40 5.1517485355105768e+04
226 -40 6.8450820213156432e+04
228 -40 3.2052915786616009e+04
230 -40 4.3536393970165327e+03
204 -39 9.8433182308917955e-01
206 -39 9.5352835043276372e+01
208 -39 1.8344115344969671e+03
210 -39 1.5154520080724404e+04
212 -39 8.2150730188883070e+04
214 -39 2.8310394628183451e+05
216 -39 6.5322662706549326e+05
218 -39 1.4293152613903575e+06
220 -39 3.0562901094043795e+06
222 -39 4.8074042495314637e+06
224 -39 4.0014434141880022e+06
226 -39 1.3579020645137890e+06
228 -39 2.5412371352345386e+05
200 -38 1.1170294604428547e+02
202 -38 5.5488480166649424e+03
204 -38 9.0057158954085884e+04
206 -38 7.4734105570331600e+05
208 -38 3.8412362955899565e+06
210 -38 1.4019094014874151e+07
212 -38 3.6026443370424308e+07
214 -38 6.9983953201470345e+07
216 -38 1.2217836223438260e+08
218 -38 1.7619140801196775e+08
220 -38 1.7964726303405878e+08
222 -38 1.0800466459100100e+08
224 -38 3.0989082996887967e+07
226 -38 6.3901373798622312e+06
196 -37 5.4831939897629081e+03
198 -37 1.6001033257580869e+05
200 -37 2.2757847077079527e+06
202 -37 1.8414126365725264e+07
204 -37 9.6081014326497495e+07
206 -37 3.5806451230096126e+08
208 -37 9.8102808804333746e+08
210 -37 2.0271010493697944e+09
212 -37 3.3539073379941425e+09
214 -37 4.7144736048487024e+09
216 -37 5.1564181115270853e+09
218 -37 3.9704883474474659e+09
220 -37 1.9149901123551695e+09
222 -37 5.1055082008518237e+08
224 -37 9.5353889753563225e+07
192 -36 1.3837479627787074e+05
194 -36 3.3475763317072731e+06
196 -36 4.0552807725184321e+07
198 -36 3.1494989524803638e+08
200 -36 1.6559754345036316e+09
202 -36 6.3252769413212814e+09
204 -36 1.8125696640108215e+10
206 -36 3.9785869775619247e+10
208 -36 6.8969228258969803e+10
210 -36 9.7612893021923203e+10
212 -36 1.1245055114808322e+11
214 -36 9.9389127073474960e+10
216 -36 6.2774023955522156e+10
218 -36 2.6364430675326683e+10
220 -36 6.6134201227314682e+09
222 -36 1.0667699117463444e+09
186 -35 1.7807954915662120e+02
188 -35 2.1255195665887911e+06
190 -35 5.0129043572760329e+07
192 -35 5.6918763949494219e+08
194 -35 4.2038814547109218e+09
196 -35 2.2151373212338512e+10
198 -35 8.6091756445765396e+10
200 -35 2.5670573243079443e+11
202 -35 5.9522189316512256e+11
204 -35 1.0962876337273988e+12
206 -35 1.6274394952350781e+12
208 -35 1.9792962952508093e+12
210 -35 1.9407870192918708e+12
212 -35 1.4602002863103162e+12
214 -35 8.0214987298483667e+11
216 -35 3.0509734716204773e+11
218 -35 7.1830618249036865e+10
220 -35 1.0323005555358095e+10
182 -34 6.3562864724084293e+03
184 -34 2.4135422098511264e+07
186 -34 5.6980823960802710e+08
188 -34 6.4170094303290920e+09
190 -34 4.6679339656111069e+10
192 -34 2.4441439741344446e+11
194 -34 9.6578406923957593e+11
196 -34 2.9684355565964526e+12
198 -34 7.2393674151198281e+12
200 -34 1.4169138149798625e+13
202 -34 2.2432180939506562e+13
204 -34 2.9216526312666012e+13
206 -34 3.1154214053993320e+13
208 -34 2.6669893344001031e+13
210 -34 1.7794148281535633e+13
212 -34 8.8607964321158691e+12
214 -34 3.1259088392238179e+12
216 -34 6.9959493378985474e+11
218 -34 9.1744877382771240e+10
178 -33 1.2854903564223650e+05
180 -33 2.2568584142774794e+08
182 -33 5.3043990677547989e+09
184 -33 6.0036769150455360e+10
186 -33 4.3856510083388324e+11
188 -33 2.2989285005808877e+12
190 -33 9.2517331688216016e+12
192 -33 2.9323447621924438e+13
194 -33 7.4592081875216344e+13
196 -33 1.5442748303317825e+14
198 -33 2.6169813067456219e+14
200 -33 3.6640103508839681e+14
202 -33 4.2501321254567362e+14
204 -33 4.0512826834030225e+14
206 -33 3.1327666572544856e+14
208 -33 1.9064168599801800e+14
210 -33 8.8236520780825781e+13
212 -33 2.9285611632280508e+13
214 -33 6.2685686390045869e+12
216 -33 7.5666489213235608e+11
174 -32 2.0022565375500729e+06
176 -32 1.8074454517482939e+09
178 -32 4.2296009989157127e+10
180 -32 4.8260654628946149e+11
182 -32 3.5655795952492803e+12
184 -32 1.9002757796330328e+13
186 -32 7.7820720207538719e+13
188 -32 2.5358258534824272e+14
190 -32 6.7306989550915700e+14
192 -32 1.4638868257668358e+15
194 -32 2.6412145868834910e+15
196 -32 3.9765182756757315e+15
198 -32 5.0073202521447490e+15
200 -32 5.2734713239962830e+15
202 -32 4.6016985347537410e+15
204 -32 3.2779438620708285e+15
206 -32 1.8592820797746532e+15
208 -32 8.1056565607163862e+14
210 -32 2.5570653113135444e+14
212 -32 5.2425789249374391e+13
214 -32 5.8835749494040098e+12
170 -31 2.3976505367261201e+07
172 -31 1.2725743506441389e+10
174 -31 2.9637757919689612e+11
176 -31 3.4251180441653647e+12
178 -31 2.5587390259879406e+13
180 -31 1.3923761432476650e+14
182 -31 5.8456658864803138e+14
184 -31 1.9616697705631615e+15
186 -31 5.3981948686949080e+15
188 -31 1.2295615616811008e+16
190 -31 2.3553930274422556e+16
192 -31 3.8014987326652328e+16
194 -31 5.1784420013547848e+16
196 -31 5.9703400662886136e+16
198 -31 5.7984571542369688e+16
200 -31 4.7027521954912344e+16
202 -31 3.1345676303534488e+16
204 -31 1.6813690757531964e+16
206 -31 6.9448224469246050e+15
208 -31 2.1023877413103738e+15
210 -31 4.1422535146347869e+14
212 -31 4.3477295723238859e+13
164 -30 2.7372782738228204e+02
166 -30 2.3044727311788303e+08
168 -30 8.0539801182830170e+10
170 -30 1.8682986157650449e+12
172 -30 2.1785806845056555e+13
174 -30 1.6574081603695919e+14
176 -30 9.1779246687589988e+14
178 -30 3.9546560200282060e+15
180 -30 1.3679087598081158e+16
182 -30 3.9023463582076352e+16
184 -30 9.3156976099983872e+16
186 -30 1.8812720850493549e+17
188 -30 3.2334801836904058e+17
190 -30 4.7360493462225715e+17
192 -30 5.9397911818175347e+17
194 -30 6.3544998016872806e+17
196 -30 5.7666211993427686e+17
198 -30 4.4062313493940838e+17
200 -30 2.7828822090898656e+17
202 -30 1.4173882265352707e+17
204 -30 5.6144551996088464e+16
206 -30 1.6278136481016110e+16
208 -30 3.0940059032771700e+15
210 -30 3.0670760295597412e+14
160 -29 2.2013715370623948e+04
162 -29 1.8579292849438424e+09
164 -29 4.6332752312777948e+11
166 -29 1.0715989727779965e+13
168 -29 1.2578917584033566e+14
170 -29 9.7199657357665250e+14
172 -29 5.5113187881446790e+15
174 -29 2.4386157804888064e+16
176 -29 8.7027448934596704e+16
178 -29 2.5750600961666294e+17
180 -29 6.4007938428459072e+17
182 -29 1.3597686355045793e+18
184 -29 2.4726057621534546e+18
186 -29 3.8771823677497631e+18
188 -29 5.2482715222575534e+18
190 -29 6.1372505747252695e+18
192 -29 6.1535348423643843e+18
194 -29 5.2827500949736294e+18
196 -29 3.8233930653666964e+18
198 -29 2.2993083363301816e+18
200 -29 1.1218844254983287e+18
202 -29 4.2753403667796608e+17
204 -29 1.1974782909193533e+17
206 -29 2.1994216115656404e+16
208 -29 2.0738423366929862e+15
156 -28 6.8394862671639561e+05
158 -28 1.3143147210505808e+10
160 -28 2.4630180675625103e+12
162 -28 5.6520417279117594e+13
164 -28 6.6842440598086625e+14
166 -28 5.2499144943250420e+15
168 -28 3.0378144207954112e+16
170 -28 1.3749536184798744e+17
172 -28 5.0640027549363488e+17
174 -28 1.5507194678736563e+18
176 -28 4.0170083723718344e+18
178 -28 8.9512642350428365e+18
180 -28 1.7161547860894458e+19
182 -28 2.8600114669117411e+19
184 -28 4.1555007466356761e+19
186 -28 5.2527199951309414e+19
188 -28 5.7762576441021874e+19
190 -28 5.4865133201877975e+19
192 -28 4.4759667510279053e+19
194 -28 3.0970439123157823e+19
196 -28 1.7873972712661649e+19
198 -28 8.3995425908365220e+18
200 -28 3.0877763747580216e+18
202 -28 8.3712620082311334e+17
204 -28 1.4873144464805898e+17
206 -28 1.3409810339307820e+16
152 -27 1.1573966369783696e+07
154 -27 8.2951358386766876e+10
156 -27 1.2113322977015139e+13
158 -27 2.7500627145015153e+14
160 -27 3.2720908455704490e+15
162 -27 2.6076771424196868e+16
164 -27 1.5374423996824461e+17
166 -27 7.1426591466971213e+17
168 -27 2.7005238387312205e+18
170 -27 8.5578876124466053e+18
172 -27 2.3061584047056937e+19
174 -27 5.3703882494718722e+19
176 -27 1.0818993290082373e+20
178 -27 1.9104201787177583e+20
180 -27 2.9625640265524281e+20
182 -27 4.0208479900009431e+20
184 -27 4.7931069423142319e+20
186 -27 4.9940459447547055e+20
188 -27 4.5244300126297679e+20
190 -27 3.5322475881171675e+20
192 -27 2.3495578725564213e+20
194 -27 1.3057160340650788e+20
196 -27 5.9309257593458991e+19
198 -27 2.1123135337924420e+19
200 -27 5.5697978001324503e+18
202 -27 9.5918107881806003e+17
204 -27 8.3219554783189696e+16
148 -26 1.3511507035563070e+08
150 -26 4.7492718679970764e+11
152 -26 5.5451992647505586e+13
154 -26 1.2453535209686795e+15
156 -26 1.4897071887969708e+16
158 -26 1.2002814481997707e+17
160 -26 7.1961901475371814e+17
162 -26 3.4071178405357256e+18
164 -26 1.3271401265013248e+19
166 -26 4.3373207497593799e+19
168 -26 1.2128831685950156e+20
170 -26 2.9410716222336778e+20
172 -26 6.2134135290820965e+20
174 -26 1.1580161096816853e+21
176 -26 1.9028309264537973e+21
178 -26 2.7566581548533961e+21
180 -26 3.5429003602041666e+21
182 -26 4.0118699581172566e+21
184 -26 3.9820155452844031e+21
186 -26 3.4624716265007822e+21
188 -26 2.6009464686687793e+21
190 -26 1.6733415397794599e+21
192 -26 9.0138517566627394e+20
194 -26 3.9672778357639558e+20
196 -26 1.3738596282778273e+20
198 -26 3.5186295090480366e+19
200 -26 5.9065870126436884e+18
202 -26 4.9507138785338118e+17
144 -25 1.2923845881360188e+09
146 -25 2.4653365862543208e+12
148 -25 2.3649932836678500e+14
150 -25 5.2145684150180340e+15
152 -25 6.2644752958082560e+16
154 -25 5.0874202338625651e+17
156 -25 3.0965090609513354e+18
158 -25 1.5014554906983062e+19
160 -25 5.9860378539124220e+19
162 -25 2.0169417280463503e+20
164 -25 5.8431970525131742e+20
166 -25 1.4707359083727857e+21
168 -25 3.2567131137157518e+21
170 -25 6.3627254347592452e+21
172 -25 1.1040700511353949e+22
174 -25 1.7030127435729114e+22
176 -25 2.3393156949129977e+22
178 -25 2.8558116839001592e+22
180 -25 3.0929152696188853e+22
182 -25 2.9564587297972884e+22
184 -25 2.4755433785659255e+22
186 -25 1.7987570084999703e+22
188 -25 1.1192424050636559e+22
190 -25 5.8615259630899057e+21
192 -25 2.5138158225223844e+21
194 -25 8.4782117491679245e+20
196 -25 2.1189264495090486e+20
198 -25 3.4671974903778738e+19
200 -25 2.8284808783630674e+18
140 -24 1.0284985808458324e+10
142 -24 1.1585246680918676e+13
144 -24 9.3714732332976775e+14
146 -24 2.0240348249504916e+16
148 -24 2.4269073844309466e+17
150 -24 1.9868131467045629e+18
152 -24 1.2304486435165061e+19
154 -24 6.0626252323733946e+19
156 -24 2.4802713332015147e+20
158 -24 8.5958166988407505e+20
160 -24 2.5682711879883156e+21
162 -24 6.7185074961113489e+21
164 -24 1.5483845999792216e+22
166 -24 3.1724618685275531e+22
168 -24 5.7990405626965210e+22
170 -24 9.4736905551864408e+22
172 -24 1.3860926117693372e+23
174 -24 1.8151806002987542e+23
176 -24 2.1231423208627329e+23
178 -24 2.2113497014825582e+23
180 -24 2.0379455844697010e+23
182 -24 1.6538874766008779e+23
184 -24 1.1660046897461138e+23
186 -24 7.0640969958042911e+22
188 -24 3.5998346608484404e+22
190 -24 1.5045267150695125e+22
192 -24 4.9667752682887095e+21
194 -24 1.2132517130081592e+21
196 -24 1.9387899452467731e+20
198 -24 1.5448153712938967e+19
136 -23 6.9288320636486404e+10
138 -23 4.9629435618633484e+13
140 -23 3.4381619860171720e+15
142 -23 7.2478832307576864e+16
144 -23 8.6531785845608333e+17
146 -23 7.1451218398163231e+18
148 -23 4.4769659310026334e+19
150 -23 2.2471655289268139e+20
152 -23 9.4009815231854556e+20
154 -23 3.3424473355410200e+21
156 -23 1.0315327519667691e+22
158 -23 2.7951874322980382e+22
160 -23 6.7031442595356334e+22
162 -23 1.4358947088282900e+23
164 -23 2.7516778964217341e+23
166 -23 4.7501090293332458e+23
168 -23 7.3719199105634523e+23
170 -23 1.0301226271777580e+24
172 -23 1.2946297033568825e+24
174 -23 1.4582705290927100e+24
176 -23 1.4667629213765997e+24
178 -23 1.3112797126904322e+24
180 -23 1.0330379775048199e+24
182 -23 7.0940359652149826e+23
184 -23 4.1901027959049193e+23
186 -23 2.0877293413569778e+23
188 -23 8.5358421565168247e+22
190 -23 2.7548301797870277e+22
192 -23 6.5861558676391545e+21
194 -23 1.0342497038877310e+21
196 -23 8.0496762185328198e+19
132 -22 3.9803762234766888e+11
134 -22 1.9369121581809125e+14
136 -22 1.1668359942773114e+16
138 -22 2.3927614464952704e+17
140 -22 2.8365725908618424e+18
142 -22 2.3529473400774369e+19
144 -22 1.4929191731507859e+20
146 -22 7.6288942077647821e+20
148 -22 3.2544980027479483e+21
150 -22 1.1870523974635491e+22
152 -22 3.7722731153979221e+22
154 -22 1.0565888317471029e+23
156 -22 2.6343030819726998e+23
158 -22 5.8725274404012929e+23
160 -22 1.1797139510554530e+24
162 -22 2.1416256182186103e+24
164 -22 3.5127985602657356e+24
166 -22 5.2149422930274307e+24
168 -22 7.0022374232513388e+24
170 -22 8.4873745048799615e+24
172 -22 9.2676439953307523e+24
174 -22 9.0451081909015675e+24
176 -22 7.8669409395730409e+24
178 -22 6.0433991498379386e+24
180 -22 4.0558564952583443e+24
182 -22 2.3413904445995738e+24
184 -22 1.1419522059242055e+24
186 -22 4.5840655450873149e+23
188 -22 1.4493877467453819e+23
190 -22 3.4019848959912881e+22
192 -22 5.2445722168338678e+21
194 -22 4.0043278236123175e+20
128 -21 1.9829336487538560e+12
130 -21 6.8606890856091925e+14
132 -21 3.6298113505581976e+16
134 -21 7.2310883680317914e+17
136 -21 8.5273422637332234e+18
138 -21 7.0911568150128714e+19
140 -21 4.5366126855288966e+20
142 -21 2.3551646244858403e+21
144 -21 1.0246444396098190e+22
146 -21 3.8340709174496379e+22
148 -21 1.2529408632227581e+23
150 -21 3.6222097985037247e+23
152 -21 9.3550010661867588e+23
154 -21 2.1750032360769497e+24
156 -21 4.5672213300609971e+24
158 -21 8.6800427571084926e+24
160 -21 1.5024875060397984e+25
162 -21 2.3643161003467194e+25
164 -21 3.3752689966001555e+25
166 -21 4.3792749367924793e+25
168 -21 5.1440225079441649e+25
170 -21 5.4509479202411545e+25
172 -21 5.1876336828176869e+25
174 -21 4.4060536803314945e+25
176 -21 3.3095472226918683e+25
178 -21 2.1725248881808996e+25
180 -21 1.2309168635993543e+25
182 -21 5.8944514707018878e+24
184 -21 2.3220409582629511e+24
186 -21 7.2221381454274125e+23
188 -21 1.6657775229208322e+23
190 -21 2.5266768938922792e+22
192 -21 1.8987883976683443e+21
122 -20 1.6652820630846912e+08
124 -20 8.5925752815948125e+12
126 -20 2.1930878142807485e+15
128 -20 1.0310550971990317e+17
130 -20 1.9859298881249400e+18
132 -20 2.3295026923900191e+19
134 -20 1.9426892068503480e+20
136 -20 1.2521511451681507e+21
138 -20 6.5989556251216189e+21
140 -20 2.9264799397965097e+22
142 -20 1.1211670563043488e+23
144 -20 3.7582700904730827e+23
146 -20 1.1217824873847428e+24
148 -20 3.0021105719072761e+24
150 -20 7.2478179621197110e+24
152 -20 1.5852223228354773e+25
154 -20 3.1610316742633090e+25
156 -20 5.7429334376937603e+25
158 -20 9.5326122369309643e+25
160 -20 1.4454304909285858e+26
162 -20 1.9980969150909412e+26
164 -20 2.5179455381058898e+26
166 -20 2.8760640845410016e+26
168 -20 2.9741103325111366e+26
170 -20 2.7669069926789159e+26
172 -20 2.3004640147030130e+26
174 -20 1.6935646302701422e+26
176 -20 1.0926486223016848e+26
178 -20 6.0807833804265920e+25
180 -20 2.8606992347456046e+25
182 -20 1.1098036785892522e+25
184 -20 3.4019805448407804e+24
186 -20 7.7249620781804979e+23
188 -20 1.1562578466317387e+23
190 -20 8.5560640758363497e+21
118 -19 2.6603298113230195e+09
120 -19 3.2561045569317711e+13
122 -19 6.3029297246267410e+15
124 -19 2.6691871330335926e+17
126 -19 4.9715993439793377e+18
128 -19 5.7660659263065309e+19
130 -19 4.8118202894309746e+20
132 -19 3.1316992715236190e+21
134 -19 1.6724438016846878e+22
136 -19 7.5532967861947256e+22
138 -19 2.9520537233292718e+23
140 -19 1.0192546424016980e+24
142 -19 3.1317868214258205e+24
144 -19 8.6587656426979862e+24
146 -19 2.1696149085017353e+25
148 -19 4.9457204450621682e+25
150 -19 1.0295721902141825e+26
152 -19 1.9611744774469981e+26
154 -19 3.4283810452906050e+26
156 -19 5.4966007731737779e+26
158 -19 8.0789712720672410e+26
160 -19 1.0861219626741062e+27
162 -19 1.3311036661838367e+27
164 -19 1.4868172696651670e+27
166 -19 1.5049419716854740e+27
168 -19 1.3721342282544293e+27
170 -19 1.1197543415290643e+27
172 -19 8.1056905898396492e+26
174 -19 5.1391626544011330e+26
176 -19 2.8155080378831586e+26
178 -19 1.3074518818247901e+26
180 -19 4.9978428161270266e+25
182 -19 1.5097653517758914e+25
184 -19 3.3845730998189334e+24
186 -19 5.0056577797914714e+23
188 -19 3.6591891109606463e+22
114 -18 2.3506259986277748e+10
116 -18 1.0718705908704689e+14
118 -18 1.6209853636787068e+16
120 -18 6.2361695827221504e+17
122 -18 1.1247069476104681e+19
124 -18 1.2862310854300849e+20
126 -18 1.0749291874807345e+21
128 -18 7.0445962100739607e+21
130 -18 3.8167051860028386e+22
132 -18 1.7519959056826206e+23
134 -18 7.0063790490760930e+23
136 -18 2.4772158693773108e+24
138 -18 7.8345466799463757e+24
140 -18 2.2378859542508773e+25
142 -18 5.8100414204584693e+25
144 -18 1.3773783516789962e+26
146 -18 2.9926264475926148e+26
148 -18 5.9725943313218999e+26
150 -18 1.0969449608612228e+27
152 -18 1.8534131138313627e+27
154 -18 2.8852322086709305e+27
156 -18 4.1249186834923284e+27
158 -18 5.4046388577307720e+27
160 -18 6.4847297487888247e+27
162 -18 7.1003347245582498e+27
164 -18 7.0550777587600427e+27
166 -18 6.3211710831028881e+27
168 -18 5.0772184725137134e+27
170 -18 3.6180951996991949e+27
172 -18 2.2617932386009241e+27
174 -18 1.2226483686757250e+27
176 -18 5.5989280809879827e+26
178 -18 2.1122494621681847e+26
180 -18 6.3150152478252140e+25
182 -18 1.3981389447756568e+25
184 -18 2.0476627185380737e+24
186 -18 1.4843661517552363e+23
110 -17 1.4122902164871207e+11
112 -17 3.0641396456235612e+14
114 -17 3.7331499282228592e+16
116 -17 1.3101388791645804e+18
118 -17 2.2874807310786175e+19
120 -17 2.5855544007885783e+20
122 -17 2.1537014943069459e+21
124 -17 1.4233202051838250e+22
126 -17 7.7878718960980480e+22
128 -17 3.6379394386222293e+23
130 -17 1.4853293693318937e+24
132 -17 5.3847270333386531e+24
134 -17 1.7519675477935880e+25
136 -17 5.1626921321262237e+25
138 -17 1.3856914612516635e+26
140 -17 3.4128150571666588e+26
142 -17 7.7242947919197601e+26
144 -17 1.6121242576574499e+27
146 -17 3.1033550311312790e+27
148 -17 5.5193724107407386e+27
150 -17 9.0710277246525876e+27
152 -17 1.3758886464848131e+28
154 -17 1.9217570993392691e+28
156 -17 2.4690196219816483e+28
158 -17 2.9070588369273449e+28
160 -17 3.1261361466565804e+28
162 -17 3.0560838285067366e+28
164 -17 2.6988402590524522e+28
166 -17 2.1371121624874004e+28
168 -17 1.5031018372681887e+28
170 -17 9.2907468178452295e+27
172 -17 4.9595512360709750e+27
174 -17 2.2462324338718577e+27
176 -17 8.3884727675679759e+26
178 -17 2.4803552183128373e+26
180 -17 5.4376320306586628e+25
182 -17 7.8900335948353828e+24
184 -17 5.6738564941738813e+23
106 -16 6.3364285473392383e+11
108 -16 7.6148009117400675e+14
110 -16 7.6502516776575392e+16
112 -16 2.4688981648232489e+18
114 -16 4.1499267991987847e+19
116 -16 4.6433743731674232e+20
118 -16 3.8543376126661592e+21
120 -16 2.5577768999468086e+22
122 -16 1.4160623483058570e+23
124 -16 6.7296733305548485e+23
126 -16 2.8050795880955032e+24
128 -16 1.0406755954997798e+25
130 -16 3.4773983087012690e+25
132 -16 1.0569836861193998e+26
134 -16 2.9364992528096642e+26
136 -16 7.4998263145380093e+26
138 -16 1.7651275596966346e+27
140 -16 3.8453911985787172e+27
142 -16 7.7516866017096075e+27
144 -16 1.4486307163818631e+28
146 -16 2.5097470578649791e+28
148 -16 4.0225704166513455e+28
150 -16 5.9735127451038245e+28
152 -16 8.1835930612981067e+28
154 -16 1.0327576099737664e+29
156 -16 1.1970506893584844e+29
158 -16 1.2686729213262461e+29
160 -16 1.2229992513306695e+29
162 -16 1.0662354435355308e+29
164 -16 8.3424874654775145e+28
166 -16 5.8029915956709548e+28
168 -16 3.5461436669997217e+28
170 -16 1.8761711587499579e+28
172 -16 8.4083039428790069e+27
174 -16 3.1115440885065879e+27
176 -16 9.1196185069581517e+26
178 -16 1.9879255923192336e+26
180 -16 2.8620659934447545e+25
182 -16 2.0458927937625927e+24
102 -15 2.2262977769471675e+12
104 -15 1.6354887638521015e+15
106 -15 1.3819129258694712e+17
108 -15 4.1250943281925565e+18
110 -15 6.7119052918681002e+19
112 -15 7.3846439461049677e+20
114 -15 6.1302922798063294e+21
116 -15 4.0886898416444863e+22
118 -15 2.2881575252108904e+23
120 -15 1.1036210215444560e+24
122 -15 4.6909569488842260e+24
124 -15 1.7791753447808546e+25
126 -15 6.1043201664243123e+25
128 -15 1.9099629708292736e+26
130 -15 5.4886366142740523e+26
132 -15 1.4522767282872812e+27
134 -15 3.5540840579426048e+27
136 -15 8.0654372207791399e+27
138 -15 1.7001625341663159e+28
140 -15 3.3346628871858798e+28
142 -15 6.0765941198930108e+28
144 -15 1.0288970660588371e+29
146 -15 1.6167178846819519e+29
148 -15 2.3563383996835208e+29
150 -15 3.1785790842322777e+29
152 -15 3.9502601942264739e+29
154 -15 4.5154856326093033e+29
156 -15 4.7240192453752195e+29
158 -15 4.5049747930682999e+29
160 -15 3.8862952687962016e+29
162 -15 3.0078377410618803e+29
164 -15 2.0744976892102080e+29
166 -15 1.2572325970458433e+29
168 -15 6.5959643899012738e+28
170 -15 2.9356122587594133e+28
172 -15 1.0779971700645195e+28
174 -15 3.1383560786112078e+27
176 -15 6.7933329795264647e+26
178 -15 9.7345070431560260e+25
180 -15 6.9326586544660922e+24
98 -14 6.2432540779815791e+12
100 -14 3.0436833951607705e+15
102 -14 2.1903131918498426e+17
104 -14 6.0925659036113736e+18
106 -14 9.5939780716651643e+19
108 -14 1.0410383885647619e+21
110 -14 8.5953228431242413e+21
112 -14 5.7613783102521193e+22
114 -14 3.2516771602293683e+23
116 -14 1.5951308356770224e+24
118 -14 6.8978487223700983e+24
120 -14 2.6785462205014083e+25
122 -14 9.4338205159159711e+25
124 -14 3.0393261869078624e+26
126 -14 9.0141073669027120e+26
128 -14 2.4693191365367152e+27
130 -14 6.2759904275399289e+27
132 -14 1.4826216545900162e+28
134 -14 3.2627799216415552e+28
136 -14 6.6947158021169272e+28
138 -14 1.2812201588244897e+29
140 -14 2.2871320786513076e+29
142 -14 3.7998234101208079e+29
144 -14 5.8745521459586253e+29
146 -14 8.4311327530836487e+29
148 -14 1.1218873660414068e+30
150 -14 1.3782262348508631e+30
152 -14 1.5577621167452631e+30
154 -14 1.6137220256266289e+30
156 -14 1.5244155851834061e+30
158 -14 1.3035053266163524e+30
160 -14 1.0012423703275264e+30
162 -14 6.8568870357924508e+29
164 -14 4.1265349650727630e+29
166 -14 2.1504091836609611e+29
168 -14 9.5140139655526243e+28
170 -14 3.4727146008562740e+28
172 -14 1.0057749204500297e+28
174 -14 2.1690448133316705e+27
176 -14 3.0960968784402165e+26
178 -14 2.2026710749932580e+25
94 -13 1.4225229261758002e+13
96 -13 4.8753562633281620e+15
98 -13 3.0381994627946144e+17
100 -13 7.8715066015449416e+18
102 -13 1.2020248617477525e+20
104 -13 1.2842042576869062e+21
106 -13 1.0570680504374979e+22
108 -13 7.1127136871455836e+22
110 -13 4.0573334955973579e+23
112 -13 2.0152738697695287e+24
114 -13 8.8849559245662078e+24
116 -13 3.5265557591696893e+25
118 -13 1.2741747176291135e+26
120 -13 4.2238408854433870e+26
122 -13 1.2910747256322051e+27
124 -13 3.6593067086499210e+27
126 -13 9.6477932633810234e+27
128 -13 2.3704795046449823e+28
130 -13 5.4415206642145921e+28
132 -13 1.1682151730808845e+29
134 -13 2.3443830994045597e+29
136 -13 4.4038680597703502e+29
138 -13 7.7179334073586403e+29
140 -13 1.2632838985862135e+30
142 -13 1.9264141072242185e+30
144 -13 2.7338408252876819e+30
146 -13 3.5939582589778565e+30
148 -13 4.3744022453739051e+30
150 -13 4.9038849499945184e+30
152 -13 5.0389238522991300e+30
154 -13 4.7223087038064871e+30
156 -13 4.0136658336407533e+30
158 -13 3.0638004556788769e+30
160 -13 2.0859497907562587e+30
162 -13 1.2482413240984588e+30
164 -13 6.4744826227466242e+29
166 -13 2.8500305849696296e+29
168 -13 1.0367940370129448e+29
170 -13 2.9943069224838437e+28
172 -13 6.4385420083154581e+27
174 -13 9.1780976357629850e+26
176 -13 6.5344621070873248e+25
90 -12 2.6571262449631195e+13
92 -12 6.6720469521452740e+15
94 -12 3.6456412914558381e+17
96 -12 8.8936248501741926e+18
98 -12 1.3157149009661896e+20
100 -12 1.3849616547844915e+21
102 -12 1.1354338960755067e+22
104 -12 7.6565217014217777e+22
106 -12 4.4038303696888319e+23
108 -12 2.2179093466000409e+24
110 -12 9.9467036080146787e+24
112 -12 4.0343355876568605e+25
114 -12 1.4943826993300502e+26
116 -12 5.0885006976962644e+26
118 -12 1.6042198824939805e+27
120 -12 4.7010338505737646e+27
122 -12 1.2839450566767014e+28
124 -12 3.2787365699334601e+28
126 -12 7.8402671518674651e+28
128 -12 1.7580506494849432e+29
130 -12 3.6999049188059295e+29
132 -12 7.2950891399737433e+29
134 -12 1.3474791001475917e+30
136 -12 2.3306826388248612e+30
138 -12 3.7676942893620979e+30
140 -12 5.6843225675311622e+30
142 -12 7.9889974808840140e+30
144 -12 1.0420753264510463e+31
146 -12 1.2580072216014740e+31
148 -12 1.4006948855182406e+31
150 -12 1.4312007423899392e+31
152 -12 1.3343564427504044e+31
154 -12 1.1284073948566642e+31
156 -12 8.5865726642608987e+30
158 -12 5.8161319923231486e+30
160 -12 3.4694134269206085e+30
162 -12 1.7940264451003305e+30
164 -12 7.8832569482202206e+29
166 -12 2.8626694144917275e+29
168 -12 8.2557721738472578e+28
170 -12 1.7741525557402987e+28
172 -12 2.5312035828840352e+27
174 -12 1.8092605892538841e+26
84 -11 2.2384293977154608e+09
86 -11 4.0753354211461992e+13
88 -11 7.8098098159787380e+15
90 -11 3.7834184094270106e+17
92 -11 8.7010833777975747e+18
94 -11 1.2481383160947722e+20
96 -11 1.2951246908944204e+21
98 -11 1.0555372617171013e+22
100 -11 7.1324297000305216e+22
102 -11 4.1378811984300531e+23
104 -11 2.1084567792019891e+24
106 -11 9.6247116797662952e+24
108 -11 3.9817482026015432e+25
110 -11 1.5101428255229631e+26
112 -11 5.2827495542766155e+26
114 -11 1.7146514922632017e+27
116 -11 5.1874819908417627e+27
118 -11 1.4689461966782947e+28
120 -11 3.8952256538450263e+28
122 -11 9.7070606239119895e+28
124 -11 2.2712443335452125e+29
126 -11 4.9968649149112270e+29
128 -11 1.0339876286226817e+30
130 -11 2.0089969391917206e+30
132 -11 3.6655083648666160e+30
134 -11 6.2720304548171421e+30
136 -11 1.0049062700366132e+31
138 -11 1.5036834718454562e+31
140 -11 2.0976181536003070e+31
142 -11 2.7209993813634588e+31
144 -11 3.2687662645986726e+31
146 -11 3.6220035315122958e+31
148 -11 3.6861822758500152e+31
150 -11 3.4235816944771112e+31
152 -11 2.8875431095755699e+31
154 -11 2.1906680217294224e+31
156 -11 1.4823618391347211e+31
158 -11 8.8275444563853329e+30
160 -11 4.5592955805061062e+30
162 -11 2.0026947844472349e+30
164 -11 7.2690337595276660e+29
166 -11 2.0964386390763799e+29
168 -11 4.5170152191848834e+28
170 -11 6.4619437445207668e+27
172 -11 4.6463114639144703e+26
80 -10 1.0898067011953003e+10
82 -10 5.1375359879851289e+13
84 -10 7.7538996542572230e+15
86 -10 3.3663079993775776e+17
88 -10 7.3167144178552207e+18
90 -10 1.0174136398682035e+20
92 -10 1.0416151090671258e+21
94 -10 8.4402562444760051e+21
96 -10 5.7082463954624443e+22
98 -10 3.3297608669694281e+23
100 -10 1.7169827632068333e+24
102 -10 7.9615703372352730e+24
104 -10 3.3634746234279871e+25
106 -10 1.3033294074453605e+26
108 -10 4.6793851557834604e+26
110 -10 1.5661158522929125e+27
112 -10 4.8897192608684819e+27
114 -10 1.4323139397500212e+28
116 -10 3.9419046718776775e+28
118 -10 1.0215285413460743e+29
120 -10 2.4918841342699238e+29
122 -10 5.7351389170101864e+29
124 -10 1.2431244142040896e+30
126 -10 2.5381533399036605e+30
128 -10 4.8802047779253123e+30
130 -10 8.8274993502265461e+30
132 -10 1.4981450302405831e+31
134 -10 2.3846522417875024e+31
136 -10 3.5497540740840131e+31
138 -10 4.9311873941343149e+31
140 -10 6.3694181597408185e+31
142 -10 7.6302204933023554e+31
144 -10 8.4313200703995769e+31
146 -10 8.5670867325034953e+31
148 -10 7.9474140193298118e+31
150 -10 6.6942833765584841e+31
152 -10 5.0780825400905030e+31
154 -10 3.4313583727857421e+31
156 -10 2.0455937910636419e+31
158 -10 1.0570351418498245e+31
160 -10 4.6505894512412370e+30
162 -10 1.6919064752471779e+30
164 -10 4.8915299395799088e+29
166 -10 1.0576347188993388e+29
168 -10 1.5231382470109163e+28
170 -10 1.1033002332774813e+27
76 -9 2.6271146850330673e+10
78 -9 5.3169127823763898e+13
80 -9 6.4919539842555970e+15
82 -9 2.5504855729401072e+17
84 -9 5.2409992511928074e+18
86 -9 7.0920710166075924e+19
88 -9 7.1195028144500166e+20
90 -9 5.7379617032040759e+21
92 -9 3.8880558368094658e+22
94 -9 2.2804898235724205e+23
96 -9 1.1880227698236426e+24
98 -9 5.5941952722693512e+24
100 -9 2.4058047989512558e+25
102 -9 9.5381095266195896e+25
104 -9 3.5137613385964353e+26
106 -9 1.2074354111501164e+27
108 -9 3.8932428571591910e+27
110 -9 1.1801317300905166e+28
112 -9 3.3680690436957802e+28
114 -9 9.0682578392679935e+28
116 -9 2.3063221902597285e+29
118 -9 5.5414921418812857e+29
120 -9 1.2574105663155489e+30
122 -9 2.6958552039734324e+30
124 -9 5.4568084005447635e+30
126 -9 1.0412521803535106e+31
128 -9 1.8711003121813493e+31
130 -9 3.1616494270164480e+31
132 -9 5.0099709905994833e+31
134 -9 7.4383421406044267e+31
136 -9 1.0309350476594191e+32
138 -9 1.3291989524469728e+32
140 -9 1.5907026729808796e+32
142 -9 1.7586214923667487e+32
144 -9 1.7863187597484517e+32
146 -9 1.6584346617806718e+32
148 -9 1.3981886121232779e+32
150 -9 1.0619893666819425e+32
152 -9 7.1928231892993173e+31
154 -9 4.2959965840796449e+31
156 -9 2.2258254956313900e+31
158 -9 9.8320439670801131e+30
160 -9 3.5923394003769676e+30
162 -9 1.0436220542588620e+30
164 -9 2.2718644474164378e+29
166 -9 3.2959847793007360e+28
168 -9 2.4133099316371332e+27
72 -8 4.1381118729069260e+10
74 -8 4.4885154365100211e+13
76 -8 4.5554542077058380e+15
78 -8 1.6256005203063302e+17
80 -8 3.1757292796671575e+18
82 -8 4.1692329418377814e+19
84 -8 4.1207326451381731e+20
86 -8 3.2925900532894474e+21
88 -8 2.2239542689158635e+22
90 -8 1.3132101176455144e+23
92 -8 6.9085902044060473e+23
94 -8 3.2952707074861671e+24
96 -8 1.4434164311731770e+25
98 -8 5.8547802719224746e+25
100 -8 2.2104268246553739e+26
102 -8 7.8081986356091318e+26
104 -8 2.5959620548586919e+27
106 -8 8.1243145300141280e+27
108 -8 2.4053510800662222e+28
110 -8 6.7249908850099284e+28
112 -8 1.7801667745980513e+29
114 -8 4.4666966969788848e+29
116 -8 1.0604816375156549e+30
118 -8 2.3851252085328226e+30
120 -8 5.0732286185196036e+30
122 -8 1.0211017142339676e+31
124 -8 1.9396208680047470e+31
126 -8 3.4732774120445920e+31
128 -8 5.8548809731805318e+31
130 -8 9.2666197931323572e+31
132 -8 1.3740945513354695e+32
134 -8 1.9042771183336168e+32
136 -8 2.4591257786656850e+32
138 -8 2.9451817909418906e+32
140 -8 3.2618321969909472e+32
142 -8 3.3214927556106650e+32
144 -8 3.0913591218793764e+32
146 -8 2.6156077693512536e+32
148 -8 1.9926691102742303e+32
150 -8 1.3560111937559109e+32
152 -8 8.1344588937646134e+31
154 -8 4.2409211524164882e+31
156 -8 1.8812511800640202e+31
158 -8 6.9207144367811342e+30
160 -8 2.0266844930454827e+30
162 -8 4.4468369932211662e+29
164 -8 6.5214683433118137e+28
166 -8 4.8360532283328085e+27
68 -7 4.6607525694530396e+10
70 -7 3.0901798136567828e+13
72 -7 2.6395801925719635e+15
74 -7 8.6425498019076848e+16
76 -7 1.6035292524097923e+18
78 -7 2.0441519524023460e+19
80 -7 1.9833932259155083e+20
82 -7 1.5701487382160812e+21
84 -7 1.0603456331488627e+22
86 -7 6.2801829168469045e+22
88 -7 3.3345931466971509e+23
90 -7 1.6139484393647130e+24
92 -7 7.1854070472745036e+24
94 -7 2.9720084861170774e+25
96 -7 1.1488762085033655e+26
98 -7 4.1744569518251370e+26
100 -7 1.4297962897407074e+27
102 -7 4.6274032141798354e+27
104 -7 1.4173392681974743e+28
106 -7 4.1172612765011526e+28
108 -7 1.1347514830995564e+29
110 -7 2.9692329009226131e+29
112 -7 7.3733972808270137e+29
114 -7 1.7374835557057218e+30
116 -7 3.8852410414048928e+30
118 -7 8.2370033160616303e+30
120 -7 1.6515569570657333e+31
122 -7 3.1302962445896689e+31
124 -7 5.6018392470307583e+31
126 -7 9.4528905773978001e+31
128 -7 1.4971960366474683e+32
130 -7 2.2246568601778682e+32
132 -7 3.0913020481450793e+32
134 -7 4.0013682747861039e+32
136 -7 4.8101643793151087e+32
138 -7 5.3478997253576034e+32
140 -7 5.4687100046823595e+32
142 -7 5.1171771618634823e+32
144 -7 4.3535742307289367e+32
146 -7 3.3369593430837691e+32
148 -7 2.2838991915078226e+32
150 -7 1.3798513994627725e+32
152 -7 7.2438190943606869e+31
154 -7 3.2391527495355379e+31
156 -7 1.2027205235340608e+31
158 -7 3.5599131311527802e+30
160 -7 7.8975611760292071e+29
162 -7 1.1736162762898947e+29
164 -7 8.8485233830198956e+27
64 -6 3.8634078927361115e+10
66 -6 1.7075983150833115e+13
68 -6 1.2514226346984842e+15
70 -6 3.7783017181583408e+16
72 -6 6.6681484509817306e+17
74 -6 8.2338080325983386e+18
76 -6 7.8457874359485596e+19
78 -6 6.1489375863978983e+20
80 -6 4.1436457989872539e+21
82 -6 2.4614523392450751e+22
84 -6 1.3190470234657545e+23
86 -6 6.4507938181338446e+23
88 -6 2.9212738131253938e+24
90 -6 1.2331874851739266e+25
92 -6 4.8834673882322465e+25
94 -6 1.8224918330866853e+26
96 -6 6.4286009943212264e+26
98 -6 2.1457006131101251e+27
100 -6 6.8095195091079449e+27
102 -6 2.0530848587339259e+28
104 -6 5.8912113566111409e+28
106 -6 1.6075925841268528e+29
108 -6 4.1692981338526256e+29
110 -6 1.0305573835501788e+30
112 -6 2.4175662393874646e+30
114 -6 5.3933858583926823e+30
116 -6 1.1420788354164068e+31
118 -6 2.2902872032984055e+31
120 -6 4.3445220177044028e+31
122 -6 7.7957370582346156e+31
124 -6 1.3179838259277844e+32
126 -6 2.0962633777279208e+32
128 -6 3.1275740204676381e+32
130 -6 4.3660427235526463e+32
132 -6 5.6835222449562243e+32
134 -6 6.8747231048344012e+32
136 -6 7.6925873856921424e+32
138 -6 7.9189313022384399e+32
140 -6 7.4661154057239255e+32
142 -6 6.3991727448579406e+32
144 -6 4.9487990372590417e+32
146 -6 3.4169099861527040e+32
148 -6 2.0835514548488461e+32
150 -6 1.1044552241368224e+32
152 -6 4.9972358093777466e+31
154 -6 1.8770093297743214e+31
156 -6 5.6271582351882888e+30
158 -6 1.2668723892350553e+30
160 -6 1.9129684549169936e+29
162 -6 1.4701948975660440e+28
60 -5 2.3804769119819038e+10
62 -5 7.5172396659509482e+12
64 -5 4.7901580651164462e+14
66 -5 1.3369934878415042e+16
68 -5 2.2435813787911760e+17
70 -5 2.6838026043016929e+18
72 -5 2.5088318169115009e+19
74 -5 1.9450169825317605e+20
76 -5 1.3025609973648914e+21
78 -5 7.7538392370742915e+21
80 -5 4.1852491092463714e+22
82 -5 2.0746060937844257e+23
84 -5 9.5379505465240649e+23
86 -5 4.1097370588427653e+24
88 -5 1.6658296083273629e+25
90 -5 6.3832297534807750e+25
92 -5 2.3173834735316236e+26
94 -5 7.9938022894800181e+26
96 -5 2.6246847511426920e+27
98 -5 8.2143704763815068e+27
100 -5 2.4502459015132005e+28
102 -5 6.9774572020418330e+28
104 -5 1.8912187618274301e+29
106 -5 4.8945900015066592e+29
108 -5 1.2065679746866604e+30
110 -5 2.8308028214524401e+30
112 -5 6.3192506602778964e+30
114 -5 1.3395917971637861e+31
116 -5 2.6956921712419773e+31
118 -5 5.1365432352161528e+31
120 -5 9.2529899307560341e+31
122 -5 1.5738215395637082e+32
124 -5 2.5198222379204601e+32
126 -5 3.7850104706959224e+32
128 -5 5.3240531636856579e+32
130 -5 6.9850292547418019e+32
132 -5 8.5207056476471671e+32
134 -5 9.6195430854771865e+32
136 -5 9.9989863225329237e+32
138 -5 9.5228944678250890e+32
140 -5 8.2473361616177377e+32
142 -5 6.4475581181941293e+32
144 -5 4.5060040259086579e+32
146 -5 2.7818803491622758e+32
148 -5 1.4934771604950387e+32
150 -5 6.8473044948654810e+31
152 -5 2.6099374354507370e+31
154 -5 7.9531613485431468e+30
156 -5 1.8226726845499078e+30
158 -5 2.8056080237662525e+29
160 -5 2.2079903891451958e+28
56 -4 1.1050012865065773e+10
58 -4 2.5914972311892432e+12
60 -4 1.4420348319242944e+14
62 -4 3.7380645567761485e+15
64 -4 5.9868911821774288e+16
66 -4 6.9180236170199424e+17
68 -4 6.3344572051736648e+18
70 -4 4.8486220494072119e+19
72 -4 3.2302629486324154e+20
74 -4 1.9242895067602341e+21
76 -4 1.0451493668804740e+22
78 -4 5.2393030691664825e+22
80 -4 2.4522508803222537e+23
82 -4 1.0767421977744481e+24
84 -4 4.4684674656468074e+24
86 -4 1.7590612475557703e+25
88 -4 6.5786271892064692e+25
90 -4 2.3446009571280578e+26
92 -4 7.9754095029199511e+26
94 -4 2.5899166731074525e+27
96 -4 8.0385034880106637e+27
98 -4 2.3842621009452735e+28
100 -4 6.7624149327988717e+28
102 -4 1.8326722972814284e+29
104 -4 4.7392872087728353e+29
106 -4 1.1713052092303723e+30
108 -4 2.7565688459530175e+30
110 -4 6.1778837827644658e+30
112 -4 1.3167722474646880e+31
114 -4 2.6638340161801002e+31
116 -4 5.1151668124652872e+31
118 -4 9.2928085928353670e+31
120 -4 1.5925043271865790e+32
122 -4 2.5730296100020989e+32
124 -4 3.9040458449775131e+32
126 -4 5.5466542112810127e+32
128 -4 7.3581980255327322e+32
130 -4 9.0752293630466055e+32
132 -4 1.0365845351202800e+33
134 -4 1.0911860342898695e+33
136 -4 1.0524963316197494e+33
138 -4 9.2392567261511051e+32
140 -4 7.3218955378645193e+32
142 -4 5.1929598477182833e+32
144 -4 3.2550330958445679e+32
146 -4 1.7764060982050141e+32
148 -4 8.2861085434565957e+31
150 -4 3.2123622403862341e+31
152 -4 9.9805401635242851e+30
154 -4 2.3360289671249898e+30
156 -4 3.6799355239574018e+29
158 -4 2.9748285508684588e+28
52 -3 3.7638357264712148e+09
54 -3 6.8038096797987305e+11
56 -3 3.3498876454321086e+13
58 -3 8.0431761974982250e+14
60 -3 1.2247833177453546e+16
62 -3 1.3708579364655426e+17
64 -3 1.2257202509321764e+18
66 -3 9.2476419698042716e+18
68 -3 6.1216933585529962e+19
70 -3 3.6481188420502290e+20
72 -3 1.9939988089293927e+21
74 -3 1.0131414532722111e+22
76 -3 4.8247248753355353e+22
78 -3 2.1650309072498957e+23
80 -3 9.2110498892344890e+23
82 -3 3.7251680160516754e+24
84 -3 1.4361369961427652e+25
86 -3 5.2900551319842638e+25
88 -3 1.8657729249380099e+26
90 -3 6.2963306960935960e+26
92 -3 2.0351703808826486e+27
94 -3 6.2972370015673909e+27
96 -3 1.8682360457085170e+28
98 -3 5.3032944359911607e+28
100 -3 1.4404016284772222e+29
102 -3 3.7445429051645384e+29
104 -3 9.2961503386435925e+29
106 -3 2.2033275737800555e+30
108 -3 4.9789604249791800e+30
110 -3 1.0699659820669894e+31
112 -3 2.1870790138217578e+31
114 -3 4.2410253513989972e+31
116 -3 7.7895896312746421e+31
118 -3 1.3507703399711020e+32
120 -3 2.2074315511587331e+32
122 -3 3.3937745030753681e+32
124 -3 4.8869554231932166e+32
126 -3 6.5720237065688571e+32
128 -3 8.2239579513634483e+32
130 -3 9.5305932699198666e+32
132 -3 1.0190315863603845e+33
134 -3 9.9847677395977105e+32
136 -3 8.9108860581425713e+32
138 -3 7.1850456061360365e+32
140 -3 5.1870084274007754e+32
142 -3 3.3103239036782409e+32
144 -3 1.8424207940078355e+32
146 -3 8.7699243018385164e+31
148 -3 3.4750611489418853e+31
150 -3 1.1040876115868553e+31
152 -3 2.6492684828648947e+30
154 -3 4.2872654347210140e+29
156 -3 3.5778897804598309e+28
46 -2 2.1223677701144028e+05
48 -2 9.0397341281700420e+08
50 -2 1.3108343527318472e+11
52 -2 5.7366231872725820e+12
54 -2 1.2760610286659611e+14
56 -2 1.8533803840229618e+15
58 -2 1.9945396874901236e+16
60 -2 1.7419753301983302e+17
62 -2 1.2944743970122540e+18
64 -2 8.5220277814600305e+18
66 -2 5.0897480033107902e+19
68 -2 2.8060590688763842e+20
70 -2 1.4443968634066538e+21
72 -2 7.0134154788461294e+21
74 -2 3.2208050213704784e+22
76 -2 1.4075126339542701e+23
78 -2 5.8687919325804197e+23
80 -2 2.3403933512736766e+24
82 -2 8.9324222077418485e+24
84 -2 3.2679943733066486e+25
86 -2 1.1478858721279952e+26
88 -2 3.8688165869683513e+26
90 -2 1.2505584731717940e+27
92 -2 3.8872221437570775e+27
94 -2 1.1576407779978359e+28
96 -2 3.3084705641376306e+28
98 -2 9.0577648399049320e+28
100 -2 2.3747843811501260e+29
102 -2 5.9520169264974989e+29
104 -2 1.4257974680776779e+30
106 -2 3.2581636727811953e+30
108 -2 7.0963098136636209e+30
110 -2 1.4689026260248375e+31
112 -2 2.8873591917178107e+31
114 -2 5.3743329911824280e+31
116 -2 9.4644599344576365e+31
118 -2 1.5716738761308587e+32
120 -2 2.4538748031920380e+32
122 -2 3.5943083487759809e+32
124 -2 4.9184236400010786e+32
126 -2 6.2659460022990203e+32
128 -2 7.3939879742059668e+32
130 -2 8.0539341550226759e+32
132 -2 8.0506859978851242e+32
134 -2 7.3287926472450290e+32
136 -2 6.0323054635440109e+32
138 -2 4.4457324666017249e+32
140 -2 2.9015936653358784e+32
142 -2 1.6524700330445595e+32
144 -2 8.0535799348180369e+31
146 -2 3.2728057450571828e+31
148 -2 1.0681257794949258e+31
150 -2 2.6361136083082816e+30
152 -2 4.4057095265988201e+29
154 -2 3.8093671377136327e+28
42 -1 7.5988601321905837e+04
44 -1 1.4690099090345052e+08
46 -1 1.7281362685080799e+10
48 -1 6.7425668158177625e+11
50 -1 1.4033974506814674e+13
52 -1 1.9281360928875312e+14
54 -1 2.0032070434844645e+15
56 -1 1.6987076113822988e+16
58 -1 1.2455861938351990e+17
60 -1 8.1653954928549504e+17
62 -1 4.9005370536480184e+18
64 -1 2.7438582332384297e+19
66 -1 1.4420646192949425e+20
68 -1 7.1735102616809321e+20
70 -1 3.3913169189456923e+21
72 -1 1.5297649918530386e+22
74 -1 6.6047157560798245e+22
76 -1 2.7323364290008022e+23
78 -1 1.0856843571260590e+24
80 -1 4.1438357826811472e+24
82 -1 1.5185658676869906e+25
84 -1 5.3503557687280126e+25
86 -1 1.8123673119993113e+26
88 -1 5.9104477432232882e+26
90 -1 1.8519398147174152e+27
92 -1 5.5775771443621310e+27
94 -1 1.6106304764036634e+28
96 -1 4.4661417592848160e+28
98 -1 1.1867506671087538e+29
100 -1 3.0164911465713906e+29
102 -1 7.3368206656912357e+29
104 -1 1.7038320415813784e+30
106 -1 3.7703701387238167e+30
108 -1 7.9443631451682186e+30
110 -1 1.5889276597548203e+31
112 -1 3.0140368426081143e+31
114 -1 5.4105664647356863e+31
116 -1 9.1560144300035609e+31
118 -1 1.4584042018920731e+32
120 -1 2.1793385872456756e+32
122 -1 3.0457986085434296e+32
124 -1 3.9636068883163875e+32
126 -1 4.7860113051785063e+32
128 -1 5.3311811404698994e+32
130 -1 5.4500186285051912e+32
132 -1 5.0802194065667076e+32
134 -1 4.2845553962523038e+32
136 -1 3.2380328242968442e+32
138 -1 2.1688399339766493e+32
140 -1 1.2682749608044405e+32
142 -1 6.3562349931699049e+31
144 -1 2.6611381326522954e+31
146 -1 8.9550860522427311e+30
148 -1 2.2849534436288673e+30
150 -1 3.9569369034941734e+29
152 -1 3.5637221839786135e+28
38 0 1.4658260148678703e+04
40 0 1.4260441555913020e+07
42 0 1.3940424957453804e+09
44 0 4.9149678784576508e+10
46 0 9.4274405805473853e+11
48 0 1.2290977503348984e+13
50 0 1.2258213429615495e+14
52 0 1.0138940881177855e+15
54 0 7.3653465589385840e+15
56 0 4.8622348559719720e+16
58 0 2.9689098154823085e+17
60 0 1.7101758516282092e+18
62 0 9.2925752831708652e+18
64 0 4.7993259159868522e+19
66 0 2.3683811365464854e+20
68 0 1.1142130294939658e+21
70 0 5.0190717953598858e+21
72 0 2.1734713513427790e+22
74 0 9.0368641151200431e+22
76 0 3.6134409167299962e+23
78 0 1.3909459542493428e+24
80 0 5.1626482173810639e+24
82 0 1.8420702004246069e+25
84 0 6.3299264416027763e+25
86 0 2.0932749677363069e+26
88 0 6.6608369572925181e+26
90 0 2.0383679202620914e+27
92 0 5.9907354562265431e+27
94 0 1.6913652743064015e+28
96 0 4.5799719069485261e+28
98 0 1.1884189250198242e+29
100 0 2.9490559872600661e+29
102 0 6.9852390811493111e+29
104 0 1.5794908755719256e+30
106 0 3.4010168590167955e+30
108 0 6.9549937357507967e+30
110 0 1.3497831763836630e+31
112 0 2.4793950531958725e+31
114 0 4.2974010899411789e+31
116 0 7.0130553251690595e+31
118 0 1.0745877499126401e+32
120 0 1.5393804631498734e+32
122 0 2.0551231263861211e+32
124 0 2.5464935540688316e+32
126 0 2.9130016588800385e+32
128 0 3.0588946308379308e+32
130 0 2.9328373569306413e+32
132 0 2.5444316286637355e+32
134 0 1.9812789937489991e+32
136 0 1.3676477290061553e+32
138 0 8.2482382315452863e+31
140 0 4.2687998866764268e+31
142 0 1.8479283503942168e+31
144 0 6.4438212653234295e+30
146 0 1.7066713562921957e+30
148 0 3.0807627180378583e+29
150 0 2.9033804749996256e+28
34 1 1.0338597356571038e+03
36 1 6.2515935201575211e+05
38 1 5.1646281098865889e+07
40 1 1.6287663883916321e+09
42 1 2.9185968248895721e+10
44 1 3.5769638297424756e+11
46 1 3.4455968555893726e+12
48 1 2.8227328913694215e+13
50 1 2.0858312463894675e+14
52 1 1.4450184941390018e+15
54 1 9.4066331493042540e+15
56 1 5.8074583940500424e+16
58 1 3.3913017075617318e+17
60 1 1.8776215948120092e+18
62 1 9.8842380244659835e+18
64 1 4.9516679178266165e+19
66 1 2.3712398686000752e+20
68 1 1.0906645177073761e+21
70 1 4.8145210517198083e+21
72 1 2.0431617523639489e+22
74 1 8.3400323213327744e+22
76 1 3.2799189303902664e+23
78 1 1.2426273628058100e+24
80 1 4.5366417866779459e+24
82 1 1.5959596271926158e+25
84 1 5.3972012627370153e+25
86 1 1.7586544421338925e+26
88 1 5.5165279515846594e+26
90 1 1.6618325281327898e+27
92 1 4.8092129452920227e+27
94 1 1.3356445306153882e+28
96 1 3.5505911108762586e+28
98 1 9.0422361201094377e+28
100 1 2.2018322503132945e+29
102 1 5.1083645731085445e+29
104 1 1.1304401827730587e+30
106 1 2.3773952793217666e+30
108 1 4.7430660577172758e+30
110 1 8.9556961247520654e+30
112 1 1.5980710096851722e+31
114 1 2.6842583629614196e+31
116 1 4.2317261249494153e+31
118 1 6.2516518248666702e+31
120 1 8.6046132004517371e+31
122 1 1.0989546708777132e+32
124 1 1.2970705650925575e+32
126 1 1.4065237414401412e+32
128 1 1.3919813013779049e+32
130 1 1.2488088782594098e+32
132 1 1.0053394691964719e+32
134 1 7.1855438456438013e+31
136 1 4.4922624331971580e+31
138 1 2.4112362205533732e+31
140 1 1.0851199615077165e+31
142 1 3.9396611920327928e+30
144 1 1.0888849188394157e+30
146 1 2.0568925945770325e+29
148 1 2.0412560624314744e+28
38 2 7.1272416531139999e+04
40 2 2.6696575797598604e+07
42 2 1.8057903799183562e+09
44 2 5.1482728800718422e+10
46 2 8.6956755634671899e+11
48 2 1.0349960514786984e+13
50 2 9.6931041121188953e+13
52 2 7.6631939960757475e+14
54 2 5.3652293729240360e+15
56 2 3.4244575496641328e+16
58 2 2.0401819087121792e+17
60 2 1.1443006486141452e+18
62 2 6.0865005478695956e+18
64 2 3.0717615106750599e+19
66 2 1.4830027774144358e+20
68 2 6.8359912984206783e+20
70 2 3.0234411330400378e+21
72 2 1.2796676397581419e+22
74 2 5.2225618317581515e+22
76 2 2.0486773396133502e+23
78 2 7.7357361908217977e+23
80 2 2.8102929294297349e+24
82 2 9.8328481486593186e+24
84 2 3.3123549079683099e+25
86 2 1.0721248812717011e+26
88 2 3.3374541702878417e+26
90 2 9.9845091536561090e+26
92 2 2.8612608516829876e+27
94 2 7.8737765657585934e+27
96 2 2.0713980478127381e+28
98 2 5.2073314280627560e+28
100 2 1.2491894082960955e+29
102 2 2.8554179337914933e+29
104 2 6.2109827161036526e+29
106 2 1.2817903695630168e+30
108 2 2.5042410092242589e+30
110 2 4.6214313738229681e+30
112 2 8.0340703189672014e+30
114 2 1.3114414263558020e+31
116 2 2.0062514519478753e+31
118 2 2.8594021496311835e+31
120 2 3.7878153898560281e+31
122 2 4.6363192417173225e+31
124 2 5.2125502427598566e+31
126 2 5.3579009570944821e+31
128 2 4.9920866476866376e+31
130 2 4.1775439917680702e+31
132 2 3.1062415508774981e+31
134 2 2.0223969756912808e+31
136 2 1.1326561881196301e+31
138 2 5.3252865989363321e+30
140 2 2.0212393468658982e+30
142 2 5.8608653281871564e+29
144 2 1.1657371304613386e+29
146 2 1.2252018178748695e+28
42 3 2.0354263417518626e+06
44 3 5.1217709005313104e+08
46 3 2.8540417880857773e+10
48 3 7.3457754093735925e+11
50 3 1.1673616386801633e+13
52 3 1.3335304490766375e+14
54 3 1.2101396588370310e+15
56 3 9.2732616195649520e+15
58 3 6.2610457945320376e+16
60 3 3.8364504393328179e+17
62 3 2.1697808973316324e+18
64 3 1.1531665288232937e+19
66 3 5.7614823666411414e+19
68 3 2.7336840391678974e+20
70 3 1.2358615615046151e+21
72 3 5.3397976471969747e+21
74 3 2.2094691592822940e+22
76 3 8.7721452768460641e+22
78 3 3.3394836916069415e+23
80 3 1.2235988288607385e+24
82 3 4.3017365122599955e+24
84 3 1.4541618925623201e+25
86 3 4.7233252451860285e+25
88 3 1.4716001121661309e+26
90 3 4.3965903141621519e+26
92 3 1.2592678265679039e+27
94 3 3.4471119752041192e+27
96 3 9.0274973445076173e+27
98 3 2.2555528851840243e+28
100 3 5.3662471659302495e+28
102 3 1.2149886411103929e+29
104 3 2.6078354440100584e+29
106 3 5.3061849655433488e+29
108 3 1.0194221234449035e+30
110 3 1.8432882138991588e+30
112 3 3.1369862573478970e+30
114 3 4.9947836709907961e+30
116 3 7.4207819850341638e+30
118 3 1.0245710320878366e+31
120 3 1.3078452792610784e+31
122 3 1.5348526182317920e+31
124 3 1.6471375690041021e+31
126 3 1.6018704899036875e+31
128 3 1.4018348426006064e+31
130 3 1.0900258654451587e+31
132 3 7.4328727763497440e+30
134 3 4.3663123189683570e+30
136 3 2.1543624394326218e+30
138 3 8.6031976560693761e+29
140 3 2.6322583146520423e+29
142 3 5.5430231716700767e+28
144 3 6.2199618186072212e+27
46 4 3.3176214101805046e+07
48 4 5.7521692357879763e+09
50 4 2.6811549418101935e+11
52 4 6.2432888379430625e+12
54 4 9.2598672365890891e+13
56 4 1.0097875737813078e+15
58 4 8.8643534112502160e+15
60 4 6.5567649239920368e+16
62 4 4.2713647737992544e+17
64 4 2.5207876913156465e+18
66 4 1.3661211247913609e+19
68 4 6.9194414168619033e+19
70 4 3.2825391904220558e+20
72 4 1.4796123017400431e+21
74 4 6.3202499157860570e+21
76 4 2.5764522086580827e+22
78 4 1.0047510123093419e+23
80 4 3.7406113009652500e+23
82 4 1.3363041818271797e+24
84 4 4.5721984723326115e+24
86 4 1.5005273361593761e+25
88 4 4.7092724674448000e+25
90 4 1.4165160862038907e+26
92 4 4.0728396149168930e+26
94 4 1.1193414653779717e+27
96 4 2.9313651852170770e+27
98 4 7.3193680908190082e+27
100 4 1.7357396502861446e+28
102 4 3.9105277509645993e+28
104 4 8.3342449264226752e+28
106 4 1.6784449425664650e+29
108 4 3.1851360508134074e+29
110 4 5.6762907396002091e+29
112 4 9.4695643920195882e+29
114 4 1.4759175587869737e+30
116 4 2.1370623064465621e+30
118 4 2.8625026948977705e+30
120 4 3.5283103462115002e+30
122 4 3.9724762881429436e+30
124 4 4.0607427097900226e+30
126 4 3.7347895956294358e+30
128 4 3.0569494122339501e+30
130 4 2.1948595368563810e+30
132 4 1.3595093772175280e+30
134 4 7.0872192054918475e+29
136 4 2.9961033313499909e+29
138 4 9.7291696789421277e+28
140 4 2.1836096229567179e+28
142 4 2.6305628497521754e+27
50 5 3.3872794126874638e+08
52 5 4.1907036072863976e+10
54 5 1.6556438229537751e+12
56 5 3.4942390149941859e+13
58 5 4.8345644095915306e+14
60 5 5.0211576132664060e+15
62 5 4.2184901833801864e+16
64 5 3.0034543270613478e+17
66 5 1.8845061683805128e+18
68 5 1.0670522192128336e+19
70 5 5.5380839656359240e+19
72 5 2.6733348380160151e+20
74 5 1.2098388673594728e+21
76 5 5.1614596115037107e+21
78 5 2.0885111769489495e+22
80 5 8.0308312038748990e+22
82 5 2.9450768534610873e+23
84 5 1.0283491773956251e+24
86 5 3.4349485354587969e+24
88 5 1.0969436376618548e+25
90 5 3.3383944072995271e+25
92 5 9.7001722445069946e+25
94 5 2.6892317462205959e+26
96 5 7.0897173939597117e+26
98 5 1.7753373197671840e+27
100 5 4.2223420227078642e+27
102 5 9.5023961047505176e+27
104 5 2.0191066127567733e+28
106 5 4.0471194169387952e+28
108 5 7.6133443548731440e+28
110 5 1.3415398489870492e+29
112 5 2.2070319876147085e+29
114 5 3.3726559232535178e+29
116 5 4.7705296803752268e+29
118 5 6.2084452723060093e+29
120 5 7.3932394315222635e+29
122 5 7.9902277444058441e+29
124 5 7.7738156227360798e+29
126 5 6.7379684298156999e+29
128 5 5.1244059247086801e+29
130 5 3.3703044853823626e+29
132 5 1.8676872177355706e+29
134 5 8.4148784424016953e+28
136 5 2.9179500516978264e+28
138 5 7.0301422648050706e+27
140 5 9.1631597406969060e+26
52 6 8.4221841018873965e+05
54 6 2.2751069907263665e+09
56 6 2.1039012066127579e+11
58 6 7.1029420163329727e+12
60 6 1.3477130182913558e+14
62 6 1.7512764360343482e+15
64 6 1.7159345378839142e+16
66 6 1.3751421031874838e+17
68 6 9.3652521434539379e+17
70 6 5.6347879300097751e+18
72 6 3.0502353903590740e+19
74 6 1.5104543837336817e+20
76 6 6.9309207441653826e+20
78 6 2.9787554151509582e+21
80 6 1.2029986888789407e+22
82 6 4.5906059060785443e+22
84 6 1.6596466036105234e+23
86 6 5.6984738647843867e+23
88 6 1.8576156655541560e+24
90 6 5.7687785707755568e+24
92 6 1.7031803358195914e+25
94 6 4.7851014808300747e+25
96 6 1.2766007310289283e+26
98 6 3.2298647493837062e+26
100 6 7.7188584087640043e+26
102 6 1.7440088007906421e+27
104 6 3.7126411283274649e+27
106 6 7.4263519605996669e+27
108 6 1.3892973867302216e+28
110 6 2.4289057373276916e+28
112 6 3.9491519055714232e+28
114 6 5.9377682320405762e+28
116 6 8.2233016412063264e+28
118 6 1.0412424387147966e+29
120 6 1.1982531874501620e+29
122 6 1.2415721042831990e+29
124 6 1.1459362167034725e+29
126 6 9.3164236155075471e+28
128 6 6.5469842590794466e+28
130 6 3.8760174148998811e+28
132 6 1.8727908726791696e+28
134 6 6.9836779318357811e+27
136 6 1.8154310552093806e+27
138 6 2.5890916329143611e+26
56 7 1.3330458215487922e+07
58 7 1.0488145480758732e+10
60 7 7.5171892350009705e+11
62 7 2.1758433980115641e+13
64 7 3.7325068875097100e+14
66 7 4.5023014752876980e+15
68 7 4.1626531335461552e+16
70 7 3.1585509672445555e+17
72 7 2.0507218220817316e+18
74 7 1.1731606987069778e+19
76 7 6.0415898819929588e+19
78 7 2.8383640946424824e+20
80 7 1.2317198227254052e+21
82 7 4.9926889705702613e+21
84 7 1.8957027888664599e+22
86 7 6.7795771105128087e+22
88 7 2.2888348485074008e+23
90 7 7.3122507423129373e+23
92 7 2.2095978539065920e+24
94 7 6.3224184665007081e+24
96 7 1.7133194566031096e+25
98 7 4.3908647913809999e+25
100 7 1.0617167923105932e+26
102 7 2.4162783784630390e+26
104 7 5.1681779619883870e+26
106 7 1.0356217460867878e+27
108 7 1.9351113344174075e+27
110 7 3.3642617445243577e+27
112 7 5.4146582050393274e+27
114 7 8.0310161423677331e+27
116 7 1.0895815684603922e+28
118 7 1.3435596434648338e+28
120 7 1.4930118739222039e+28
122 7 1.4803937658439057e+28
124 7 1.2910234330462798e+28
126 7 9.7520957441451688e+27
128 7 6.2243137391084812e+27
130 7 3.2464139548993326e+27
132 7 1.3120927397410130e+27
134 7 3.7066282172053880e+26
136 7 5.8355246391881213e+25
60 8 8.7243894214180812e+07
62 8 3.3837101537615982e+10
64 8 1.9331398193783962e+12
66 8 4.8466367245571477e+13
68 8 7.5246373597818662e+14
70 8 8.3762226237156440e+15
72 8 7.2462898431104864e+16
74 8 5.1838496426288774e+17
76 8 3.1824573034491566e+18
78 8 1.7200438603265044e+19
80 8 8.3678814453062648e+19
82 8 3.7033295805775328e+20
84 8 1.5109254633944958e+21
86 8 5.7249410860606816e+21
88 8 2.0317487328213667e+22
90 8 6.7547943738129116e+22
92 8 2.1086559285123445e+23
94 8 6.2053706456840406e+23
96 8 1.7180688730943606e+24
98 8 4.4825845947077462e+24
100 8 1.0999090038581898e+25
102 8 2.5317712811548841e+25
104 8 5.4575066808280048e+25
106 8 1.0980671836997793e+26
108 8 2.0536562821845104e+26
110 8 3.5602451132081284e+26
112 8 5.6877249731436504e+26
114 8 8.3197062136876008e+26
116 8 1.1064441385058598e+27
118 8 1.3277200796815793e+27
120 8 1.4220505310116180e+27
122 8 1.3429762429072531e+27
124 8 1.0973903166127519e+27
126 8 7.6015344599176030e+26
128 8 4.3130339123005078e+26
130 8 1.9044984224635081e+26
132 8 5.8898946906543180e+25
134 8 1.0317064445754998e+25
64 9 3.6309393556411600e+08
66 9 7.7280983613518326e+10
68 9 3.6117344491336890e+12
70 9 7.9178926601145375e+13
72 9 1.1110212555362252e+15
74 9 1.1341457984484628e+16
76 9 9.1497125887209232e+16
78 9 6.1241962331834573e+17
80 9 3.5228307250585380e+18
82 9 1.7882778332508918e+19
84 9 8.1307081224283030e+19
86 9 3.3665907642148336e+20
88 9 1.2790895758930789e+21
90 9 4.5006691927717278e+21
92 9 1.4736837023158933e+22
94 9 4.4948673370686914e+22
96 9 1.2833869126174486e+23
98 9 3.4337135219014580e+23
100 9 8.5787787356939482e+23
102 9 2.0052112167582097e+24
104 9 4.3668250876503440e+24
106 9 8.8479241743530322e+24
108 9 1.6597736623075697e+25
110 9 2.8717030960430044e+25
112 9 4.5560133140219927e+25
114 9 6.5748814111248524e+25
116 9 8.5791556817409874e+25
118 9 9.9817180418543109e+25
120 9 1.0273657201035413e+26
122 9 9.1581515628215416e+25
124 9 6.9264257878444726e+25
126 9 4.3010910069835044e+25
128 9 2.0896657628247255e+25
130 9 7.1496135908518378e+24
132 9 1.4114226870892930e+24
68 10 9.8370039257870388e+08
70 10 1.2669466154733388e+11
72 10 4.8778603946930742e+12
74 10 9.4471404816936234e+13
76 10 1.1909288276775780e+15
78 10 1.1171158064204640e+16
80 10 8.3295317956044048e+16
82 10 5.1813335382875002e+17
84 10 2.7700626336671990e+18
86 10 1.3045429211893471e+19
88 10 5.5102897914475381e+19
90 10 2.1044311707909217e+20
92 10 7.3665898616718819e+20
94 10 2.3764864983198870e+21
96 10 7.0905543633844809e+21
98 10 1.9600424004501830e+22
100 10 5.0329029366965550e+22
102 10 1.2009202668174962e+23
104 10 2.6553945825942008e+23
106 10 5.4293797892238560e+23
108 10 1.0233956203283614e+24
110 10 1.7682699022038696e+24
112 10 2.7848690700362063e+24
114 10 3.9599405129821520e+24
116 10 5.0377429639385574e+24
118 10 5.6734477439771773e+24
120 10 5.5490561302693455e+24
122 10 4.6289746529272424e+24
124 10 3.1712864241190119e+24
126 10 1.7063360705112043e+24
128 10 6.4921892969160028e+23
130 10 1.4649541885042614e+23
72 11 1.8820919190747571e+09
74 11 1.5178376636825064e+11
76 11 4.8353549768377832e+12
78 11 8.1899980129008625e+13
80 11 9.3393231940090412e+14
82 11 7.9669805835133620e+15
84 11 5.4593973420360600e+16
86 11 3.1150750124345498e+17
88 11 1.5356770399338204e+18
90 11 6.6313514235546952e+18
92 11 2.5661634599857947e+19
94 11 8.9531227411803111e+19
96 11 2.8410541554849337e+20
98 11 8.2563973640120395e+20
100 11 2.2049930350583061e+21
102 11 5.4055885638617499e+21
104 11 1.2215770267747036e+22
106 11 2.5301107258305194e+22
108 11 4.7994083262295255e+22
110 11 8.2867237230834935e+22
112 11 1.2935687544430893e+23
114 11 1.8087472287769120e+23
116 11 2.2430684052784757e+23
118 11 2.4177246427506145e+23
120 11 2.2324573405016537e+23
122 11 1.6937984443208748e+23
124 11 1.0203624226846635e+23
126 11 4.3441095926760757e+22
128 11 1.1281583623279147e+22
76 12 2.4602154908130116e+09
78 12 1.3720464897378876e+11
80 12 3.4849971424007974e+12
82 12 5.1961838424781469e+13
84 12 5.2651299254007575e+14
86 12 4.0690283792241700e+15
88 12 2.5226193717467232e+16
90 12 1.3128972376652269e+17
92 12 5.8578732089831821e+17
94 12 2.2995213332024794e+18
96 12 7.9965975141596211e+18
98 12 2.5032754314547130e+19
100 12 7.0661208941244260e+19
102 12 1.8106991800097653e+20
104 12 4.2136103916992614e+20
106 12 8.9147073902761791e+20
108 12 1.7063675615348696e+21
110 12 2.9520911747194909e+21
112 12 4.5588405098548109e+21
114 12 6.2478968392528995e+21
116 12 7.4696871779665340e+21
118 12 7.6592755992044797e+21
120 12 6.4844014716428044e+21
122 12 4.3895136992195437e+21
124 12 2.0988836847532292e+21
126 12 6.4144173272198572e+20
80 13 2.3164457350508661e+09
82 13 9.0438685089544037e+10
84 13 1.8779330763554529e+12
86 13 2.3629313361717387e+13
88 13 2.1282320653177788e+14
90 13 1.4617861015501755e+15
92 13 8.1518264774258380e+15
94 13 3.7730867595043056e+16
96 13 1.5101602501307869e+17
98 13 5.2379629653243238e+17
100 13 1.6101070938055798e+18
102 13 4.3923694724690099e+18
104 13 1.0706768580131066e+19
106 13 2.3302342367073186e+19
108 13 4.5609302276567630e+19
110 13 7.9122083477726134e+19
112 13 1.2153467402017686e+20
114 13 1.6192578296279859e+20
116 13 1.8621714410418258e+20
118 13 1.7609874508417208e+20
120 13 1.3534286618880968e+20
122 13 7.2796779945116647e+19
124 13 2.6458726845612728e+19
82 14 2.2688334935689229e+06
84 14 1.3771793540409620e+09
86 14 4.3856344213306374e+10
88 14 7.1540778877233850e+11
90 14 7.7963065414898027e+12
92 14 5.9899342330166102e+13
94 14 3.6459891510348556e+14
96 14 1.7596416463092325e+15
98 14 7.1960136565238650e+15
100 14 2.4849675395155176e+16
102 14 7.5159771886979456e+16
104 14 1.9544117930036099e+17
106 14 4.5090938578232973e+17
108 14 9.0079739658409626e+17
110 14 1.5925418692016937e+18
112 14 2.4040919831693025e+18
114 14 3.1499961413403121e+18
116 14 3.3456857825962086e+18
118 14 2.9582681520551782e+18
120 14 1.7936667036639685e+18
122 14 7.8878107388235686e+17
86 15 1.1199781762418253e+06
88 15 5.7505158003055203e+08
90 15 1.3997540933594723e+10
92 15 1.9517915306803867e+11
94 15 1.7282672052767356e+12
96 15 1.1619692315828848e+13
98 15 5.8820736578163992e+13
100 15 2.4866072800741703e+14
102 15 8.4376452614176450e+14
104 15 2.4870870284160320e+15
106 15 6.0681318407758300e+15
108 15 1.3016380944968222e+16
110 15 2.2967294708590712e+16
112 15 3.5568951347081164e+16
114 15 4.3225594468075104e+16
116 15 4.4980024625537728e+16
118 15 3.0726525378330536e+16
120 15 1.6783765952921422e+16
90 16 5.8747808856109157e+05
92 16 1.4301147648089331e+08
94 16 3.1264115943327451e+09
96 16 3.3811372938046413e+10
98 16 2.6122279155267383e+11
100 16 1.3840390828016072e+12
102 16 6.0591071312984043e+12
104 16 2.0027553536817285e+13
106 16 5.7489668177629812e+13
108 16 1.2627487794795402e+14
110 16 2.4613245990098688e+14
112 16 3.5409240551135488e+14
114 16 4.5315987886702394e+14
116 16 3.5408507257182812e+14
118 16 2.5021383670794334e+14
94 17 1.0744288564188711e+05
96 17 2.5484123635619380e+07
98 17 4.1392026061555433e+08
100 17 4.0370934952161384e+09
102 17 2.2523383042881516e+10
104 17 1.0484781234225894e+11
106 17 3.2174384491742688e+11
108 17 8.9095211184449512e+11
110 17 1.6080988246388740e+12
112 17 2.7775718724058516e+12
114 17 2.5415581933468550e+12
116 17 2.4421540182816719e+12
98 18 2.0133992609621313e+04
100 18 2.4856141605873448e+06
102 18 4.0800582284465142e+07
104 18 2.3823878400419721e+08
106 18 1.2115071410152860e+09
108 18 3.1824524389549060e+09
110 18 8.4921418333804646e+09
112 18 9.8343796651967049e+09
114 18 1.4066650287213076e+10
102 19 1.3907314359592606e+03
104 19 2.5947171560441758e+05
106 19 1.4904169534014515e+06
108 19 8.8856146819568127e+06
110 19 1.5672580122219952e+07
112 19 3.8608494715756863e+07
106 20 1.3059748675388353e+03
108 20 5.3792638179727628e+03
110 20 3.4695979789375619e+04
108 21 8.9434261665121770e+00
