140 -23 1.0336093874274034e+01
134 -22 7.7391779392051589e+01
136 -22 9.4155033132694632e+02
138 -22 1.2165022551095649e+02
140 -22 6.0486826027774878e+03
128 -21 2.1719635096759905e+02
130 -21 6.5522819863889126e+03
132 -21 2.9754048550497242e+04
134 -21 6.8542022892643494e+04
136 -21 2.1790826340789074e+05
138 -21 6.8477168573531017e+04
140 -21 2.9374613741306041e+05
122 -20 2.9543645943310457e+02
124 -20 1.7895371652278220e+04
126 -20 1.9173586603259263e+05
128 -20 7.8048467550949205e+05
130 -20 2.2528857002730020e+06
132 -20 4.3809150266690487e+06
134 -20 5.6187892526794020e+06
136 -20 8.0921849613479087e+06
138 -20 3.4935555023415587e+06
140 -20 5.1908289314673236e+06
116 -19 1.9533200692296055e+02
118 -19 2.4867055567224888e+04
120 -19 5.7232160073142056e+05
122 -19 3.7514884771962836e+06
124 -19 1.4699782872640664e+07
126 -19 3.9003302164243802e+07
128 -19 7.9292624915538132e+07
130 -19 1.2367077901283962e+08
132 -19 1.5940448890082040e+08
134 -19 1.5636938182309800e+08
136 -19 1.4592918301616490e+08
138 -19 6.6916986849521086e+07
140 -19 5.7913221401361674e+07
110 -18 4.9686912901222058e+01
112 -18 1.7817668171752237e+04
114 -18 9.0065609986643912e+05
116 -18 9.8022243277672380e+06
118 -18 5.3759326892180070e+07
120 -18 1.9401684102533796e+08
122 -18 5.1599663074773043e+08
124 -18 1.0826788996008236e+09
126 -18 1.8156615963052318e+09
128 -18 2.5780402465510654e+09
130 -18 3.0182848459852991e+09
132 -18 3.0404704569971023e+09
134 -18 2.4873065834398942e+09
136 -18 1.8355372367571683e+09
138 -18 8.1176243336438656e+08
140 -18 5.0284580401785290e+08
106 -17 6.2243916263286446e+03
108 -17 7.1533138495360804e+05
110 -17 1.4470355197512036e+07
112 -17 1.1833733712949830e+08
114 -17 5.8280967250033712e+08
116 -17 2.0306558212576878e+09
118 -17 5.4512304611213684e+09
120 -17 1.1765605179499676e+10
122 -17 2.1139366600858871e+10
124 -17 3.2383354602683804e+10
126 -17 4.2504944867022621e+10
128 -17 4.8564140685259491e+10
130 -17 4.7784299207469849e+10
132 -17 4.0821715970491829e+10
134 -17 2.9161454342748074e+10
136 -17 1.8231727455622471e+10
138 -17 7.5889693381831636e+09
140 -17 3.6096832858744764e+09
100 -16 7.5142443956851116e+02
102 -16 2.6883698019540543e+05
104 -16 1.1686480242073603e+07
106 -16 1.5711602968761343e+08
108 -16 1.1035863983829582e+09
110 -16 5.1190165519695492e+09
112 -16 1.7614122494432392e+10
114 -16 4.7863539124424194e+10
116 -16 1.0728725219991064e+11
118 -16 2.0372140639059375e+11
120 -16 3.3379530598972528e+11
122 -16 4.7901570462489117e+11
124 -16 6.0663420986982019e+11
126 -16 6.7605588787325903e+11
128 -16 6.6739361424021082e+11
130 -16 5.7551167490896289e+11
132 -16 4.3354181450254706e+11
134 -16 2.7718167985394263e+11
136 -16 1.5138083726113959e+11
138 -16 5.8540564245907669e+10
140 -16 2.2452472781962742e+10
96 -15 3.9220622143856526e+04
98 -15 4.6039816368157798e+06
100 -15 1.2122436576098610e+08
102 -15 1.3164205444331615e+09
104 -15 8.4392935564733191e+09
106 -15 3.7832776686597450e+10
108 -15 1.2977111373667081e+11
110 -15 3.6015665329301062e+11
112 -15 8.3885829439134302e+11
114 -15 1.6804743335824863e+12
116 -15 2.9321415312201475e+12
118 -15 4.5392650785890215e+12
120 -15 6.2583367874260547e+12
122 -15 7.7040834384402666e+12
124 -15 8.4745962564261689e+12
126 -15 8.3421758925650850e+12
128 -15 7.3400315423531299e+12
130 -15 5.6796071720710654e+12
132 -15 3.8515043802510112e+12
134 -15 2.2284654079841338e+12
136 -15 1.0932343598232904e+12
138 -15 3.8982524223615271e+11
140 -15 1.2425910239750320e+11
90 -14 1.1815693255513106e+03
92 -14 7.5943941192237136e+05
94 -14 4.9417906800500989e+07
96 -14 9.5883928802226806e+08
98 -14 9.1085337721403027e+09
100 -14 5.5099394143547600e+10
102 -14 2.4197876590914893e+11
104 -14 8.3619308815773413e+11
106 -14 2.3831200516405391e+12
108 -14 5.7479098102716768e+12
110 -14 1.2082528299989840e+13
112 -14 2.2388904788374219e+13
114 -14 3.6992149136120766e+13
116 -14 5.4940563316679859e+13
118 -14 7.3578941808145875e+13
120 -14 8.9010224382582203e+13
122 -14 9.7564957155061812e+13
124 -14 9.6373426280073688e+13
126 -14 8.5700513307372172e+13
128 -14 6.8345477604166344e+13
130 -14 4.8163125476718898e+13
132 -14 2.9785635274513336e+13
134 -14 1.5748172970002131e+13
136 -14 6.9806480837430156e+12
138 -14 2.3000250514618223e+12
140 -14 6.2228021227310046e+11
86 -13 3.3148924841158827e+04
88 -13 8.9642337306865435e+06
90 -13 3.8798491702466857e+08
92 -13 6.1988295482476740e+09
94 -13 5.3668811605517761e+10
96 -13 3.1285771314130389e+11
98 -13 1.3664001952641177e+12
100 -13 4.7749284850101719e+12
102 -13 1.3932389014789691e+13
104 -13 3.4938684015459688e+13
106 -13 7.6807179615352547e+13
108 -13 1.5031421819357338e+14
110 -13 2.6432102661443869e+14
112 -13 4.2003524870047512e+14
114 -13 6.0528702386075175e+14
116 -13 7.9638050098161550e+14
118 -13 9.5272202871456788e+14
120 -13 1.0393064645381709e+15
122 -13 1.0328463140856754e+15
124 -13 9.3309510730481888e+14
126 -13 7.5912611038135288e+14
128 -13 5.5553104760749638e+14
130 -13 3.6028071260088138e+14
132 -13 2.0510922802521341e+14
134 -13 9.9642028697179562e+13
136 -13 4.0256694052828344e+13
138 -13 1.2193544081070266e+13
140 -13 2.8463163751129331e+12
80 -12 1.0097927920181139e+02
82 -12 4.9980885405774124e+05
84 -12 7.5376700537856042e+07
86 -12 2.4623813297399168e+09
88 -12 3.4264845137311562e+10
90 -12 2.7748952767630078e+11
92 -12 1.5691948247621475e+12
94 -12 6.8291026268478809e+12
96 -12 2.4214740292186508e+13
98 -12 7.2482829648565688e+13
100 -12 1.8878415520836331e+14
102 -12 4.3499664923862512e+14
104 -12 8.9505752282818850e+14
106 -12 1.6638744476470715e+15
108 -12 2.8142514754016340e+15
110 -12 4.3435306306053195e+15
112 -12 6.1408573797070680e+15
114 -12 7.9669617191189160e+15
116 -12 9.4819977313462500e+15
118 -12 1.0364538198417938e+16
120 -12 1.0390113444188264e+16
122 -12 9.4889384397111580e+15
124 -12 7.9016411635972340e+15
126 -12 5.9550349220204450e+15
128 -12 4.0283649806084715e+15
130 -12 2.4205323650581730e+15
132 -12 1.2731409357786122e+15
134 -12 5.7202516115688725e+14
136 -12 2.1251607653616922e+14
138 -12 5.9285493323857789e+13
140 -12 1.2030902658049207e+13
76 -11 2.9095344416832686e+03
78 -11 5.0895337625968903e+06
80 -11 5.0059141692372733e+08
82 -11 1.3233429809275528e+10
84 -11 1.6280013612542081e+11
86 -11 1.2475060796033606e+12
88 -11 6.8896902669506592e+12
90 -11 3.0145866447509398e+13
92 -11 1.0848682436894862e+14
94 -11 3.3509174033339750e+14
96 -11 9.0387181892315038e+14
98 -11 2.1721085219074980e+15
100 -11 4.6955951716829680e+15
102 -11 9.2360736563692860e+15
104 -11 1.6569065940874592e+16
106 -11 2.7254439476582300e+16
108 -11 4.1342796875867784e+16
110 -11 5.7692387357904832e+16
112 -11 7.4401369389916704e+16
114 -11 8.8360919159659888e+16
116 -11 9.6943782061506672e+16
118 -11 9.7959473025867760e+16
120 -11 9.0917869681250496e+16
122 -11 7.7301294643362080e+16
124 -11 5.9817022101867120e+16
126 -11 4.1950542417259424e+16
128 -11 2.6471706965372064e+16
130 -11 1.4798200525633916e+16
132 -11 7.2352178487622900e+15
134 -11 3.0103115366872310e+15
136 -11 1.0318255920551410e+15
138 -11 2.6529568735602862e+14
140 -11 4.7291542866592797e+13
72 -10 4.7282675860094962e+04
74 -10 3.9449854036917321e+07
76 -10 2.7121893411587353e+09
78 -10 5.9104996492464394e+10
80 -10 6.6146423425423853e+11
82 -10 4.8521567042731797e+12
84 -10 2.6443904334194203e+13
86 -10 1.1631871859193122e+14
88 -10 4.2708230367990981e+14
90 -10 1.3596526840785600e+15
92 -10 3.8057846318182945e+15
94 -10 9.5639973107434800e+15
96 -10 2.1721350594625188e+16
98 -10 4.4975985082612128e+16
100 -10 8.5616562895898656e+16
102 -10 1.4979064861192029e+17
104 -10 2.4261318046102848e+17
106 -10 3.6295399814015040e+17
108 -10 5.0368101471179622e+17
110 -10 6.4787942675608563e+17
112 -10 7.7190433038381184e+17
114 -10 8.5282240126557798e+17
116 -10 8.7134771586210867e+17
118 -10 8.2098070785401293e+17
120 -10 7.1249863888368998e+17
122 -10 5.6628141335115277e+17
124 -10 4.1049812356948237e+17
126 -10 2.6941076351149850e+17
128 -10 1.5879938429469066e+17
130 -10 8.3145258872280608e+16
132 -10 3.7867968346978120e+16
134 -10 1.4665079557700982e+16
136 -10 4.6467130294608400e+15
138 -10 1.0987486238388760e+15
140 -10 1.7368773339561266e+14
68 -9 6.3157659809972253e+05
70 -9 2.3726030272183532e+08
72 -9 1.1872517970483292e+10
74 -9 2.1917911365830777e+11
76 -9 2.2724162212166714e+12
78 -9 1.6142706665455512e+13
80 -9 8.7607142619129031e+13
82 -9 3.8726261357203569e+14
84 -9 1.4557236181612300e+15
86 -9 4.7692918419489260e+15
88 -9 1.3916596156658776e+16
90 -9 3.6548056982583192e+16
92 -9 8.7301731301024448e+16
94 -9 1.9097239562848320e+17
96 -9 3.8430048928592538e+17
98 -9 7.1439061799504666e+17
100 -9 1.2368374216664968e+18
102 -9 1.9753733511443942e+18
104 -9 2.9464723737339843e+18
106 -9 4.0881362837103078e+18
108 -9 5.2670948685493740e+18
110 -9 6.3150530986971986e+18
112 -9 7.0416226359988009e+18
114 -9 7.2886723345542093e+18
116 -9 6.9864292693403628e+18
118 -9 6.1857681942995220e+18
120 -9 5.0576835234313574e+18
122 -9 3.7752363810651571e+18
124 -9 2.5732896377147965e+18
126 -9 1.5876317905444956e+18
128 -9 8.7991420127322509e+17
130 -9 4.3136711594465338e+17
132 -9 1.8385031959159018e+17
134 -9 6.6276604216054528e+16
136 -9 1.9460526344881596e+16
138 -9 4.2492070695239750e+15
140 -9 5.9677886182168575e+14
64 -8 5.2043983267427292e+06
66 -8 1.0775371609624929e+09
68 -8 4.1383171332239960e+10
70 -8 6.6868318706966431e+11
72 -8 6.4915116981617939e+12
74 -8 4.4791656082778891e+13
76 -8 2.4289740948130753e+14
78 -8 1.0920631646634261e+15
80 -8 4.2021709198496020e+15
82 -8 1.4285821638048256e+16
84 -8 4.3387391116493336e+16
86 -8 1.1948962798102358e+17
88 -8 2.9984920425189645e+17
90 -8 6.9331520802324659e+17
92 -8 1.4823424371286630e+18
94 -8 2.9315932994223621e+18
96 -8 5.3880063132210319e+18
98 -8 9.2508948557883720e+18
100 -8 1.4774751080669145e+19
102 -8 2.2049080989463511e+19
104 -8 3.0656012584551465e+19
106 -8 3.9861811094130196e+19
108 -8 4.8280057866383049e+19
110 -8 5.4468527348755726e+19
112 -8 5.7293933114447331e+19
114 -8 5.5890184642177270e+19
116 -8 5.0629045818175332e+19
118 -8 4.2406220959490916e+19
120 -8 3.2660688040556655e+19
122 -8 2.3042765301422977e+19
124 -8 1.4834476860257350e+19
126 -8 8.6260107683649741e+18
128 -8 4.4978839938942310e+18
130 -8 2.0725055926149458e+18
132 -8 8.2860684204707789e+17
134 -8 2.7937433576959626e+17
136 -8 7.6095839586344848e+16
138 -8 1.5342313027339510e+16
140 -8 1.9270927188325995e+15
60 -7 2.8985452522403698e+07
62 -7 3.7067627204006987e+09
64 -7 1.1306123765618903e+11
66 -7 1.6310811608634729e+12
68 -7 1.5005223830879662e+13
70 -7 1.0198989886932344e+14
72 -7 5.5592944257479538e+14
74 -7 2.5433417375691630e+15
76 -7 1.0091476408519304e+16
78 -7 3.5602373454411400e+16
80 -7 1.1284076636259704e+17
82 -7 3.2647130897112634e+17
84 -7 8.6679353196527360e+17
86 -7 2.1197664016537587e+18
88 -7 4.8157167327982612e+18
90 -7 1.0176408629606730e+19
92 -7 1.9969378656184746e+19
94 -7 3.6632015494538367e+19
96 -7 6.2879931434068148e+19
98 -7 1.0089562623069707e+20
100 -7 1.5138306328113181e+20
102 -7 2.1274299592334901e+20
104 -7 2.7964687565232321e+20
106 -7 3.4318313967763253e+20
108 -7 3.9437895750804609e+20
110 -7 4.2130802462982052e+20
112 -7 4.2014041954964092e+20
114 -7 3.8925462725580069e+20
116 -7 3.3444629207566870e+20
118 -7 2.6533289167082390e+20
120 -7 1.9360175114516837e+20
122 -7 1.2957784618249719e+20
124 -7 7.8881184125661725e+19
126 -7 4.3443991440865894e+19
128 -7 2.1370574034955661e+19
130 -7 9.2712208742711091e+18
132 -7 3.4754471550753751e+18
134 -7 1.0973255777783756e+18
136 -7 2.7808124758625136e+17
138 -7 5.1835190613621032e+16
140 -7 5.8535587500406990e+15
54 -6 4.1238050702019347e+04
56 -6 1.0962187907550228e+08
58 -6 9.3377775308537788e+09
60 -6 2.3607029490328964e+11
62 -6 3.1112674027221553e+12
64 -6 2.7593646512484543e+13
66 -6 1.8545733012629794e+14
68 -6 1.0179454630893802e+15
70 -6 4.7679590113167180e+15
72 -6 1.9562914107312792e+16
74 -6 7.1905387941617392e+16
76 -6 2.3953061069151392e+17
78 -6 7.2983123182424115e+17
80 -6 2.0528989078736200e+18
82 -6 5.3393105353389056e+18
84 -6 1.2916324530648195e+19
86 -6 2.9145982413438890e+19
88 -6 6.1350912293266153e+19
90 -6 1.2086927351077183e+20
92 -6 2.2282725351339953e+20
94 -6 3.8592286130255056e+20
96 -6 6.2523697883790259e+20
98 -6 9.4936187193609014e+20
100 -6 1.3529903600145562e+21
102 -6 1.8071339508390950e+21
104 -6 2.2601531275272378e+21
106 -6 2.6445343749957516e+21
108 -6 2.8859527359559054e+21
110 -6 2.9470598097143459e+21
112 -6 2.7973816619436543e+21
114 -6 2.4667874107102378e+21
116 -6 2.0185070175595762e+21
118 -6 1.5242355391675357e+21
120 -6 1.0581880263774920e+21
122 -6 6.7256770510484432e+20
124 -6 3.8826876570202676e+20
126 -6 2.0229797076095671e+20
128 -6 9.4123515672695914e+19
130 -6 3.8534159838759936e+19
132 -6 1.3607326512032100e+19
134 -6 4.0207640034199583e+18
136 -6 9.5012799172621581e+17
138 -6 1.6414238025557462e+17
140 -6 1.6720598936591588e+16
50 -5 3.7266582271001779e+05
52 -5 2.8107229180610710e+08
54 -5 1.7096886912263264e+10
56 -5 3.7046796991091217e+11
58 -5 4.5473818576168770e+12
60 -5 3.9075694180341180e+13
62 -5 2.6147415171950972e+14
64 -5 1.4595782650255902e+15
66 -5 7.0155515284905750e+15
68 -5 2.9884606337280368e+16
70 -5 1.1485901996862949e+17
72 -5 4.0379481845101728e+17
74 -5 1.3003906850135544e+18
76 -5 3.8848109722317445e+18
78 -5 1.0782417123479908e+19
80 -5 2.7909919281023197e+19
82 -5 6.7439353277737247e+19
84 -5 1.5283965935785276e+20
86 -5 3.2428668842306784e+20
88 -5 6.4633141447087397e+20
90 -5 1.2071980321576622e+21
92 -5 2.1147357792984438e+21
94 -5 3.4883490844994175e+21
96 -5 5.4009855752850438e+21
98 -5 7.8370305022261262e+21
100 -5 1.0679289029567617e+22
102 -5 1.3659752437471123e+22
104 -5 1.6336093393691670e+22
106 -5 1.8312550285794527e+22
108 -5 1.9140519908031840e+22
110 -5 1.8693051934372123e+22
112 -5 1.6962844226081939e+22
114 -5 1.4313444247679493e+22
116 -5 1.1178402927785772e+22
118 -5 8.0478518660780188e+21
120 -5 5.3283270025668492e+21
122 -5 3.2247486926429173e+21
124 -5 1.7677434629813290e+21
126 -5 8.7440402317552701e+20
128 -5 3.8485974226931338e+20
130 -5 1.4872486474128589e+20
132 -5 4.9491742185114116e+19
134 -5 1.3741842622522022e+19
136 -5 3.0304899048451686e+18
138 -5 4.8518009194804890e+17
140 -5 4.4975868511963720e+16
46 -4 1.4398929718446059e+06
48 -4 4.8307791754933780e+08
50 -4 2.2409383069113770e+10
52 -4 4.2525923725406824e+11
54 -4 4.9234825665210391e+12
56 -4 4.1328771098074828e+13
58 -4 2.7688833696868712e+14
60 -4 1.5702525733763648e+15
62 -4 7.7982040316938580e+15
64 -4 3.4677070038208152e+16
66 -4 1.3997957473401824e+17
68 -4 5.2002963558777830e+17
70 -4 1.7839630296906496e+18
72 -4 5.6931033412828058e+18
74 -4 1.6926369517299790e+19
76 -4 4.7082899352242864e+19
78 -4 1.2287315471146905e+20
80 -4 2.9995236396769883e+20
82 -4 6.8919790293413449e+20
84 -4 1.4865755628887964e+21
86 -4 3.0169640012754715e+21
88 -4 5.7481968122542917e+21
90 -4 1.0306012286837296e+22
92 -4 1.7379102943503289e+22
94 -4 2.7554841580640015e+22
96 -4 4.1016237506849164e+22
98 -4 5.7338707607347553e+22
100 -4 7.5143879495369351e+22
102 -4 9.2542407106546096e+22
104 -4 1.0637254559792092e+23
106 -4 1.1446913384214996e+23
108 -4 1.1509381750116833e+23
110 -4 1.0777531397255177e+23
112 -4 9.3890297723907694e+22
114 -4 7.5861829324641193e+22
116 -4 5.6773103370041265e+22
118 -4 3.9085880397098048e+22
120 -4 2.4709249192394872e+22
122 -4 1.4246542464609717e+22
124 -4 7.4400442016367378e+21
126 -4 3.5001551852848305e+21
128 -4 1.4607517040262206e+21
130 -4 5.3441726528913631e+20
132 -4 1.6772655492385676e+20
134 -4 4.3762727135374688e+19
136 -4 9.0269223765014333e+18
138 -4 1.3413262751357138e+18
140 -4 1.1334728657958958e+17
42 -3 2.8878153487858064e+06
44 -3 5.4618815426501620e+08
46 -3 2.0157366825679012e+10
48 -3 3.4459369918210828e+11
50 -3 3.7842842248610908e+12
52 -3 3.1256297921773449e+13
54 -3 2.1085517633025762e+14
56 -3 1.2222767888617628e+15
58 -3 6.2988182458743720e+15
60 -3 2.9312561732852284e+16
62 -3 1.2495605465847541e+17
64 -3 4.9376311673229958e+17
66 -3 1.8085547281774592e+18
68 -3 6.1960219303518761e+18
70 -3 1.9882686419559367e+19
72 -3 5.9780184654420230e+19
74 -3 1.6862275781941399e+20
76 -3 4.4802760611642094e+20
78 -3 1.1194381257688157e+21
80 -3 2.6308306365339533e+21
82 -3 5.8189545766247486e+21
84 -3 1.2131235292907647e+22
86 -3 2.3798090620519710e+22
88 -3 4.3906904654683983e+22
90 -3 7.6247200476315462e+22
92 -3 1.2449058960367128e+23
94 -3 1.9100991763695961e+23
96 -3 2.7527977740877649e+23
98 -3 3.7221304408206487e+23
100 -3 4.7225644659893418e+23
102 -3 5.6080676197789163e+23
104 -3 6.2305696247770413e+23
106 -3 6.4771706218807552e+23
108 -3 6.2712648934933794e+23
110 -3 5.6536735702491517e+23
112 -3 4.7408014108193488e+23
114 -3 3.6807692014177578e+23
116 -3 2.6395176193753585e+23
118 -3 1.7426763424716051e+23
120 -3 1.0542576363524530e+23
122 -3 5.8043376773694266e+22
124 -3 2.8934597635009778e+22
126 -3 1.2953103468592332e+22
128 -3 5.1344461909572515e+21
130 -3 1.7801665507436562e+21
132 -3 5.2784363512157910e+20
134 -3 1.2965093007304776e+20
136 -3 2.5045867211650851e+19
138 -3 3.4577885170584003e+18
140 -3 2.6802623286220611e+17
38 -2 3.2836079711577473e+06
40 -2 3.9241295757309604e+08
42 -2 1.2058954517396690e+10
44 -2 1.8777090095445651e+11
46 -2 1.9751898847165034e+12
48 -2 1.6079571976903588e+13
50 -2 1.0962335139333889e+14
52 -2 6.5410423130679638e+14
54 -2 3.5044839097411870e+15
56 -2 1.7182467478980002e+16
58 -2 7.7751008841522368e+16
60 -2 3.2805278874190483e+17
62 -2 1.2946652051610199e+18
64 -2 4.7918570225923574e+18
66 -2 1.6629990805417454e+19
68 -2 5.4385766173268541e+19
70 -2 1.6761317626992001e+20
72 -2 4.8687092551040336e+20
74 -2 1.3319188535239579e+21
76 -2 3.4365105082848961e+21
78 -2 8.3641736993390052e+21
80 -2 1.9155064220673620e+22
82 -2 4.1361737119301255e+22
84 -2 8.4138571578558097e+22
86 -2 1.6106826132344091e+23
88 -2 2.9013106721357028e+23
90 -2 4.9072211347774623e+23
92 -2 7.8010014771450860e+23
94 -2 1.1676455080836498e+24
96 -2 1.6371068129099158e+24
98 -2 2.1524957853273721e+24
100 -2 2.6527791808966116e+24
102 -2 3.0568019098954715e+24
104 -2 3.2908667460238081e+24
106 -2 3.3075570143036973e+24
108 -2 3.0967698460205231e+24
110 -2 2.6978757970317746e+24
112 -2 2.1795045854893269e+24
114 -2 1.6278448947628042e+24
116 -2 1.1247083557742786e+24
118 -2 7.1166711739159662e+23
120 -2 4.1279234365661855e+23
122 -2 2.1770723460172243e+23
124 -2 1.0370383199361612e+23
126 -2 4.4190871681778963e+22
128 -2 1.6676506665113056e+22
130 -2 5.4924278281082409e+21
132 -2 1.5397577963879588e+21
134 -2 3.5645090266481525e+20
136 -2 6.4683406968733090e+19
138 -2 8.3262888644488561e+18
140 -2 5.9265322138727578e+17
34 -1 2.0710496711534986e+06
36 -1 1.7175932891411856e+08
38 -1 4.4745100309577932e+09
40 -1 6.4365138164035278e+10
42 -1 6.5046675579912329e+11
44 -1 5.2522232415231650e+12
46 -1 3.6251354691406055e+13
48 -1 2.2332475245151478e+14
50 -1 1.2546976581833172e+15
52 -1 6.5264464732040300e+15
54 -1 3.1617041049490208e+16
56 -1 1.4361365001129765e+17
58 -1 6.1366000298647680e+17
60 -1 2.4723640848662912e+18
62 -1 9.3868644997418742e+18
64 -1 3.3676651531026108e+19
66 -1 1.1400895191839710e+20
68 -1 3.6456483383645379e+20
70 -1 1.1031402792366524e+21
72 -1 3.1479310119398482e+21
74 -1 8.4811095780668400e+21
76 -1 2.1556907337634659e+22
78 -1 5.1682414402915927e+22
80 -1 1.1669225274751107e+23
82 -1 2.4819123380374717e+23
84 -1 4.9661891184273023e+23
86 -1 9.3572424587925760e+23
88 -1 1.6561950129744109e+24
90 -1 2.7524539673773415e+24
92 -1 4.2951135825885434e+24
94 -1 6.2808774615388039e+24
96 -1 8.6264969478814399e+24
98 -1 1.1060743363032133e+25
100 -1 1.3290707043069738e+25
102 -1 1.4923478340445906e+25
104 -1 1.5617331044868038e+25
106 -1 1.5236383038947031e+25
108 -1 1.3829465237750201e+25
110 -1 1.1656911489358119e+25
112 -1 9.1084867187214203e+24
114 -1 6.5776363355320926e+24
116 -1 4.3648479449272067e+24
118 -1 2.6620649002639028e+24
120 -1 1.4805061620123698e+24
122 -1 7.4896455405725075e+23
124 -1 3.4123249414572199e+23
126 -1 1.3891257849850624e+23
128 -1 4.9917151774371465e+22
130 -1 1.5618082011963483e+22
132 -1 4.1540140012419736e+21
134 -1 9.0822748629741994e+20
136 -1 1.5503698545068324e+20
138 -1 1.8640717764661559e+19
140 -1 1.2238592540598597e+18
28 0 5.7240027588662463e+02
30 0 6.6360222440158133e+05
32 0 4.0844637139949344e+07
34 0 9.2230925048347020e+08
36 0 1.2274462706859806e+10
38 0 1.1961464270413052e+11
40 0 9.5683864087746179e+11
42 0 6.7361345471202812e+12
44 0 4.3492178635697547e+13
46 0 2.6006312950356447e+14
48 0 1.4573543432718212e+15
50 0 7.6687183070965610e+15
52 0 3.8007337380824592e+16
54 0 1.7784551045017869e+17
56 0 7.8808236713297011e+17
58 0 3.3052755496276869e+18
60 0 1.3111301873558729e+19
62 0 4.9308335234637160e+19
64 0 1.7565461474160922e+20
66 0 5.9183640940822017e+20
68 0 1.8885816431413142e+21
70 0 5.6905752477632268e+21
72 0 1.6212077376224809e+22
74 0 4.3599720681203890e+22
76 0 1.1058420614373105e+23
78 0 2.6411966500755414e+23
80 0 5.9381179208032212e+23
82 0 1.2562758142204099e+24
84 0 2.4959441231278503e+24
86 0 4.6584311202638166e+24
88 0 8.1566929976830313e+24
90 0 1.3394061719083524e+25
92 0 2.0627717523759456e+25
94 0 2.9705149463191827e+25
96 0 3.9991583481836539e+25
98 0 5.0391034248903943e+25
100 0 5.9215307348546441e+25
102 0 6.4950367730435015e+25
104 0 6.6350884550628457e+25
106 0 6.2993837490509825e+25
108 0 5.5598630757201808e+25
110 0 4.5525165200128452e+25
112 0 3.4413928371727253e+25
114 0 2.4034239614060412e+25
116 0 1.5405073007645414e+25
118 0 9.0590672884022767e+24
120 0 4.8499725170482404e+24
122 0 2.3533021506813106e+24
124 0 1.0274094394529293e+24
126 0 4.0076814330928447e+23
128 0 1.3749945879382519e+23
130 0 4.0942634302403277e+22
132 0 1.0318584006504222e+22
134 0 2.1384889592859816e+21
136 0 3.4337831321412973e+20
138 0 3.8685013578384761e+19
140 0 2.3542886750525204e+18
24 1 2.1163235168530099e+02
26 1 8.3095411547281779e+04
28 1 4.0059888958482435e+06
30 1 7.8818288572805882e+07
32 1 9.6918601315949452e+08
34 1 9.0677707938473129e+09
36 1 7.3530814979163849e+10
38 1 5.5460726089171533e+11
40 1 3.9243399626855146e+12
42 1 2.6211337654065188e+13
44 1 1.6418198608636397e+14
46 1 9.6470476723004962e+14
48 1 5.3447347658721400e+15
50 1 2.7982490165562632e+16
52 1 1.3880642277092758e+17
54 1 6.5311388134708557e+17
56 1 2.9160069253739776e+18
58 1 1.2347491235633783e+19
60 1 4.9591260570488398e+19
62 1 1.8888027565731073e+20
64 1 6.8284681020854541e+20
66 1 2.3324466673876287e+21
68 1 7.5351448057058521e+21
70 1 2.3019486809590214e+22
72 1 6.6431086332660052e+22
74 1 1.8032255917640824e+23
76 1 4.6142292893719809e+23
78 1 1.1116366469640428e+24
80 1 2.5109289539312457e+24
82 1 5.3257667002418466e+24
84 1 1.0593874388964417e+25
86 1 1.9745727879691155e+25
88 1 3.4458536037964066e+25
90 1 5.6268816859782059e+25
92 1 8.5886648958051852e+25
94 1 1.2239991763543193e+26
96 1 1.6284539387732598e+26
98 1 2.0191609587846932e+26
100 1 2.3334422917021938e+26
102 1 2.5111387050496512e+26
104 1 2.5110449744878492e+26
106 1 2.3282542941647228e+26
108 1 2.0043109011886222e+26
110 1 1.5972442225058438e+26
112 1 1.1730748809385009e+26
114 1 7.9374844897451628e+25
116 1 4.9287837229711521e+25
118 1 2.7970239934652230e+25
120 1 1.4442218904038328e+25
122 1 6.7492118422049567e+24
124 1 2.8307851431524219e+24
126 1 1.0566014479213473e+24
128 1 3.4682731768863838e+23
130 1 9.8531586063382190e+22
132 1 2.3642098518698131e+22
134 1 4.6367729969485122e+21
136 1 7.0343123387465335e+20
138 1 7.4391297377043005e+19
140 1 4.2061866853265551e+18
28 2 4.9316425108046416e+04
30 2 1.0567054642755393e+07
32 2 4.0972878961661857e+08
34 2 7.4455265274968042e+09
36 2 8.8720117620233582e+10
38 2 8.2466651040692871e+11
40 2 6.5612289014715059e+12
42 2 4.7063384799229141e+13
44 2 3.1191541790229331e+14
46 2 1.9331842100945865e+15
48 2 1.1238825079915658e+16
50 2 6.1477269495415584e+16
52 2 3.1860639756061837e+17
54 2 1.5587461760609940e+18
56 2 7.2293489570550487e+18
58 2 3.1837202327064142e+19
60 2 1.3229972707037540e+20
62 2 5.2293199754735151e+20
64 2 1.9481486274803734e+21
66 2 6.8693436411959910e+21
68 2 2.2886898195900574e+22
70 2 7.1854396466959992e+22
72 2 2.1248778461326409e+23
74 2 5.9139082242045148e+23
76 2 1.5449089524099799e+24
78 2 3.7838781469798222e+24
80 2 8.6952354596807683e+24
82 2 1.8688867654431172e+25
84 2 3.7559558108987461e+25
86 2 7.0476742037543326e+25
88 2 1.2351466536745526e+26
90 2 2.0199685102081307e+26
92 2 3.0752908009412257e+26
94 2 4.3634878198591081e+26
96 2 5.7639672247716408e+26
98 2 7.0759249871518523e+26
100 2 8.0773409901070496e+26
102 2 8.5572081635223853e+26
104 2 8.4112103423071296e+26
106 2 7.6501090778715553e+26
108 2 6.4433462682063782e+26
110 2 5.0062332364439887e+26
112 2 3.5864028684514744e+26
114 2 2.3593189311397210e+26
116 2 1.4210219837824235e+26
118 2 7.8105897545140558e+25
120 2 3.8968886119161157e+25
122 2 1.7545485471670385e+25
124 2 7.0899294907594710e+24
126 2 2.5422390549019619e+24
128 2 7.9870990863405973e+23
130 2 2.1690222109561955e+23
132 2 4.9589748448461012e+22
134 2 9.2398272948008177e+21
136 2 1.3248915888555248e+21
138 2 1.3183898858894582e+20
140 2 6.9453699239367711e+18
32 3 4.5261429329854371e+06
34 3 5.9856944262469113e+08
36 3 1.9521311211285931e+10
38 3 3.2851809613219409e+11
40 3 3.8362817801183428e+12
42 3 3.5495874166416906e+13
44 3 2.8132601648665256e+14
46 3 1.9912220249097315e+15
48 3 1.2968359666539800e+16
50 3 7.8240661851140576e+16
52 3 4.4139359808465958e+17
54 3 2.3359828522574899e+18
56 3 1.1644611734834549e+19
58 3 5.4669414083306004e+19
60 3 2.4206499529697811e+20
62 3 1.0107426961678732e+21
64 3 3.9697670131417943e+21
66 3 1.4736837808603101e+22
68 3 5.1392770019560127e+22
70 3 1.6863822441882025e+23
72 3 5.1981440840483109e+23
74 3 1.5009090840386448e+24
76 3 4.0588794190308829e+24
78 3 1.0260470954926350e+25
80 3 2.4227426045466232e+25
82 3 5.3287862825683151e+25
84 3 1.0938139711430451e+26
86 3 2.0878223034064196e+26
88 3 3.7037547838627665e+26
90 3 6.1125898950469123e+26
92 3 9.3618174785112156e+26
94 3 1.3323008413427609e+27
96 3 1.7571407712134208e+27
98 3 2.1491702277042171e+27
100 3 2.4347953895987360e+27
102 3 2.5525929948688797e+27
104 3 2.4766324802831257e+27
106 3 2.2211797535925407e+27
108 3 1.8361268358470548e+27
110 3 1.3978471897386615e+27
112 3 9.7836680581694524e+26
114 3 6.2725068534248336e+26
116 3 3.6796082636741889e+26
118 3 1.9618290938703804e+26
120 3 9.4855931066794260e+25
122 3 4.1317026779160280e+25
124 3 1.6107247532101163e+25
126 3 5.5536886719787283e+24
128 3 1.6749316021849837e+24
130 3 4.3551817726255968e+23
132 3 9.5092541299372243e+22
134 3 1.6870110986533941e+22
136 3 2.2947388484281408e+21
138 3 2.1558440793310822e+20
140 3 1.0622182041847304e+19
36 4 2.2552810471427882e+08
38 4 2.0486527925993423e+10
40 4 5.7301522931116638e+11
42 4 9.1274288783321543e+12
44 4 1.0371093020982667e+14
46 4 9.5530330111769050e+14
48 4 7.5551273791449430e+15
50 4 5.3560190823481008e+16
52 4 3.4553542045298611e+17
54 4 2.0616842101333993e+18
56 4 1.1458150843951616e+19
58 4 5.9396122713464848e+19
60 4 2.8764073996002204e+20
62 4 1.3070227585984621e+21
64 4 5.5646792362965042e+21
66 4 2.2184455998760643e+22
68 4 8.2807923805643839e+22
70 4 2.8917297304936655e+23
72 4 9.4467208853091244e+23
74 4 2.8773330533991972e+24
76 4 8.1732490796747334e+24
78 4 2.1622192035348982e+25
80 4 5.3154628083864704e+25
82 4 1.2136113884119216e+26
84 4 2.5700213790757126e+26
86 4 5.0425461711209560e+26
88 4 9.1586282944568910e+26
90 4 1.5398418172206014e+27
92 4 2.3940953785223462e+27
94 4 3.4391306086345041e+27
96 4 4.5658242446352538e+27
98 4 5.6004283568044425e+27
100 4 6.3401870541540169e+27
102 4 6.6154017135193855e+27
104 4 6.3722800552892653e+27
106 4 5.6504543984592861e+27
108 4 4.6079122665458509e+27
110 4 3.4517027478910682e+27
112 4 2.3704502063118610e+27
114 4 1.4877620923533821e+27
116 4 8.5111033674898526e+26
118 4 4.4166068749919576e+26
120 4 2.0759407999010732e+26
122 4 8.7636574680306636e+25
124 4 3.3002811016514129e+25
126 4 1.0978868740508369e+25
128 4 3.1887208695471740e+24
130 4 7.9537695414419599e+23
132 4 1.6617229932775595e+23
134 4 2.8112614180269834e+22
136 4 3.6319113323585072e+21
138 4 3.2269715215410174e+20
140 4 1.4928182020677532e+19
40 5 7.3912641852666168e+09
42 5 4.7330158513697186e+11
44 5 1.1806611601825482e+13
46 5 1.7748615716932656e+14
48 5 1.9805458175943865e+15
50 5 1.8069943140799008e+16
52 5 1.4310326325710592e+17
54 5 1.0114401931228855e+18
56 5 6.5141941040034662e+18
58 5 3.8611213512498250e+19
60 5 2.1155958356937848e+20
62 5 1.0774690438443468e+21
64 5 5.1000528917145563e+21
66 5 2.2441024911229139e+22
68 5 9.1635028997291077e+22
70 5 3.4826478412894128e+23
72 5 1.2293634466193702e+24
74 5 4.0298974845506302e+24
76 5 1.2249370996914802e+25
78 5 3.4479540390810967e+25
80 5 8.9688242719523487e+25
82 5 2.1545209813731173e+26
84 5 4.7754849779583601e+26
86 5 9.7535548249407443e+26
88 5 1.8364255651221577e+27
90 5 3.1807517847867111e+27
92 5 5.0652596867776448e+27
94 5 7.4231050720591537e+27
96 5 1.0005794189712847e+28
98 5 1.2393658566047513e+28
100 5 1.4128198045766574e+28
102 5 1.4778512831687267e+28
104 5 1.4204660906785317e+28
106 5 1.2522614546885279e+28
108 5 1.0123697132223211e+28
110 5 7.4933457167409263e+27
112 5 5.0630205730459362e+27
114 5 3.1225008871585574e+27
116 5 1.7505705811827463e+27
118 5 8.8812184623192741e+26
120 5 4.0631145637649126e+26
122 5 1.6679053307007463e+26
124 5 6.0870752791546238e+25
126 5 1.9575920937696538e+25
128 5 5.4857121446773790e+24
130 5 1.3141946700542243e+24
132 5 2.6335656194137317e+23
134 5 4.2626242171716728e+22
136 5 5.2517042692644720e+21
138 5 4.4231423299861637e+20
140 5 1.9229445911278404e+19
42 6 4.0654288096633643e+08
44 6 1.5892676626429364e+11
46 6 8.0754671049081973e+12
48 6 1.7994189177579569e+14
50 6 2.5878102724001060e+15
52 6 2.8264887823016596e+16
54 6 2.5569745359195875e+17
56 6 2.0191035900095539e+18
58 6 1.4231250639709835e+19
60 6 9.1226128653924925e+19
62 6 5.3805504011765999e+20
64 6 2.9114238970158997e+21
66 6 1.4527532095730002e+22
68 6 6.6876369062794107e+22
70 6 2.8318089993570828e+23
72 6 1.1063850774778117e+24
74 6 3.9875749794278462e+24
76 6 1.3233615300679724e+25
78 6 4.0377489623414302e+25
80 6 1.1316158153132078e+26
82 6 2.9107573700668691e+26
84 6 6.8644313063398153e+26
86 6 1.4826493175373008e+27
88 6 2.9293386335910152e+27
90 6 5.2932009345533653e+27
92 6 8.7536539264596844e+27
94 6 1.3220897379981528e+28
96 6 1.8270358899905234e+28
98 6 2.3083524140726846e+28
100 6 2.6665376335943523e+28
102 6 2.8181628488970193e+28
104 6 2.7194116035832934e+28
106 6 2.4003849441081006e+28
108 6 1.9343967258374018e+28
110 6 1.4214266366429203e+28
112 6 9.5070907351672598e+27
114 6 5.7841939681781336e+27
116 6 3.1851828859659230e+27
118 6 1.5854726908915857e+27
120 6 7.0899965810275638e+26
122 6 2.8320753316190314e+26
124 6 1.0052592646294051e+26
126 6 3.1363378200270527e+25
128 6 8.4904722335127289e+24
130 6 1.9631451905117483e+24
132 6 3.7804944497933625e+23
134 6 5.8557620475222167e+22
136 6 6.8819384426727882e+21
138 6 5.5064495859910207e+20
140 6 2.2692097614708523e+19
46 7 1.1837397422014816e+10
48 7 2.5548945834063657e+12
50 7 1.0395635731688184e+14
52 7 2.1239465413640378e+15
54 7 2.9185912859968332e+16
56 7 3.1253297471434266e+17
58 7 2.8094571914274171e+18
60 7 2.2059623507449889e+19
62 7 1.5519126698894554e+20
64 7 9.8993255873584221e+20
66 7 5.7631117193182372e+21
68 7 3.0626215908183607e+22
70 7 1.4897678062587494e+23
72 7 6.6196451418337124e+23
74 7 2.6841606011828237e+24
76 7 9.9495364062820516e+24
78 7 3.3671278795674320e+25
80 7 1.0392351312783888e+26
82 7 2.9159278115444469e+26
84 7 7.4486543977701303e+26
86 7 1.7304378116724624e+27
88 7 3.6502526407952114e+27
90 7 6.9892093908508068e+27
92 7 1.2158912954164817e+28
94 7 1.9168726047410031e+28
96 7 2.7461737302635864e+28
98 7 3.5750860029267235e+28
100 7 4.2290832403315165e+28
102 7 4.5461819719140802e+28
104 7 4.4453164191910864e+28
106 7 3.9522595840782436e+28
108 7 3.1924367757074286e+28
110 7 2.3426147751159528e+28
112 7 1.5590679618371223e+28
114 7 9.3939992981235838e+27
116 7 5.1058927512219176e+27
118 7 2.4997141149585262e+27
120 7 1.0969458959080375e+27
122 7 4.2853381083608094e+26
124 7 1.4820914259510282e+26
126 7 4.4947350546887510e+25
128 7 1.1801720356124924e+25
130 7 2.6372164082213012e+24
132 7 4.8846559095138486e+23
134 7 7.2774505807227755e+22
136 7 8.1875951973592581e+21
138 7 6.2369716688595544e+20
140 7 2.4344309034050798e+19
50 8 2.5156056273639478e+11
52 8 3.0469885608536793e+13
54 8 1.0570259505241772e+15
56 8 1.9853945404760920e+16
58 8 2.6228365845619165e+17
60 8 2.7601782207972936e+18
62 8 2.4565106664561201e+19
64 8 1.9183260465785130e+20
66 8 1.3420603210071437e+21
68 8 8.4731825685750654e+21
70 8 4.8477655266935704e+22
72 8 2.5131446760933752e+23
74 8 1.1798937277297248e+24
76 8 5.0137721694846398e+24
78 8 1.9300208577859585e+25
80 8 6.7010685720841461e+25
82 8 2.1025361792577920e+26
84 8 5.9468993872545152e+26
86 8 1.5147549444556435e+27
88 8 3.4747649394138241e+27
90 8 7.1734916404366800e+27
92 8 1.3333182386606966e+28
94 8 2.2285866047874675e+28
96 8 3.3541229620378035e+28
98 8 4.5510879718514745e+28
100 8 5.5684898068668090e+28
102 8 6.1531118197527378e+28
104 8 6.1456138175133042e+28
106 8 5.5434764998372362e+28
108 8 4.5219542560187080e+28
110 8 3.3336100293491631e+28
112 8 2.2183962947173337e+28
114 8 1.3302482856047551e+28
116 8 7.1762574426797743e+27
118 8 3.4706774778358905e+27
120 8 1.4980736424776441e+27
122 8 5.7489658292469041e+26
124 8 1.9437289760866531e+26
126 8 5.7442131879106216e+25
128 8 1.4660363503223279e+25
130 8 3.1734500049189345e+24
132 8 5.6862139278413264e+23
134 8 8.1415576445312035e+22
136 8 8.7722778968349255e+21
138 8 6.3883691700803417e+20
140 8 2.3661959555709096e+19
54 9 3.2969744767501250e+12
56 9 2.9193563189480638e+14
58 9 8.5745295921149550e+15
60 9 1.5032360656427549e+17
62 9 1.9173607948046269e+18
64 9 1.9801958128406700e+19
66 9 1.7422472620336906e+20
68 9 1.3512792743665017e+21
70 9 9.3410234126306692e+21
72 9 5.8069274855632284e+22
74 9 3.2423362872622308e+23
76 9 1.6238146429266845e+24
78 9 7.2918613472140728e+24
80 9 2.9310038713125445e+25
82 9 1.0539863437033330e+26
84 9 3.3785456973974268e+26
86 9 9.6632627191223076e+26
88 9 2.4650860741214531e+27
90 9 5.5985719239065656e+27
92 9 1.1322721656831063e+28
94 9 2.0396611012674757e+28
96 9 3.2763019640628526e+28
98 9 4.7016243385240598e+28
100 9 6.0276182117781919e+28
102 9 6.9183513893192713e+28
104 9 7.1266094561064847e+28
106 9 6.5796883921543097e+28
108 9 5.4595941424877926e+28
110 9 4.0712373974298294e+28
112 9 2.7249299462758052e+28
114 9 1.6360064110362649e+28
116 9 8.7982703028499431e+27
118 9 4.2207559489646274e+27
120 9 1.8025802705078705e+27
122 9 6.8059750806757748e+26
124 9 2.2573877588470531e+26
126 9 6.5289919642289183e+25
128 9 1.6228065523562106e+25
130 9 3.4121218981058584e+24
132 9 5.9186338803764891e+23
134 9 8.1686564483418049e+22
136 9 8.4655629891649919e+21
138 9 5.8958900696233450e+20
140 9 2.0811581247196860e+19
58 10 3.5104324561845535e+13
60 10 2.1813564997984550e+15
62 10 5.6693884759053424e+16
64 10 9.3314458828545024e+17
66 10 1.1555563828763073e+19
68 10 1.1683588337698285e+20
70 10 1.0179379116524322e+21
72 10 7.7950182894828593e+21
74 10 5.3133209916797283e+22
76 10 3.2210283905715559e+23
78 10 1.7358322377280729e+24
80 10 8.3101541700225841e+24
82 10 3.5184330621083702e+25
84 10 1.3172692380190031e+26
86 10 4.3487849750500615e+26
88 10 1.2632625551231317e+27
90 10 3.2332836814260249e+27
92 10 7.2812145417610516e+27
94 10 1.4430723483325538e+28
96 10 2.5191640981723254e+28
98 10 3.8830573238972854e+28
100 10 5.2931253714338326e+28
102 10 6.3953085325185848e+28
104 10 6.8659593434644222e+28
106 10 6.5613756474283382e+28
108 10 5.5849832155109486e+28
110 10 4.2424249644609054e+28
112 10 2.8761545629905467e+28
114 10 1.7393721518307348e+28
116 10 9.3641343112936588e+27
118 10 4.4801519527631872e+27
120 10 1.8998815730546913e+27
122 10 7.0879511873059513e+26
124 10 2.3164576259155111e+26
126 10 6.5684946890085590e+25
128 10 1.5949003674054963e+25
130 10 3.2660614516448657e+24
132 10 5.4992063331959759e+23
134 10 7.3426808155749044e+22
136 10 7.3323381797175207e+21
138 10 4.8917885951561446e+20
140 10 1.6500546149451186e+19
60 11 7.5498470475667786e+11
62 11 2.7716076973370562e+14
64 11 1.3260263473059602e+16
66 11 3.0895549672153440e+17
68 11 4.8418787533261117e+18
70 11 5.7794919626846396e+19
72 11 5.7600671077565386e+20
74 11 4.9472507733048767e+21
76 11 3.7269650992089203e+22
78 11 2.4785803881830487e+23
80 11 1.4535670290312519e+24
82 11 7.4710930618741641e+24
84 11 3.3641774825238730e+25
86 11 1.3202353573716791e+26
88 11 4.5088273171094327e+26
90 11 1.3365652639373228e+27
92 11 3.4411867904769234e+27
94 11 7.6868151092189239e+27
96 11 1.4927838695358387e+28
98 11 2.5224519960872947e+28
100 11 3.7193828406169623e+28
102 11 4.8040087498755426e+28
104 11 5.4521607942427809e+28
106 11 5.4439787846908666e+28
108 11 4.8044992981620528e+28
110 11 3.7528937207287316e+28
112 11 2.5955624553650563e+28
114 11 1.5908890254824780e+28
116 11 8.6323164210740211e+27
118 11 4.1395577357802208e+27
120 11 1.7488317225652625e+27
122 11 6.4769127849151206e+26
124 11 2.0923236470133818e+26
126 11 5.8353005811599394e+25
128 11 1.3889740759476925e+25
130 11 2.7789118165196460e+24
132 11 4.5472729311235997e+23
134 11 5.8817817974304550e+22
136 11 5.6732080143467974e+21
138 11 3.6399557928694042e+20
140 11 1.1744504953046987e+19
64 12 1.1157084586013688e+13
66 12 1.6810937194339420e+15
68 12 6.5916352473396464e+16
70 12 1.4199747057912614e+18
72 12 2.0832797604899836e+19
74 12 2.4406046601529239e+20
76 12 2.3803630880303591e+21
78 12 2.0110567131424802e+22
80 12 1.4808213269288854e+23
82 12 9.5332608927830885e+23
84 12 5.3257623980433730e+24
86 12 2.5699326622853414e+25
88 12 1.0658640064484178e+26
90 12 3.7877428427472626e+26
92 12 1.1500578853182928e+27
94 12 2.9879340240818521e+27
96 12 6.6366997834795822e+27
98 12 1.2602733893730190e+28
100 12 2.0554496484648059e+28
102 12 2.8919753135198981e+28
104 12 3.5197941416872947e+28
106 12 3.7304136966431099e+28
108 12 3.4527749162279158e+28
110 12 2.7977666173990984e+28
112 12 1.9915707726479606e+28
114 12 1.2464506019763758e+28
116 12 6.8557955103730561e+27
118 12 3.3131738724527658e+27
120 12 1.4022500149491480e+27
122 12 5.1787640485239584e+26
124 12 1.6584622803272892e+26
126 12 4.5705762854853172e+25
128 12 1.0682996032680957e+25
130 12 2.0927693528788704e+24
132 12 3.3393305502820874e+23
134 12 4.2026889854861378e+22
136 12 3.9113005566431524e+21
138 12 2.4157789916450954e+20
140 12 7.4955305620981105e+18
68 13 8.1887597133003297e+13
70 13 8.0598318762206520e+15
72 13 2.8054444373427706e+17
74 13 5.3711251978545039e+18
76 13 7.6776370489662325e+19
78 13 8.6927042033421844e+20
80 13 8.3386871297606702e+21
82 13 6.8656187694083018e+22
84 13 4.9104652689711598e+23
86 13 3.0100941943595847e+24
88 13 1.5735562041906644e+25
90 13 6.9597700367516768e+25
92 13 2.5911859551638428e+26
94 13 8.1121528679661287e+26
96 13 2.1304855051826306e+27
98 13 4.6966425512662496e+27
100 13 8.7049483814078908e+27
102 13 1.3670441295213813e+28
104 13 1.8248715645644702e+28
106 13 2.0846380954479491e+28
108 13 2.0506521250147839e+28
110 13 1.7468734086525041e+28
112 13 1.2919058663355087e+28
114 13 8.3239893025386561e+27
116 13 4.6802729219620295e+27
118 13 2.2911574066298065e+27
120 13 9.7642364080255067e+26
122 13 3.6126563422365273e+26
124 13 1.1522713950885433e+26
126 13 3.1453396312362533e+25
128 13 7.2580304908592317e+24
130 13 1.3935803134623778e+24
132 13 2.1740879915644699e+23
134 13 2.6641411211648077e+22
136 13 2.4026507394070154e+21
138 13 1.4295496711929715e+20
140 13 4.2613328325958190e+18
72 14 4.2146270250794100e+14
74 14 3.4316610526971856e+16
76 14 9.5203740153056934e+17
78 14 1.7555916240745216e+19
80 14 2.3794360808199327e+20
82 14 2.6438648430312340e+21
84 14 2.4717564515984588e+22
86 14 1.9827856117518435e+23
88 14 1.3481256664107391e+24
90 14 7.7343778575479194e+24
92 14 3.6848546802881764e+25
94 14 1.4521636763266900e+26
96 14 4.6987887655821624e+26
98 14 1.2517002214181854e+27
100 14 2.7385414484346204e+27
102 14 4.9468157832656288e+27
104 14 7.4331966565808902e+27
106 14 9.3590257557117089e+27
108 14 9.9696409367097995e+27
110 14 9.0525120390120798e+27
112 14 7.0450450570708556e+27
114 14 4.7184807026689126e+27
116 14 2.7293585811798206e+27
118 14 1.3653277972451613e+27
120 14 5.8926974300845400e+26
122 14 2.1922108267326733e+26
124 14 6.9941872008025877e+25
126 14 1.8985544604170094e+25
128 14 4.3352086087690721e+24
130 14 8.1984116947305843e+23
132 14 1.2542069150580662e+23
134 14 1.4949446061986045e+22
136 14 1.3107315477941005e+21
138 14 7.5418737500863676e+19
140 14 2.1627340557773893e+18
76 15 2.2279595579572300e+15
78 15 1.0802899914659694e+17
80 15 2.8435833114634296e+18
82 15 4.8368412338276688e+19
84 15 6.3752776436330240e+20
86 15 6.8686646757560544e+21
88 15 6.2653070967081645e+22
90 15 4.7843189148048895e+23
92 15 3.0491020372943598e+24
94 15 1.5832822341843218e+25
96 15 6.6544563246107288e+25
98 15 2.2446408017617480e+26
100 15 6.0744345166887164e+26
102 15 1.3198647373764369e+27
104 15 2.3122207201813274e+27
106 15 3.3056328420668611e+27
108 15 3.9038040838243928e+27
110 15 3.8469554001540329e+27
112 15 3.1968016292608150e+27
114 15 2.2554571112766621e+27
116 15 1.3562326172552975e+27
118 15 6.9807068303594543e+26
120 15 3.0738745453553994e+26
122 15 1.1563889916482055e+26
124 15 3.7064205230546882e+25
126 15 1.0050664163326824e+25
128 15 2.2790166374767847e+24
130 15 4.2514169945613184e+23
132 15 6.3808800586175949e+22
134 15 7.4395763365975362e+21
136 15 6.3473355893029536e+20
138 15 3.5350470357886824e+19
140 15 9.7554307526326579e+17
78 16 5.0004643120677102e+13
80 16 6.9481976841146520e+15
82 16 3.0490000647225683e+17
84 16 7.0832659848781220e+18
86 16 1.1517211120293105e+20
88 16 1.4563580695497361e+21
90 16 1.5410503918615968e+22
92 16 1.3371637771722308e+23
94 16 9.6289728865020809e+23
96 16 5.5086103605494208e+24
98 16 2.5006551126641607e+25
100 16 8.8538647267201025e+25
102 16 2.4459836862017512e+26
104 16 5.2652783424537946e+26
106 16 8.9057409453808572e+26
108 16 1.2025096856686011e+27
110 16 1.3207797753591184e+27
112 16 1.1948539060419598e+27
114 16 8.9999804415823856e+26
116 16 5.7015711345984312e+26
118 16 3.0501261135772774e+26
120 16 1.3792531619762359e+26
122 16 5.2923558464058249e+25
124 16 1.7125703262514096e+25
126 16 4.6531257174902410e+24
128 16 1.0515031073274381e+24
130 16 1.9426817615553502e+23
132 16 2.8735221906629370e+22
134 16 3.2737249680459086e+21
136 16 2.7228610724187059e+20
138 16 1.4692265905568543e+19
140 16 3.8955494770397050e+17
82 17 1.8126214823819528e+14
84 17 1.9479940158027484e+16
86 17 7.1294845533654477e+17
88 17 1.5285512562421572e+19
90 17 2.3352672363118094e+20
92 17 2.9207568856649915e+21
94 17 2.9259011628411155e+22
96 17 2.4132776981612714e+23
98 17 1.5504319944819685e+24
100 17 7.7176323499515186e+24
102 17 2.8895516040357693e+25
104 17 8.1862257441085949e+25
106 17 1.7426549882749124e+26
108 17 2.8288502535552959e+26
110 17 3.5774153943059906e+26
112 17 3.6183609302102195e+26
114 17 2.9713691856316896e+26
116 17 2.0128009773387731e+26
118 17 1.1307697133216561e+26
120 17 5.3198820966269877e+25
122 17 2.0925093436381271e+25
124 17 6.8832041020619025e+24
126 17 1.8839405118872640e+24
128 17 4.2615015766772567e+23
130 17 7.8146961968718919e+22
132 17 1.1414268836310969e+22
134 17 1.2777229189130829e+21
136 17 1.0354358551472579e+20
138 17 5.4203043766948997e+18
140 17 1.3872951590162720e+17
86 18 5.5196132918126556e+14
88 18 4.5970427466201432e+16
90 18 1.4369766905448950e+18
92 18 2.7612903231969329e+19
94 18 4.2427028558054621e+20
96 18 4.9520959413626560e+21
98 18 4.7980500578832342e+22
100 18 3.5196787682719185e+23
102 18 1.9444955394812977e+24
104 18 7.8039227381206742e+24
106 18 2.2794011473766768e+25
108 18 4.7841990104353247e+25
110 18 7.3814334031894499e+25
112 18 8.6701009241719352e+25
114 18 7.9867056394562762e+25
116 18 5.8937495233966888e+25
118 18 3.5398571893045328e+25
120 18 1.7480490494257866e+25
122 18 7.1198218220288813e+24
124 18 2.3976120095882332e+24
126 18 6.6619956548884195e+23
128 18 1.5115653595228052e+23
130 18 2.7667156660434854e+22
132 18 4.0006922425235323e+21
134 18 4.4103715042531882e+20
136 18 3.4857674112128680e+19
138 18 1.7791153688276682e+18
140 18 4.3834601501804872e+16
90 19 1.5931504797405562e+15
92 19 8.9783440542352832e+16
94 19 2.3379127317390659e+18
96 19 4.6481958288089768e+19
98 19 6.4312369062227975e+20
100 19 7.4703979500272070e+21
102 19 6.3779529282886975e+22
104 19 3.9976919451252923e+23
106 19 1.7429414959932290e+24
108 19 5.2975363533889228e+24
110 19 1.0887708073078056e+25
112 19 1.5808653452089971e+25
114 19 1.7022700231692936e+25
116 19 1.4127695063437368e+25
118 19 9.2559142297060273e+24
120 19 4.8649327570465605e+24
122 19 2.0761184595828872e+24
124 19 7.2345964285682343e+23
126 19 2.0492435557287341e+23
128 19 4.7009797356613158e+22
130 19 8.6239906848959963e+21
132 19 1.2388189362095899e+21
134 19 1.3436763743457349e+20
136 19 1.0448369810737938e+19
138 19 5.1602579154387494e+17
140 19 1.2327480209637256e+16
92 20 1.8643848721616344e+13
94 20 3.3342778353072005e+15
96 20 1.3336886706037323e+17
98 20 3.7708419088696607e+18
100 20 6.2529982407999119e+19
102 20 9.0077131866490693e+20
104 20 9.1205948759239243e+21
106 20 6.6827684853938951e+22
108 20 3.2109045620867150e+23
110 20 1.0257657480383722e+24
112 20 2.0499235441968540e+24
114 20 2.7673100963729535e+24
116 20 2.6934979628880910e+24
118 20 1.9845974337163427e+24
120 20 1.1366681938622666e+24
122 20 5.1630755556358383e+23
124 20 1.8775330588462145e+23
126 20 5.4703809582314256e+22
128 20 1.2785015980402435e+22
130 20 2.3602300628504084e+21
132 20 3.3761682351183574e+20
134 20 3.6370846576580841e+19
136 20 2.7667462118489231e+18
138 20 1.3305016879931544e+17
140 20 3.0895265369024200e+15
96 21 5.5836152624585906e+13
98 21 4.5767036351225280e+15
100 21 2.1903130044534765e+17
102 21 4.4809698808150523e+18
104 21 8.3108634050635612e+19
106 21 1.0206976943999696e+21
108 21 8.9576713887046749e+21
110 21 4.8487256141225710e+22
112 21 1.6568167034192557e+23
114 21 3.1865473175894584e+23
116 21 3.9328230157814009e+23
118 21 3.4095151813070722e+23
120 21 2.1955760410273163e+23
122 21 1.0826171970115734e+23
124 21 4.1699972157723860e+22
126 21 1.2663691697811186e+22
128 21 3.0347543541588768e+21
130 21 5.6797903509973487e+20
132 21 8.1432306473845457e+19
134 21 8.6898621649974989e+18
136 21 6.5139200111582400e+17
138 21 3.0670410947696844e+16
140 21 6.8879289302160838e+14
100 22 7.2426854931744250e+13
102 22 8.7286501500966160e+15
104 22 2.2906137203927338e+17
106 22 5.7612683748634010e+18
108 22 8.7899516969392308e+19
110 22 9.5865361150365454e+20
112 22 5.9849022199236752e+21
114 22 2.2290635440159818e+22
116 22 4.0617707800941335e+22
118 22 4.5011982502210059e+22
120 22 3.4180216195081994e+22
122 22 1.8879790570399945e+22
124 22 7.8835115851031920e+21
126 22 2.5288337853294392e+21
128 22 6.2759633448070637e+20
130 22 1.1994204316250569e+20
132 22 1.7366066747577082e+19
134 22 1.8495841749992223e+18
136 22 1.3689873259424701e+17
138 22 6.3338108927163670e+15
140 22 1.3760502296319695e+14
104 23 2.1527343863243269e+14
106 23 8.0066349468181280e+15
108 23 2.9855173851928243e+17
110 23 5.6836396407329219e+18
112 23 8.0592280491991089e+19
114 23 5.9460247680284990e+20
116 23 2.4924686136312930e+21
118 23 4.2199350548782839e+21
120 23 4.1184213480881589e+21
122 23 2.6826031735156900e+21
124 23 1.2503473491518350e+21
126 23 4.3219346109291587e+20
128 23 1.1283113195472686e+20
130 23 2.2228083832412938e+19
132 23 3.2730558154694892e+18
134 23 3.4903454866198765e+17
136 23 2.5744194178850656e+16
138 23 1.1690049981115630e+15
140 23 2.4793338298050477e+13
106 24 2.4852764715987734e+12
108 24 1.7177802952506181e+14
110 24 1.1410224670545582e+16
112 24 2.7129001349601939e+17
114 24 5.2533151099377162e+18
116 24 4.7308719536025969e+19
118 24 2.3280913979460193e+20
120 24 3.5592386372058913e+20
122 24 2.9915290988190532e+20
124 24 1.6345722431596321e+20
126 24 6.2869465408307773e+19
128 24 1.7610400636342751e+19
130 24 3.6247683851743391e+18
132 24 5.4721415327294419e+17
134 24 5.9226188902321792e+16
136 24 4.3476086484396410e+15
138 24 1.9490451232540456e+14
140 24 4.0363443146214224e+12
110 25 1.7562172767549973e+12
112 25 3.1361067706619625e+14
114 25 9.2749269185211560e+15
116 25 2.6261515096989830e+17
118 25 2.9761852970857457e+18
120 25 1.8120698415567114e+19
122 25 2.4254113763928617e+19
124 25 1.7029289499845814e+19
126 25 7.6447609866142444e+18
128 25 2.3583891113050255e+18
130 25 5.1957598999985050e+17
132 25 8.1631984029089216e+16
134 25 8.9905859478859750e+15
136 25 6.6466631499081012e+14
138 25 2.9530632800496746e+13
140 25 6.0428366178651550e+11
114 26 5.7271940051083184e+12
116 26 2.1706832444363034e+14
118 26 9.7990732933557680e+15
120 26 1.4494513426386141e+17
122 26 1.1739430580692201e+18
124 26 1.3201872614844406e+18
126 26 7.5246368654858906e+17
128 26 2.6915154156961414e+17
130 26 6.4940751560551672e+16
132 26 1.0818909213803970e+16
134 26 1.2333201929051045e+15
136 26 9.2581339696776000e+13
138 26 4.1050912025403564e+12
140 26 8.2957098420560379e+10
116 27 5.3816573809867188e+10
118 27 3.1611870871998086e+12
120 27 2.6916703500758856e+14
122 27 5.3865496649626470e+15
124 27 6.3398305874167672e+16
126 27 5.7000672618329904e+16
128 27 2.5520371964749948e+16
130 27 7.0413315889213460e+15
132 27 1.2758908114230172e+15
134 27 1.5258790489115353e+14
136 27 1.1749699519500602e+13
138 27 5.2868399109326123e+11
140 27 1.0568659985322557e+10
120 28 2.3071911925380020e+10
122 28 5.0609922127648389e+12
124 28 1.4872282600060956e+14
126 28 2.8090900954549150e+15
128 28 1.9156858571191752e+15
130 28 6.5006911394965800e+14
132 28 1.3295564473547684e+14
134 28 1.7082046808625297e+13
136 28 1.3707542618824128e+12
138 28 6.3064832039542358e+10
140 28 1.2650675877213790e+09
124 29 5.9378267120459236e+10
126 29 2.8897648745548276e+12
128 29 9.9331260641962625e+13
130 29 4.9067867228695234e+13
132 29 1.2000697149490424e+13
134 29 1.7317254184197798e+12
136 29 1.4819635479908191e+11
138 29 6.9248661810148983e+09
140 29 1.4075396236810142e+08
126 30 3.1687636036258858e+08
128 30 3.6728701268624878e+10
130 30 2.7821586040341655e+12
132 30 9.2561504985145679e+11
134 30 1.5312839040633334e+11
136 30 1.4570137172740015e+10
138 30 7.2986753235793149e+08
140 30 1.4673108334301108e+07
130 31 2.6154121999684912e+08
132 31 5.8802112172663116e+10
134 31 1.2211253074665117e+10
136 31 1.2576644232128968e+09
138 31 7.0664780383031204e+07
140 31 1.5887888596844901e+06
132 32 7.5716322615708085e+05
134 32 9.0129959110713625e+08
136 32 1.0468497844133057e+08
138 32 5.6528714565814799e+06
140 32 1.5141193617922592e+05
136 33 9.5104626409448367e+06
138 33 5.0568117932440620e+05
140 33 9.4332494168337253e+03
138 34 6.3059714348125337e+04
140 34 9.2342231492378505e+02
140 35 2.1555963247877543e+02
