156 -26 4.7896228234975126e+01
150 -25 5.5571905725849751e+02
152 -25 3.4342497933533700e+03
154 -25 4.4790856879001694e+02
156 -25 1.3032207224661861e+04
144 -24 3.4883017036666420e+03
146 -24 3.4581018426957562e+04
148 -24 1.0117322672285521e+05
150 -24 1.8847264260517107e+05
152 -24 4.6452242059706134e+05
154 -24 1.3786042565152745e+05
156 -24 4.8520476385569241e+05
138 -23 1.1317169864872953e+04
140 -23 1.7203782269704944e+05
142 -23 8.9381814769353031e+05
144 -23 2.6454463063526475e+06
146 -23 6.0685596424100753e+06
148 -23 9.8202163065399807e+06
150 -23 1.1249885655224927e+07
152 -23 1.3928045135815131e+07
154 -23 5.5964294274463076e+06
156 -23 7.2709997131906189e+06
132 -22 1.7699413637321828e+04
134 -22 4.6924101817353762e+05
136 -22 3.8006666981795812e+06
138 -22 1.6523450571897702e+07
140 -22 4.9467963290299132e+07
142 -22 1.0805162135249272e+08
144 -22 1.8817410709415963e+08
146 -22 2.5780705732849112e+08
148 -22 2.9474997762702119e+08
150 -22 2.6091470989127365e+08
152 -22 2.1903222368043989e+08
154 -22 9.2022094104895785e+07
156 -22 7.1695671440219983e+07
126 -21 1.1858347412706982e+04
128 -21 6.8027129562221747e+05
130 -21 9.0906068413965683e+06
132 -21 5.7490003113568649e+07
134 -21 2.3113087288389137e+08
136 -21 6.6688379156285739e+08
138 -21 1.4942635730484715e+09
140 -21 2.7093752504596386e+09
142 -21 4.0191465849309626e+09
144 -21 5.1158209557270451e+09
146 -21 5.4044624714051971e+09
148 -21 4.9312221432228537e+09
150 -21 3.6655406518645511e+09
152 -21 2.4523274226548319e+09
154 -21 9.8876472156925929e+08
156 -21 5.5683809986849737e+08
120 -20 2.8947856731029597e+03
122 -20 4.9397482259577274e+05
124 -20 1.2208717190588903e+07
126 -20 1.1891272693495788e+08
128 -20 6.6256375474463332e+08
130 -20 2.5196913518621025e+09
132 -20 7.2554794665126791e+09
134 -20 1.6597675774561584e+10
136 -20 3.1352782471693874e+10
138 -20 4.9972264511911308e+10
140 -20 6.8781214311129822e+10
142 -20 8.1519120725720154e+10
144 -20 8.4560300639826050e+10
146 -20 7.5674286887749268e+10
148 -20 5.8773993230844215e+10
150 -20 3.8367998404609512e+10
152 -20 2.1801479675611679e+10
154 -20 8.2412546632667418e+09
156 -20 3.5935688002932348e+09
114 -19 9.5727213780517772e+01
116 -19 1.6165965800706926e+05
118 -19 8.8394357583195344e+06
120 -19 1.4627142960917112e+08
122 -19 1.1969192484433215e+09
124 -19 6.1387858087767019e+09
126 -19 2.2734766956469559e+10
128 -19 6.5479505517968399e+10
130 -19 1.5365744615861499e+11
132 -19 3.0448275965446997e+11
134 -19 5.1563517213790198e+11
136 -19 7.6201180621002393e+11
138 -19 9.9049851606662183e+11
140 -19 1.1355326396088438e+12
142 -19 1.1509670084693872e+12
144 -19 1.0355689415683142e+12
146 -19 8.1410555004395581e+11
148 -19 5.5916492854204248e+11
150 -19 3.2601397466851160e+11
152 -19 1.6264031881987421e+11
154 -19 5.7044593255802109e+10
156 -19 2.0174600428663277e+10
110 -18 1.7799160490316848e+04
112 -18 3.1561243264205754e+06
114 -18 1.0288227621528877e+08
116 -18 1.3502299509664967e+09
118 -18 9.7912986024619579e+09
120 -18 4.7902846186466263e+10
122 -18 1.7512123624125668e+11
124 -18 5.1082472173295032e+11
126 -18 1.2363396614137002e+12
128 -18 2.5498621960746597e+12
130 -18 4.5728379200899258e+12
132 -18 7.2091920164875977e+12
134 -18 1.0108237183619006e+13
136 -18 1.2640847232484768e+13
138 -18 1.4159261235810633e+13
140 -18 1.4234536926635270e+13
142 -18 1.2789294235580711e+13
144 -18 1.0241349666219938e+13
146 -18 7.2329480270246553e+12
148 -18 4.4691868654005586e+12
150 -18 2.3573672854366592e+12
152 -18 1.0528011119121014e+12
154 -18 3.4109556800660950e+11
156 -18 1.0069176444073448e+11
104 -17 1.9025761371557601e+02
106 -17 4.4831644507821137e+05
108 -17 3.7646785648104556e+07
110 -17 9.1118886607007146e+08
112 -17 1.0126576831546654e+10
114 -17 6.8175053572542526e+10
116 -17 3.2419011207525989e+11
118 -17 1.1829603825644014e+12
120 -17 3.5060812159848398e+12
122 -17 8.7363697650475605e+12
124 -17 1.8788926305980867e+13
126 -17 3.5420619001473500e+13
128 -17 5.9285322926352250e+13
130 -17 8.8945738799883828e+13
132 -17 1.1984628106213470e+14
134 -17 1.4641406191263481e+14
136 -17 1.6174227861018200e+14
138 -17 1.6157955851069906e+14
140 -17 1.4565240611849222e+14
142 -17 1.1815893855164048e+14
144 -17 8.5738925763981297e+13
146 -17 5.5239538112716344e+13
148 -17 3.1080822620810848e+13
150 -17 1.4955803115294430e+13
152 -17 6.0392667755819893e+12
154 -17 1.8028165252688916e+12
156 -17 4.5264601170810413e+11
100 -16 1.5085738863596333e+04
102 -16 6.0231764824099438e+06
104 -16 3.3431983109841973e+08
106 -16 6.5135687708000193e+09
108 -16 6.4866485784941956e+10
110 -16 4.1442614745351440e+11
112 -16 1.9329166619887678e+12
114 -16 7.1005174693201953e+12
116 -16 2.1480862266119605e+13
118 -16 5.5331891320870008e+13
120 -16 1.2374518372454186e+14
122 -16 2.4478650166506775e+14
124 -16 4.3301798603627344e+14
126 -16 6.8966276811717700e+14
128 -16 9.9615308481594538e+14
130 -16 1.3104887349850090e+15
132 -16 1.5681467526348722e+15
134 -16 1.7146154471870640e+15
136 -16 1.7090154001569695e+15
138 -16 1.5467096368142295e+15
140 -16 1.2742834524408162e+15
142 -16 9.4638722714033650e+14
144 -16 6.3025645738537450e+14
146 -16 3.7196959120097781e+14
148 -16 1.9218223372723391e+14
150 -16 8.5037921883124281e+13
152 -16 3.1317462630044188e+13
154 -16 8.5806409090245146e+12
156 -16 1.8567417407234128e+12
96 -15 2.9267621177260246e+05
98 -15 5.6983451826536536e+07
100 -15 2.3907951942565856e+09
102 -15 3.9651067116267227e+10
104 -15 3.6299227576909058e+11
106 -15 2.2410142264139561e+12
108 -15 1.0347302224213215e+13
110 -15 3.8363328985494602e+13
112 -15 1.1865847094167584e+14
114 -15 3.1506339833476031e+14
116 -15 7.3241946968845788e+14
118 -15 1.5164868139673345e+15
120 -15 2.8214106900332305e+15
122 -15 4.7643337181064810e+15
124 -15 7.3163043329150590e+15
126 -15 1.0279283997322518e+16
128 -15 1.3254804807573810e+16
130 -15 1.5676982352028226e+16
132 -15 1.7016305063298074e+16
134 -15 1.6935362512310472e+16
136 -15 1.5465592435172358e+16
138 -15 1.2887889749289162e+16
140 -15 9.7631054304138620e+15
142 -15 6.7104343949443260e+15
144 -15 4.1204835282874730e+15
146 -15 2.2520078780121325e+15
148 -15 1.0742273971941500e+15
150 -15 4.3795928926963288e+14
152 -15 1.4765550250740562e+14
154 -15 3.7221905520679688e+13
156 -15 7.0077681748355527e+12
90 -14 8.0206740623796145e+02
92 -14 3.3452163809110345e+06
94 -14 4.3131260101957828e+08
96 -14 1.4364040574609800e+10
98 -14 2.0938623390349570e+11
100 -14 1.7973608254541462e+12
102 -14 1.0804086894025441e+13
104 -14 4.9915911765045125e+13
106 -14 1.8718778033970994e+14
108 -14 5.9158616177285000e+14
110 -14 1.6192279931353670e+15
112 -14 3.9154943951036690e+15
114 -14 8.4558630339517150e+15
116 -14 1.6548209476711708e+16
118 -14 2.9387745820691736e+16
120 -14 4.7863952726251672e+16
122 -14 7.1602180778202920e+16
124 -14 9.8650227733868752e+16
126 -14 1.2535088788486744e+17
128 -14 1.4702940977760912e+17
130 -14 1.5919656207585792e+17
132 -14 1.5906122700148736e+17
134 -14 1.4611000154831853e+17
136 -14 1.2334363829820096e+17
138 -14 9.5356739528834976e+16
140 -14 6.7101811271947608e+16
142 -14 4.2794459459180360e+16
144 -14 2.4471677821648704e+16
146 -14 1.2391454704580568e+16
148 -14 5.4861883086498180e+15
150 -14 2.0638879107208342e+15
152 -14 6.4031832238559100e+14
154 -14 1.4845543881198528e+14
156 -14 2.4552290520912066e+13
86 -13 2.5447743772570124e+04
88 -13 2.9034831076412410e+07
90 -13 2.7048721995892167e+09
92 -13 7.4231375251330048e+10
94 -13 9.7113572719462366e+11
96 -13 7.9268282371838369e+12
98 -13 4.6796471497073516e+13
100 -13 2.1544338792846922e+14
102 -13 8.1783717560427150e+14
104 -13 2.6472091988616615e+15
106 -13 7.4802698867575980e+15
108 -13 1.8767813676056464e+16
110 -13 4.2413351790695440e+16
112 -13 8.6907834983414064e+16
114 -13 1.6272274260278925e+17
116 -13 2.7978397516048150e+17
118 -13 4.4384835305673971e+17
120 -13 6.5079490097989325e+17
122 -13 8.8468318629535501e+17
124 -13 1.1133959149949772e+18
126 -13 1.2987755519077276e+18
128 -13 1.4064911355986412e+18
130 -13 1.4112676647363261e+18
132 -13 1.3093401975327468e+18
134 -13 1.1207105168071429e+18
136 -13 8.8180561614782170e+17
138 -13 6.3529415879293709e+17
140 -13 4.1710346309967584e+17
142 -13 2.4824384478026467e+17
144 -13 1.3242474966273205e+17
146 -13 6.2573838375207504e+16
148 -13 2.5737506522004564e+16
150 -13 8.9864744538707770e+15
152 -13 2.5725266900233585e+15
154 -13 5.4831753890692212e+14
156 -13 7.9781757302301547e+13
82 -12 3.5464594315248204e+05
84 -12 2.0626183480238861e+08
86 -12 1.4232091074496012e+10
88 -12 3.2949502664790393e+11
90 -12 3.9523997279132090e+12
92 -12 3.0900710204409164e+13
94 -12 1.7942283948527925e+14
96 -12 8.2948151652401012e+14
98 -12 3.1952227298048015e+15
100 -12 1.0614335713415262e+16
102 -12 3.0941063318546420e+16
104 -12 8.0606610491276928e+16
106 -12 1.8981590092632662e+17
108 -12 4.0765905424902970e+17
110 -12 8.0202578725002790e+17
112 -12 1.4585731169569370e+18
114 -12 2.4464786366785393e+18
116 -12 3.8032605846529889e+18
118 -12 5.5112715642211379e+18
120 -12 7.4230084578993736e+18
122 -12 9.2974540531146527e+18
124 -12 1.0847198768730683e+19
126 -12 1.1779933582942198e+19
128 -12 1.1877673093814012e+19
130 -12 1.1137498663766888e+19
132 -12 9.6567533640397824e+18
134 -12 7.7413324544828580e+18
136 -12 5.7021219855515208e+18
138 -12 3.8556672018706545e+18
140 -12 2.3747431883636398e+18
142 -12 1.3212880462334748e+18
144 -12 6.6026788432258598e+17
146 -12 2.9116647008877126e+17
148 -12 1.1174558471851658e+17
150 -12 3.6243176383896992e+16
152 -12 9.5595433217322100e+15
154 -12 1.8760388859784300e+15
156 -12 2.4225819385022988e+14
78 -11 3.5710483211630932e+06
80 -11 1.1886903643379581e+09
82 -11 6.2894659553811539e+10
84 -11 1.2541731620136057e+12
86 -11 1.3936576581748465e+13
88 -11 1.0557224332595472e+14
90 -11 6.0673849194014212e+14
92 -11 2.8204587741664110e+15
94 -11 1.1067612652736016e+16
96 -11 3.7673334742162224e+16
98 -11 1.1341724860282154e+17
100 -11 3.0710540984815872e+17
102 -11 7.5461627439635917e+17
104 -11 1.6962491665037164e+18
106 -11 3.5084275259334052e+18
108 -11 6.7061556956612813e+18
110 -11 1.1898504847689691e+19
112 -11 1.9661241731843744e+19
114 -11 3.0276533213735858e+19
116 -11 4.3452593261841834e+19
118 -11 5.8268160742005400e+19
120 -11 7.2980837647799804e+19
122 -11 8.5317513801957982e+19
124 -11 9.3177398828827640e+19
126 -11 9.4749857976919835e+19
128 -11 8.9717437942822027e+19
130 -11 7.9073005598555292e+19
132 -11 6.4449340746203685e+19
134 -11 4.8597441533135176e+19
136 -11 3.3756852048948093e+19
138 -11 2.1452920778557506e+19
140 -11 1.2401765610519626e+19
142 -11 6.4925248590343772e+18
144 -11 3.0357285931887887e+18
146 -11 1.2557430212781627e+18
148 -11 4.4964594891035923e+17
150 -11 1.3570974293537819e+17
152 -11 3.3143583263069588e+16
154 -11 5.9871734523312400e+15
156 -11 6.8726635990321675e+14
74 -10 2.7399490133902349e+07
76 -10 5.5599901650446072e+09
78 -10 2.3165024639478952e+11
80 -10 4.0664793183665620e+12
82 -10 4.2472612102104875e+13
84 -10 3.1178505850504400e+14
86 -10 1.7819106178690398e+15
88 -10 8.3684838382041980e+15
90 -10 3.3438953393183304e+16
92 -10 1.1693363307339994e+17
94 -10 3.6430859774264538e+17
96 -10 1.0240934444518899e+18
98 -10 2.6266683543275653e+18
100 -10 6.1790491974016553e+18
102 -10 1.3439997607639032e+19
104 -10 2.7141547864667914e+19
106 -10 5.0936757606383436e+19
108 -10 8.9155826699168252e+19
110 -10 1.4574998707165495e+20
112 -10 2.2269596255885908e+20
114 -10 3.1921344049041972e+20
116 -10 4.2772331808598314e+20
118 -10 5.3772740036228710e+20
120 -10 6.3190599163743882e+20
122 -10 6.9525960093529211e+20
124 -10 7.1449857977320709e+20
126 -10 6.8556912863933091e+20
128 -10 6.1257278676326534e+20
130 -10 5.1022448275224684e+20
132 -10 3.9279643384687080e+20
134 -10 2.7945706957949308e+20
136 -10 1.8321906707801224e+20
138 -10 1.0981319144407399e+20
140 -10 5.9866927440354189e+19
142 -10 2.9474400366399648e+19
144 -10 1.2966648073140543e+19
146 -10 5.0244752300123709e+18
148 -10 1.6837524542723328e+18
150 -10 4.7396969300732531e+17
152 -10 1.0713932378503987e+17
154 -10 1.7797916596206698e+16
156 -10 1.8263683543696835e+15
68 -9 1.5868297480949574e+04
70 -9 1.5494099522236106e+08
72 -9 2.0779637625676598e+10
74 -9 6.9908358049003845e+11
76 -9 1.1016023085275484e+13
78 -9 1.0899878078619916e+14
80 -9 7.8555266315817525e+14
82 -9 4.4747446180048860e+15
84 -9 2.1192577900690080e+16
86 -9 8.6606456415109072e+16
88 -9 3.1174781084432269e+17
90 -9 1.0057864233924321e+18
92 -9 2.9439411844362583e+18
94 -9 7.9042956052779336e+18
96 -9 1.9528122485263413e+19
98 -9 4.4644921956541964e+19
100 -9 9.5091010597558780e+19
102 -9 1.8866280547120510e+20
104 -9 3.5011026413065798e+20
106 -9 6.0868449200693812e+20
108 -9 9.9235502510348698e+20
110 -9 1.5168495196521806e+21
112 -9 2.1744012679017220e+21
114 -9 2.9270422573097104e+21
116 -9 3.6990629394938462e+21
118 -9 4.3910739578671585e+21
120 -9 4.8769945025529197e+21
122 -9 5.0817235656608506e+21
124 -9 4.9434073628496259e+21
126 -9 4.4963034005357671e+21
128 -9 3.8089592492219402e+21
130 -9 3.0056987578721512e+21
132 -9 2.1925079243181974e+21
134 -9 1.4779439775332201e+21
136 -9 9.1527037175380299e+20
138 -9 5.1929128363895076e+20
140 -9 2.6722548770685947e+20
142 -9 1.2396521860930979e+20
144 -9 5.1332353160968970e+19
146 -9 1.8678550618706293e+19
148 -9 5.8633135854000169e+18
150 -9 1.5375414636315512e+18
152 -9 3.2280627767025901e+17
154 -9 4.9429385211291480e+16
156 -9 4.5470181869133510e+15
64 -8 3.1653543840388372e+05
66 -8 6.5194353364260745e+08
68 -8 6.0737070954561226e+10
70 -8 1.7034234989142983e+12
72 -8 2.4551900739329734e+13
74 -8 2.3237767920958781e+14
76 -8 1.6485821801084860e+15
78 -8 9.3991228681720260e+15
80 -8 4.5225848761932712e+16
82 -8 1.8897290967499130e+17
84 -8 7.0202880393758106e+17
86 -8 2.3533385468781993e+18
88 -8 7.1812277562777006e+18
90 -8 2.0182023609346630e+19
92 -8 5.2452356019986399e+19
94 -8 1.2648959350599113e+20
96 -8 2.8476780140336077e+20
98 -8 5.9872179601135698e+20
100 -8 1.1807763526814500e+21
102 -8 2.1842621786053956e+21
104 -8 3.7924071510830691e+21
106 -8 6.1888009556370297e+21
108 -8 9.4940282315297490e+21
110 -8 1.3700733032897127e+22
112 -8 1.8614266597270614e+22
114 -8 2.3762731380512655e+22
116 -8 2.8474125776266801e+22
118 -8 3.2090682488378135e+22
120 -8 3.3924527585104079e+22
122 -8 3.3599675513555653e+22
124 -8 3.1133544341329056e+22
126 -8 2.6902675265220468e+22
128 -8 2.1651469932540524e+22
130 -8 1.6208942091211192e+22
132 -8 1.1244419326260755e+22
134 -8 7.1926334051964955e+21
136 -8 4.2265560172364536e+21
138 -8 2.2677979055604095e+21
140 -8 1.1039637879062268e+21
142 -8 4.8380417895633263e+20
144 -8 1.8874925624310523e+20
146 -8 6.4515117190486196e+19
148 -8 1.8980327005750591e+19
150 -8 4.6509523234118410e+18
152 -8 9.0699424505888410e+17
154 -8 1.2812547503986758e+17
156 -8 1.0609899819693720e+16
60 -7 2.6617864374700263e+06
62 -7 2.0209073578004558e+09
64 -7 1.3761947667696713e+11
66 -7 3.3184855656861084e+12
68 -7 4.4240237868883258e+13
70 -7 4.0438863020232538e+14
72 -7 2.8245284825505140e+15
74 -7 1.6210855231440840e+16
76 -7 7.9366982919036672e+16
78 -7 3.4068826415122253e+17
80 -7 1.3112841985677192e+18
82 -7 4.5748829524661939e+18
84 -7 1.4607938294939458e+19
86 -7 4.3032706962309145e+19
88 -7 1.1791743345187557e+20
90 -7 3.0028241001163863e+20
92 -7 7.1628066163137826e+20
94 -7 1.5977883109128738e+21
96 -7 3.3539166211608449e+21
98 -7 6.6079227688450177e+21
100 -7 1.2246521580950758e+22
102 -7 2.1380636782426117e+22
104 -7 3.5158384166288675e+22
106 -7 5.4414573131186341e+22
108 -7 7.9417229780203344e+22
110 -7 1.0920705425885864e+23
112 -7 1.4137711657543565e+23
114 -7 1.7195412281403028e+23
116 -7 1.9689641562216906e+23
118 -7 2.1172041594588352e+23
120 -7 2.1358669069007157e+23
122 -7 2.0171329328213106e+23
124 -7 1.7811021195851275e+23
126 -7 1.4693354698235671e+23
128 -7 1.1275586305152518e+23
130 -7 8.0417666074599181e+22
132 -7 5.3008893112672684e+22
134 -7 3.2260100453156864e+22
136 -7 1.7993455732965897e+22
138 -7 9.1553455880697230e+21
140 -7 4.2208718822421179e+21
142 -7 1.7485346695840357e+21
144 -7 6.4347076603404236e+20
146 -7 2.0718515891150311e+20
148 -7 5.7110909212325708e+19
150 -7 1.3090395939679769e+19
152 -7 2.3703164691794995e+18
154 -7 3.0944348617082790e+17
156 -7 2.3208807865280344e+16
56 -6 1.2215193346224401e+07
58 -6 4.5341776406358490e+09
60 -6 2.3819004923617120e+11
62 -6 5.0368334906445801e+12
64 -6 6.2914973086792375e+13
66 -6 5.5664104885227212e+14
68 -6 3.8808359044037145e+15
70 -6 2.2422126300287308e+16
72 -6 1.1212175116001030e+17
74 -6 4.9600571783132499e+17
76 -6 1.9810995860540851e+18
78 -6 7.1964003585041449e+18
80 -6 2.4123872864071246e+19
82 -6 7.4893738822376423e+19
84 -6 2.1636064011920255e+20
86 -6 5.8488899537804788e+20
88 -6 1.4815325358853789e+21
90 -6 3.5226834445127694e+21
92 -6 7.8747387983870873e+21
94 -6 1.6574727114720843e+22
96 -6 3.2909491483852405e+22
98 -6 6.1567718417554567e+22
100 -6 1.0865941132431940e+23
102 -6 1.8096955115512265e+23
104 -6 2.8406609485734016e+23
106 -6 4.2105866005738235e+23
108 -6 5.8829955284147198e+23
110 -6 7.7395398475098162e+23
112 -6 9.5922720170591319e+23
114 -6 1.1187350105334789e+24
116 -6 1.2262041717018624e+24
118 -6 1.2631957495551532e+24
120 -6 1.2200047903078754e+24
122 -6 1.1028464258549084e+24
124 -6 9.3215075047401070e+23
126 -6 7.3437647196304691e+23
128 -6 5.3823873989313006e+23
130 -6 3.6609522230953207e+23
132 -6 2.3016631349166381e+23
134 -6 1.3322376843398041e+23
136 -6 7.0638031811442014e+22
138 -6 3.4162996319186781e+22
140 -6 1.4921730722142584e+22
142 -6 5.8506543757556261e+21
144 -6 2.0313250880806896e+21
146 -6 6.1570186071927017e+20
148 -6 1.5960339163235910e+20
150 -6 3.4188345122642649e+19
152 -6 5.7655674615368243e+18
154 -6 6.9652358783911373e+17
156 -6 4.7349165462752904e+16
52 -5 3.3821846414752990e+07
54 -5 7.3066269364000225e+09
56 -5 3.0697114337281366e+11
58 -5 5.8304367664411436e+12
60 -5 6.8838858131277156e+13
62 -5 5.9812525460397062e+14
64 -5 4.1462311933213360e+15
66 -5 2.4251499726926032e+16
68 -5 1.2407385920165226e+17
70 -5 5.6689017050565114e+17
72 -5 2.3535571374459264e+18
74 -5 8.9664592500268626e+18
76 -5 3.1580826696282980e+19
78 -5 1.0358655775037704e+20
80 -5 3.1735769244731310e+20
82 -5 9.1059025064727832e+20
84 -5 2.4602480156481725e+21
86 -5 6.2439955149212740e+21
88 -5 1.4931080503513565e+22
90 -5 3.3716811013014872e+22
92 -5 7.1849952821991474e+22
94 -5 1.4452028919858346e+23
96 -5 2.7455997889239671e+23
98 -5 4.9273859857114533e+23
100 -5 8.3524904839087824e+23
102 -5 1.3374634204579707e+24
104 -5 2.0190966019708314e+24
106 -5 2.8772217787287751e+24
108 -5 3.8670623750634473e+24
110 -5 4.9016715755909257e+24
112 -5 5.8420109024064736e+24
114 -5 6.5534913655329543e+24
116 -5 6.9128007186456362e+24
118 -5 6.8375327146799595e+24
120 -5 6.3374050577351434e+24
122 -5 5.4935715178667469e+24
124 -5 4.4487969950547731e+24
126 -5 3.3568496671146298e+24
128 -5 2.3559314372886057e+24
130 -5 1.5308987087138172e+24
132 -5 9.1819808245666574e+23
134 -5 5.0683733808276657e+23
136 -5 2.5561281192511875e+23
138 -5 1.1752508438421787e+23
140 -5 4.8754763270289302e+22
142 -5 1.8087794884732579e+22
144 -5 5.9383451667538316e+21
146 -5 1.6970827855542532e+21
148 -5 4.1289824852095887e+20
150 -5 8.2897581432563778e+19
152 -5 1.3037870814625106e+19
154 -5 1.4562710031060918e+18
156 -5 9.0221796834477664e+16
48 -4 5.9562243110293686e+07
50 -4 8.3401324588821859e+09
52 -4 2.9132474542925470e+11
54 -4 5.0232042333633184e+12
56 -4 5.6722731786806141e+13
58 -4 4.8306253752586406e+14
60 -4 3.3463804203251445e+15
62 -4 1.9890540608223288e+16
64 -4 1.0443325628722944e+17
66 -4 4.9385005495053638e+17
68 -4 2.1373459240955666e+18
70 -4 8.5621949446136361e+18
72 -4 3.1805112296179753e+19
74 -4 1.1062768675430334e+20
76 -4 3.6006770352473198e+20
78 -4 1.1030655080141429e+21
80 -4 3.1813422999858184e+21
82 -4 8.6759257497441749e+21
84 -4 2.2284592655956502e+22
86 -4 5.4134004241270523e+22
88 -4 1.2433880255532771e+23
90 -4 2.6961123521184936e+23
92 -4 5.5396431296394860e+23
94 -4 1.0753642826039760e+24
96 -4 1.9750605012290021e+24
98 -4 3.4254083457153201e+24
100 -4 5.6100949357869931e+24
102 -4 8.6828480386471203e+24
104 -4 1.2684264928818422e+25
106 -4 1.7487389400854338e+25
108 -4 2.2703651246198938e+25
110 -4 2.7790116325721971e+25
112 -4 3.1959387513065654e+25
114 -4 3.4627643772436695e+25
116 -4 3.5199266096150505e+25
118 -4 3.3498724908783056e+25
120 -4 2.9896297585793207e+25
122 -4 2.4935323771666297e+25
124 -4 1.9380264874432801e+25
126 -4 1.4022896038402240e+25
128 -4 9.4275314131221509e+24
130 -4 5.8636428322135299e+24
132 -4 3.3620929183568679e+24
134 -4 1.7704935022230021e+24
136 -4 8.5218509471729355e+23
138 -4 3.7209906390571309e+23
140 -4 1.4673549998480768e+23
142 -4 5.1594730936481264e+22
144 -4 1.6020344381133243e+22
146 -4 4.3183532310743157e+21
148 -4 9.9014126177789490e+20
150 -4 1.8619888395761123e+20
152 -4 2.7301744207024234e+19
154 -4 2.8253961239359729e+18
156 -4 1.6007743951617130e+17
44 -3 6.7207977802589834e+07
46 -3 6.5912161677622318e+09
48 -3 1.9605040493293021e+11
50 -3 3.1177980971041455e+12
52 -3 3.3742171552669547e+13
54 -3 2.8292251965446994e+14
56 -3 1.9655465364358938e+15
58 -3 1.1883887895689870e+16
60 -3 6.4223734543373920e+16
62 -3 3.1558041038213619e+17
64 -3 1.4308249894384947e+18
66 -3 6.0262330553245082e+18
68 -3 2.3741396120392589e+19
70 -3 8.7836308291564339e+19
72 -3 3.0552238170730050e+20
74 -3 1.0025140155279417e+21
76 -3 3.1083904411867577e+21
78 -3 9.1134961130490529e+21
80 -3 2.5304117161206848e+22
82 -3 6.6357645378481740e+22
84 -3 1.6500837988743221e+23
86 -3 3.8850352133572364e+23
88 -3 8.6595590818029030e+23
90 -3 1.8256554727747569e+24
92 -3 3.6449748680647971e+24
94 -3 6.8869588396488334e+24
96 -3 1.2291354094320619e+25
98 -3 2.0737004868239669e+25
100 -3 3.3089544829223130e+25
102 -3 4.9734605114150392e+25
104 -3 7.0628121571257304e+25
106 -3 9.4447598021919925e+25
108 -3 1.1903085271339655e+26
110 -3 1.4112883381059871e+26
112 -3 1.5729602214355905e+26
114 -3 1.6467216855841731e+26
116 -3 1.6175204340882352e+26
118 -3 1.4872211349605153e+26
120 -3 1.2791669641077166e+26
122 -3 1.0275759956699640e+26
124 -3 7.6843266635754589e+25
126 -3 5.3441758814031644e+25
128 -3 3.4461296439895366e+25
130 -3 2.0535201842877809e+25
132 -3 1.1266844470505886e+25
134 -3 5.6719118726013068e+24
136 -3 2.6016181474927767e+24
138 -3 1.0837813019751204e+24
140 -3 4.0545767564348878e+23
142 -3 1.3553083772071547e+23
144 -3 3.9825300148353325e+22
146 -3 1.0132992925083801e+22
148 -3 2.1873846080482855e+21
150 -3 3.8615827675698994e+20
152 -3 5.2896621085572071e+19
154 -3 5.0826817531824947e+18
156 -3 2.6404207838937645e+17
38 -2 3.9256255571288195e+04
40 -2 4.7650387743587941e+07
42 -2 3.4941855680074854e+09
44 -2 9.0357045190580353e+10
46 -2 1.3342420214494585e+12
48 -2 1.3894677535987801e+13
50 -2 1.1445529485323102e+14
52 -2 7.9862336595450562e+14
54 -2 4.9284008383119580e+15
56 -2 2.7502478534703196e+16
58 -2 1.4117163239200163e+17
60 -2 6.7329717493699443e+17
62 -2 3.0016660423547146e+18
64 -2 1.2592513731308771e+19
66 -2 4.9723411793850327e+19
68 -2 1.8546441465121027e+20
70 -2 6.5587255803504086e+20
72 -2 2.1959081679906650e+21
74 -2 6.9643259356171574e+21
76 -2 2.0945029067962034e+22
78 -2 5.9814161924005630e+22
80 -2 1.6198283464349074e+23
82 -2 4.1566295514951207e+23
84 -2 1.0106784267532071e+24
86 -2 2.3314049273843687e+24
88 -2 5.0905249847452557e+24
90 -2 1.0520032856384175e+25
92 -2 2.0592382688059064e+25
94 -2 3.8045648035242974e+25
96 -2 6.6560026728144920e+25
98 -2 1.0980993501351563e+26
100 -2 1.7099423278937259e+26
102 -2 2.5124307672795251e+26
104 -2 3.4763229684835280e+26
106 -2 4.5340815721655353e+26
108 -2 5.5631802168310568e+26
110 -2 6.4135794052695101e+26
112 -2 6.9400963394134564e+26
114 -2 7.0448734496513791e+26
116 -2 6.6992692420695348e+26
118 -2 5.9588690018384368e+26
120 -2 4.9529413212907197e+26
122 -2 3.8371239156749487e+26
124 -2 2.7678806668110126e+26
126 -2 1.8511113379710475e+26
128 -2 1.1470373325281297e+26
130 -2 6.5602445317421236e+25
132 -2 3.4505623620590064e+25
134 -2 1.6609885723132821e+25
136 -2 7.2775641986926740e+24
138 -2 2.8889139858173485e+24
140 -2 1.0301011092506512e+24
142 -2 3.2640038366206711e+23
144 -2 9.0928986915155386e+22
146 -2 2.1880860092121471e+22
148 -2 4.4472966982432645e+21
150 -2 7.3805474229264135e+20
152 -2 9.4509977063526236e+19
154 -2 8.4343357535316490e+18
156 -2 4.0365880916848045e+17
34 -1 3.8242979309990689e+04
36 -1 2.0537276760073170e+07
38 -1 1.1672242465007403e+09
40 -1 2.6544139191807995e+10
42 -1 3.6490499514652795e+11
44 -1 3.6633423581681895e+12
46 -1 2.9866944722539746e+13
48 -1 2.1029966877593350e+14
50 -1 1.3283456901606448e+15
52 -1 7.7111130370423780e+15
54 -1 4.1548082486117160e+16
56 -1 2.0984482203973891e+17
58 -1 9.9694512249969984e+17
60 -1 4.4730508346024489e+18
62 -1 1.9002864688820990e+19
64 -1 7.6497483992326521e+19
66 -1 2.9286755245100669e+20
68 -1 1.0653940686779350e+21
70 -1 3.6815659025754950e+21
72 -1 1.2078425122395572e+22
74 -1 3.7736856079801145e+22
76 -1 1.1188383079658784e+23
78 -1 3.1551287283801169e+23
80 -1 8.4427075652173496e+23
82 -1 2.1406642304128300e+24
84 -1 5.1476559986010790e+24
86 -1 1.1730760920090053e+25
88 -1 2.5273979800122767e+25
90 -1 5.1587526675161375e+25
92 -1 9.9620137260451571e+25
94 -1 1.8150407995170159e+26
96 -1 3.1224828315449758e+26
98 -1 5.0676290842275034e+26
100 -1 7.7455590649067302e+26
102 -1 1.1158257901697443e+27
104 -1 1.5139318147162573e+27
106 -1 1.9285725599767217e+27
108 -1 2.3089287308821734e+27
110 -1 2.5956991903505376e+27
112 -1 2.7347034451467381e+27
114 -1 2.6996873510449275e+27
116 -1 2.4937212971754009e+27
118 -1 2.1508433685289431e+27
120 -1 1.7295773794196700e+27
122 -1 1.2953063364247772e+27
124 -1 9.0221441500327265e+26
126 -1 5.8162828445190058e+26
128 -1 3.4684801161538159e+26
130 -1 1.9050921898677095e+26
132 -1 9.6108473595658025e+25
134 -1 4.4320086819891398e+25
136 -1 1.8580244472870802e+25
138 -1 7.0364815742884181e+24
140 -1 2.3882322307421103e+24
142 -1 7.2033635935448017e+23
144 -1 1.9029252749785192e+23
146 -1 4.3351527628890777e+22
148 -1 8.3147586880792890e+21
150 -1 1.2970419845045569e+21
152 -1 1.5538101173940820e+20
154 -1 1.2918712402486983e+19
156 -1 5.7020808232887674e+17
30 0 1.7310405380135620e+04
32 0 4.7485335380602535e+06
34 0 2.1795797573865166e+08
36 0 4.4183302704247599e+09
38 0 5.6774578779536629e+10
40 0 5.5045510113944153e+11
42 0 4.4469068834580381e+12
44 0 3.1830481925933266e+13
46 0 2.0916241882363066e+14
48 0 1.2799844369199218e+15
50 0 7.3457210114496200e+15
52 0 3.9770648123639112e+16
54 0 2.0350103106593379e+17
56 0 9.8918715457015821e+17
58 0 4.5602301479314278e+18
60 0 2.0017599472897737e+19
62 0 8.3617306631219462e+19
64 0 3.3332642604368973e+20
66 0 1.2643113840621244e+21
68 0 4.5648566898075951e+21
70 0 1.5726730832702471e+22
72 0 5.1490322969928304e+22
74 0 1.6055267808580960e+23
76 0 4.7621077293398486e+23
78 0 1.3396424405805175e+24
80 0 3.5775407583997814e+24
82 0 9.0618498268744897e+24
84 0 2.1720627520015500e+25
86 0 4.9302269871841840e+25
88 0 1.0588850604639532e+26
90 0 2.1478260498021093e+26
92 0 4.1152165349383600e+26
94 0 7.4290474967651138e+26
96 0 1.2644333276212489e+27
98 0 2.0271401277131865e+27
100 0 3.0568718036810848e+27
102 0 4.3346784234874114e+27
104 0 5.7796748613271009e+27
106 0 7.2283805157610705e+27
108 0 8.4797503617475178e+27
110 0 9.3217131202243230e+27
112 0 9.6004521856996003e+27
114 0 9.2314706925387492e+27
116 0 8.2960810866941221e+27
118 0 6.9545903807772902e+27
120 0 5.4278518105083606e+27
122 0 3.9389773968491160e+27
124 0 2.6500802539257275e+27
126 0 1.6504706837392012e+27
128 0 9.4862228019162099e+26
130 0 5.0167376355726933e+26
132 0 2.4302820713445653e+26
134 0 1.0751775009215499e+26
136 0 4.3140639232338615e+25
138 0 1.5614235298472971e+25
140 0 5.0567359811435212e+24
142 0 1.4501488794368725e+24
144 0 3.6381489208818359e+23
146 0 7.8493590245478289e+22
148 0 1.4215662095058218e+22
150 0 2.0878168640182849e+21
152 0 2.3481663858627972e+20
154 0 1.8186078283269900e+19
156 0 7.4157299590755648e+17
26 1 2.6130559633977864e+03
28 1 4.5544520363617630e+05
30 1 1.7152161729896769e+07
32 1 3.1124329926069772e+08
34 1 3.7392479318879313e+09
36 1 3.5117694227468468e+10
38 1 2.8762214407983612e+11
40 1 2.1785809881484062e+12
42 1 1.5575849220325332e+13
44 1 1.0528649588060841e+14
46 1 6.6837970766656462e+14
48 1 4.0016975936458085e+15
50 1 2.2598316703111152e+16
52 1 1.2138587781660248e+17
54 1 6.1906157031505818e+17
56 1 3.0082282828238848e+18
58 1 1.3941048188584563e+19
60 1 6.1581019973650031e+19
62 1 2.5977466354854422e+20
64 1 1.0438941435868545e+21
66 1 4.0025624485769322e+21
68 1 1.4635771050211813e+22
70 1 5.0946551218639789e+22
72 1 1.6905573103534797e+23
74 1 5.3305140850049387e+23
76 1 1.5975143239984756e+24
78 1 4.5373331276939766e+24
80 1 1.2223075572130233e+25
82 1 3.1211990213928269e+25
84 1 7.5304716569834207e+25
86 1 1.7180818782094642e+26
88 1 3.7006812280541728e+26
90 1 7.5069464844882247e+26
92 1 1.4367683596111523e+27
94 1 2.5876699902552327e+27
96 1 4.3833660999543565e+27
98 1 6.9815549333583342e+27
100 1 1.0438616475204511e+28
102 1 1.4636838543726783e+28
104 1 1.9248968350717868e+28
106 1 2.3735738476795318e+28
108 1 2.7387610819222370e+28
110 1 2.9546942917062811e+28
112 1 2.9785759376461134e+28
114 1 2.8039832265434701e+28
116 1 2.4582542354537996e+28
118 1 2.0077879884446104e+28
120 1 1.5243680721698633e+28
122 1 1.0737049146146136e+28
124 1 6.9980911511805540e+27
126 1 4.2145892686056507e+27
128 1 2.3379194028812949e+27
130 1 1.1916162132483584e+27
132 1 5.5583572767711829e+26
134 1 2.3605045841718464e+26
136 1 9.0794243598312863e+25
138 1 3.1467600992584333e+25
140 1 9.7265446357230816e+24
142 1 2.6584300759506318e+24
144 1 6.3358404075544091e+23
146 1 1.2962392867491013e+23
148 1 2.2211152342517845e+22
150 1 3.0717248386794175e+21
152 1 3.2430809361040251e+20
154 1 2.3460696321431745e+19
156 1 8.8519015367183117e+17
30 2 4.0775573598130292e+05
32 2 4.7732641889823288e+07
34 2 1.5425192695144956e+09
36 2 2.6044994938848179e+10
38 2 3.0377239857343567e+11
40 2 2.8125805441704009e+12
42 2 2.2399477789261098e+13
44 2 1.6133298183767891e+14
46 2 1.0785204996387428e+15
48 2 6.7507983849764790e+15
50 2 3.9807634466179552e+16
52 2 2.2217465377272886e+17
54 2 1.1761829090954074e+18
56 2 5.9200478704474378e+18
58 2 2.8366229511327134e+19
60 2 1.2922544062674575e+20
62 2 5.6175998233223397e+20
64 2 2.3286344289297362e+21
66 2 9.1986028598234804e+21
68 2 3.4581455970217480e+22
70 2 1.2382359538831808e+23
72 2 4.2120162497600047e+23
74 2 1.3597812760855782e+24
76 2 4.1713546077938232e+24
78 2 1.2107514603583075e+25
80 2 3.3243537606447320e+25
82 2 8.6298310042404324e+25
84 2 2.1160802495771192e+26
86 2 4.8940768072150701e+26
88 2 1.0649851150180795e+27
90 2 2.1826817009794518e+27
92 2 4.2042160427599184e+27
94 2 7.5959475600310338e+27
96 2 1.2892462620058313e+28
98 2 2.0508128343156067e+28
100 2 3.0571429432236790e+28
102 2 4.2629256230827993e+28
104 2 5.5632196487460076e+28
106 2 6.7857027289806201e+28
108 2 7.7306730518722251e+28
110 2 8.2220173586123632e+28
112 2 8.1434967952826603e+28
114 2 7.5169738055460784e+28
116 2 6.4534773593252796e+28
118 2 5.1503213839340489e+28
120 2 3.8105377294191824e+28
122 2 2.6104282167712596e+28
124 2 1.6531489358653852e+28
126 2 9.6531472513752644e+27
128 2 5.1809421195393139e+27
130 2 2.5506196204650598e+27
132 2 1.1460647954667847e+27
134 2 4.6832891163780525e+26
136 2 1.7289288914935324e+26
138 2 5.7407775518001027e+25
140 2 1.6963198820747224e+25
142 2 4.4233195759871438e+24
144 2 1.0035221178493924e+24
146 2 1.9455578121002933e+23
148 2 3.1561810567726765e+22
150 2 4.1172038450118341e+21
152 2 4.0827071431120336e+20
154 2 2.7616453899152552e+19
156 2 9.6904187228116992e+17
34 3 2.7253558482111469e+07
36 3 2.2812974072914782e+09
38 3 6.3965262540971001e+10
40 3 1.0201784359259379e+12
42 3 1.1580683348436266e+13
44 3 1.0601056276032719e+14
46 3 8.3706758499305912e+14
48 3 5.9392925991639870e+15
50 3 3.8842956406384488e+16
52 3 2.3631269399293869e+17
54 3 1.3503446445977861e+18
56 3 7.2926927625444659e+18
58 3 3.7230803893654651e+19
60 3 1.7996059898761619e+20
62 3 8.2658718703403100e+20
64 3 3.6042520778297610e+21
66 3 1.4950047808895326e+22
68 3 5.8809172707859958e+22
70 3 2.1985461892897016e+23
72 3 7.7877371001082369e+23
74 3 2.6135235226737583e+24
76 3 8.3016529074632889e+24
78 3 2.4911306959983729e+25
80 3 7.0566764825778863e+25
82 3 1.8851578883671330e+26
84 3 4.7411502001182322e+26
86 3 1.1217234825979464e+27
88 3 2.4919499987370470e+27
90 3 5.1993162565569589e+27
92 3 1.0153039730078085e+28
94 3 1.8582078183763713e+28
96 3 3.1800970029071266e+28
98 3 5.0898521170754440e+28
100 3 7.6066621781868884e+28
102 3 1.0614491791706640e+29
104 3 1.3815655389152787e+29
106 3 1.6763094635496672e+29
108 3 1.8935725375899194e+29
110 3 1.9916795079061772e+29
112 3 1.9488460299394051e+29
114 3 1.7706799855313274e+29
116 3 1.4934440668424472e+29
118 3 1.1668075535306171e+29
120 3 8.4428436426812674e+28
122 3 5.6446327652005871e+28
124 3 3.4792051074797729e+28
126 3 1.9747645926916694e+28
128 3 1.0277278019201798e+28
130 3 4.8939730061190473e+27
132 3 2.1229690994005547e+27
134 3 8.3520705898522327e+26
136 3 2.9658668398889934e+26
138 3 9.4401970449777861e+25
140 3 2.6724348109744968e+25
142 3 6.6495956042202041e+24
144 3 1.4377857779934012e+24
146 3 2.6516826850521279e+23
148 3 4.0710278604118374e+22
150 3 5.0114617214556323e+21
152 3 4.6790220229971830e+20
154 3 2.9603652067894706e+19
156 3 9.6469876132766758e+17
36 4 1.0642579369841046e+06
38 4 1.0449440256023828e+09
40 4 6.5885554237570770e+10
42 4 1.6447272346126343e+12
44 4 2.4823789678486605e+13
46 4 2.7511035664970006e+14
48 4 2.4908248797841080e+15
50 4 1.9516199136258024e+16
52 4 1.3786676183448784e+17
54 4 8.9023760348378368e+17
56 4 5.3550930380271944e+18
58 4 3.0115211675160990e+19
60 4 1.5913985413205157e+20
62 4 7.9222286170876884e+20
64 4 3.7218985628286436e+21
66 4 1.6578389391624886e+22
68 4 6.9672991872005834e+22
70 4 2.7678463492216964e+23
72 4 1.0387203420156565e+24
74 4 3.6751642993827269e+24
76 4 1.2279919017230371e+25
78 4 3.8648215206609178e+25
80 4 1.1438927575518450e+26
82 4 3.1836720724927669e+26
84 4 8.3117949803526043e+26
86 4 2.0338401583794604e+27
88 4 4.6617151886035251e+27
90 4 9.9865600250506306e+27
92 4 1.9984487579157844e+28
94 4 3.7329864010597509e+28
96 4 6.5036223092167433e+28
98 4 1.0550211547536240e+29
100 4 1.5929662226441649e+29
102 4 2.2389128763022563e+29
104 4 2.9240845883363972e+29
106 4 3.5482040654014300e+29
108 4 3.9961594034038438e+29
110 4 4.1798020050133272e+29
112 4 4.0523303084315266e+29
114 4 3.6407242024151726e+29
116 4 3.0281654621480788e+29
118 4 2.3277574986066455e+29
120 4 1.6511796247470243e+29
122 4 1.0801048166199720e+29
124 4 6.5001568505834736e+28
126 4 3.5910233436172790e+28
128 4 1.8165916069840038e+28
130 4 8.3865227418621582e+27
132 4 3.5189686165736075e+27
134 4 1.3367803864604003e+27
136 4 4.5713825407962526e+26
138 4 1.3975552031583460e+26
140 4 3.7915027642384074e+25
142 4 9.0240868356017519e+24
144 4 1.8611457305484043e+24
146 4 3.2608652759596892e+23
148 4 4.7478423626154540e+22
150 4 5.5273493094521813e+21
152 4 4.8552955842565662e+20
154 4 2.8792939444315292e+19
156 4 8.7468862203522278e+17
40 5 7.4644935780578762e+07
42 5 2.5807149276982368e+10
44 5 1.3003806585595168e+12
46 5 2.9252404275284453e+13
48 5 4.1962204171566138e+14
50 5 4.5575840197432000e+15
52 5 4.0814669571691576e+16
54 5 3.1888329801583514e+17
56 5 2.2385624252161055e+18
58 5 1.4360490347953707e+19
60 5 8.5442867301404049e+19
62 5 4.7466631034132831e+20
64 5 2.4666994391377479e+21
66 5 1.2047064745250554e+22
68 5 5.5301361214702423e+22
70 5 2.3823989305371421e+23
72 5 9.6548388075787105e+23
74 5 3.6720261190431789e+24
76 5 1.3113112469583480e+25
78 5 4.3953292849586756e+25
80 5 1.3798457935633896e+26
82 5 4.0541312716692267e+26
84 5 1.1144431885958892e+27
86 5 2.8572521126446262e+27
88 5 6.8324175615940038e+27
90 5 1.5222069828140468e+28
92 5 3.1557798549655742e+28
94 5 6.0769782213238935e+28
96 5 1.0877251035966319e+29
98 5 1.8041160754206234e+29
100 5 2.7763695709149380e+29
102 5 3.9569606520833050e+29
104 5 5.2219574700545086e+29
106 5 6.3798559075539522e+29
108 5 7.2146825899960844e+29
110 5 7.5432595402341747e+29
112 5 7.2868535541002460e+29
114 5 6.4994444864801918e+29
116 5 5.3499823444791268e+29
118 5 4.0601974252904953e+29
120 5 2.8356717851907051e+29
122 5 1.8207860450140532e+29
124 5 1.0723311007477876e+29
126 5 5.7867281312547522e+28
128 5 2.8501033071692497e+28
130 5 1.2785897711240722e+28
132 5 5.2013003753483079e+27
134 5 1.9108885948586236e+27
136 5 6.3004632004991435e+26
138 5 1.8550451451628298e+26
140 5 4.8289947132861512e+25
142 5 1.0998667968639506e+25
144 5 2.1659452331040311e+24
146 5 3.6121443295987103e+23
148 5 4.9880670841957666e+22
150 5 5.4952480302611667e+21
152 5 4.5492017384739943e+20
154 5 2.5282396997677892e+19
156 5 7.1664909895134157e+17
44 6 2.3580853608313193e+09
46 6 4.5224796427172461e+11
48 6 1.8722935264544465e+13
50 6 3.8437713035856494e+14
52 6 5.2792951544785600e+15
54 6 5.6098778828689144e+16
56 6 4.9669812114635238e+17
58 6 3.8504563172497367e+18
60 6 2.6842359280062120e+19
62 6 1.7120126059895449e+20
64 6 1.0103606834545723e+21
66 6 5.5457467291573703e+21
68 6 2.8363150353490898e+22
70 6 1.3561105830398426e+23
72 6 6.0524752716013882e+23
74 6 2.5226700670811693e+24
76 6 9.8175514743476217e+24
78 6 3.5655824217878385e+25
80 6 1.2075761046821145e+26
82 6 3.8096189657358767e+26
84 6 1.1176905530604854e+27
86 6 3.0474412839689124e+27
88 6 7.7147915237702389e+27
90 6 1.8085784714354038e+28
92 6 3.9287570358879216e+28
94 6 7.8926327217893854e+28
96 6 1.4660129648727663e+29
98 6 2.5134083276611432e+29
100 6 3.9778481849762166e+29
102 6 5.8018770645333481e+29
104 6 7.8034610554026871e+29
106 6 9.6730279981963627e+29
108 6 1.1047078265070996e+30
110 6 1.1616211764042418e+30
112 6 1.1243343134827718e+30
114 6 1.0017771402944349e+30
116 6 8.1980313092718116e+29
118 6 6.1671579477364414e+29
120 6 4.2572532717071704e+29
122 6 2.6912820578792027e+29
124 6 1.5578649086863508e+29
126 6 8.2308699383150022e+28
128 6 3.9586651569612564e+28
130 6 1.7295701104373069e+28
132 6 6.8392552865803574e+27
134 6 2.4328398491788199e+27
136 6 7.7518139462621705e+26
138 6 2.1983427228292409e+26
140 6 5.5029255761306431e+25
142 6 1.2019830665257158e+25
144 6 2.2626073536628567e+24
146 6 3.5957213789525848e+23
148 6 4.7181070665759242e+22
150 6 4.9123737835606848e+21
152 6 3.8304674486702506e+20
154 6 2.0044730744230384e+19
156 6 5.2884922538517734e+17
48 7 4.7239977917641808e+10
50 7 5.8448161594232910e+12
52 7 2.0495656388106250e+14
54 7 3.8865090539011835e+15
56 7 5.1265777153356856e+16
58 7 5.3110945661590106e+17
60 7 4.6418351789974999e+18
62 7 3.5619806245642211e+19
64 7 2.4660370797202919e+20
66 7 1.5626698643362483e+21
68 7 9.1294754370669374e+21
70 7 4.9392321541414347e+22
72 7 2.4768707877013639e+23
74 7 1.1555631390617346e+24
76 7 4.9983320585741939e+24
78 7 2.0030173809782245e+25
80 7 7.4555374725854031e+25
82 7 2.5702357612629840e+26
84 7 8.1899082226081339e+26
86 7 2.4130516516656088e+27
88 7 6.5569495768350898e+27
90 7 1.6437608008648999e+28
92 7 3.7910942191930741e+28
94 7 8.0533554455429050e+28
96 7 1.5714230219802240e+29
98 7 2.8165430653036472e+29
100 7 4.6304312778155114e+29
102 7 6.9888389005614803e+29
104 7 9.6606057720504577e+29
106 7 1.2249150856293881e+30
108 7 1.4238822871733377e+30
110 7 1.5167334356007491e+30
112 7 1.4804614522444114e+30
114 7 1.3239813483670309e+30
116 7 1.0841110548479964e+30
118 7 8.1182610332506099e+29
120 7 5.5625451528388520e+29
122 7 3.4788055602098609e+29
124 7 1.9847260618175269e+29
126 7 1.0297403336627370e+29
128 7 4.8527359503273026e+28
130 7 2.0701508523203153e+28
132 7 7.9644194236590537e+27
134 7 2.7513378448420276e+27
136 7 8.4852910649865831e+26
138 7 2.3229790509464770e+26
140 7 5.5937080037807928e+25
142 7 1.1728917882475020e+25
144 7 2.1095342762679741e+24
146 7 3.2026160017018167e+23
148 7 3.9945829528978082e+22
150 7 3.9388023442432296e+21
152 7 2.8967894382585112e+20
154 7 1.4214017030607897e+19
156 7 3.5037977096349907e+17
52 8 6.5325877528209583e+11
54 8 5.8214189879913625e+13
56 8 1.7485688316007882e+15
58 8 3.0963044464547416e+16
60 8 3.9158828258433389e+17
62 8 3.9629731874490286e+18
64 8 3.4121899517989237e+19
66 8 2.5956283435050376e+20
68 8 1.7809494858206182e+21
70 8 1.1151944088062458e+22
72 8 6.4260603286258159e+22
74 8 3.4168051197434673e+23
76 8 1.6755394401269645e+24
78 8 7.5748594766831409e+24
80 8 3.1578086130899907e+25
82 8 1.2103594921426297e+26
84 8 4.2689438688561724e+26
86 8 1.3825947226747798e+27
88 8 4.1121535801853412e+27
90 8 1.1185370429979105e+28
92 8 2.7876193910990514e+28
94 8 6.3423474328436741e+28
96 8 1.3184926577331619e+29
98 8 2.5020001936325764e+29
100 8 4.3296650857142418e+29
102 8 6.8272311816516178e+29
104 8 9.8126996312517884e+29
106 8 1.2841663390026717e+30
108 8 1.5324690397310436e+30
110 8 1.6670270941274529e+30
112 8 1.6522217973769945e+30
114 8 1.4928722136881914e+30
116 8 1.2296099671357824e+30
118 8 9.2226185403686886e+29
120 8 6.2953741930435323e+29
122 8 3.9115463315928385e+29
124 8 2.2066290740258495e+29
126 8 1.1292511364324309e+29
128 8 5.2255801879346320e+28
130 8 2.1825771275494260e+28
132 8 8.1994650052078533e+27
134 8 2.7543117044971994e+27
136 8 8.2359450953304460e+26
138 8 2.1807534103874053e+26
140 8 5.0615544726856029e+25
142 8 1.0202922958770217e+25
144 8 1.7566019075990166e+24
146 8 2.5443526230562402e+23
148 8 3.0190916837957628e+22
150 8 2.8181364183714780e+21
152 8 1.9566725883021879e+20
154 8 9.0123435418678067e+18
156 8 2.0799088018927693e+17
56 9 7.0551351503073135e+12
58 9 4.4758147629662800e+14
60 9 1.1983004097357480e+16
62 9 1.9681567671628794e+17
64 9 2.4029791466709688e+18
66 9 2.3737784452058526e+19
68 9 2.0162249432366016e+20
70 9 1.5115990536169484e+21
72 9 1.0248322578472621e+22
74 9 6.3380238555904037e+22
76 9 3.5920177727783542e+23
78 9 1.8634739429264050e+24
80 9 8.8681540957499670e+24
82 9 3.8612496460156936e+25
84 9 1.5376218668830376e+26
86 9 5.5848339998287649e+26
88 9 1.8468848635507402e+27
90 9 5.5591266566007942e+27
92 9 1.5217600089907461e+28
94 9 3.7761056911344811e+28
96 9 8.5001354833142625e+28
98 9 1.7333184179293056e+29
100 9 3.1989495447364941e+29
102 9 5.3454468738352941e+29
104 9 8.0738663957718555e+29
106 9 1.1038414680933456e+30
108 9 1.3661555984167850e+30
110 9 1.5305658138083847e+30
112 9 1.5529555945872449e+30
114 9 1.4283234077792094e+30
116 9 1.1909568438782230e+30
118 9 8.9969114036393912e+29
120 9 6.1566310358787914e+29
122 9 3.8143548132874446e+29
124 9 2.1379275428654856e+29
126 9 1.0817645013222267e+29
128 9 4.9360342599075498e+28
130 9 2.0233691082287391e+28
132 9 7.4375757555300420e+27
134 9 2.4349490463791475e+27
136 9 7.0807582702207047e+26
138 9 1.8166702528627472e+26
140 9 4.0675304910130809e+25
142 9 7.8860602425074444e+24
144 9 1.3019949053451639e+24
146 9 1.8006173431040342e+23
148 9 2.0305513355521011e+22
150 9 1.8011513880860214e+21
152 9 1.1795082850570265e+20
154 9 5.0952042554587146e+18
156 9 1.0977282383911074e+17
58 10 1.6808509445681808e+11
60 10 5.3710100487172344e+13
62 10 2.7798874907725730e+15
64 10 6.5723031715860992e+16
66 10 1.0214844629712330e+18
68 10 1.1976148203654836e+19
70 10 1.1578830230124003e+20
72 10 9.6509927490210274e+20
74 10 7.1474674394476032e+21
76 10 4.7697759724875746e+22
78 10 2.8968267200694335e+23
80 10 1.6020465629821188e+24
82 10 8.0843243009908928e+24
84 10 3.7013553164566374e+25
86 10 1.5382647162918296e+26
88 10 5.7890530404674438e+26
90 10 1.9656739235592895e+27
92 10 6.0239178557470252e+27
94 10 1.6605495400646115e+28
96 10 4.1228903345600814e+28
98 10 9.1932560903396304e+28
100 10 1.8403953858842975e+29
102 10 3.3033980727586927e+29
104 10 5.3224154939334317e+29
106 10 7.6963032403681764e+29
108 10 9.9882915883725638e+29
110 10 1.1647511087390764e+30
112 10 1.2212650895721029e+30
114 10 1.1528116242475510e+30
116 10 9.7964561345468262e+29
118 10 7.5008525473408585e+29
120 10 5.1736553445598260e+29
122 10 3.2144418796847457e+29
124 10 1.7978425369794433e+29
126 10 9.0359269226277629e+28
128 10 4.0765785279794651e+28
130 10 1.6464729939635071e+28
132 10 5.9311388729735296e+27
134 10 1.8997542286658958e+27
136 10 5.3795743959015526e+26
138 10 1.3368814979560914e+26
140 10 2.8956414352342531e+25
142 10 5.4045002199788966e+24
144 10 8.5642818862058727e+23
146 10 1.1326765098121451e+23
148 10 1.2155030085773220e+22
150 10 1.0219528136014147e+21
152 10 6.3119571017676751e+19
154 10 2.5616002578410860e+18
156 10 5.1423177976540800e+16
62 11 1.7506627642110417e+12
64 11 3.3403584266115862e+14
66 11 1.3692428879226702e+16
68 11 2.9636244466149101e+17
70 11 4.3197336332199245e+18
72 11 4.9086288172681814e+19
74 11 4.6237093521520263e+20
76 11 3.7921512456959306e+21
78 11 2.7543862397201916e+22
80 11 1.8080096828608563e+23
82 11 1.0717044304357718e+24
84 11 5.7617460285989901e+24
86 11 2.7914552322620301e+25
88 11 1.2197546630099616e+26
90 11 4.7807448669757764e+26
92 11 1.6767959446962848e+27
94 11 5.2527082278754590e+27
96 11 1.4669029772667670e+28
98 11 3.6468432922541364e+28
100 11 8.0650460681883275e+28
102 11 1.5848866936640388e+29
104 11 2.7663210663910902e+29
106 11 4.2931935556793671e+29
108 11 5.9242918702564965e+29
110 11 7.2792642350841148e+29
112 11 7.9717899699544194e+29
114 11 7.7972836339855903e+29
116 11 6.8133241433651827e+29
118 11 5.3265000139590926e+29
120 11 3.7268347107376789e+29
122 11 2.3339026863290248e+29
124 11 1.3090514404102387e+29
126 11 6.5617205572900728e+28
128 11 2.9385270106877932e+28
130 11 1.1720721113859912e+28
132 11 4.1561240450122599e+27
134 11 1.3032237059607966e+27
136 11 3.5997738957600906e+26
138 11 8.6933052350094164e+25
140 11 1.8224535207065309e+25
142 11 3.2804246486065752e+24
144 11 4.9928274819893950e+23
146 11 6.3118516958359984e+22
148 11 6.4551833824607559e+21
150 11 5.1398839460243348e+20
152 11 2.9904390361740763e+19
154 11 1.1367811691940961e+18
156 11 2.1360309975900820e+16
66 12 1.4396078331246164e+13
68 12 1.5720379751703822e+15
70 12 5.5884209384007128e+16
72 12 1.0919435277764383e+18
74 12 1.5181676349335783e+19
76 12 1.6605162244233940e+20
78 12 1.5278987226505261e+21
80 12 1.2242814941930667e+22
82 12 8.7443623675147443e+22
84 12 5.6059172548811565e+23
86 12 3.2292980600048758e+24
88 12 1.6669045219310143e+25
90 12 7.7050456293299558e+25
92 12 3.1639440627134226e+26
94 12 1.1510928763649217e+27
96 12 3.7078280572945273e+27
98 12 1.0520185242634138e+28
100 12 2.6260297913501957e+28
102 12 5.7636047390739249e+28
104 12 1.1124564893029840e+29
106 12 1.8867905432680392e+29
108 12 2.8126857445691082e+29
110 12 3.6959172034476254e+29
112 12 4.2807293989841994e+29
114 12 4.3845366667594474e+29
116 12 3.9792195463007999e+29
118 12 3.2026909654228700e+29
120 12 2.2899352219967052e+29
122 12 1.4550770208611760e+29
124 12 8.2255706595226548e+28
126 12 4.1311063849589026e+28
128 12 1.8447662911266405e+28
130 12 7.2937807562439398e+27
132 12 2.5514486935097616e+27
134 12 7.8602876083296064e+26
136 12 2.1224689773883380e+26
138 12 4.9930124653098029e+25
140 12 1.0137189214251124e+25
142 12 1.7607546785196042e+24
144 12 2.5755059884475827e+23
146 12 3.1120219332654351e+22
148 12 3.0357801966441364e+21
150 12 2.2860153184431777e+20
152 12 1.2553634544275532e+19
154 12 4.4756330599540077e+17
156 12 7.8430879727032420e+15
70 13 7.3517628784185547e+13
72 13 6.2150184471269710e+15
74 13 1.8497622042496454e+17
76 13 3.3487395631454909e+18
78 13 4.4109460887661535e+19
80 13 4.6772589500524508e+20
82 13 4.1821033020747935e+21
84 13 3.2871543802323676e+22
86 13 2.2911041353954006e+23
88 13 1.4245091418917837e+24
90 13 7.8974578553550817e+24
92 13 3.8870193783584744e+25
94 13 1.6839028897755263e+26
96 13 6.4040256132065334e+26
98 13 2.1275183520773025e+27
100 13 6.1547373801148003e+27
102 13 1.5464560786088110e+28
104 13 3.3772323383077973e+28
106 13 6.3918094324591408e+28
108 13 1.0509688399774836e+29
110 13 1.5011538679117121e+29
112 13 1.8699927896445942e+29
114 13 2.0335089016536915e+29
116 13 1.9372627508264316e+29
118 13 1.6215272289535574e+29
120 13 1.1939653667271305e+29
122 13 7.7616736517880762e+28
124 13 4.4501104712806862e+28
126 13 2.2529963689893880e+28
128 13 1.0067721184306476e+28
130 13 3.9618459280033495e+27
132 13 1.3724772818111714e+27
134 13 4.1631954813573969e+26
136 13 1.1013115434134683e+26
138 13 2.5253458433816177e+25
140 13 4.9763511665266376e+24
142 13 8.3502781559290119e+23
144 13 1.1734051304074799e+23
146 13 1.3568811369831065e+22
148 13 1.2593660086075701e+21
150 13 8.9947841493341143e+19
152 13 4.6529323365527501e+18
154 13 1.5536065068397462e+17
156 13 2.5253827756921320e+15
74 14 3.2849832617846825e+14
76 14 1.9517701284828008e+16
78 14 5.0835519936430618e+17
80 14 8.5186409270761585e+18
82 14 1.0741130089117935e+20
84 14 1.0931429363120763e+21
86 14 9.5764310147405447e+21
88 14 7.3187281229079697e+22
90 14 4.9616008811355114e+23
92 14 2.9697899350091992e+24
94 14 1.5673258565443331e+25
96 14 7.2225482027086464e+25
98 14 2.8867606114510198e+26
100 14 9.9525073478825975e+26
102 14 2.9469373948892511e+27
104 14 7.4813571906495415e+27
106 14 1.6236397120333883e+28
108 14 3.0165935916677905e+28
110 14 4.7944098690317454e+28
112 14 6.5344438887775657e+28
114 14 7.6796979117882027e+28
116 14 7.7924296886415586e+28
118 14 6.8685278843381048e+28
120 14 5.2674436348996343e+28
122 14 3.5292852326462307e+28
124 14 2.0672461991655969e+28
126 14 1.0606971595884667e+28
128 14 4.7682801416745699e+27
130 14 1.8760982587577420e+27
132 14 6.4528601505965643e+26
134 14 1.9340820540762079e+26
136 14 5.0199558048100488e+25
138 14 1.1249381494927676e+25
140 14 2.1567706894677064e+24
142 14 3.4962623064133960e+23
144 14 4.7298092166927668e+22
146 14 5.2372865309912513e+21
148 14 4.6213880111974842e+20
150 14 3.1204997455013708e+19
152 14 1.5182654700496755e+18
154 14 4.7314401114108512e+16
156 14 7.1760265269954162e+14
76 15 3.9070675171408818e+12
78 15 1.0928170602297748e+15
80 15 4.9680664848870392e+16
82 15 1.1546988697269775e+18
84 15 1.8243939372910592e+19
86 15 2.1643860343480635e+20
88 15 2.1584915822779312e+21
90 15 1.8266845823781759e+22
92 15 1.3592105098560722e+23
94 15 8.8670998197341846e+23
96 15 5.0590632858425337e+24
98 15 2.4953390587000770e+25
100 15 1.0556873627397740e+26
102 15 3.8043102397840695e+26
104 15 1.1600524827952246e+27
106 15 2.9787238852047124e+27
108 15 6.4346248844819479e+27
110 15 1.1706401070656675e+28
112 15 1.7934236611488190e+28
114 15 2.3233745544683531e+28
116 15 2.5597115191715272e+28
118 15 2.4101370648114659e+28
120 15 1.9490233176040924e+28
122 15 1.3595899674907018e+28
124 15 8.2069613470215423e+27
126 15 4.3014983263196950e+27
128 15 1.9574685999478036e+27
130 15 7.7324901389503176e+26
132 15 2.6537852451427941e+26
134 15 7.8752551104868781e+25
136 15 2.0147154157709111e+25
138 15 4.4161643472371708e+24
140 15 8.2447013649968807e+23
142 15 1.2929241700215790e+23
144 15 1.6825593910816374e+22
146 15 1.7820641467775265e+21
148 15 1.4962414047066495e+20
150 15 9.5624575548557640e+18
152 15 4.3654623466445542e+17
154 15 1.2721042469163110e+16
156 15 1.7901244652817650e+14
80 16 2.2488088330897219e+13
82 16 2.7682649504361480e+15
84 16 1.0368861534561992e+17
86 16 2.2311211655705349e+18
88 16 3.2077939134779183e+19
90 16 3.7184738618831038e+20
92 16 3.5402392709323004e+21
94 16 2.9233882101270966e+22
96 16 2.0910640687091339e+23
98 16 1.3033198733273493e+24
100 16 6.9486373083658370e+24
102 16 3.1434513812136576e+25
104 16 1.1891697296057844e+26
106 16 3.7536778381255085e+26
108 16 9.7796140825518071e+26
110 16 2.1066136063131630e+27
112 16 3.7438310119706094e+27
114 16 5.5073009669848044e+27
116 16 6.7385881892946135e+27
118 16 6.9179099161090352e+27
120 16 5.9957163243812231e+27
122 16 4.4128292303918142e+27
124 16 2.7733131527952761e+27
126 16 1.4965353151644053e+27
128 16 6.9401690994866127e+26
130 16 2.7699872118015774e+26
132 16 9.5186165892194238e+25
134 16 2.8087462579112923e+25
136 16 7.1013387878507802e+24
138 16 1.5272349400940905e+24
140 16 2.7747301365948003e+23
142 16 4.2207086701459347e+22
144 16 5.2826765680032570e+21
146 16 5.3582537048281186e+20
148 16 4.2683132741271781e+19
150 16 2.5784358673956009e+18
152 16 1.1050864827642022e+17
154 16 3.0012043739278850e+15
156 16 3.9189342958381805e+13
84 17 6.5220994101044305e+13
86 17 5.5009418721395880e+15
88 17 1.8905128398329546e+17
90 17 3.4572369731548421e+18
92 17 4.8467078029602914e+19
94 17 5.2910765609496917e+20
96 17 4.9072015744866787e+21
98 17 3.8933706752714449e+22
100 17 2.6700268988932039e+23
102 17 1.5516458188356225e+24
104 17 7.5851693376494429e+24
106 17 3.0441115274730793e+25
108 17 9.9862227417625086e+25
110 17 2.6534883007236086e+26
112 17 5.7023525185278554e+26
114 17 9.8927607032384289e+26
116 17 1.3893775997721795e+27
118 17 1.5956149031880530e+27
120 17 1.5125269117498055e+27
122 17 1.1942243458011213e+27
124 17 7.9205693391216960e+26
126 17 4.4426304078975826e+26
128 17 2.1204769108327425e+26
130 17 8.6022728921960251e+25
132 17 2.9773935198823937e+25
134 17 8.7768828167098548e+24
136 17 2.1964030443470633e+24
138 17 4.6496929931122985e+23
140 17 8.2481389822113586e+22
142 17 1.2150608577095285e+22
144 17 1.4674290986320260e+21
146 17 1.4240653754233440e+20
148 17 1.0770358329539387e+19
150 17 6.1360273339493914e+17
152 17 2.4661950594641072e+16
154 17 6.2341253678860325e+14
156 17 7.5407583541133564e+12
88 18 1.2974993119224870e+14
90 18 1.0292810614671838e+16
92 18 2.6086746505855539e+17
94 18 4.6655947137639557e+18
96 18 6.0436162942194721e+19
98 18 6.4103293574060153e+20
100 18 5.6812021182578284e+21
102 18 4.3355800374044451e+22
104 18 2.7758640875021072e+23
106 18 1.4776682156081218e+24
108 18 6.3526448742265873e+24
110 18 2.1883030369245345e+25
112 18 5.9556405077451251e+25
114 18 1.2777751026562305e+26
116 18 2.1538162291047401e+26
118 18 2.8703116689517803e+26
120 18 3.0668878157259182e+26
122 18 2.6595668668893199e+26
124 18 1.8950663027134999e+26
126 18 1.1215097975772583e+26
128 18 5.5551587117586014e+25
130 18 2.3128685094865620e+25
132 18 8.1051292473539958e+24
134 18 2.3980076071124926e+24
136 18 5.9691210192733003e+23
138 18 1.2443696615533421e+23
140 18 2.1587446397023640e+22
142 18 3.0919959758358713e+21
144 18 3.5923646394838555e+20
146 18 3.3348836965928026e+19
148 18 2.4008224883254369e+18
150 18 1.2883437043608320e+17
152 18 4.8451223188031850e+15
154 18 1.1411520918089852e+14
156 18 1.2755208784669131e+12
92 19 3.1411379546374119e+14
94 19 1.2962356789836534e+16
96 19 3.2164382831698861e+17
98 19 5.1506599104455649e+18
100 19 6.4307062657032045e+19
102 19 6.4539458909542796e+20
104 19 5.5590263957661784e+21
106 19 3.9458726594129533e+22
108 19 2.3222242125574580e+23
110 19 1.0800852250859754e+24
112 19 3.9427058415094621e+24
114 19 1.1042989853842410e+25
116 19 2.3698485833357780e+25
118 19 3.8715914392030766e+25
120 19 4.8552508227115326e+25
122 19 4.7707573304536554e+25
124 19 3.7428795981807167e+25
126 19 2.3802188096244471e+25
128 19 1.2407599980821082e+25
130 19 5.3449288171343253e+24
132 19 1.9163261433166318e+24
134 19 5.7245397134706150e+23
136 19 1.4239906238090995e+23
138 19 2.9354097911206766e+22
140 19 5.0025732828645598e+21
142 19 6.9638047893031774e+20
144 19 7.8072741336447451e+19
146 19 6.9181616462584893e+18
148 19 4.7304202162096115e+17
150 19 2.3900462640267876e+16
152 19 8.4177862689897725e+14
154 19 1.8431293929941754e+13
156 19 1.8999789751994394e+11
94 20 3.7186585311606533e+12
96 20 3.7629315119892875e+14
98 20 1.4985945253860402e+16
100 20 3.1959639273044390e+17
102 20 4.8857953973582141e+18
104 20 5.6496861438994776e+19
106 20 5.5839663103270073e+20
108 20 4.4397370607815717e+21
110 20 2.9211040590397901e+22
112 20 1.4873952136037931e+23
114 20 5.8258838424338266e+23
116 20 1.6886210719933363e+24
118 20 3.6392813339522977e+24
120 20 5.7160982260476233e+24
122 20 6.6925157486834828e+24
124 20 5.9753048049828880e+24
126 20 4.1836600220337434e+24
128 20 2.3428458152981823e+24
130 20 1.0604936717009777e+24
132 20 3.9238312454311788e+23
134 20 1.1923986358047809e+23
136 20 2.9824445612844181e+22
138 20 6.1183533168175151e+21
140 20 1.0233479623729100e+21
142 20 1.3880482441947628e+20
144 20 1.5030112678119426e+19
146 20 1.2761958426960732e+18
148 20 8.2717888165517680e+16
150 20 3.9304555813927680e+15
152 20 1.2941200885136988e+14
154 20 2.6241671210511621e+12
156 20 2.5090135289654812e+10
98 21 4.6350784011697441e+12
100 21 4.2132928733446438e+14
102 21 1.3741209602228394e+16
104 21 2.7601068401551024e+17
106 21 3.7477852118604974e+18
108 21 4.3586071118103347e+19
110 21 3.9024658539349154e+20
112 21 2.9381631792994703e+21
114 21 1.6574317843674370e+22
116 21 7.0307963506978638e+22
118 21 2.1271726700404615e+23
120 21 4.6125460822840423e+23
122 21 6.9461168894381331e+23
124 21 7.4725521218005392e+23
126 21 5.9944404986393127e+23
128 21 3.6938098563316521e+23
130 21 1.7899338601574747e+23
132 21 6.9350602828081051e+22
134 21 2.1660622121630865e+22
136 21 5.4770698830961160e+21
138 21 1.1237232475744200e+21
140 21 1.8567858155814594e+20
142 21 2.4603667829267341e+19
144 21 2.5772038702863380e+18
146 21 2.0964060504056518e+17
148 21 1.2895177194733900e+16
150 21 5.7674215215875325e+14
152 21 1.7706746369870078e+13
154 21 3.3231877475499573e+11
156 21 2.9276466132591763e+09
102 22 5.2975078453912627e+12
104 22 3.7486274003924450e+14
106 22 1.1229048704720078e+16
108 22 1.8492549048973322e+17
110 22 2.6306075756702305e+18
112 22 2.6661835662279397e+19
114 22 2.3315264760954808e+20
116 22 1.4722602910635985e+21
118 22 6.9034003558726558e+21
120 22 2.1982066246873447e+22
122 22 4.8482888125273000e+22
124 22 6.8989250981501291e+22
126 22 6.7347938489677078e+22
128 22 4.7704640978812567e+22
130 22 2.5399057883044086e+22
132 22 1.0505153764313574e+22
134 22 3.4134636210374165e+21
136 22 8.8273541728480212e+20
138 22 1.8230114970549705e+20
140 22 2.9897808930695373e+19
142 22 3.8830641777496187e+18
144 22 3.9470323164560570e+17
146 22 3.0716830602679932e+16
148 22 1.7994492241630998e+15
150 22 7.5689301752255203e+13
152 22 2.1575870245962402e+12
154 22 3.7340196090592285e+10
156 22 3.0103414787021518e+08
106 23 5.3601830674972500e+12
108 23 3.1526285074322662e+14
110 23 6.6155151390087970e+15
112 23 1.2256207104668477e+17
114 23 1.3973256033846362e+18
116 23 1.4543926356465488e+19
118 23 1.0392184915709262e+20
120 23 5.4814836508820059e+20
122 23 1.8569805094421534e+21
124 23 4.2046952994820205e+21
126 23 5.6014279399357253e+21
128 23 4.8710601590840219e+21
130 23 2.9805294550380834e+21
132 23 1.3490851317077954e+21
134 23 4.6578597388684008e+20
136 23 1.2476285969016773e+20
138 23 2.6148054392288805e+19
140 23 4.2835341906587530e+18
142 23 5.4849708730513344e+17
144 23 5.4167993945099920e+16
146 23 4.0596515040381265e+15
148 23 2.2503081060685644e+14
150 23 8.8753957699534688e+12
152 23 2.3468694512833676e+11
154 23 3.7424850821247239e+09
156 23 2.7943030152423076e+07
108 24 2.1357299354574314e+10
110 24 5.6284466194592285e+12
112 24 1.6457929351657394e+14
114 24 4.3787934106672745e+15
116 24 5.6078680661574008e+16
118 24 7.1683589927575347e+17
120 24 5.7641723486531062e+18
122 24 3.5004817993120317e+19
124 24 1.2731053209685212e+20
126 24 3.0255610121835296e+20
128 24 3.7017773196031315e+20
130 24 2.7992512099491034e+20
132 24 1.4550888746371562e+20
134 24 5.4763301891268502e+19
136 24 1.5451328912060203e+19
138 24 3.3279191344206961e+18
140 24 5.4997632574676531e+17
142 24 6.9580133423274680e+16
144 24 6.7002380389857160e+15
146 24 4.8252393833326475e+14
148 24 2.5373634771358586e+13
150 24 9.3804400609295105e+11
152 24 2.2825198048044411e+10
154 24 3.3476434660758060e+08
156 24 2.4510870874617985e+06
112 25 4.9915146995819572e+10
114 25 2.5966254283396929e+12
116 25 1.1633808018937522e+14
118 25 1.6929821740341570e+15
120 25 2.7829859817343228e+16
122 25 2.4870777071900768e+17
124 25 1.7916660817700582e+18
126 25 7.0327994579941827e+18
128 25 1.8186467903258687e+19
130 25 1.9826918217417077e+19
132 25 1.2747774878370814e+19
134 25 5.4668274551994675e+18
136 25 1.6687099609782474e+18
138 25 3.7566334085352979e+17
140 25 6.3054040014957376e+16
142 25 7.9543002098647380e+15
144 25 7.4854092060959450e+14
146 25 5.1979443963319250e+13
148 25 2.5795444820600786e+12
150 25 8.8891112872744934e+10
152 25 1.9913941829532349e+09
154 25 2.5890712311408006e+07
156 25 1.7041218364488703e+05
116 26 2.0642582422413418e+10
118 26 2.1873697788479521e+12
120 26 3.7446513120543719e+13
122 26 8.5589601611781712e+14
124 26 8.3260257057832350e+15
126 26 7.3258719362587584e+16
128 26 3.1230133491849344e+17
130 26 9.1535680215055757e+17
132 26 8.5856742294663949e+17
134 26 4.5330118373868646e+17
136 26 1.5587655226833210e+17
138 26 3.7462433849120648e+16
140 26 6.5018757027980720e+15
142 26 8.2278503887492675e+14
144 26 7.5923771854555594e+13
146 26 5.0535864328188154e+12
148 26 2.3630449758684503e+11
150 26 7.4994985142093668e+09
152 26 1.5629276212916446e+08
154 26 2.0133381825106102e+06
156 26 6.3237401695783356e+03
120 27 2.5695356061122688e+10
122 27 5.6980786787854785e+11
124 27 2.0990590749305250e+13
126 27 2.1298228240524688e+14
128 27 2.3582279856813990e+15
130 27 1.0910843095762510e+16
132 27 3.8558738561248680e+16
134 27 2.9542728513401996e+16
136 27 1.2315294761175728e+16
138 27 3.2735289932678560e+15
140 27 5.9809288304667638e+14
142 27 7.6711303349388328e+13
144 27 6.9833059174626611e+12
146 27 4.4676376773485034e+11
148 27 1.9689848051928986e+10
150 27 5.6107194765249109e+08
152 27 1.0166420774742501e+07
154 27 1.2968933824142655e+05
156 27 2.3706269288500516e+03
122 28 1.3439146462880442e+08
124 28 5.3076379477710123e+09
126 28 4.0190825336700818e+11
128 28 4.1069560452624165e+12
130 28 5.9595767022380000e+13
132 28 2.9489754602305056e+14
134 28 1.3409054645949495e+15
136 28 7.8847505129470550e+14
138 28 2.4777032121928444e+14
140 28 4.8746592786140219e+13
142 28 6.4856663221321494e+12
144 28 5.7977511379633813e+11
146 28 3.5164833867888710e+10
148 28 1.4478868392303638e+09
150 28 3.9768118816944368e+07
152 28 5.1731705373425881e+05
154 28 3.6542267426458129e+03
126 29 2.2271751941563621e+07
128 29 5.7463085841926603e+09
130 29 5.8583442416212944e+10
132 29 1.1417890311427400e+12
134 29 5.9329995975863535e+12
136 29 3.7585187521829953e+13
138 29 1.5590894630351100e+13
140 29 3.4936861855249307e+12
142 29 4.8245903034860828e+11
144 29 4.3962739860595428e+10
146 29 2.4607883596313648e+09
148 29 8.8949066298671290e+07
150 29 2.1163636486724461e+06
152 29 5.1333217046819824e+04
130 30 5.5915570209421977e+07
132 30 5.9882132962062168e+08
134 30 1.5872587674608921e+10
136 30 8.3577545801196381e+10
138 30 8.0710200922091821e+11
140 30 2.1574270411816632e+11
142 30 3.1576660805605118e+10
144 30 2.7946511469502435e+09
146 30 1.6877021291888821e+08
148 30 4.5112820267078346e+06
150 30 6.7326330000945221e+04
132 31 2.8772423785340611e+05
134 31 4.1217590249201329e+06
136 31 1.5066663852248949e+08
138 31 7.5679549696088600e+08
140 31 1.2487697663692379e+10
142 31 1.8281230730302939e+09
144 31 1.5209557906762767e+08
146 31 7.2359840178755419e+06
148 31 3.3127569165564893e+05
136 32 1.6751595629118499e+04
138 32 8.5919917067915748e+05
140 32 3.7992761087265741e+06
142 32 1.2318382966117845e+08
144 32 7.2521549632364791e+06
146 32 2.4291514533690421e+05
140 33 2.3321503800080209e+03
142 33 6.9459562680631816e+03
144 33 5.9789579967430141e+05
