226 -40 1.1414346864184339e+04
228 -40 3.2138883664326233e+04
230 -40 2.6125481983536018e+04
232 -40 7.2097426848007235e+03
234 -40 5.5676349164825479e+02
208 -39 6.5376946134807810e+01
210 -39 1.7484338059100226e+03
212 -39 1.3787859384412104e+04
214 -39 5.9815421749842462e+04
216 -39 2.0780837355412450e+05
218 -39 4.5450776386686758e+05
220 -39 7.4857118859040423e+05
222 -39 1.3576902493623835e+06
224 -39 2.0953008120687932e+06
226 -39 2.1380859524139902e+06
228 -39 1.1132915318250225e+06
230 -39 2.2322383096820713e+05
232 -39 4.9796970928436655e+04
202 -38 1.7750777705202552e+02
204 -38 8.2690444704418969e+03
206 -38 1.1457381525990805e+05
208 -38 7.9960432416776475e+05
210 -38 3.5062953551229071e+06
212 -38 1.0919286778233817e+07
214 -38 2.5762041899555016e+07
216 -38 4.4774726921639718e+07
218 -38 6.5238654452175766e+07
220 -38 8.6459978014399260e+07
222 -38 8.6627241691759169e+07
224 -38 5.8204577810741231e+07
226 -38 2.2767993804471757e+07
228 -38 4.5264506424669987e+06
230 -38 1.0236396300515649e+06
196 -37 1.0826742488707271e+03
198 -37 2.8006481148808038e+04
200 -37 3.7970410651052650e+05
202 -37 3.6068315186102116e+06
204 -37 2.2833530966339827e+07
206 -37 9.7172975586803392e+07
208 -37 3.0500598245801288e+08
210 -37 7.2904188717711568e+08
212 -37 1.3378712383724239e+09
214 -37 1.9624363403434682e+09
216 -37 2.4206201914256921e+09
218 -37 2.4844844158657570e+09
220 -37 1.8851533742260942e+09
222 -37 9.8093552013094211e+08
224 -37 3.2779083742854953e+08
226 -37 6.7474559582205117e+07
228 -37 1.1581532724639835e+07
192 -36 3.2067772251131079e+04
194 -36 8.3251465213552769e+05
196 -36 9.9218981060516275e+06
198 -36 7.7233310152642608e+07
200 -36 4.4116934112596065e+08
202 -36 1.8519741490486395e+09
204 -36 5.8114331020548601e+09
206 -36 1.4198621963068226e+10
208 -36 2.7098757755872566e+10
210 -36 4.1560454649243385e+10
212 -36 5.2247816261734909e+10
214 -36 5.4433075295413429e+10
216 -36 4.5412199584189941e+10
218 -36 2.8333670013407658e+10
220 -36 1.2698288410429422e+10
222 -36 3.8910824850055218e+09
224 -36 7.5845384548823237e+08
226 -36 1.0897076454313378e+08
186 -35 5.0640173708829856e+01
188 -35 5.5048925794694968e+05
190 -35 1.4229388897408443e+07
192 -35 1.6595005331270939e+08
194 -35 1.2229477083835356e+09
196 -35 6.5692852629974680e+09
198 -35 2.6854706882718418e+10
200 -35 8.4980548397271271e+10
202 -35 2.1143195308516779e+11
204 -35 4.2358894322139197e+11
206 -35 6.8087192037696826e+11
208 -35 8.9690916344313977e+11
210 -35 9.8024678542420361e+11
212 -35 8.7757542098551086e+11
214 -35 6.2694501692128674e+11
216 -35 3.4311981233854376e+11
218 -35 1.3935364779850464e+11
220 -35 4.0271436808252121e+10
222 -35 7.4001513253206234e+09
224 -35 9.6794797728413391e+08
182 -34 2.6612412893857022e+03
184 -34 7.2260148661012240e+06
186 -34 1.7714092416289479e+08
188 -34 2.0546942145215735e+09
190 -34 1.5074819338490280e+10
192 -34 7.8978568993794434e+10
194 -34 3.1835414080072461e+11
196 -34 1.0111378086548081e+12
198 -34 2.5868952372878960e+12
200 -34 5.3477516712802051e+12
202 -34 9.0763000074334297e+12
204 -34 1.2662997139216627e+13
206 -34 1.4701264612327947e+13
208 -34 1.4229203273065434e+13
210 -34 1.1326652590023580e+13
212 -34 7.2601295622360107e+12
214 -34 3.6337810911379229e+12
216 -34 1.3799585675465146e+12
218 -34 3.7645180874877673e+11
220 -34 6.6902090336751465e+10
222 -34 7.8957410101440897e+09
178 -33 7.7144472216607988e+04
180 -33 7.5695576116078079e+07
182 -33 1.7854603246564679e+09
184 -33 2.0498154267916275e+10
186 -33 1.5031659047011755e+11
188 -33 7.8903785752513269e+11
190 -33 3.1921761339358340e+12
192 -33 1.0280292024593148e+13
194 -33 2.6832152517792086e+13
196 -33 5.7593517151905492e+13
198 -33 1.0251787485786755e+14
200 -33 1.5197391698767834e+14
202 -33 1.8904283385751362e+14
204 -33 1.9803817963530938e+14
206 -33 1.7357922478031341e+14
208 -33 1.2580290944031116e+14
210 -33 7.4598453664405281e+13
212 -33 3.5043114219310820e+13
214 -33 1.2591602938036182e+13
216 -33 3.2831406233952788e+12
218 -33 5.6413799492102783e+11
220 -33 6.0355706462371788e+10
174 -32 1.2956812747208348e+06
176 -32 6.6070957761387515e+08
178 -32 1.5273172280396904e+10
180 -32 1.7394063923136441e+11
182 -32 1.2785249560404509e+12
184 -32 6.8128788918202607e+12
186 -32 2.7780894805978023e+13
188 -32 9.1210292914935453e+13
190 -32 2.4392177297374722e+14
192 -32 5.4298678668726406e+14
194 -32 1.0107001449752798e+15
196 -32 1.5897943737688060e+15
198 -32 2.1176475390982485e+15
200 -32 2.3926398934683465e+15
202 -32 2.3021884022224745e+15
204 -32 1.8632752894971102e+15
206 -32 1.2625472107716195e+15
208 -32 7.0306165885950688e+14
210 -32 3.1300380479517275e+14
212 -32 1.0744018854221797e+14
214 -32 2.7034194918986008e+13
216 -32 4.4735013135107061e+12
218 -32 4.4152652956531396e+11
168 -31 3.7242730665793935e+01
170 -31 1.5736273647423752e+07
172 -31 5.0421840882409697e+09
174 -31 1.1379509334308238e+11
176 -31 1.2923017372972107e+12
178 -31 9.5579178082818047e+12
180 -31 5.1362092752000555e+13
182 -31 2.1420314930757691e+14
184 -31 7.1780039256198638e+14
186 -31 1.9713851337099960e+15
188 -31 4.5474527994509710e+15
190 -31 8.8792093682492100e+15
192 -31 1.4760771190270098e+16
194 -31 2.0952226867495044e+16
196 -31 2.5536389447814916e+16
198 -31 2.6706125256021360e+16
200 -31 2.3914033758599720e+16
202 -31 1.8224693212691736e+16
204 -31 1.1658824055785052e+16
206 -31 6.1701064421482890e+15
208 -31 2.6323936947446290e+15
210 -31 8.7011903891733462e+14
212 -31 2.1128106283621859e+14
214 -31 3.3897145928757059e+13
216 -31 3.1046526826731792e+12
164 -30 3.4884000855315253e+03
166 -30 1.5202503578101605e+08
168 -30 3.3852019161116131e+10
170 -30 7.5595826058198352e+11
172 -30 8.5577772672474053e+12
174 -30 6.3667359103605141e+13
176 -30 3.4812631444576300e+14
178 -30 1.4782982503562255e+15
180 -30 5.0870730960059060e+15
182 -30 1.4413377270158326e+16
184 -30 3.4501293898193968e+16
186 -30 7.0229434525806512e+16
188 -30 1.2312288402143709e+17
190 -30 1.8608431428239130e+17
192 -30 2.4342774574118394e+17
194 -30 2.7591572959825693e+17
196 -30 2.7003470899746979e+17
198 -30 2.2810239303024618e+17
200 -30 1.6456194272270976e+17
202 -30 1.0054430670457230e+17
204 -30 5.0932343407759312e+16
206 -30 2.0927499817226364e+16
208 -30 6.6913402638998520e+15
210 -30 1.5760474096675202e+15
212 -30 2.4492725018761188e+14
214 -30 2.0999729333192016e+13
160 -29 1.0858076539160809e+05
162 -29 1.2494717998045990e+09
164 -29 2.0624965082519846e+11
166 -29 4.5322331349889980e+12
168 -29 5.1432516959523414e+13
170 -29 3.8554419249978488e+14
172 -29 2.1401108537787710e+15
174 -29 9.2953326660221160e+15
176 -29 3.2736138668815372e+16
178 -29 9.5894115620211312e+16
180 -29 2.3780168913557069e+17
182 -29 5.0720966826115059e+17
184 -29 9.3377028921853427e+17
186 -29 1.4931372062134239e+18
188 -29 2.0825051974513513e+18
190 -29 2.5423801258152965e+18
192 -29 2.7072192768662139e+18
194 -29 2.5107977403075686e+18
196 -29 2.0169654068819418e+18
198 -29 1.3936135496661632e+18
200 -29 8.1674266173725222e+17
202 -29 3.9855432456540557e+17
204 -29 1.5836223457529562e+17
206 -29 4.9176978400796944e+16
208 -29 1.1244624761509492e+16
210 -29 1.6962342597205230e+15
212 -29 1.3727787675044706e+14
156 -28 1.8325012010695885e+06
158 -28 8.9149877239565830e+09
160 -28 1.1463730111983828e+12
162 -28 2.4814116796088125e+13
164 -28 2.8190256826330369e+14
166 -28 2.1399526006559570e+15
168 -28 1.2074308805736628e+16
170 -28 5.3427763854256680e+16
172 -28 1.9317540894286534e+17
174 -28 5.8458899747717875e+17
176 -28 1.5006925598455844e+18
178 -28 3.3331656673648922e+18
180 -28 6.4355770229308232e+18
182 -28 1.0874388611629455e+19
184 -28 1.6130555310698217e+19
186 -28 2.1076086069158961e+19
188 -28 2.4241999092719264e+19
190 -28 2.4495559319903863e+19
192 -28 2.1672687143150817e+19
194 -28 1.6691258494782751e+19
196 -28 1.1091026538561729e+19
198 -28 6.2725709185710776e+18
200 -28 2.9632249325862968e+18
202 -28 1.1437704915075177e+18
204 -28 3.4504979280329178e+17
206 -28 7.6773670945855600e+16
208 -28 1.1269118226169036e+16
210 -28 8.6852254423392138e+14
152 -27 2.2797871286086552e+07
154 -27 5.6417208914874992e+10
156 -27 5.8988612640880557e+12
158 -27 1.2539781218148128e+14
160 -27 1.4264124026906712e+15
162 -27 1.0955940428683922e+16
164 -27 6.2735849403543496e+16
166 -27 2.8330078835763661e+17
168 -27 1.0486587234372890e+18
170 -27 3.2660777166520479e+18
172 -27 8.7048123076667351e+18
174 -27 2.0111536451224162e+19
176 -27 4.0655269846025101e+19
178 -27 7.2285748338772025e+19
180 -27 1.1335735868831323e+20
182 -27 1.5773500482524384e+20
184 -27 1.9491975225881595e+20
186 -27 2.1298339018951393e+20
188 -27 2.0603150398712345e+20
190 -27 1.7481370482550663e+20
192 -27 1.2972031700397094e+20
194 -27 8.3216180810673570e+19
196 -27 4.5588881310558159e+19
198 -27 2.0935506299806286e+19
200 -27 7.8655391594544333e+18
202 -27 2.3146303348139674e+18
204 -27 5.0374812205542099e+17
206 -27 7.1939664380343008e+16
208 -27 5.3104904949665330e+15
148 -26 2.3328039092369384e+08
150 -26 3.2352984614680096e+11
152 -26 2.8139560501548703e+13
154 -26 5.8641927754163600e+14
156 -26 6.6921023315681990e+15
158 -26 5.1791027332056968e+16
160 -26 3.0070121787113702e+17
162 -26 1.3875748976743050e+18
164 -26 5.2680667595853496e+18
166 -26 1.6858377050106694e+19
168 -26 4.6438208635950465e+19
170 -26 1.1151689696753341e+20
172 -26 2.3537858935489924e+20
174 -26 4.3883285581487833e+20
176 -26 7.2663179602641827e+20
178 -26 1.0733768118712984e+21
180 -26 1.4150558266727025e+21
182 -26 1.6632888303047462e+21
184 -26 1.7400611566059368e+21
186 -26 1.6144557700020136e+21
188 -26 1.3243553155210868e+21
190 -26 9.5001916160006750e+20
192 -26 5.9181781862221139e+20
194 -26 3.1504008927253732e+20
196 -26 1.4091652077294225e+20
198 -26 5.1656333051211358e+19
200 -26 1.4857665934153871e+19
202 -26 3.1608019306595149e+18
204 -26 4.4215860642503981e+17
206 -26 3.1447379405240196e+16
144 -25 1.9820128194457021e+09
146 -25 1.7006610586980239e+12
148 -25 1.2446847153878292e+14
150 -25 2.5470898866173570e+15
152 -25 2.8983746029922744e+16
154 -25 2.2635866289365802e+17
156 -25 1.3297202239681011e+18
158 -25 6.2614822948530196e+18
160 -25 2.4351112154550591e+19
162 -25 8.0198123476968833e+19
164 -25 2.2787725258457291e+20
166 -25 5.6796190294765752e+20
168 -25 1.2466633461028458e+21
170 -25 2.4322719357820679e+21
172 -25 4.2403453195990986e+21
174 -25 6.6158700360967179e+21
176 -25 9.2653863452161302e+21
178 -25 1.1654909607167635e+22
180 -25 1.3125032384243306e+22
182 -25 1.3221330224053559e+22
184 -25 1.1852073552806114e+22
186 -25 9.4125019090420446e+21
188 -25 6.5738832975727574e+21
190 -25 3.9838689952436731e+21
192 -25 2.0668272365423129e+21
194 -25 9.0577275568148487e+20
196 -25 3.2390906578564265e+20
198 -25 9.1207236439370023e+19
200 -25 1.9034952474255753e+19
202 -25 2.6027985020268682e+18
204 -25 1.7955789187133101e+17
140 -24 1.4257345443120863e+10
142 -24 8.1540402924052148e+12
144 -24 5.1480779547489294e+14
146 -24 1.0247726138701040e+16
148 -24 1.1637282631533096e+17
150 -24 9.1433674012924518e+17
152 -24 5.4392281755806259e+18
154 -24 2.6037391536156140e+19
156 -24 1.0351877902856954e+20
158 -24 3.5024027216445945e+20
160 -24 1.0287085350282296e+21
162 -24 2.6476401335268021e+21
164 -24 6.0507803230711893e+21
166 -24 1.2336817908684396e+22
168 -24 2.2562598351081658e+22
170 -24 3.7059383738582228e+22
172 -24 5.4972469596173202e+22
174 -24 7.3586113583672396e+22
176 -24 8.8794477555373396e+22
178 -24 9.6367054791626642e+22
180 -24 9.3918884685005657e+22
182 -24 8.1626726016923814e+22
184 -24 6.3057608306675235e+22
186 -24 4.2886880950315903e+22
188 -24 2.5389126725991462e+22
190 -24 1.2916773720730007e+22
192 -24 5.5309144075524731e+21
194 -24 1.9376553024163052e+21
196 -24 5.3596592589257205e+20
198 -24 1.0938068102408769e+20
200 -24 1.4691865038826228e+19
202 -24 9.8808103320711488e+17
136 -23 8.9368293142248352e+10
138 -23 3.5635225209145172e+13
140 -23 1.9687647838898560e+15
142 -23 3.8131223855533960e+16
144 -23 4.3113656507985408e+17
146 -23 3.3963372753816381e+18
148 -23 2.0517901346473329e+19
150 -23 9.9824799500730761e+19
152 -23 4.0494307059012613e+20
154 -23 1.4070466325154864e+21
156 -23 4.2502500266031411e+21
158 -23 1.1310236550983496e+22
160 -23 2.6835637479790912e+22
162 -23 5.7067957279384706e+22
164 -23 1.0901398705820774e+23
166 -23 1.8830215917020535e+23
168 -23 2.9528969635725609e+23
170 -23 4.1879188847280390e+23
172 -23 5.3867805198623316e+23
174 -23 6.2720540717308442e+23
176 -23 6.5968234045316888e+23
178 -23 6.2436588708809778e+23
180 -23 5.2834989541696597e+23
182 -23 3.9817002300713114e+23
184 -23 2.6454045781636439e+23
186 -23 1.5326424196552013e+23
188 -23 7.6511018014179800e+22
190 -23 3.2109750151105810e+22
192 -23 1.1073114940534965e+22
194 -23 3.0088279086660667e+21
196 -23 6.0398399786442346e+20
198 -23 7.9391977557736833e+19
200 -23 5.2241991223526892e+18
130 -22 6.2951046227374291e+06
132 -22 4.8904556210652881e+11
134 -22 1.4245595298383359e+14
136 -22 6.9604499027871260e+15
138 -22 1.3114541275610966e+17
140 -22 1.4674173021952515e+18
142 -22 1.1640720562123196e+19
144 -22 7.0951439845359231e+19
146 -22 3.5063348025602146e+20
148 -22 1.4521751974112652e+21
150 -22 5.1621518425489712e+21
152 -22 1.6091314097934964e+22
154 -22 4.4233776646938153e+22
156 -22 1.0860760816219583e+23
158 -22 2.4000938750898888e+23
160 -22 4.7874708228828453e+23
162 -22 8.6740128432398697e+23
164 -22 1.4324953960937549e+24
166 -22 2.1489907751405885e+24
168 -22 2.9354636125381985e+24
170 -22 3.6501623730986816e+24
172 -22 4.1256412690481563e+24
174 -22 4.2141860431296896e+24
176 -22 3.8869895197966397e+24
178 -22 3.2146860990896015e+24
180 -22 2.3692845676405458e+24
182 -22 1.5423461241730957e+24
184 -22 8.7680511771293840e+23
186 -22 4.2930334629124613e+23
188 -22 1.7729939621927849e+23
190 -22 6.0168068213227513e+22
192 -22 1.6077743595728325e+22
194 -22 3.1791047523318046e+21
196 -22 4.1154951925368553e+20
198 -22 2.6519095380296700e+19
126 -21 1.4322738038955867e+08
128 -21 2.3769786780613315e+12
130 -21 5.1919382278770806e+14
132 -21 2.2687791058917860e+16
134 -21 4.1295368431029606e+17
136 -21 4.5927493797721702e+18
138 -21 3.6526319575327019e+19
140 -21 2.2436213243301567e+20
142 -21 1.1249858328769589e+21
144 -21 4.7527575134012933e+21
146 -21 1.7346248437584923e+22
148 -21 5.5351396982809086e+22
150 -21 1.5727534078550828e+23
152 -21 3.9976465475814023e+23
154 -21 9.1729793612824873e+23
156 -21 1.9129064541225653e+24
158 -21 3.6235827266574413e+24
160 -21 6.2736539851043370e+24
162 -21 9.9229949709867870e+24
164 -21 1.4358131007975725e+25
166 -21 1.8993149583333805e+25
168 -21 2.2929468170539490e+25
170 -21 2.5198567078351707e+25
172 -21 2.5127131185797146e+25
174 -21 2.2681644077207843e+25
176 -21 1.8370161270982198e+25
178 -21 1.3285843344339748e+25
180 -21 8.4976018954895692e+24
182 -21 4.7534232842009546e+24
184 -21 2.2872358198716098e+24
186 -21 9.2941466040548803e+23
188 -21 3.1092330210414407e+23
190 -21 8.1886794095798937e+22
192 -21 1.5958182015549223e+22
194 -21 2.0392274679254098e+21
196 -21 1.2919873332445084e+20
122 -20 1.7122501539229426e+09
124 -20 1.0153965900692445e+13
126 -20 1.7164029954017915e+15
128 -20 6.7562858288658352e+16
130 -20 1.1910101061322885e+18
132 -20 1.3142090677420241e+19
134 -20 1.0435822681076646e+20
136 -20 6.4745914632911140e+20
138 -20 3.2940875522003808e+21
140 -20 1.4160876240825255e+22
142 -20 5.2871696011433205e+22
144 -20 1.7346486326298728e+23
146 -20 5.0673795546098468e+23
148 -20 1.3340730309734586e+24
150 -20 3.1794845119085963e+24
152 -20 6.8893953386213102e+24
154 -20 1.3640140558037457e+25
156 -20 2.4766073515801641e+25
158 -20 4.1212339971870088e+25
160 -20 6.2917793488534667e+25
162 -20 8.8328127407743542e+25
164 -20 1.1349706384949112e+26
166 -20 1.3349565751243221e+26
168 -20 1.4331470028834965e+26
170 -20 1.4001928500026400e+26
172 -20 1.2376106442547480e+26
174 -20 9.8459358161969668e+25
176 -20 7.0005425992894802e+25
178 -20 4.4082986659452570e+25
180 -20 2.4308976819960727e+25
182 -20 1.1537137001092958e+25
184 -20 4.6241389285733746e+24
186 -20 1.5251654018327113e+24
188 -20 3.9650719916544031e+23
190 -20 7.6265966514103759e+22
192 -20 9.6336443691723727e+21
194 -20 6.0174755908031021e+20
118 -19 1.3972130982722216e+10
120 -19 3.8025696680778164e+13
122 -19 5.1284455977570030e+15
124 -19 1.8318017238101501e+17
126 -19 3.1220642346657812e+18
128 -19 3.4051105686911697e+19
130 -19 2.7101781909779304e+20
132 -19 1.6937046519497844e+21
134 -19 8.7223311906441150e+21
136 -19 3.8242993256269311e+22
138 -19 1.4582468981367525e+23
140 -19 4.9087469219557170e+23
142 -19 1.4762284731132689e+24
144 -19 4.0151614483497733e+24
146 -19 9.9184502811916196e+24
148 -19 2.2348353076449489e+25
150 -19 4.6211254457427651e+25
152 -19 8.7689931215047468e+25
154 -19 1.5335976539913700e+26
156 -19 2.4688778079125907e+26
158 -19 3.6602925330419252e+26
160 -19 4.9981621148697462e+26
162 -19 6.2726839729603938e+26
164 -19 7.2132223000467727e+26
166 -19 7.5882230069311731e+26
168 -19 7.2763665129426324e+26
170 -19 6.3245415598887030e+26
172 -19 4.9535742136100865e+26
174 -19 3.4717619742026316e+26
176 -19 2.1547139842908398e+26
178 -19 1.1714278071107459e+26
180 -19 5.4889352283708436e+25
182 -19 2.1757638947691351e+25
184 -19 7.0898724556467455e+24
186 -19 1.8223207052982367e+24
188 -19 3.4666584030112958e+23
190 -19 4.3244140012172588e+22
192 -19 2.6761908550990781e+21
114 -18 8.5947455675128113e+10
116 -18 1.2601480297817725e+14
118 -18 1.3774813393169960e+16
120 -18 4.5026766704003635e+17
122 -18 7.4383719839531244e+18
124 -18 8.0068523148602819e+19
126 -18 6.3580756847066468e+20
128 -18 4.0025559506500458e+21
130 -18 2.0872588751993534e+22
132 -18 9.3068445643313359e+22
134 -18 3.6333048031628106e+23
136 -18 1.2519139234818884e+24
138 -18 3.8767034136242437e+24
140 -18 1.0874382366999094e+25
142 -18 2.7804252148595488e+25
144 -18 6.5096870521140499e+25
146 -18 1.4017443694214024e+26
148 -18 2.7802745032315496e+26
150 -18 5.0943626055994204e+26
152 -18 8.6300567450610968e+26
154 -18 1.3496342663898298e+27
156 -18 1.9528963769890268e+27
158 -18 2.6037273459157505e+27
160 -18 3.1986159687961496e+27
162 -18 3.6109619403701656e+27
164 -18 3.7379561352041287e+27
166 -18 3.5237155650158453e+27
168 -18 3.0179413538563980e+27
170 -18 2.3319956384573861e+27
172 -18 1.6132056111165202e+27
174 -18 9.8940644801730276e+26
176 -18 5.3226995978078906e+26
178 -18 2.4646156542333591e+26
180 -18 9.6761558944477748e+25
182 -18 3.1178827107674383e+25
184 -18 7.9367770756614552e+24
186 -18 1.4950573677496956e+24
188 -18 1.8497946240495075e+23
190 -18 1.1335444844865919e+22
110 -17 4.1714047073008075e+11
112 -17 3.6403173666128969e+14
114 -17 3.3012085195444460e+16
116 -17 9.9546029702610560e+17
118 -17 1.5931469815989795e+19
120 -17 1.6906988045321218e+20
122 -17 1.3408477966291391e+21
124 -17 8.4923434832176370e+21
126 -17 4.4867698681425630e+22
128 -17 2.0347412647077593e+23
130 -17 8.0991566273985906e+23
132 -17 2.8632030094824256e+24
134 -17 9.1144788693833744e+24
136 -17 2.6379553337543548e+25
138 -17 6.9712962811079300e+25
140 -17 1.6935368203214874e+26
142 -17 3.7960091128874838e+26
144 -17 7.8598891332470773e+26
146 -17 1.5074258480366009e+27
148 -17 2.6795399105333473e+27
150 -17 4.4154234123410210e+27
152 -17 6.7382374760193836e+27
154 -17 9.5481892624078179e+27
156 -17 1.2493778769236464e+28
158 -17 1.5084264490211142e+28
160 -17 1.6767175623485158e+28
162 -17 1.7081036566005066e+28
164 -17 1.5897134369847848e+28
166 -17 1.3437986036807818e+28
168 -17 1.0269589198177504e+28
170 -17 7.0246144294238039e+27
172 -17 4.2590091353305115e+27
174 -17 2.2662783122199914e+27
176 -17 1.0421630641005059e+27
178 -17 4.0486902480154876e+26
180 -17 1.2945198418937136e+26
182 -17 3.2691195631235327e+25
184 -17 6.1032357480414187e+24
186 -17 7.5016620540554600e+23
188 -17 4.5708608620186665e+22
106 -16 1.6358421232323062e+12
108 -16 9.2542695130607938e+14
110 -16 7.0405910736744168e+16
112 -16 1.9708343573095916e+18
114 -16 3.0439233607082492e+19
116 -16 3.1891940725540579e+20
118 -16 2.5256040243717409e+21
120 -16 1.6111766269537362e+22
122 -16 8.6156793202632873e+22
124 -16 3.9671584052572810e+23
126 -16 1.6094506494926356e+24
128 -16 5.8374187393028113e+24
130 -16 1.9099302944507890e+25
132 -16 5.6974738797733770e+25
134 -16 1.5557988947223149e+26
136 -16 3.9181448092199724e+26
138 -16 9.1318308518262330e+26
140 -16 1.9728336472244957e+27
142 -16 3.9511734192050680e+27
144 -16 7.3663269715170335e+27
146 -16 1.2765463997550119e+28
148 -16 2.0587285332152401e+28
150 -16 3.0796033419957023e+28
152 -16 4.2825156210185783e+28
154 -16 5.5118076168381611e+28
156 -16 6.5587310282828658e+28
158 -16 7.1866711195837036e+28
160 -16 7.2333589597033043e+28
162 -16 6.6604194667673791e+28
164 -16 5.5723227291065825e+28
166 -16 4.2093787430293555e+28
168 -16 2.8555017669987195e+28
170 -16 1.7170590160813480e+28
172 -16 9.0648683377604388e+27
174 -16 4.1286341098688261e+27
176 -16 1.5940147268478541e+27
178 -16 5.0543562354587254e+26
180 -16 1.2669378662703710e+26
182 -16 2.3529896414109664e+25
184 -16 2.8741944734048635e+24
186 -16 1.7427519712568749e+23
102 -15 5.2702411928891602e+12
104 -15 2.0378647013420725e+15
106 -15 1.3278175004620677e+17
108 -15 3.4654439214275594e+18
110 -15 5.1839745252375945e+19
112 -15 5.3682563535712826e+20
114 -15 4.2352492699190391e+21
116 -15 2.7163570317953874e+22
118 -15 1.4661019978267303e+23
120 -15 6.8727484770778019e+23
122 -15 2.8406663561034975e+24
124 -15 1.0553486201149150e+25
126 -15 3.5472102495529257e+25
128 -15 1.0886899714256834e+26
130 -15 3.0762124177792644e+26
132 -15 8.0294610182494679e+26
134 -15 1.9423383205951476e+27
136 -15 4.3666625367130014e+27
138 -15 9.1440131709596833e+27
140 -15 1.7834219422930257e+28
142 -15 3.2476819182041679e+28
144 -15 5.5136411863630988e+28
146 -15 8.7099343427042601e+28
148 -15 1.2844202395257483e+29
150 -15 1.7571610603523390e+29
152 -15 2.2325538203621731e+29
154 -15 2.6222638238206897e+29
156 -15 2.8434928744190324e+29
158 -15 2.8329834464653639e+29
160 -15 2.5821919954375652e+29
162 -15 2.1424294023776990e+29
164 -15 1.6065967091912231e+29
166 -15 1.0808383234004139e+29
168 -15 6.4598573117966332e+28
170 -15 3.3849604779615230e+28
172 -15 1.5324163214530911e+28
174 -15 5.8807848753596546e+27
176 -15 1.8548623643026305e+27
178 -15 4.6238114914535837e+26
180 -15 8.5518032129908330e+25
182 -15 1.0392993813265965e+25
184 -15 6.2863099637810374e+23
98 -14 1.3996735294420332e+13
100 -14 3.8936668780821415e+15
102 -14 2.2069390084395120e+17
104 -14 5.3849900396115415e+18
106 -14 7.8023180585251226e+19
108 -14 7.9730016936831654e+20
110 -14 6.2841886496769777e+21
112 -14 4.0487984249919429e+22
114 -14 2.2090583044375267e+23
116 -14 1.0505679623421616e+24
118 -14 4.4307250988425562e+24
120 -14 1.6814692084407796e+25
122 -14 5.8048808862465989e+25
124 -14 1.8345581832222888e+26
126 -14 5.3536571026191901e+26
128 -14 1.4456493898708551e+27
130 -14 3.6282947040354071e+27
132 -14 8.4955130343778848e+27
134 -14 1.8556027379798159e+28
136 -14 3.7874434788968249e+28
138 -14 7.2356742982949833e+28
140 -14 1.2904110980689200e+29
142 -14 2.1524439345797768e+29
144 -14 3.3514701018222316e+29
146 -14 4.8703584816978357e+29
148 -14 6.5888986348148812e+29
150 -14 8.2824102261377037e+29
152 -14 9.6273179677023154e+29
154 -14 1.0355176263155072e+30
156 -14 1.0233599882416571e+30
158 -14 9.2590029147533233e+29
160 -14 7.6256819536507199e+29
162 -14 5.6852479777631615e+29
164 -14 3.8008826353288545e+29
166 -14 2.2584116305996720e+29
168 -14 1.1767811615618627e+29
170 -14 5.3088480670301166e+28
172 -14 2.0269816394738158e+28
174 -14 6.3663467459299852e+27
176 -14 1.5812560970485396e+27
178 -14 2.9115237308966147e+26
180 -14 3.5368367297072288e+25
182 -14 2.1401428188169922e+24
92 -13 1.2624609811574123e+09
94 -13 3.0768270480937586e+13
96 -13 6.4295817044347460e+15
98 -13 3.2003255767952045e+17
100 -13 7.3251116821033738e+18
102 -13 1.0315133122414504e+20
104 -13 1.0401365784750016e+21
106 -13 8.1726461368481402e+21
108 -13 5.2879183165791639e+22
110 -13 2.9153793194170908e+23
112 -13 1.4072627566949478e+24
114 -13 6.0467478482495697e+24
116 -13 2.3496236427665136e+25
118 -13 8.3117851135203666e+25
120 -13 2.7035050043263136e+26
122 -13 8.1237558646347954e+26
124 -13 2.2732749668168004e+27
126 -13 5.9208787093028656e+27
128 -13 1.4424947859284812e+28
130 -13 3.2830275870306077e+28
132 -13 7.0040555821794111e+28
134 -13 1.4006556175904545e+29
136 -13 2.6288397469903811e+29
138 -13 4.6142244203804035e+29
140 -13 7.5962359907588889e+29
142 -13 1.1690495308242187e+30
144 -13 1.6795919627273113e+30
146 -13 2.2505228974967842e+30
148 -13 2.8034032435615919e+30
150 -13 3.2379337191007339e+30
152 -13 3.4547432352545290e+30
154 -13 3.3954477078225674e+30
156 -13 3.0558781828544030e+30
158 -13 2.5043892583667555e+30
160 -13 1.8587271124018194e+30
162 -13 1.2373903788137609e+30
164 -13 7.3212764213303897e+29
166 -13 3.8055586600299877e+29
168 -13 1.7081421362602259e+29
170 -13 6.5047652401168627e+28
172 -13 2.0372864321742354e+28
174 -13 5.0525787817558589e+27
176 -13 9.3001194000801222e+26
178 -13 1.1292141126095985e+26
180 -13 6.8353507973851930e+24
88 -12 9.5885514440415344e+09
90 -12 5.6240150288392727e+13
92 -12 9.1012513859202440e+15
94 -12 4.0402021776255699e+17
96 -12 8.7109835885440901e+18
98 -12 1.1934897790306278e+20
100 -12 1.1854070940666057e+21
102 -12 9.2869654079766455e+21
104 -12 6.0227861642306004e+22
106 -12 3.3550950155862778e+23
108 -12 1.6395367252236478e+24
110 -12 7.1742514497235749e+24
112 -12 2.8506416236151666e+25
114 -12 1.0347871316223327e+26
116 -12 3.4639605000110539e+26
118 -12 1.0736613077575984e+27
120 -12 3.1022151183608120e+27
122 -12 8.3856199430956625e+27
124 -12 2.1201814715580104e+28
126 -12 5.0291018364108828e+28
128 -12 1.1215185869334925e+29
130 -12 2.3472371372880624e+29
132 -12 4.6202990474822494e+29
134 -12 8.5422652686987864e+29
136 -12 1.4833584544351007e+30
138 -12 2.4132666573617638e+30
140 -12 3.6792633527298414e+30
142 -12 5.2419976069018304e+30
144 -12 6.9793452367046494e+30
146 -12 8.6403498893115517e+30
148 -12 9.9253056138758592e+30
150 -12 1.0545100593458983e+31
152 -12 1.0311708296862393e+31
154 -12 9.2449837588128761e+30
156 -12 7.5580427071962234e+30
158 -12 5.5888151542102257e+30
160 -12 3.7128752435882191e+30
162 -12 2.1922043059878208e+30
164 -12 1.1371274597622114e+30
166 -12 5.0994105474612081e+29
168 -12 1.9378086931876261e+29
170 -12 6.0719766866702114e+28
172 -12 1.5036707576364355e+28
174 -12 2.7700657390232288e+27
176 -12 3.3678836514281057e+26
178 -12 2.0458690793642955e+25
84 -11 3.5617858667692154e+10
86 -11 8.5188388892444547e+13
88 -11 1.1006601499350036e+16
90 -11 4.3921094834797114e+17
92 -11 8.9802175503676867e+18
94 -11 1.1929707854721594e+20
96 -11 1.1696051819699084e+21
98 -11 9.1144289762721703e+21
100 -11 5.9374236460306955e+22
102 -11 3.3347340457085996e+23
104 -11 1.6538240854760837e+24
106 -11 7.3717139526513361e+24
108 -11 2.9874925404986570e+25
110 -11 1.1120822496879966e+26
112 -11 3.8258895563710767e+26
114 -11 1.2236139357709761e+27
116 -11 3.6541850256363574e+27
118 -11 1.0225135168503253e+28
120 -11 2.6840209401822540e+28
122 -11 6.6322693150711964e+28
124 -11 1.5428369021646451e+29
126 -11 3.3776723098387019e+29
128 -11 6.9726472976426583e+29
130 -11 1.3541726023832846e+30
132 -11 2.4770436321570925e+30
134 -11 4.2623660773295787e+30
136 -11 6.8791868169427620e+30
138 -11 1.0422609270504097e+31
140 -11 1.4787932878471630e+31
142 -11 1.9574010265899734e+31
144 -11 2.4137417940294864e+31
146 -11 2.7629185551672466e+31
148 -11 2.9265538009954721e+31
150 -11 2.8587341921497267e+31
152 -11 2.5573006012441432e+31
154 -11 2.0854305265360687e+31
156 -11 1.5417796241401461e+31
158 -11 1.0233234670986650e+31
160 -11 6.0395890045275761e+30
162 -11 3.1320402278959309e+30
164 -11 1.4040248298582864e+30
166 -11 5.3419920327940991e+29
168 -11 1.6752984466547738e+29
170 -11 4.1599360828373186e+28
172 -11 7.6718176790086394e+27
174 -11 9.3798007768528380e+26
176 -11 5.7216983603680174e+25
80 -10 8.6838379958464066e+10
82 -10 1.0696125923703469e+14
84 -10 1.1327836931364380e+16
86 -10 4.0907680709068294e+17
88 -10 7.9467403216890890e+18
90 -10 1.0243520951667900e+20
92 -10 9.9115693007607720e+20
94 -10 7.6911802146805546e+21
96 -10 5.0300146602299577e+22
98 -10 2.8460701577421538e+23
100 -10 1.4285768707887270e+24
102 -10 6.4747436092596854e+24
104 -10 2.6799813863544889e+25
106 -10 1.0219822077260512e+26
108 -10 3.6086674749626472e+26
110 -10 1.1904165908237797e+27
112 -10 3.6708988353730173e+27
114 -10 1.0639861302635643e+28
116 -10 2.8958584635984535e+28
118 -10 7.4605518425386292e+28
120 -10 1.8080029206989508e+29
122 -10 4.1364409764231619e+29
124 -10 8.9462489847447451e+29
126 -10 1.8249091877584072e+30
128 -10 3.5157304136519308e+30
130 -10 6.3820833013780821e+30
132 -10 1.0908249401828654e+31
134 -10 1.7534285968409831e+31
136 -10 2.6455623229487294e+31
138 -10 3.7379952339172105e+31
140 -10 4.9377124193322465e+31
142 -10 6.0789627743888841e+31
144 -10 6.9534415512333381e+31
146 -10 7.3576012656580462e+31
148 -10 7.1789076622128537e+31
150 -10 6.4294011942646307e+31
152 -10 5.2440427420858463e+31
154 -10 3.8784914608974077e+31
156 -10 2.5762334645036652e+31
158 -10 1.5225041302922408e+31
160 -10 7.9117030827171044e+30
162 -10 3.5549311044580656e+30
164 -10 1.3554694343740243e+30
166 -10 4.2662934524791279e+29
168 -10 1.0630357108923297e+29
170 -10 1.9708447062557851e+28
172 -10 2.4227537844382446e+27
174 -10 1.4896316265867381e+26
76 -9 1.5136113817297037e+11
78 -9 1.1122190671144380e+14
80 -9 9.8002693661149980e+15
82 -9 3.2440681612803430e+17
84 -9 5.9888418899390556e+18
86 -9 7.5033840371046646e+19
88 -9 7.1505694528980464e+20
90 -9 5.5285408017847828e+21
92 -9 3.6116063030731604e+22
94 -9 2.0602173217187034e+23
96 -9 1.0481715278291584e+24
98 -9 4.8243195981999524e+24
100 -9 2.0368411794580193e+25
102 -9 7.9493146844688453e+25
104 -9 2.8873618831794390e+26
106 -9 9.7863592822737241e+26
108 -9 3.1205004007345713e+27
110 -9 9.3554693521258191e+27
112 -9 2.6481576084933119e+28
114 -9 7.0746953051591343e+28
116 -9 1.7891426870518510e+29
118 -9 4.2784979954329916e+29
120 -9 9.6838446102098277e+29
122 -9 2.0732500141240623e+30
124 -9 4.2050713305551550e+30
126 -9 8.0401406104074779e+30
128 -9 1.4531236641472434e+31
130 -9 2.4758780964935588e+31
132 -9 3.9710972631264528e+31
134 -9 5.9790901543234080e+31
136 -9 8.4431055804516601e+31
138 -9 1.1157165192136004e+32
140 -9 1.3722216604904752e+32
142 -9 1.5706058643115999e+32
144 -9 1.6649773945372533e+32
146 -9 1.6278492736508294e+32
148 -9 1.4599486601788802e+32
150 -9 1.1945764096789493e+32
152 -9 8.8537677911740219e+31
154 -9 5.9024309687581877e+31
156 -9 3.5002572366419378e+31
158 -9 1.8237660219999723e+31
160 -9 8.2333723206284764e+30
162 -9 3.1528441390311841e+30
164 -9 9.9788862230541668e+29
166 -9 2.4995603795259837e+29
168 -9 4.6713490857879107e+28
170 -9 5.7885586243868776e+27
172 -9 3.5991974254570340e+26
72 -8 1.9682977045996866e+11
74 -8 9.4963144266273297e+13
76 -8 7.1142146633333290e+15
78 -8 2.1578909391550256e+17
80 -8 3.8007893156803574e+18
82 -8 4.6397102377893790e+19
84 -8 4.3526075575768016e+20
86 -8 3.3386713205409731e+21
88 -8 2.1853488670176409e+22
90 -8 1.2544734399329567e+23
92 -8 6.4473329798590924e+23
94 -8 3.0177740214695192e+24
96 -8 1.2987388289353948e+25
98 -8 5.1861733009728697e+25
100 -8 1.9318708979811496e+26
102 -8 6.7480438691078656e+26
104 -8 2.2183796374646115e+27
106 -8 6.8827773610335021e+27
108 -8 2.0203315159773672e+28
110 -8 5.6169811949712220e+28
112 -8 1.4790060043617060e+29
114 -8 3.6942511814331808e+29
116 -8 8.7544361608695210e+29
118 -8 1.9667552658439678e+30
120 -8 4.1893954614543911e+30
122 -8 8.4484543801027966e+30
124 -8 1.6125343675435967e+31
126 -8 2.9083205808446559e+31
128 -8 4.9538226197223770e+31
130 -8 7.9413693707247158e+31
132 -8 1.1966084211853591e+32
134 -8 1.6926258712010857e+32
136 -8 2.2397292141489912e+32
138 -8 2.7632650733610543e+32
140 -8 3.1733559759571552e+32
142 -8 3.3740925747443976e+32
144 -8 3.3117673500685028e+32
146 -8 2.9825386442206164e+32
148 -8 2.4497510787515569e+32
150 -8 1.8245965904918710e+32
152 -8 1.2222065083125165e+32
154 -8 7.2892741905113711e+31
156 -8 3.8214412615124396e+31
158 -8 1.7357903282250297e+31
160 -8 6.6937891915667918e+30
162 -8 2.1315530023175610e+30
164 -8 5.3905783134507384e+29
166 -8 1.0166428319574633e+29
168 -8 1.2745572279933061e+28
170 -8 8.0238290341356353e+26
68 -7 1.9650863504436798e+11
70 -7 6.5775352314677812e+13
72 -7 4.2591442368301805e+15
74 -7 1.1963507066503478e+17
76 -7 2.0096129208378716e+18
78 -7 2.3852660460602429e+19
80 -7 2.2042446960985417e+20
82 -7 1.6779613162975401e+21
84 -7 1.0974205425368162e+22
86 -7 6.3388769569863488e+22
88 -7 3.2929515725834031e+23
90 -7 1.5643723997104116e+24
92 -7 6.8645601890340711e+24
94 -7 2.8014471956262817e+25
96 -7 1.0706823838923148e+26
98 -7 3.8479137754670519e+26
100 -7 1.3048784721704155e+27
102 -7 4.1918755796527499e+27
104 -7 1.2746483815728856e+28
106 -7 3.6831277489474857e+28
108 -7 1.0103116738706280e+29
110 -7 2.6320295870384352e+29
112 -7 6.5336760679881480e+29
114 -7 1.5388777146717712e+30
116 -7 3.4429925882869341e+30
118 -7 7.3136556403228968e+30
120 -7 1.4732597851229345e+31
122 -7 2.8120676242121898e+31
124 -7 5.0779486045967636e+31
126 -7 8.6563848656449124e+31
128 -7 1.3923372482101354e+32
130 -7 2.1052225856007244e+32
132 -7 2.9891228299686506e+32
134 -7 3.9724122462933621e+32
136 -7 4.9263099483375538e+32
138 -7 5.6839220402703936e+32
140 -7 6.0804376286611324e+32
142 -7 6.0013039036745230e+32
144 -7 5.4353362347957893e+32
146 -7 4.4991659308688516e+32
148 -7 3.3740384484725593e+32
150 -7 2.2768288706142444e+32
152 -7 1.3691330751387407e+32
154 -7 7.2298557491029644e+31
156 -7 3.3107555773235090e+31
158 -7 1.2890868268073404e+31
160 -7 4.1458247673508063e+30
162 -7 1.0601737794346906e+30
164 -7 2.0236171749818774e+29
166 -7 2.5727492609712863e+28
168 -7 1.6463430200038488e+27
64 -6 1.5008242879980075e+11
66 -6 3.6947301382967273e+13
68 -6 2.0885095494986325e+15
70 -6 5.4506706904692272e+16
72 -6 8.7356236574412032e+17
74 -6 1.0072267849142872e+19
76 -6 9.1575221569825292e+19
78 -6 6.9067810255637106e+20
80 -6 4.5179136872875442e+21
82 -6 2.6205981098227509e+22
84 -6 1.3766095105419476e+23
86 -6 6.6213432349065279e+23
88 -6 2.9581408161367362e+24
90 -6 1.2347803353349601e+25
92 -6 4.8377460445765723e+25
94 -6 1.7893083432300516e+26
96 -6 6.2567849840932105e+26
98 -6 2.0754562858454573e+27
100 -6 6.5515904512582253e+27
102 -6 1.9668789845353336e+28
104 -6 5.6219009283042009e+28
106 -6 1.5298672007663697e+29
108 -6 3.9676147150194630e+29
110 -6 9.7975513976344581e+29
112 -6 2.3021626076027995e+30
114 -6 5.1531582208888571e+30
116 -6 1.0953880471608928e+31
118 -6 2.2111603772396591e+31
120 -6 4.2336937115713002e+31
122 -6 7.6679078612947170e+31
124 -6 1.3131308918900576e+32
126 -6 2.1221409578485435e+32
128 -6 3.2270177576198167e+32
130 -6 4.6113070616097884e+32
132 -6 6.1713942712920280e+32
134 -6 7.7080508870032002e+32
136 -6 8.9674911101438479e+32
138 -6 9.6677132570855704e+32
140 -6 9.6221133953523768e+32
142 -6 8.7928171125724412e+32
144 -6 7.3426349079373801e+32
146 -6 5.5588337526602125e+32
148 -6 3.7878449041421249e+32
150 -6 2.2980576256054876e+32
152 -6 1.2278426294292416e+32
154 -6 5.6876077771305613e+31
156 -6 2.2401547379012603e+31
158 -6 7.2932942690582078e+30
160 -6 1.8913867764216219e+30
162 -6 3.6633217751534655e+29
164 -6 4.7369421394915712e+28
166 -6 3.0888024113414982e+27
60 -5 8.8143545570748260e+10
62 -5 1.6497497896214875e+13
64 -5 8.2339416706449650e+14
66 -5 1.9980002549461852e+16
68 -5 3.0641397814967686e+17
70 -5 3.4357133307465324e+18
72 -5 3.0632380747344990e+19
74 -5 2.2937428029765642e+20
76 -5 1.4960349030258413e+21
78 -5 8.7061615809444687e+21
80 -5 4.6133993383472033e+22
82 -5 2.2531960106054256e+23
84 -5 1.0237632962130012e+24
86 -5 4.3630659413271552e+24
88 -5 1.7535115123148276e+25
90 -5 6.6768329211748667e+25
92 -5 2.4060715387484395e+26
94 -5 8.2623551327492725e+26
96 -5 2.6995571646613151e+27
98 -5 8.4211387312724641e+27
100 -5 2.5072089384457722e+28
102 -5 7.1271583126807602e+28
104 -5 1.9332383206129870e+29
106 -5 5.0038623165331425e+29
108 -5 1.2362452277057790e+30
110 -5 2.9114761484969442e+30
112 -5 6.5309200959246771e+30
114 -5 1.3933162395206571e+31
116 -5 2.8266983305749675e+31
118 -5 5.4390294675021126e+31
120 -5 9.9254329041530296e+31
122 -5 1.7114070839963862e+32
124 -5 2.7887461638934549e+32
126 -5 4.2767590654559880e+32
128 -5 6.1653418669645088e+32
130 -5 8.3222177606429224e+32
132 -5 1.0508103644971327e+33
134 -5 1.2340841306449527e+33
136 -5 1.3442658807855272e+33
138 -5 1.3528598390033659e+33
140 -5 1.2506262166425527e+33
142 -5 1.0563027112815894e+33
144 -5 8.0960992753842930e+32
146 -5 5.5844483858227743e+32
148 -5 3.4329513367617993e+32
150 -5 1.8589056129639951e+32
152 -5 8.7292158354847626e+31
154 -5 3.4885784646427832e+31
156 -5 1.1542691454026546e+31
158 -5 3.0414327351001130e+30
160 -5 5.9997399956778272e+29
162 -5 7.9157282672219599e+28
164 -5 5.2824527600059212e+27
54 -4 8.0915358356756633e+06
56 -4 3.9080262100804031e+10
58 -4 5.7568446369468936e+12
60 -4 2.5653913654353531e+14
62 -4 5.7835903974414930e+15
64 -4 8.4883033339893280e+16
66 -4 9.2315062589859814e+17
68 -4 8.0794964107017021e+18
70 -4 5.9874227976306377e+19
72 -4 3.8891660516151283e+20
74 -4 2.2713251107319081e+21
76 -4 1.2136362746047946e+22
78 -4 6.0157790950707706e+22
80 -4 2.7823596124232333e+23
82 -4 1.2117452145093031e+24
84 -4 4.9976268434189979e+24
86 -4 1.9546510583171148e+25
88 -4 7.2850309336145660e+25
90 -4 2.5893237053378863e+26
92 -4 8.7709258684469894e+26
94 -4 2.8424173522542385e+27
96 -4 8.8148702449605750e+27
98 -4 2.6163570304456815e+28
100 -4 7.4245392396488916e+28
102 -4 2.0157643574571790e+29
104 -4 5.2279474012598935e+29
106 -4 1.2967523919160086e+30
108 -4 3.0695937612313607e+30
110 -4 6.9210277037446615e+30
112 -4 1.4883294647877255e+31
114 -4 3.0424594783110898e+31
116 -4 5.9128326926301269e+31
118 -4 1.0883333573113320e+32
120 -4 1.8963335274827371e+32
122 -4 3.1196806753749049e+32
124 -4 4.8425590056299119e+32
126 -4 7.0620417590250674e+32
128 -4 9.6548907520628564e+32
130 -4 1.2329119162883405e+33
132 -4 1.4678879558947005e+33
134 -4 1.6217257383771317e+33
136 -4 1.6530485343194407e+33
138 -4 1.5506986438647483e+33
140 -4 1.3290915974827123e+33
142 -4 1.0336481897702361e+33
144 -4 7.2411068210487398e+32
146 -4 4.5207725556935536e+32
148 -4 2.4884879964190858e+32
150 -4 1.1890418103454820e+32
152 -4 4.8382719723631886e+31
154 -4 1.6312070989537794e+31
156 -4 4.3846089663476299e+30
158 -4 8.8324289489496745e+29
160 -4 1.1925882932619611e+29
162 -4 8.1833210395973512e+27
50 -3 6.2464204021343868e+06
52 -3 1.2840910280260328e+10
54 -3 1.5295622405307505e+12
56 -3 6.1070406239782305e+13
58 -3 1.2894505609628695e+15
60 -3 1.8022452747459780e+16
62 -3 1.9041894403092618e+17
64 -3 1.6284888300830938e+18
66 -3 1.1939849773080904e+19
68 -3 7.7179209537505853e+19
70 -3 4.5232920347192669e+20
72 -3 2.4415429902871728e+21
74 -3 1.2267786102979319e+22
76 -3 5.7883308726599157e+22
78 -3 2.5820531217696235e+23
80 -3 1.0917017993955741e+24
82 -3 4.4004319216245516e+24
84 -3 1.6927803379205264e+25
86 -3 6.2312253450913864e+25
88 -3 2.1932122800557134e+26
90 -3 7.3973591724805604e+26
92 -3 2.3903223234435160e+27
94 -3 7.4175490102971682e+27
96 -3 2.2029140535476280e+28
98 -3 6.2736378921324298e+28
100 -3 1.7115464190973788e+29
102 -3 4.4702195549829255e+29
104 -3 1.1169643419639815e+30
106 -3 2.6657943120614988e+30
108 -3 6.0741844365938036e+30
110 -3 1.3194665418017307e+31
112 -3 2.7287168349994423e+31
114 -3 5.3619750226265135e+31
116 -3 9.9957217268432268e+31
118 -3 1.7660074048295069e+32
120 -3 2.9455899229439079e+32
122 -3 4.6337011427849922e+32
124 -3 6.8578438946079169e+32
126 -3 9.5234994461928554e+32
128 -3 1.2361375217818830e+33
130 -3 1.4946304812636471e+33
132 -3 1.6776422720319071e+33
134 -3 1.7406445641688290e+33
136 -3 1.6606258989625351e+33
138 -3 1.4486482970672312e+33
140 -3 1.1470858324552058e+33
142 -3 8.1854607094821115e+32
144 -3 5.2113030630344764e+32
146 -3 2.9264547862091410e+32
148 -3 1.4263129426092028e+32
150 -3 5.9290735273322821e+31
152 -3 2.0436513038561886e+31
154 -3 5.6231910808257817e+30
156 -3 1.1620904275695672e+30
158 -3 1.6112223765699104e+29
160 -3 1.1407845315845809e+28
46 -2 2.9720545764982039e+06
48 -2 3.0147709582800355e+09
50 -2 2.9804104870609381e+11
52 -2 1.0710366475995703e+13
54 -2 2.1126700768419475e+14
56 -2 2.8163544497914265e+15
58 -2 2.8741118830452412e+16
60 -2 2.4085172678039235e+17
62 -2 1.7438171025692114e+18
64 -2 1.1236520765755396e+19
66 -2 6.6076756295519437e+19
68 -2 3.6069082980656277e+20
70 -2 1.8416496365504257e+21
72 -2 8.8863132947897133e+21
74 -2 4.0670270643447135e+22
76 -2 1.7725172019723627e+23
78 -2 7.3691812325160241e+23
80 -2 2.9364535433923080e+24
82 -2 1.1195438649297430e+25
84 -2 4.1024640270932884e+25
86 -2 1.4418774665121382e+26
88 -2 4.8705540947429692e+26
90 -2 1.5793724349325989e+27
92 -2 4.9227316883794287e+27
94 -2 1.4740879959311573e+28
96 -2 4.2307512519408168e+28
98 -2 1.1652428568501581e+29
100 -2 3.0752570705306462e+29
102 -2 7.7734134968647339e+29
104 -2 1.8801856748359288e+30
106 -2 4.3386876941093018e+30
108 -2 9.5630153127411314e+30
110 -2 2.0058860260257066e+31
112 -2 4.0026638165166304e+31
114 -2 7.5877400457458966e+31
116 -2 1.3626809051446515e+32
118 -2 2.3135444232188859e+32
120 -2 3.7052150665917811e+32
122 -2 5.5828254637669213e+32
124 -2 7.8951882804472275e+32
126 -2 1.0443380048954148e+33
128 -2 1.2883069923870210e+33
130 -2 1.4742287341263860e+33
132 -2 1.5608732306101547e+33
134 -2 1.5203155849875937e+33
136 -2 1.3540933183737385e+33
138 -2 1.0957005163197097e+33
140 -2 7.9913559458629663e+32
142 -2 5.2065851539283145e+32
144 -2 2.9914527166144839e+32
146 -2 1.4942424108816021e+32
148 -2 6.3644787241301334e+31
150 -2 2.2517029994526097e+31
152 -2 6.3686100297633334e+30
154 -2 1.3551188918147133e+30
156 -2 1.9382404946089900e+29
158 -2 1.4214966667074012e+28
42 -1 7.7269367891859123e+05
44 -1 4.7981239968935394e+08
46 -1 3.9835209730898293e+10
48 -1 1.2888763704491309e+12
50 -1 2.3789306401213793e+13
52 -1 3.0210692983853700e+14
54 -1 2.9797972320318235e+15
56 -1 2.4409296078413736e+16
58 -1 1.7434300962023914e+17
60 -1 1.1268636220450099e+18
62 -1 6.6799831009347973e+18
64 -1 3.7004183495407329e+19
66 -1 1.9362001913827777e+20
68 -1 9.6081519662621773e+20
70 -1 4.5314567854871392e+21
72 -1 2.0434067686086607e+22
74 -1 8.8111657821010903e+22
76 -1 3.6498061525700462e+23
78 -1 1.4490407832262915e+24
80 -1 5.5460380410569805e+24
82 -1 2.0376932844203873e+25
84 -1 7.2088436328042314e+25
86 -1 2.4545889276469145e+26
88 -1 8.0354131154229394e+26
90 -1 2.5320723946168921e+27
92 -1 7.6710603667577309e+27
94 -1 2.2341917092567264e+28
96 -1 6.2409797388588688e+28
98 -1 1.6745062144671443e+29
100 -1 4.2966090604310304e+29
102 -1 1.0568763344828506e+30
104 -1 2.4839325775579021e+30
106 -1 5.5738357256418611e+30
108 -1 1.1915713935329467e+31
110 -1 2.4276459319421003e+31
112 -1 4.6894265327606558e+31
114 -1 8.5938353747991931e+31
116 -1 1.4893150533305899e+32
118 -1 2.4372923483357210e+32
120 -1 3.7555273795335157e+32
122 -1 5.4303419018668269e+32
124 -1 7.3503235227297275e+32
126 -1 9.2673995229442597e+32
128 -1 1.0870363280676785e+33
130 -1 1.1786848570384238e+33
132 -1 1.1770013489402609e+33
134 -1 1.0743439935197903e+33
136 -1 8.9113445590667241e+32
138 -1 6.6751812263687333e+32
140 -1 4.4633483315833621e+32
142 -1 2.6357698457329943e+32
144 -1 1.3539653768160599e+32
146 -1 5.9352604259209032e+31
148 -1 2.1628039683359994e+31
150 -1 6.3148994924448975e+30
152 -1 1.3882885844890070e+30
154 -1 2.0605049393625125e+29
156 -1 1.5731917994939291e+28
38 0 1.1176409082233443e+05
40 0 4.6245150608992592e+07
42 0 3.2532210504227681e+09
44 0 9.5426235841485336e+10
46 0 1.6421933459833450e+12
48 0 1.9831312991274836e+13
50 0 1.8841204083646256e+14
52 0 1.5096531181713880e+15
54 0 1.0735917940849322e+16
56 0 6.9989501450107152e+16
58 0 4.2530572567661498e+17
60 0 2.4323286633316398e+18
62 0 1.3179118460672774e+19
64 0 6.7906622122348970e+19
66 0 3.3470156094244900e+20
68 0 1.5744249817041653e+21
70 0 7.1096736975053862e+21
72 0 3.0842404175790115e+22
74 0 1.2869967201677958e+23
76 0 5.1618879044320444e+23
78 0 1.9968996730156190e+24
80 0 7.4415280722383031e+24
82 0 2.6706871682618923e+25
84 0 9.2304148281430674e+25
86 0 3.0717529936011494e+26
88 0 9.8609567384418803e+26
90 0 3.0401041330944634e+27
92 0 9.0264850510900270e+27
94 0 2.5734539361677992e+28
96 0 7.0466613386174445e+28
98 0 1.8502737194299416e+29
100 0 4.6478620407086397e+29
102 0 1.1172086473558870e+30
104 0 2.5673342608982622e+30
106 0 5.6198071035235965e+30
108 0 1.1711476776940757e+31
110 0 2.3186473894383602e+31
112 0 4.3592462871768445e+31
114 0 7.7456281246268893e+31
116 0 1.2997776271226406e+32
118 0 2.0562693749967593e+32
120 0 3.0518097821474363e+32
122 0 4.2423899360860819e+32
124 0 5.5023191829377154e+32
126 0 6.6303471645219146e+32
128 0 7.3983904380607331e+32
130 0 7.5969847395863476e+32
132 0 7.1422231823718465e+32
134 0 6.1042390137465445e+32
136 0 4.7079994010597080e+32
138 0 3.2486584293396480e+32
140 0 1.9800237816983918e+32
142 0 1.0508647156173904e+32
144 0 4.7591352150311130e+31
146 0 1.7955782698283127e+31
148 0 5.4335310777624758e+30
150 0 1.2418079744817529e+30
152 0 1.9171154130382815e+29
154 0 1.5333276271299718e+28
34 1 6.8554912142011044e+03
36 1 2.0083250250349883e+06
38 1 1.2123908867200984e+08
40 1 3.2296065054745941e+09
42 1 5.1762073091183243e+10
44 1 5.9305273458010339e+11
46 1 5.4565100300925693e+12
48 1 4.3712434735999484e+13
50 1 3.1994484992649106e+14
52 1 2.2021740495205642e+15
54 1 1.4314352238135794e+16
56 1 8.7970639675705696e+16
58 1 5.1205361362316454e+17
60 1 2.8301541856891305e+18
62 1 1.4838433364278657e+19
64 1 7.4375818766990148e+19
66 1 3.5779648403539460e+20
68 1 1.6513664655589670e+21
70 1 7.3164952255369000e+21
72 1 3.1160677997898635e+22
74 1 1.2798560623156528e+23
76 1 5.0630430817365563e+23
78 1 1.9305046186490223e+24
80 1 7.0943638415379616e+24
82 1 2.5134227576701641e+25
84 1 8.5832619357209236e+25
86 1 2.8238843980607412e+26
88 1 8.9408765481457795e+26
90 1 2.7256660990925440e+27
92 1 7.9854072358016930e+27
94 1 2.2447350002532715e+28
96 1 6.0563523619068719e+28
98 1 1.5652716769501719e+29
100 1 3.8686217705033412e+29
102 1 9.1374508694857557e+29
104 1 2.0590295900609480e+30
106 1 4.4222460595626158e+30
108 1 9.0185497660892172e+30
110 1 1.7462887822070198e+31
112 1 3.1997838173660558e+31
114 1 5.5318385772036718e+31
116 1 9.0170096707900569e+31
118 1 1.3811410553482869e+32
120 1 1.9820474642083705e+32
122 1 2.6527996037940321e+32
124 1 3.3024851714614711e+32
126 1 3.8057596863836350e+32
128 1 4.0415628471521349e+32
130 1 3.9275974313422446e+32
132 1 3.4739602440788256e+32
134 1 2.7750058007130832e+32
136 1 1.9815209441308427e+32
138 1 1.2522996248290640e+32
140 1 6.8992571886451368e+31
142 1 3.2442815032706291e+31
144 1 1.2739916207355145e+31
146 1 4.0147817218471146e+30
148 1 9.5746060153249237e+29
150 1 1.5492416784781289e+29
152 1 1.3038794057221448e+28
38 2 4.2600553446328169e+05
40 2 8.7281550630426005e+07
42 2 4.4698996299306860e+09
44 2 1.0899475596789484e+11
46 2 1.6595913351628889e+12
48 2 1.8471453151326434e+13
50 2 1.6598458511754644e+14
52 2 1.2751009717530710e+15
54 2 8.7833364910429480e+15
56 2 5.5675867403891536e+16
58 2 3.3049037520278118e+17
60 2 1.8512552199172777e+18
62 2 9.8314528449480499e+18
64 2 4.9721863309583024e+19
66 2 2.4065030320781014e+20
68 2 1.1124733876041228e+21
70 2 4.9475895794299337e+21
72 2 2.1131841493090823e+22
74 2 8.6841137238250518e+22
76 2 3.4322335817427008e+23
78 2 1.3065581528404186e+24
80 2 4.7958522467919413e+24
82 2 1.6956776839379220e+25
84 2 5.7745754099988433e+25
86 2 1.8927813238837382e+26
88 2 5.9701300929924540e+26
90 2 1.8077960444829743e+27
92 2 5.2656694178354981e+27
94 2 1.4703047049232934e+28
96 2 3.9287960668957232e+28
98 2 1.0067128059466450e+29
100 2 2.4611889848086566e+29
102 2 5.7440726885489559e+29
104 2 1.2771027997306188e+30
106 2 2.6995145557566309e+30
108 2 5.4150639688823570e+30
110 2 1.0276598847252498e+31
112 2 1.8439818948485725e+31
114 2 3.1157905040899334e+31
116 2 4.9464566227953820e+31
118 2 7.3640414788588246e+31
120 2 1.0229593565818403e+32
122 2 1.3221548819777375e+32
124 2 1.5824531474276277e+32
126 2 1.7452870901765215e+32
128 2 1.7617927871787740e+32
130 2 1.6206558617281843e+32
132 2 1.3471107549218249e+32
134 2 1.0020108322836679e+32
136 2 6.5964349144699467e+31
138 2 3.7860979359176266e+31
140 2 1.8619591430130950e+31
142 2 7.6372407141730789e+30
144 2 2.5211575119456078e+30
146 2 6.3147812416525666e+29
148 2 1.0752212409236431e+29
150 2 9.5825958229136204e+27
42 3 1.1446272669030841e+07
44 3 1.7065729368724711e+09
46 3 7.4510025651391754e+10
48 3 1.6631285087072959e+12
50 3 2.4004562449239469e+13
52 3 2.5823511138451169e+14
54 3 2.2498539155718320e+15
56 3 1.6750361647420170e+16
58 3 1.1134652035863211e+17
60 3 6.7742570912866803e+17
62 3 3.8264354195935360e+18
64 3 2.0270870264405811e+19
66 3 1.0137484704337538e+20
68 3 4.8367297354702533e+20
70 3 2.2024515073633527e+21
72 3 9.5814689450283468e+21
74 3 4.0042867688295023e+22
76 3 1.6049827480713477e+23
78 3 6.1823982356595484e+23
80 3 2.2893408213999263e+24
82 3 8.1583938171426208e+24
84 3 2.7934884736244800e+25
86 3 9.1959049069627552e+25
88 3 2.9120152439962133e+26
90 3 8.8415553417893591e+26
92 3 2.5757980008001795e+27
94 3 7.1802006070724432e+27
96 3 1.9174147254807208e+28
98 3 4.8922640892279905e+28
100 3 1.1898030718242304e+29
102 3 2.7592968196346796e+29
104 3 6.0811470044147000e+29
106 3 1.2717267686996001e+30
108 3 2.5186518257854614e+30
110 3 4.7111641055436314e+30
112 3 8.3108940405181410e+30
114 3 1.3765058413685554e+31
116 3 2.1360786956780879e+31
118 3 3.0993690478541870e+31
120 3 4.1803482685827275e+31
122 3 5.2255900536478454e+31
124 3 6.0187153853604055e+31
126 3 6.3516951872973049e+31
128 3 6.1122938290647831e+31
130 3 5.3105187289133534e+31
132 3 4.1362914528289618e+31
134 3 2.8520656971210628e+31
136 3 1.7176395601925644e+31
138 3 8.8607239302614114e+30
140 3 3.8239048378137138e+30
142 3 1.3301841254757571e+30
144 3 3.5146681678650301e+29
146 3 6.3446796060548645e+28
148 3 6.0235426890349950e+27
44 4 5.4363966029323812e+04
46 4 1.7883866417178747e+08
48 4 1.9733918229881527e+10
50 4 7.4268986222270715e+11
52 4 1.5114109208085830e+13
54 4 2.0625663210513594e+14
56 4 2.1259220646993435e+15
58 4 1.7910707041064676e+16
60 4 1.2958269496168298e+17
62 4 8.3423558280123110e+17
64 4 4.8887516025655992e+18
66 4 2.6451182127328014e+19
68 4 1.3381523956076210e+20
70 4 6.3892546199071267e+20
72 4 2.8992755232985475e+21
74 4 1.2506416614083232e+22
76 4 5.1545945325152940e+22
78 4 2.0346710653858060e+23
80 4 7.6939410064723687e+23
82 4 2.7841243884094860e+24
84 4 9.6910667946709500e+24
86 4 3.2331165685831885e+25
88 4 1.0335804482861910e+26
90 4 3.1690784831727614e+26
92 4 9.2880929466450412e+26
94 4 2.6083504382871801e+27
96 4 6.9921117921242846e+27
98 4 1.7872528555918812e+28
100 4 4.3511712075957581e+28
102 4 1.0074321036997378e+29
104 4 2.2132702017188993e+29
106 4 4.6044515029150591e+29
108 4 9.0397775138653123e+29
110 4 1.6737175593142442e+30
112 4 2.9116239397504789e+30
114 4 4.7518795522015478e+30
116 4 7.2336696830440217e+30
118 4 1.0251608635614010e+31
120 4 1.3460753439018735e+31
122 4 1.6286791377604292e+31
124 4 1.8078087726409399e+31
126 4 1.8295230361119517e+31
128 4 1.6723525724824768e+31
130 4 1.3720290131914415e+31
132 4 9.9736813723851244e+30
134 4 6.3318503656126065e+30
136 4 3.4524779197977069e+30
138 4 1.5731774243269916e+30
140 4 5.7994906873724971e+29
142 4 1.6292833587530216e+29
144 4 3.1355756069793971e+28
146 4 3.1988890241770472e+27
48 5 1.7075392934010234e+06
50 5 1.7711283488608561e+09
52 5 1.4982070149734198e+11
54 5 4.8891541660316914e+12
56 5 9.1061006995304797e+13
58 5 1.1724395640971162e+15
60 5 1.1550951736014378e+16
62 5 9.3692188873863856e+16
64 5 6.5531159588253811e+17
66 5 4.0645386646121032e+18
68 5 2.2856439377224843e+19
70 5 1.1892465878830791e+20
72 5 5.7695447897490443e+20
74 5 2.6273569502096833e+21
76 5 1.1331382590514877e+22
78 5 4.6451063235006438e+22
80 5 1.8117060452555347e+23
82 5 6.7631929110493394e+23
84 5 2.4085142696074249e+24
86 5 8.2039936239252558e+24
88 5 2.6711407425404146e+25
90 5 8.3164330171678091e+25
92 5 2.4759998552356438e+26
94 5 7.0273387679786151e+26
96 5 1.9020689976880532e+27
98 5 4.9020785563554972e+27
100 5 1.2004811651773417e+28
102 5 2.7902889657512967e+28
104 5 6.1368724317158554e+28
106 5 1.2754182707203121e+29
108 5 2.4971127466684106e+29
110 5 4.5915178230869076e+29
112 5 7.9173107440451047e+29
114 5 1.2757310397680767e+30
116 5 1.9102710162469494e+30
118 5 2.6536701908562704e+30
120 5 3.3961937638156986e+30
122 5 3.9904349384952809e+30
124 5 4.2741868173015100e+30
126 5 4.1385904758403805e+30
128 5 3.5955134839844108e+30
130 5 2.7722067814890913e+30
132 5 1.8696324213593197e+30
134 5 1.0830912194469920e+30
136 5 5.2551832906663182e+29
138 5 2.0636020558505491e+29
140 5 6.2064092592341793e+28
142 5 1.2818886047519557e+28
144 5 1.4172426666127914e+27
52 6 2.3272984794933707e+07
54 6 1.1832718754243298e+10
56 6 7.9005075792036096e+11
58 6 2.2435429378598270e+13
60 6 3.8314982608062644e+14
62 6 4.6323270232263810e+15
64 6 4.3412049584565336e+16
66 6 3.3753313820951597e+17
68 6 2.2712455712165212e+18
70 6 1.3516594210734965e+19
72 6 7.3035558222640988e+19
74 6 3.6354380404502974e+20
76 6 1.6842726857198411e+21
78 6 7.3104054498643421e+21
80 6 2.9924251885564485e+22
82 6 1.1619678154677151e+23
84 6 4.2785944095343297e+23
86 6 1.5027684224123460e+24
88 6 5.0210354529691026e+24
90 6 1.5982078301304465e+25
92 6 4.8523748355322476e+25
94 6 1.4023698051312338e+26
96 6 3.8576306766725676e+26
98 6 1.0070344145176973e+27
100 6 2.4931278469351022e+27
102 6 5.8372995383392370e+27
104 6 1.2926408186429568e+28
106 6 2.6933312044830566e+28
108 6 5.2755818765705449e+28
110 6 9.6968313001270349e+28
112 6 1.6613363641355395e+29
114 6 2.6508481139129311e+29
116 6 3.9243955008600774e+29
118 6 5.3502059724549368e+29
120 6 6.6917931751766863e+29
122 6 7.6397016626843019e+29
124 6 7.8956332173806037e+29
126 6 7.3206631299462580e+29
128 6 6.0249745256013254e+29
130 6 4.3420678247143565e+29
132 6 2.6902819010257655e+29
134 6 1.4001592746749785e+29
136 6 5.9048457603588914e+28
138 6 1.9090481213530787e+28
140 6 4.2710916836891358e+27
142 6 5.1524158049899455e+26
56 7 1.9119398373857960e+08
58 7 5.5359338626619873e+10
60 7 2.9796848464172959e+12
62 7 7.4305087603269156e+13
64 7 1.1607426722580438e+15
66 7 1.3102762078372630e+16
68 7 1.1678005286150720e+17
70 7 8.6631963705641344e+17
72 7 5.5445782958928251e+18
74 7 3.1613060401002451e+19
76 7 1.6295947683606367e+20
78 7 7.7222130353638998e+20
80 7 3.3996405095386773e+21
82 7 1.4008852445174302e+22
84 7 5.4198728361270560e+22
86 7 1.9811387409510852e+23
88 7 6.8583086157661694e+23
90 7 2.2504514673720233e+24
92 7 7.0097741657694605e+24
94 7 2.0744961519373331e+25
96 7 5.8181619611787852e+25
98 7 1.5460984053493238e+26
100 7 3.8875073250866584e+26
102 7 9.2343407952380731e+26
104 7 2.0615094946179523e+27
106 7 4.3286835952250141e+27
108 7 8.5231065379416722e+27
110 7 1.5670219852744374e+28
112 7 2.6860648246053025e+28
114 7 4.2615391690483457e+28
116 7 6.2387927534259023e+28
118 7 8.3780948152017641e+28
120 7 1.0266298021945538e+29
122 7 1.1387157355324623e+29
124 7 1.1340079076903144e+29
126 7 1.0034626938646142e+29
128 7 7.7845872583726536e+28
130 7 5.2014760022041139e+28
132 7 2.9163954607235487e+28
134 7 1.3320616174484583e+28
136 7 4.6790379053130569e+27
138 7 1.1380673366648154e+27
140 7 1.5155044826768202e+26
60 8 1.0073739047564687e+09
62 8 1.8455919496852728e+11
64 8 8.1815282680230625e+12
66 8 1.8015211566555500e+14
68 8 2.5749085071640300e+15
70 8 2.7097996018180888e+16
72 8 2.2751084897266211e+17
74 8 1.5972324950620436e+18
76 8 9.7364959091947397e+18
78 8 5.2663222479748661e+19
80 8 2.5797092990423581e+20
82 8 1.1574319600723720e+21
84 8 4.8056874187763493e+21
86 8 1.8638065467213172e+22
88 8 6.7695156393114476e+22
90 8 2.3150219061806932e+23
92 8 7.4713272161249308e+23
94 8 2.2728403301370158e+24
96 8 6.5476220749657801e+24
98 8 1.7772301852833364e+25
100 8 4.5625910437913823e+25
102 8 1.1005860746117321e+26
104 8 2.4943293037049158e+26
106 8 5.3001821014938034e+26
108 8 1.0510555375541440e+27
110 8 1.9437897634519462e+27
112 8 3.3305434505737537e+27
114 8 5.2667715852538986e+27
116 8 7.6506017421903208e+27
118 8 1.0124210560214798e+28
120 8 1.2152110725501290e+28
122 8 1.3100971553271329e+28
124 8 1.2557475860089866e+28
126 8 1.0563298888721767e+28
128 8 7.6526817814235183e+27
130 8 4.6737184046823502e+27
132 8 2.3253070577475036e+27
134 8 8.9269115714819931e+26
136 8 2.3859845363193630e+26
138 8 3.5389171967493060e+25
64 9 3.6098533952777224e+09
66 9 4.4055874280639417e+11
68 9 1.6469476296669398e+13
70 9 3.2154367091359662e+14
72 9 4.2022366258857345e+15
74 9 4.1208627412274416e+16
76 9 3.2347288264096346e+17
78 9 2.1434165175044196e+18
80 9 1.2300544464445796e+19
82 9 6.2769041876907311e+19
84 9 2.8952573236755120e+20
86 9 1.2202849272020006e+21
88 9 4.7576412336851077e+21
90 9 1.7208638896025773e+22
92 9 5.8162121990675238e+22
94 9 1.8443334551904763e+23
96 9 5.4840307457154012e+23
98 9 1.5311014090345879e+24
100 9 4.0229862462549173e+24
102 9 9.9160820710874281e+24
104 9 2.2876370724438943e+25
106 9 4.9304854957315729e+25
108 9 9.8956605871213150e+25
110 9 1.8401281757453075e+26
112 9 3.1626985903044843e+26
114 9 4.9881527919045796e+26
116 9 7.1980278079381202e+26
118 9 9.4053159272581960e+26
120 9 1.1049966934736636e+27
122 9 1.1554549423291375e+27
124 9 1.0620619860799393e+27
126 9 8.4160798053797366e+26
128 9 5.6338030739535386e+26
130 9 3.0774372398830113e+26
132 9 1.3011605350822850e+26
134 9 3.8499458592139147e+25
136 9 6.4413231373600099e+24
68 10 8.9369767924738598e+09
70 10 7.7675101745112024e+11
72 10 2.4359564390392777e+13
74 10 4.2598074234062888e+14
76 10 5.0839784807807590e+15
78 10 4.6054406951027248e+16
80 10 3.3714136806745952e+17
82 10 2.0855008466013240e+18
84 10 1.1212320483799988e+19
86 10 5.3416605358803304e+19
88 10 2.3001047378194324e+20
90 10 9.0335096118241591e+20
92 10 3.2613534897024270e+21
94 10 1.0929612843417795e+22
96 10 3.4021224649923295e+22
98 10 9.8599955165763177e+22
100 10 2.6713551652979719e+23
102 10 6.7453972812937077e+23
104 10 1.5903540749498994e+24
106 10 3.4835950802901687e+24
108 10 7.0845305198119869e+24
110 10 1.3303620329295237e+25
112 10 2.2922780929347288e+25
114 10 3.6207627734070957e+25
116 10 5.1777560588634889e+25
118 10 6.6856905980756758e+25
120 10 7.6668558331604377e+25
122 10 7.7512511660993037e+25
124 10 6.7629827137140252e+25
126 10 5.0079023689319027e+25
128 10 3.0239939786389315e+25
130 10 1.4213569904942986e+25
132 10 4.6982357397206017e+24
134 10 8.9524085241349952e+23
72 11 1.6547119546497149e+10
74 11 1.0065668148451793e+12
76 11 2.6843413281262379e+13
78 11 4.1581977600397069e+14
80 11 4.5199271164887830e+15
82 11 3.7649503070429968e+16
84 11 2.5565534967065837e+17
86 11 1.4609274058303803e+18
88 11 7.2865928207537254e+18
90 11 3.2238121717728231e+19
92 11 1.2823426134665301e+20
94 11 4.6407858405582222e+20
96 11 1.5347749948336389e+21
98 11 4.6862439190967369e+21
100 11 1.3245143745755439e+22
102 11 3.4542866456919115e+22
104 11 8.3503243410708567e+22
106 11 1.8681840979398740e+23
108 11 3.8570378822627026e+23
110 11 7.3246230291132357e+23
112 11 1.2702572657219970e+24
114 11 2.0003575030381897e+24
116 11 2.8481002276161074e+24
118 11 3.6067845612255594e+24
120 11 4.0369143149475500e+24
122 11 3.9061715040489278e+24
124 11 3.2113408460227430e+24
126 11 2.1623738789986458e+24
128 11 1.1406155049909377e+24
130 11 4.2404686820719838e+23
132 11 9.3313552839217359e+22
74 12 3.5549113004296266e+07
76 12 2.1353771218203896e+10
78 12 9.8867589957677673e+11
80 12 2.1810934896489430e+13
82 12 3.0130249836368400e+14
84 12 2.9429000761441450e+15
86 12 2.2423426108498796e+16
88 12 1.3895464120571344e+17
90 12 7.3336466151190912e+17
92 12 3.3490019997202458e+18
94 12 1.3568952148657369e+19
96 12 4.9202771802527801e+19
98 12 1.6139411429849576e+20
100 12 4.8188153338504878e+20
102 12 1.3189807448992134e+21
104 12 3.3022789706261526e+21
106 12 7.5995992612875325e+21
108 12 1.5953357957438951e+22
110 12 3.0675724977765800e+22
112 12 5.3489010154996295e+22
114 12 8.4303942469833699e+22
116 12 1.1857491324636886e+23
118 12 1.4751701037450139e+23
120 12 1.5888050286059143e+23
122 12 1.4610993081549722e+23
124 12 1.1020733020996588e+23
126 12 6.5751630445591684e+22
128 12 2.7646914481807906e+22
130 12 7.1128815819041213e+21
78 13 5.3172024309369914e+07
80 13 2.0477325969274498e+10
82 13 7.0997851697218237e+11
84 13 1.3300441451704109e+13
86 13 1.5956082922310003e+14
88 13 1.4007718253745882e+15
90 13 9.5610234259575980e+15
92 13 5.3860662302832128e+16
94 13 2.5679114787649754e+17
96 13 1.0602878314633510e+18
98 13 3.8625105655902147e+18
100 13 1.2567966493587823e+19
102 13 3.6708850327457382e+19
104 13 9.6762113287812071e+19
106 13 2.3051142898482502e+20
108 13 4.9902965605715653e+20
110 13 9.7310482763709206e+20
112 13 1.7125806896110221e+21
114 13 2.6862058312058877e+21
116 13 3.7314541053742070e+21
118 13 4.5014686699039280e+21
120 13 4.6535063004430467e+21
122 13 3.9448225211111037e+21
124 13 2.6809727250100419e+21
126 13 1.2797444214306091e+21
128 13 3.9312907427439477e+20
82 14 6.8738744351891369e+07
84 14 1.2934172485987659e+10
86 14 3.7537624683336066e+11
88 14 5.8016938719798457e+12
90 14 6.1447258143715086e+13
92 14 4.6984291419773600e+14
94 14 2.8806249112341020e+15
96 14 1.4390482319535880e+16
98 14 6.1230034341235304e+16
100 14 2.2401250879921107e+17
102 14 7.2237182262270502e+17
104 14 2.0412233775848054e+18
106 14 5.1551747931945062e+18
108 14 1.1566367075834378e+19
110 14 2.3193903402640163e+19
112 14 4.1114140557313221e+19
114 14 6.4609854267288248e+19
116 14 8.7599464010880156e+19
118 14 1.0266756127961601e+20
120 14 9.8358251978971562e+19
122 14 7.6701287175762510e+19
124 14 4.1612135206257172e+19
126 14 1.5451821480046588e+19
86 15 3.8357178816618517e+07
88 15 5.8023072948410788e+09
90 15 1.3588285451406992e+11
92 15 1.8280238930290237e+12
94 15 1.6315938873202803e+13
96 15 1.1074763347981812e+14
98 15 5.8509886376374062e+14
100 15 2.5954543994548100e+15
102 15 9.4521446001090640e+15
104 15 3.0171908670467920e+16
106 15 8.1911440733366208e+16
108 15 1.9686758358357792e+17
110 15 4.0634290367309274e+17
112 15 7.4408980538819661e+17
114 15 1.1472551032342738e+18
116 15 1.5492732909086474e+18
118 15 1.6795631515077235e+18
120 15 1.5230221367091845e+18
122 15 9.3753953649961498e+17
124 15 4.2938596475187552e+17
90 16 1.6574483140619187e+07
92 16 1.6765097928002615e+09
94 16 3.5747238018944336e+10
96 16 3.8697427388861688e+11
98 16 3.0373908316191528e+12
100 16 1.7171943280855123e+13
102 16 7.9522695204099562e+13
104 16 2.8797036257423481e+14
106 16 9.0602776912457175e+14
108 16 2.3192612812382750e+15
110 16 5.2216723896087400e+15
112 16 9.5447011732648680e+15
114 16 1.5457504673759948e+16
116 16 1.9193928522961384e+16
118 16 2.0841007700547240e+16
120 16 1.4557069156207770e+16
122 16 8.4092088123598070e+15
94 17 4.1677249541657711e+06
96 17 4.0399913995711499e+08
98 17 5.9892615539580755e+09
100 17 5.8760168017025261e+10
102 17 3.5459701695826044e+11
104 17 1.7600058174599651e+12
106 17 6.2261946022630918e+12
108 17 1.9327369779817617e+13
110 17 4.4444291764512109e+13
112 17 9.2395661721261938e+13
114 17 1.3683925330746691e+14
116 17 1.8669597682189622e+14
118 17 1.4903392737884700e+14
120 17 1.1338538510632000e+14
98 18 2.6054360070065078e+06
100 18 5.5769140574489832e+07
102 18 7.7639903337103260e+08
104 18 5.0679121592597103e+09
106 18 2.7638393876066463e+10
108 18 9.1502055885729767e+10
110 18 2.8020315827181604e+11
112 18 5.2833567631396289e+11
114 18 9.9012784463478894e+11
116 18 9.3251151253677759e+11
118 18 9.8489313244860291e+11
100 19 2.4632876041358595e+04
102 19 3.6366348052448418e+05
104 19 7.1201417809678828e+06
106 19 4.7568270585935391e+07
108 19 2.9644004650588918e+08
110 19 8.3304139281649411e+08
112 19 2.5325351045497565e+09
114 19 3.0262687481057348e+09
116 19 4.8589517966086025e+09
104 20 3.0157440818743898e+03
106 20 4.7526926278207684e+04
108 20 2.9202854785840499e+05
110 20 2.1033323044990255e+06
112 20 3.9225201260588993e+06
114 20 1.1237687306539875e+07
108 21 1.9675813180575895e+02
110 21 1.1447665322683356e+03
112 21 8.4083851114692734e+03
