208 -40 3.9621135563919485e+00
210 -40 1.5853163367020029e+01
204 -39 2.6540851128992620e+02
206 -39 2.7787705334643797e+03
208 -39 5.3877460210942045e+03
200 -38 6.2429578065261931e+03
202 -38 1.0635621882935826e+05
204 -38 5.0299497247306816e+05
206 -38 6.2706163396696234e+05
196 -37 1.3258210198975302e+05
198 -37 2.0650800817603196e+06
200 -37 1.4868121453689912e+07
202 -37 4.1949846681609258e+07
204 -37 3.8304620437924914e+07
192 -36 2.4697571713808295e+06
194 -36 3.5994863897137225e+07
196 -36 2.6143221409728593e+08
198 -36 1.0896917188322165e+09
200 -36 2.1058365821988463e+09
202 -36 1.5035431991635792e+09
188 -35 3.3252421693387542e+07
190 -35 5.3342077071935695e+08
192 -35 3.9192066394175763e+09
194 -35 1.7888822420217014e+10
196 -35 5.0373948764065178e+10
198 -35 7.2565432668685120e+10
200 -35 4.2534817489452591e+10
184 -34 3.3635994138770306e+08
186 -34 6.1639200294489288e+09
188 -34 5.0028994672738541e+10
190 -34 2.4389978495341266e+11
192 -34 7.9673665589859460e+11
194 -34 1.6541994454971592e+12
196 -34 1.8805396172939058e+12
198 -34 9.3600259081807166e+11
180 -33 2.7766057594763594e+09
182 -33 5.6798075434768166e+10
184 -33 5.1812612888268420e+11
186 -33 2.8071141302101499e+12
188 -33 1.0171815179108316e+13
190 -33 2.5477020956622492e+13
192 -33 4.1598507577563078e+13
194 -33 3.9184831629316945e+13
196 -33 1.6772530408188684e+13
176 -32 2.0217976826583977e+10
178 -32 4.4320716854232007e+11
180 -32 4.4579677044885273e+12
182 -32 2.6913692146270371e+13
184 -32 1.0862081609690828e+14
186 -32 3.0994182948333706e+14
188 -32 6.2191888207306500e+14
190 -32 8.3802249752420725e+14
192 -32 6.7592620525875975e+14
194 -32 2.5408118421940897e+14
172 -31 1.3170554712765350e+11
174 -31 3.0593303982555361e+12
176 -31 3.3052061909727035e+13
178 -31 2.1765930027140381e+14
180 -31 9.7571746662834150e+14
182 -31 3.1224870374508000e+15
184 -31 7.3043688798286080e+15
186 -31 1.2219972558647342e+16
188 -31 1.4010795081926960e+16
190 -31 9.9136646772639800e+15
192 -31 3.3010680190564500e+15
166 -30 5.8941987967869397e+06
168 -30 7.7697753805755298e+11
170 -30 1.8879355574517277e+13
172 -30 2.1530153572280569e+14
174 -30 1.5294456730111818e+15
176 -30 7.4779899958316190e+15
178 -30 2.6489780274568724e+16
180 -30 6.9987970590070768e+16
182 -30 1.3775198452227501e+17
184 -30 1.9795623384365725e+17
186 -30 1.9875903755092918e+17
188 -30 1.2521731451128986e+17
190 -30 3.7656493936271352e+16
162 -29 1.6744302719124684e+08
164 -29 4.1724374852609028e+12
166 -29 1.0514033366727280e+14
168 -29 1.2636284968177378e+15
170 -29 9.4720374334617800e+15
172 -29 4.9888808281366704e+16
174 -29 1.9268256300234736e+17
176 -29 5.6522712958246650e+17
178 -29 1.2618569312176960e+18
180 -29 2.1512785127219930e+18
182 -29 2.7192998288082862e+18
184 -29 2.4337618801044977e+18
186 -29 1.3855141497454451e+18
188 -29 3.7922405562760666e+17
158 -28 2.5109749032434340e+09
160 -28 2.0432232408343191e+13
162 -28 5.3231270047831406e+14
164 -28 6.6509137352477800e+15
166 -28 5.2553053796292864e+16
168 -28 2.9305775415424141e+17
170 -28 1.2191855256013069e+18
172 -28 3.8924029676386601e+18
174 -28 9.6916491904333619e+18
176 -28 1.8849100659837350e+19
178 -28 2.8343897500253495e+19
180 -28 3.2024472169382310e+19
182 -28 2.5943717086269219e+19
184 -28 1.3497221168465486e+19
186 -28 3.4030681300857308e+18
154 -27 2.5978648947557766e+10
156 -27 9.1823107112375828e+13
158 -27 2.4549327008164225e+15
160 -27 3.1703981866331584e+16
162 -27 2.6125012887300691e+17
164 -27 1.5270685737317440e+18
166 -27 6.7562577655409889e+18
168 -27 2.3290212522961523e+19
170 -27 6.3475808886155821e+19
172 -27 1.3750793178809968e+20
174 -27 2.3682877273412236e+20
176 -27 3.1943532177704249e+20
178 -27 3.2848601774651716e+20
180 -27 2.4380010141806327e+20
182 -27 1.1712430218150368e+20
184 -27 2.7438243672303370e+19
150 -26 2.0470217384983575e+11
152 -26 3.7553384245170038e+14
154 -26 1.0265047443219700e+16
156 -26 1.3660246670374774e+17
158 -26 1.1659484130945746e+18
160 -26 7.1265099722483835e+18
162 -26 3.3304864291871179e+19
164 -26 1.2184376368189240e+20
166 -26 3.5777498513248092e+20
168 -26 8.5128488969229514e+20
170 -26 1.6409219922396405e+21
172 -26 2.5421924653450160e+21
174 -26 3.1281610919721503e+21
176 -26 2.9557324728098604e+21
178 -26 2.0308591058011520e+21
180 -26 9.1005812870295650e+20
182 -26 2.0007444961268256e+20
146 -25 1.3243182756984321e+12
148 -25 1.4068961440766448e+15
150 -25 3.9097892677385856e+16
152 -25 5.3168854946982112e+17
154 -25 4.6818455029635502e+18
156 -25 2.9732341372564931e+19
158 -25 1.4539847988983908e+20
160 -25 5.6224337875323840e+20
162 -25 1.7632941043827218e+21
164 -25 4.5241833290036302e+21
166 -25 9.5793702289078957e+21
168 -25 1.6689542459922875e+22
170 -25 2.3627066650186171e+22
172 -25 2.6826579057536932e+22
174 -25 2.3504313748597395e+22
176 -25 1.5110153039471803e+22
178 -25 6.3690566726755685e+21
180 -25 1.3206826996292908e+21
142 -24 7.1610891870792656e+12
144 -24 4.8049922269919110e+15
146 -24 1.3496711830646912e+17
148 -24 1.8688921071283807e+18
150 -24 1.6915366310478889e+19
152 -24 1.1110263595418432e+20
154 -24 5.6455943362399902e+20
156 -24 2.2923982787824509e+21
158 -24 7.6022947474855627e+21
160 -24 2.0892060564769082e+22
162 -24 4.8072955028985944e+22
164 -24 9.1984651938967729e+22
166 -24 1.4660614334151022e+23
168 -24 1.9195550771590353e+23
170 -24 2.0267849000487980e+23
172 -24 1.6667849979494769e+23
174 -24 1.0104438080217680e+23
176 -24 4.0359875755408466e+22
178 -24 7.9639625545077301e+21
138 -23 3.3349137198097250e+13
140 -23 1.4998309414834124e+16
142 -23 4.2083111168980006e+17
144 -23 5.9363410881156444e+18
146 -23 5.4883914632255242e+19
148 -23 3.7099194391139359e+20
150 -23 1.9522637232083949e+21
152 -23 8.2700878885497455e+21
154 -23 2.8892510999326623e+22
156 -23 8.4327335871724481e+22
158 -23 2.0744888099169458e+23
160 -23 4.3245455798620540e+23
162 -23 7.5994290525214921e+23
164 -23 1.1227041606186480e+24
166 -23 1.3731402064824928e+24
168 -23 1.3613945697149559e+24
170 -23 1.0583145826660718e+24
172 -23 6.0893525595544185e+23
174 -23 2.3201723920506922e+23
176 -23 4.3887334648166251e+22
134 -22 1.3362859304112414e+14
136 -22 4.2464716877973296e+16
138 -22 1.1907340018939295e+18
140 -22 1.7011356721797044e+19
142 -22 1.6011903847111583e+20
144 -22 1.1101524512053589e+21
146 -22 6.0230339712221320e+21
148 -22 2.6525367719085895e+22
150 -22 9.6805010017453016e+22
152 -22 2.9781695598235168e+23
154 -22 7.7984143823666686e+23
156 -22 1.7462174268412084e+24
158 -22 3.3406737976565476e+24
160 -22 5.4640779133739160e+24
162 -22 7.5404911115887359e+24
164 -22 8.6867570527876560e+24
166 -22 8.1653474613329506e+24
168 -22 6.0408130958810479e+24
170 -22 3.3156274411882258e+24
172 -22 1.2111230946216770e+24
174 -22 2.2062693252104807e+23
130 -21 4.6469705049603325e+14
132 -21 1.0906825639821944e+17
134 -21 3.0367333423009408e+18
136 -21 4.3707531875321790e+19
138 -21 4.1857355517461876e+20
140 -21 2.9633275907938991e+21
142 -21 1.6556597865268539e+22
144 -21 7.5405127254985740e+22
146 -21 2.8605137430843342e+23
148 -21 9.2324743801504527e+23
150 -21 2.5577893591054152e+24
152 -21 6.1023790616131439e+24
154 -21 1.2592164708629982e+25
156 -21 2.2441564911405774e+25
158 -21 3.4342855174606119e+25
160 -21 4.4779652489993361e+25
162 -21 4.8921066804738396e+25
164 -21 4.3867859934888247e+25
166 -21 3.1075720466202347e+25
168 -21 1.6410119115785498e+25
170 -21 5.7626494896650986e+24
172 -21 1.0136417292369478e+24
124 -20 2.4487394290660015e+10
126 -20 1.4116656770444658e+15
128 -20 2.5403889531270029e+17
130 -20 6.9975612339520829e+18
132 -20 1.0118286939943431e+20
134 -20 9.8019334238946394e+20
136 -20 7.0776139817702675e+21
138 -20 4.0495803250665809e+22
140 -20 1.8985423864522907e+23
142 -20 7.4794945970689816e+23
144 -20 2.5194496868851961e+24
146 -20 7.3314257576392033e+24
148 -20 1.8524445240737534e+25
150 -20 4.0884524191277517e+25
152 -20 7.8649135621517134e+25
154 -20 1.3167328491870644e+26
156 -20 1.9050472009149743e+26
158 -20 2.3593305062391362e+26
160 -20 2.4651122919820334e+26
162 -20 2.1165304024518746e+26
164 -20 1.4427246253901483e+26
166 -20 7.3513621825993958e+25
168 -20 2.4990362468598066e+25
170 -20 4.2726198792810672e+24
120 -19 2.9570246406550586e+11
122 -19 3.7398531063190950e+15
124 -19 5.3375300217215744e+17
126 -19 1.4467541314660164e+19
128 -19 2.0936357990056912e+20
130 -19 2.0468300149575624e+21
132 -19 1.5022365289704115e+22
134 -19 8.7878418763578069e+22
136 -19 4.2355319027362128e+23
138 -19 1.7254504797023314e+24
140 -19 6.0466796668807693e+24
142 -19 1.8383053969332328e+25
144 -19 4.8962190332898126e+25
146 -19 1.1460591998882988e+26
148 -19 2.3611033093302944e+26
150 -19 4.2782563362848092e+26
152 -19 6.7774256584046951e+26
154 -19 9.3545165634169140e+26
156 -19 1.1081326611268214e+27
158 -19 1.1114276532033178e+27
160 -19 9.2061813158067729e+26
162 -19 6.0640990070108134e+26
164 -19 2.9904612161838357e+26
166 -19 9.8746451031833944e+25
168 -19 1.6432665347618413e+25
116 -18 1.8465756528156794e+12
118 -18 8.6954219666481880e+15
120 -18 1.0084813738464390e+18
122 -18 2.6707037166170567e+19
124 -18 3.8686556801385949e+20
126 -18 3.8160694016949045e+21
128 -18 2.8388839774060232e+22
130 -18 1.6897811475218438e+23
132 -18 8.3576388278660825e+23
134 -18 3.5077181580436193e+24
136 -18 1.2741018814028900e+25
138 -18 4.0401505518891878e+25
140 -18 1.1277685130707859e+26
142 -18 2.7847022562798568e+26
144 -18 6.1046899602413732e+26
146 -18 1.1850074527002654e+27
148 -18 2.0355507245309386e+27
150 -18 3.0827667589325224e+27
152 -18 4.0728091203503909e+27
154 -18 4.6484871098651789e+27
156 -18 4.4976840764284892e+27
158 -18 3.6021083139343076e+27
160 -18 2.3015395732940274e+27
162 -18 1.1037962068354933e+27
164 -18 3.5482566597092546e+26
166 -18 5.7766898338513258e+25
112 -17 7.8562362076368145e+12
114 -17 1.7681126172188282e+16
116 -17 1.7119447541733696e+18
118 -17 4.4162707882151346e+19
120 -17 6.3614187576861236e+20
122 -17 6.3122674388782274e+21
124 -17 4.7519664978189951e+22
126 -17 2.8801067921435027e+23
128 -17 1.4530667527892536e+24
130 -17 6.2772642411863182e+24
132 -17 2.3539559258435777e+25
134 -17 7.7448420854436732e+25
136 -17 2.2602326184006636e+26
138 -17 5.8586795267592225e+26
140 -17 1.3595746862983307e+27
142 -17 2.8142562421725351e+27
144 -17 5.2041177967513616e+27
146 -17 8.5378545616930143e+27
148 -17 1.2406601630625467e+28
150 -17 1.5791686172939587e+28
152 -17 1.7415961926410132e+28
154 -17 1.6328251409359608e+28
156 -17 1.2715649351785687e+28
158 -17 7.9034420160476245e+27
160 -17 3.6963092523129859e+27
162 -17 1.1605254548435711e+27
164 -17 1.8522196998122432e+26
108 -16 2.5089952256447074e+13
110 -16 3.1427773703696016e+16
112 -16 2.5928196314837627e+18
114 -16 6.4768845177877619e+19
116 -16 9.2843357580462785e+20
118 -16 9.2302234231299899e+21
120 -16 7.0188797639208538e+22
122 -16 4.3251610928365528e+23
124 -16 2.2287513412248520e+24
126 -16 9.8624789110026406e+24
128 -16 3.8046767234891218e+25
130 -16 1.2982284663473263e+26
132 -16 3.9377416251959506e+26
134 -16 1.0700860010293472e+27
136 -16 2.6109445122567710e+27
138 -16 5.7315555639144992e+27
140 -16 1.1308268018602609e+28
142 -16 1.9988094620962438e+28
144 -16 3.1546496149114978e+28
146 -16 4.4224659645724119e+28
148 -16 5.4477606269970155e+28
150 -16 5.8282118596067564e+28
152 -16 5.3164674529281650e+28
154 -16 4.0332359132300128e+28
156 -16 2.4485607420491602e+28
158 -16 1.1199914606960303e+28
160 -16 3.4450066190276909e+27
162 -16 5.4007683903405507e+26
104 -15 6.2676937963212633e+13
106 -15 4.8618688881813008e+16
108 -15 3.4842823198092887e+18
110 -15 8.4529574519678681e+19
112 -15 1.1963864761285631e+21
114 -15 1.1902347230500056e+22
116 -15 9.1326560266925650e+22
118 -15 5.7048111288125444e+23
120 -15 2.9945005507367904e+24
122 -15 1.3556761275455444e+25
124 -15 5.3819303197373656e+25
126 -15 1.8934210157331007e+26
128 -15 5.9680099314861776e+26
130 -15 1.6918784197538534e+27
132 -15 4.3305289997268603e+27
134 -15 1.0003705780735612e+28
136 -15 2.0952155934610745e+28
138 -15 3.9601622609105593e+28
140 -15 6.7411082002198202e+28
142 -15 1.0282213755635363e+29
144 -15 1.3977480567065580e+29
146 -15 1.6730383190633893e+29
148 -15 1.7426145161542829e+29
150 -15 1.5520388515087864e+29
152 -15 1.1509756659836972e+29
154 -15 6.8430805594818763e+28
156 -15 3.0688698994442069e+28
158 -15 9.2836904754923113e+27
160 -15 1.4329882740590832e+27
100 -14 1.2653366841662312e+14
102 -14 6.5570651692069152e+16
104 -14 4.1320194932853294e+18
106 -14 9.7142231871606669e+19
108 -14 1.3588774080095466e+21
110 -14 1.3526270669727486e+22
112 -14 1.0447187270590609e+23
114 -14 6.5898182528371713e+23
116 -14 3.5183634074604074e+24
118 -14 1.6265446446973647e+25
120 -14 6.6217666193678463e+25
122 -14 2.4016400030484447e+26
124 -14 7.8304584124919465e+26
126 -14 2.3058228610963902e+27
128 -14 6.1641860199926185e+27
130 -14 1.4988352414470115e+28
132 -14 3.3096765836947911e+28
134 -14 6.6522041845924162e+28
136 -14 1.2124378564408649e+29
138 -14 1.9978948760909560e+29
140 -14 2.9571797390256363e+29
142 -14 3.9103408191453357e+29
144 -14 4.5645805015271805e+29
146 -14 4.6449508235026209e+29
148 -14 4.0484513348672031e+29
150 -14 2.9426242157488068e+29
152 -14 1.7168715414400530e+29
154 -14 7.5777601489208808e+28
156 -14 2.2572660808415174e+28
158 -14 3.4503766762076121e+27
96 -13 2.0943429624619072e+14
98 -13 7.6859287165071984e+16
100 -13 4.3181723700680315e+18
102 -13 9.8004808181628125e+19
104 -13 1.3555432835961421e+21
106 -13 1.3444575549033577e+22
108 -13 1.0439224088917993e+23
110 -13 6.6486819201209941e+23
112 -13 3.5967426777063611e+24
114 -13 1.6948189121805047e+25
116 -13 7.0624624213514143e+25
118 -13 2.6343783739601650e+26
120 -13 8.8585073678734847e+26
122 -13 2.7077799530627952e+27
124 -13 7.5348711883499476e+27
126 -13 1.9151091052148115e+28
128 -13 4.4551810840621445e+28
130 -13 9.4720274796615156e+28
132 -13 1.8372569390804487e+29
134 -13 3.2433504132850141e+29
136 -13 5.1937159605545000e+29
138 -13 7.4915695727596210e+29
140 -13 9.6626655695692492e+29
142 -13 1.1046193962866391e+30
144 -13 1.1021184082230585e+30
146 -13 9.4180756139328171e+29
148 -13 6.7287599446287088e+29
150 -13 3.8680641406768915e+29
152 -13 1.6816923015655879e+29
154 -13 4.9504176875346690e+28
156 -13 7.4930498554041264e+27
92 -12 2.8639622628619481e+14
94 -12 7.8119882428894544e+16
96 -12 3.9518831351257779e+18
98 -12 8.6504751444474118e+19
100 -12 1.1775465105979458e+21
102 -12 1.1632046176849514e+22
104 -12 9.0393608277909077e+22
106 -12 5.8091066505254061e+23
108 -12 3.1875408592672973e+24
110 -12 1.5291866728709463e+25
112 -12 6.5043048802082026e+25
114 -12 2.4864602476837726e+26
116 -12 8.6222857982233621e+26
118 -12 2.7237221293414207e+27
120 -12 7.8735947317795547e+27
122 -12 2.0875482267956548e+28
124 -12 5.0903984540000640e+28
126 -12 1.1399364955701640e+29
128 -12 2.3420405519479673e+29
130 -12 4.4101406135111202e+29
132 -12 7.5747113329850266e+29
134 -12 1.1829893935048922e+30
136 -12 1.6691386031709719e+30
138 -12 2.1091893779072142e+30
140 -12 2.3649371257190993e+30
142 -12 2.3182617238476650e+30
144 -12 1.9504134500313780e+30
146 -12 1.3728306258154837e+30
148 -12 7.7838598353318646e+29
150 -12 3.3464409003951277e+29
152 -12 9.7576803522004368e+28
154 -12 1.4666425676341320e+28
88 -11 3.2616364204999094e+14
90 -11 6.8287925352103080e+16
92 -11 3.1457269819130317e+18
94 -11 6.6468032300767625e+19
96 -11 8.8939359425362566e+20
98 -11 8.7255506801369547e+21
100 -11 6.7763153341792884e+22
102 -11 4.3842973427903373e+23
104 -11 2.4311563404562118e+24
106 -11 1.1852961046937386e+25
108 -11 5.1409047132742546e+25
110 -11 2.0112087734767149e+26
112 -11 7.1679450415748193e+26
114 -11 2.3335210364788623e+27
116 -11 6.9969406197361869e+27
118 -11 1.9310605357349386e+28
120 -11 4.9171555713733052e+28
122 -11 1.1562730990963884e+29
124 -11 2.5079120782637466e+29
126 -11 5.0084356912276369e+29
128 -11 9.1835237938965851e+29
130 -11 1.5419469458371562e+30
132 -11 2.3562049182743690e+30
134 -11 3.2615945373646214e+30
136 -11 4.0485410470316654e+30
138 -11 4.4637211225286946e+30
140 -11 4.3083533540920843e+30
142 -11 3.5753747841069497e+30
144 -11 2.4855584235275453e+30
146 -11 1.3930218651938986e+30
148 -11 5.9375005230642394e+29
150 -11 1.7186348682447088e+29
152 -11 2.5741459936391369e+28
82 -10 2.7762750917423973e+10
84 -10 3.0889524165406288e+14
86 -10 5.1332314024315200e+16
88 -10 2.1626582626013509e+18
90 -10 4.4045060024180605e+19
92 -10 5.7900460954416067e+20
94 -10 5.6241680053660402e+21
96 -10 4.3661433603008227e+22
98 -10 2.8359347177086535e+23
100 -10 1.5875380454185801e+24
102 -10 7.8381961402757845e+24
104 -10 3.4642702254611246e+25
106 -10 1.3860348806265828e+26
108 -10 5.0619977456440572e+26
110 -10 1.6998855563437284e+27
112 -10 5.2622333491933234e+27
114 -10 1.5085006444817548e+28
116 -10 4.0012172863919819e+28
118 -10 9.8429111536785576e+28
120 -10 2.2439409565363311e+29
122 -10 4.7341312311168877e+29
124 -10 9.2201521361933039e+29
126 -10 1.6552825192407557e+30
128 -10 2.7233636179646079e+30
130 -10 4.0902786962699678e+30
132 -10 5.5616596057351871e+30
134 -10 6.8032348451072730e+30
136 -10 7.3969483487399808e+30
138 -10 7.0491484672396046e+30
140 -10 5.7800334937127275e+30
142 -10 3.9834136272797241e+30
144 -10 2.2121191806756327e+30
146 -10 9.3643245339156331e+29
148 -10 2.6980409624521392e+29
150 -10 4.0347522990642810e+28
78 -9 6.0227349174661575e+10
80 -9 2.4230369644893816e+14
82 -9 3.2876649720181784e+16
84 -9 1.2758745083782948e+18
86 -9 2.4971455411530752e+19
88 -9 3.2195374605607089e+20
90 -9 3.1001986423742393e+21
92 -9 2.3959621576946610e+22
94 -9 1.5594745959514010e+23
96 -9 8.8060236621261895e+23
98 -9 4.4008392185067904e+24
100 -9 1.9768465461186687e+25
102 -9 8.0722857596338739e+25
104 -9 3.0205084701582317e+26
106 -9 1.0415983392602685e+27
108 -9 3.3282383722589271e+27
110 -9 9.8673156420979039e+27
112 -9 2.7220960662389863e+28
114 -9 6.9841926375703182e+28
116 -9 1.6691001149893851e+29
118 -9 3.7027577737766978e+29
120 -9 7.6399409764797573e+29
122 -9 1.4580035072420297e+30
124 -9 2.5685847618099793e+30
126 -9 4.1546517145700638e+30
128 -9 6.1439247744862468e+30
130 -9 8.2449449882184696e+30
132 -9 9.9531997462840140e+30
134 -9 1.0698515697440817e+31
136 -9 1.0096913869571708e+31
138 -9 8.2106153841890151e+30
140 -9 5.6093835397275522e+30
142 -9 3.0994314269508735e+30
144 -9 1.3050375375422799e+30
146 -9 3.7534520261721723e+29
148 -9 5.6227464313512297e+28
74 -8 8.4312420038891174e+10
76 -8 1.5748483388218697e+14
78 -8 1.7810195643493642e+16
80 -8 6.4006798519104768e+17
82 -8 1.2026055417785162e+19
84 -8 1.5181349765598167e+20
86 -8 1.4434571586049029e+21
88 -8 1.1115950635450609e+22
90 -8 7.2371460696943008e+22
92 -8 4.1117822537745359e+23
94 -8 2.0758440540131462e+24
96 -8 9.4677762225100432e+24
98 -8 3.9354508413206642e+25
100 -8 1.5050784271045876e+26
102 -8 5.3275014229232965e+26
104 -8 1.7531369717938642e+27
106 -8 5.3700076330368850e+27
108 -8 1.5368369187942712e+28
110 -8 4.1063044998608260e+28
112 -8 1.0253618877266360e+29
114 -8 2.3895718194915388e+29
116 -8 5.1939143063575934e+29
118 -8 1.0495627242161779e+30
120 -8 1.9682120338454498e+30
122 -8 3.4121171252172760e+30
124 -8 5.4464645572135284e+30
126 -8 7.9554407172491716e+30
128 -8 1.0559204310690261e+31
130 -8 1.2626228604190466e+31
132 -8 1.3448251715226366e+31
134 -8 1.2595897269286599e+31
136 -8 1.0177567877417963e+31
138 -8 6.9173144097262305e+30
140 -8 3.8069494119947927e+30
142 -8 1.6013497222523616e+30
144 -8 4.6071339792712357e+29
146 -8 6.9393823661055488e+28
70 -7 7.8772338339722641e+10
72 -7 8.4221486094768781e+13
74 -7 8.0883326447667190e+15
76 -7 2.6893907102661312e+17
78 -7 4.8662124951521352e+18
80 -7 5.9892005034037387e+19
82 -7 5.6265214917656773e+20
84 -7 4.3127719189664220e+21
86 -7 2.8045102292656355e+22
88 -7 1.5985401399527655e+23
90 -7 8.1440096773584066e+23
92 -7 3.7598452155177139e+24
94 -7 1.5905251941613320e+25
96 -7 6.2113464672849716e+25
98 -7 2.2516635273090465e+26
100 -7 7.6110519151411203e+26
102 -7 2.4063531319615508e+27
104 -7 7.1300561673564982e+27
106 -7 1.9804406647949621e+28
108 -7 5.1536181589992536e+28
110 -7 1.2570887025772780e+29
112 -7 2.8719757150978593e+29
114 -7 6.1293737316961222e+29
116 -7 1.2200052661138792e+30
118 -7 2.2563382675463843e+30
120 -7 3.8638878475733479e+30
122 -7 6.0946431243052704e+30
124 -7 8.8220931549570717e+30
126 -7 1.1607579395624177e+31
128 -7 1.3772953796385289e+31
130 -7 1.4578614482373418e+31
132 -7 1.3589616562638828e+31
134 -7 1.0936716967481565e+31
136 -7 7.4140658993177196e+30
138 -7 4.0769930566256342e+30
140 -7 1.7168710251118714e+30
142 -7 4.9560187925392034e+29
144 -7 7.5330206911928486e+28
66 -6 5.4257862748315178e+10
68 -6 3.6832620677720086e+13
70 -6 3.0391786359178625e+15
72 -6 9.4031709732860880e+16
74 -6 1.6347312778299556e+18
76 -6 1.9631021061988164e+19
78 -6 1.8158625373696721e+20
80 -6 1.3786712048018035e+21
82 -6 8.9344456698099118e+21
84 -6 5.1076453898655506e+22
86 -6 2.6213948807503668e+23
88 -6 1.2227372574969094e+24
90 -6 5.2574130908477498e+24
92 -6 2.0910002508825492e+25
94 -6 7.7601657831789438e+25
96 -6 2.6960159388570953e+26
98 -6 8.7743983008499379e+26
100 -6 2.6876532093748020e+27
102 -6 7.7399671888981977e+27
104 -6 2.0980146890592648e+28
106 -6 5.3488380123597814e+28
108 -6 1.2809250555763326e+29
110 -6 2.8778273154681955e+29
112 -6 6.0543718094790834e+29
114 -6 1.1899274780648586e+30
116 -6 2.1764580965659933e+30
118 -6 3.6933097876202795e+30
120 -6 5.7816427329964274e+30
122 -6 8.3026006083036283e+30
124 -6 1.0863754409783232e+31
126 -6 1.2834598394559796e+31
128 -6 1.3542943290420822e+31
130 -6 1.2588858791374757e+31
132 -6 1.0118873820968067e+31
134 -6 6.8632079309586489e+30
136 -6 3.7793365678632832e+30
138 -6 1.5990601562654005e+30
140 -6 4.6483192881664122e+29
142 -6 7.1494537246978512e+28
62 -5 2.7701417587091545e+10
64 -5 1.2963723272762500e+13
66 -5 9.3250356757929138e+14
68 -5 2.6814599128030996e+16
70 -5 4.4794125751548832e+17
72 -5 5.2265555931199037e+18
74 -5 4.7518476208981107e+19
76 -5 3.5687891341832402e+20
78 -5 2.3076980247442274e+21
80 -5 1.3188301148901094e+22
82 -5 6.8036625265414044e+22
84 -5 3.2077461122439114e+23
86 -5 1.3973898186332431e+24
88 -5 5.6663751579266453e+24
90 -5 2.1482616111571512e+25
92 -5 7.6544555138873194e+25
94 -5 2.5674464117569200e+26
96 -5 8.1141450754474359e+26
98 -5 2.4193321093851902e+27
100 -5 6.8176617714647242e+27
102 -5 1.8138721829342357e+28
104 -5 4.5461962936379801e+28
106 -5 1.0729079739257144e+29
108 -5 2.3833293069319454e+29
110 -5 4.9605870368557443e+29
112 -5 9.6611170563640006e+29
114 -5 1.7533456016085246e+30
116 -5 2.9550043291515985e+30
118 -5 4.6007024120917682e+30
120 -5 6.5867816141534261e+30
122 -5 8.5923202406836230e+30
124 -5 1.0133519787538437e+31
126 -5 1.0684373167645028e+31
128 -5 9.9391560356545491e+30
130 -5 8.0066572166185218e+30
132 -5 5.4451470682628837e+30
134 -5 3.0161806675620597e+30
136 -5 1.2839588769430515e+30
138 -5 3.7698106978534397e+29
140 -5 5.8909476715959863e+28
58 -4 1.0642716229844196e+10
60 -4 3.6116387000960835e+12
62 -4 2.2838984217635097e+14
64 -4 6.1190435575692330e+15
66 -4 9.7940467684635392e+16
68 -4 1.1098773755630109e+18
70 -4 9.8840343175159849e+18
72 -4 7.3357356733186818e+19
74 -4 4.7121998551514140e+20
76 -4 2.6920618738668169e+21
78 -4 1.3936491128082615e+22
80 -4 6.6382917421471642e+22
82 -4 2.9332399427464811e+23
84 -4 1.2097916463446184e+24
86 -4 4.6912632891203523e+24
88 -4 1.7122150622426899e+25
90 -4 5.9084107206818489e+25
92 -4 1.9288164176185204e+26
94 -4 5.9572660994947851e+26
96 -4 1.7416430149746853e+27
98 -4 4.8260793241071451e+27
100 -4 1.2653245059333158e+28
102 -4 3.1358140886897868e+28
104 -4 7.3234010786425977e+28
106 -4 1.6128930265887029e+29
108 -4 3.3365048338419413e+29
110 -4 6.4576588527632814e+29
112 -4 1.1670758948074539e+30
114 -4 1.9618927624549540e+30
116 -4 3.0484421081184227e+30
118 -4 4.3574753073450202e+30
120 -4 5.6854877122262994e+30
122 -4 6.7184521274207949e+30
124 -4 7.0993576417783312e+30
126 -4 6.6305932726384893e+30
128 -4 5.3650376670861711e+30
130 -4 3.6739330106977833e+30
132 -4 2.0513543985536061e+30
134 -4 8.8291427115960027e+29
136 -4 2.6271154865634750e+29
138 -4 4.1850224353101532e+28
54 -3 3.0059653070215306e+09
56 -3 7.7411969903859302e+11
58 -3 4.3247021456655859e+13
60 -3 1.0856212318282310e+15
62 -3 1.6577809539328236e+16
64 -3 1.8220253425740006e+17
66 -3 1.5881836981096712e+18
68 -3 1.1611538933254203e+19
70 -3 7.3989984917367226e+19
72 -3 4.2210278736970115e+20
74 -3 2.1966202863755254e+21
76 -3 1.0558791268697226e+22
78 -3 4.7343376330722290e+22
80 -3 1.9892463320039828e+23
82 -3 7.8810373254700346e+23
84 -3 2.9511123774629007e+24
86 -3 1.0470096915731202e+25
88 -3 3.5287091249909514e+25
90 -3 1.1279791219114298e+26
92 -3 3.4244785225798729e+26
94 -3 9.8942938248543335e+26
96 -3 2.7100925009970487e+27
98 -3 7.0334544202438420e+27
100 -3 1.7302549422156742e+28
102 -3 4.0217008550950362e+28
104 -3 8.8153298571049054e+28
106 -3 1.8184234775339368e+29
108 -3 3.5124462358220987e+29
110 -3 6.3468156637487965e+29
112 -3 1.0670864062596342e+30
114 -3 1.6609652348400348e+30
116 -3 2.3797934009743273e+30
118 -3 3.1188399862770066e+30
120 -3 3.7020111442840423e+30
122 -3 3.9360188472180187e+30
124 -3 3.7007866834976164e+30
126 -3 3.0228094013225527e+30
128 -3 2.0893777304339337e+30
130 -3 1.1808784477992397e+30
132 -3 5.1576876349461657e+29
134 -3 1.5620246969022211e+29
136 -3 2.5451294208644675e+28
50 -2 6.1362954798698723e+08
52 -2 1.2272442758804927e+11
54 -2 6.1188485071068457e+12
56 -2 1.4324832947389422e+14
58 -2 2.0917581456962575e+15
60 -2 2.2243193077623516e+16
62 -2 1.8892176868332352e+17
64 -2 1.3593668445320801e+18
66 -2 8.5815561907735910e+18
68 -2 4.8959941138526593e+19
70 -2 2.5575379089185699e+20
72 -2 1.2444442436661619e+21
74 -2 5.6650589180943328e+21
76 -2 2.4293756305338236e+22
78 -2 9.8632781359966935e+22
80 -2 3.7931665967720962e+23
82 -2 1.3871782799402617e+24
84 -2 4.8286303082355446e+24
86 -2 1.6016000754386400e+25
88 -2 5.0581552993985172e+25
90 -2 1.5206971828866140e+26
92 -2 4.3579896812174526e+26
94 -2 1.1868304544538399e+27
96 -2 3.0729428008843294e+27
98 -2 7.5297259062197562e+27
100 -2 1.7480010521804512e+28
102 -2 3.8353943469806875e+28
104 -2 7.9140568269629037e+28
106 -2 1.5344409154257172e+29
108 -2 2.7823088353187761e+29
110 -2 4.6999274574410211e+29
112 -2 7.3603833097684128e+29
114 -2 1.0616895700645358e+30
116 -2 1.4011381173225501e+30
118 -2 1.6766764855954882e+30
120 -2 1.7991751884963375e+30
122 -2 1.7107922714941033e+30
124 -2 1.4147494565320492e+30
126 -2 9.9206970558483809e+29
128 -2 5.6945234978865889e+29
130 -2 2.5328388625468283e+29
132 -2 7.8497112596143873e+28
134 -2 1.3159783341580089e+28
44 -1 9.6737307301244873e+03
46 -1 8.4171508494947836e+07
48 -1 1.3454421197026623e+10
50 -1 6.0559501072245947e+11
52 -1 1.3232983072108816e+13
54 -1 1.8349720694115009e+14
56 -1 1.8824723560167078e+15
58 -1 1.5596484618582608e+16
60 -1 1.1032659938442786e+17
62 -1 6.9226140451060262e+17
64 -1 3.9504120125212303e+18
66 -1 2.0847574394235658e+19
68 -1 1.0295106616036114e+20
70 -1 4.7897152677317666e+20
72 -1 2.1077944442359311e+21
74 -1 8.8101481328324442e+21
76 -1 3.4908816615688257e+22
78 -1 1.3220230750144850e+23
80 -1 4.7739044553969271e+23
82 -1 1.6451764828759079e+24
84 -1 5.4184832727352445e+24
86 -1 1.7020576768371671e+25
88 -1 5.1132913443627130e+25
90 -1 1.4623277082759589e+26
92 -1 3.9826482053350468e+26
94 -1 1.0325237533215218e+27
96 -1 2.5422239318326939e+27
98 -1 5.9251974587819238e+27
100 -1 1.3055840691223493e+28
102 -1 2.7151238326678912e+28
104 -1 5.2998546210648446e+28
106 -1 9.6912459541387397e+28
108 -1 1.6520949179420789e+29
110 -1 2.6124398849992798e+29
112 -1 3.8098809541296060e+29
114 -1 5.0855108228907699e+29
116 -1 6.1669709658953627e+29
118 -1 6.7175624583411869e+29
120 -1 6.4844915414840569e+29
122 -1 5.4456531025156208e+29
124 -1 3.8913385977861540e+29
126 -1 2.2785371199914587e+29
128 -1 1.0377006256532717e+29
130 -1 3.2997604438451029e+28
132 -1 5.7172261773738981e+27
40 0 2.5090400089578184e+03
42 0 7.0077958723256337e+06
44 0 9.1993497853275108e+08
46 0 3.7128316870917046e+10
48 0 7.5717552324073926e+11
50 0 9.9953756063580488e+12
52 0 9.8573839714830188e+13
54 0 7.9145680847506275e+14
56 0 5.5101351742801720e+15
58 0 3.4632703800436084e+16
60 0 2.0056185716823082e+17
62 0 1.0836145103793074e+18
64 0 5.5217256530069709e+18
66 0 2.6547677346490532e+19
68 0 1.2104003109722903e+20
70 0 5.2549744464432595e+20
72 0 2.1765162077549652e+21
74 0 8.5992784258573669e+21
76 0 3.2411062776833790e+22
78 0 1.1695573020484981e+23
80 0 4.0428736640905602e+23
82 0 1.3332900517729374e+24
84 0 4.2081508824139900e+24
86 0 1.2686592272922949e+25
88 0 3.6530004643512995e+25
90 0 1.0028415155889440e+26
92 0 2.6225181268681505e+26
94 0 6.5192717820787015e+26
96 0 1.5373016454090546e+27
98 0 3.4261033350855477e+27
100 0 7.1991734986887719e+27
102 0 1.4245420643439749e+28
104 0 2.6393184243953371e+28
106 0 4.5657423364649853e+28
108 0 7.3263711519596005e+28
110 0 1.0856643391654530e+29
112 0 1.4740094311912719e+29
114 0 1.8189232773459000e+29
116 0 2.0183050948030113e+29
118 0 1.9866214516422132e+29
120 0 1.7068481235287568e+29
122 0 1.2473145932620702e+29
124 0 7.4966802389324471e+28
126 0 3.5045456853898174e+28
128 0 1.1510752061819193e+28
130 0 2.0697053353652660e+27
36 1 1.8747885163371205e+02
38 1 2.6565194548716419e+05
40 1 2.9273443699385423e+07
42 1 1.0590052992519093e+09
44 1 2.0167814122243435e+10
46 1 2.5199755365246216e+11
48 1 2.3830538485112500e+12
50 1 1.8784878493790234e+13
52 1 1.3199946851576520e+14
54 1 8.6145099736762038e+14
56 1 5.2982085870130590e+15
58 1 3.0648319947830064e+16
60 1 1.6662779403749120e+17
62 1 8.5446100091857856e+17
64 1 4.1591190393478892e+18
66 1 1.9161958967293862e+19
68 1 8.4419081266321949e+19
70 1 3.5290847537096072e+20
72 1 1.4142662667399623e+21
74 1 5.3994631541160789e+21
76 1 1.9777421833147494e+22
78 1 6.9243574220621169e+22
80 1 2.3193245733649960e+23
82 1 7.4328465606645304e+23
84 1 2.2743466076354588e+24
86 1 6.6450884949336929e+24
88 1 1.8547537879535649e+25
90 1 4.9247378384673434e+25
92 1 1.2450424316145333e+26
94 1 2.9855564992187689e+26
96 1 6.7733152991551482e+26
98 1 1.4510538875519295e+27
100 1 2.9244898755070352e+27
102 1 5.5254528535092812e+27
104 1 9.7508101412905214e+27
106 1 1.5974038660854094e+28
108 1 2.4193191312193463e+28
110 1 3.3566697380046650e+28
112 1 4.2390185598706898e+28
114 1 4.8179801039094581e+28
116 1 4.8646702805116079e+28
118 1 4.2888190804035352e+28
120 1 3.2264110357133652e+28
122 1 1.9981383897272475e+28
124 1 9.6658417999710522e+27
126 1 3.2888891929025183e+27
128 1 6.1932465746749591e+26
40 2 9.5504164957467583e+03
42 2 7.3711542769347718e+06
44 2 6.4834752588937247e+08
46 2 2.1223405769536358e+10
48 2 3.8098643090746210e+11
50 2 4.5935648101197754e+12
52 2 4.2224514561819914e+13
54 2 3.2034121375019944e+14
56 2 2.1202433129156760e+15
58 2 1.2690181503592544e+16
60 2 7.0285255410768696e+16
62 2 3.6460245558656365e+17
64 2 1.7753902936271862e+18
66 2 8.1907633533837804e+18
68 2 3.5753980137144627e+19
70 2 1.4855427103785468e+20
72 2 5.8895177535666304e+20
74 2 2.2250017593029993e+21
76 2 8.0161021047724667e+21
78 2 2.7658467993691963e+22
80 2 9.1023460509564659e+22
82 2 2.8638972242357421e+23
84 2 8.5804533590929382e+23
86 2 2.4548575356865101e+24
88 2 6.6907728814317788e+24
90 2 1.7336086517360125e+25
92 2 4.2626803056481909e+25
94 2 9.9197058646905013e+25
96 2 2.1792326137505850e+26
98 2 4.5036115939295569e+26
100 2 8.7372864079456697e+26
102 2 1.5824391120200074e+27
104 2 2.6627134717065615e+27
106 2 4.1443264479430992e+27
108 2 5.9143914330859613e+27
110 2 7.6925044908232501e+27
112 2 9.0140966212950604e+27
114 2 9.3825975272754727e+27
116 2 8.5470371774555667e+27
118 2 6.6550575576336284e+27
120 2 4.2701708616362564e+27
122 2 2.1476227582000200e+27
124 2 7.6374373412627904e+26
126 2 1.5147078605400693e+26
44 3 2.0866533601070163e+05
46 3 9.3347829942853391e+07
48 3 6.5081879779692869e+09
50 3 1.8643747296193719e+11
52 3 3.1062791364943574e+12
54 3 3.5658120247903648e+13
56 3 3.1562591926520575e+14
58 3 2.3082244294049145e+15
60 3 1.4611938067381602e+16
62 3 8.2892500351389648e+16
64 3 4.3083741171914995e+17
66 3 2.0705757256239956e+18
68 3 9.3195871737229210e+18
70 3 3.9595013513501434e+19
72 3 1.5871350007410501e+20
74 3 6.0437796891788011e+20
76 3 2.1852850775921480e+21
78 3 7.5165813579075362e+21
80 3 2.4620446088595411e+22
82 3 7.6808528038356700e+22
84 3 2.2801880445798540e+23
86 3 6.4354739367565521e+23
88 3 1.7245386254159545e+24
90 3 4.3837576196069197e+24
92 3 1.0550663290759240e+25
94 3 2.3951959056901198e+25
96 3 5.1202412568629970e+25
98 3 1.0260300349969616e+26
100 3 1.9210150946718972e+26
102 3 3.3458357125715050e+26
104 3 5.3842080059119647e+26
106 3 7.9540574290624310e+26
108 3 1.0718353890999373e+27
110 3 1.3021620043725873e+27
112 3 1.4086496279622111e+27
114 3 1.3325497694943411e+27
116 3 1.0793128759766526e+27
118 3 7.2308465355339432e+26
120 3 3.8080465430404122e+26
122 3 1.4207825375211120e+26
124 3 2.9930137943836932e+25
48 4 2.4628171838526055e+06
50 4 6.8298082838663816e+08
52 4 3.8385072943532883e+10
54 4 9.5482423257101221e+11
56 4 1.4572899611412627e+13
58 4 1.5704261452588100e+14
60 4 1.3224439288098185e+15
62 4 9.2249501811924140e+15
64 4 5.5624490731934848e+16
66 4 2.9866618081681997e+17
68 4 1.4595259886178166e+18
70 4 6.5821662122921114e+18
72 4 2.7588727169783370e+19
74 4 1.0824343403669453e+20
76 4 4.0069753679724859e+20
78 4 1.3993997110700031e+21
80 4 4.6242592196850179e+21
82 4 1.4451439857543770e+22
84 4 4.2890678905175026e+22
86 4 1.2034664675439533e+23
88 4 3.1966743976452177e+23
90 4 8.0174272090770126e+23
92 4 1.8964848655524590e+24
94 4 4.2256936757954182e+24
96 4 8.8184549022111210e+24
98 4 1.7193797200785524e+25
100 4 3.1174067816545457e+25
102 4 5.2251298132508216e+25
104 4 8.0439178025662303e+25
106 4 1.1305364937602522e+26
108 4 1.4330581816234334e+26
110 4 1.6182414960191235e+26
112 4 1.6032471257683350e+26
114 4 1.3602742672778550e+26
116 4 9.5662825052174769e+25
118 4 5.3057861407250127e+25
120 4 2.0917407447709899e+25
122 4 4.7282186722621007e+24
52 5 1.7579228915747151e+07
54 5 3.1164606447691598e+09
56 5 1.4436270000553384e+11
58 5 3.1537788960852974e+12
60 5 4.3629123426146875e+13
62 5 4.3684741258941250e+14
64 5 3.4588897681926120e+15
66 5 2.2740607780560652e+16
68 5 1.2968660457468664e+17
70 5 6.5568544799044454e+17
72 5 2.9995444733751634e+18
74 5 1.2597173376820505e+19
76 5 4.8952095434194092e+19
78 5 1.7731924634006979e+20
80 5 6.0144583722382498e+20
82 5 1.9109236775583217e+21
84 5 5.7204839817436694e+21
86 5 1.6152105117831265e+22
88 5 4.2813532057745343e+22
90 5 1.0668786868573715e+23
92 5 2.4962877714036924e+23
94 5 5.4731504416790896e+23
96 5 1.1204867884945536e+24
98 5 2.1287702866538650e+24
100 5 3.7395136562136952e+24
102 5 6.0422767610163710e+24
104 5 8.9104203285902095e+24
106 5 1.1853379099043840e+25
108 5 1.4068649453285556e+25
110 5 1.4674210504379105e+25
112 5 1.3150856428125586e+25
114 5 9.7763129777441832e+24
116 5 5.7566466617064150e+24
118 5 2.4128923321704037e+24
120 5 5.8992479265686543e+23
56 6 8.0087030259467751e+07
58 6 9.2079359261394825e+09
60 6 3.5821902582338849e+11
62 6 6.9012651248177910e+12
64 6 8.6626867221984109e+13
66 6 8.0058107225264038e+14
68 6 5.8999740350111720e+15
70 6 3.6326084901811472e+16
72 6 1.9269375039249789e+17
74 6 9.0843006356738842e+17
76 6 3.8603536758349512e+18
78 6 1.4946080987131972e+19
80 6 5.3274754628161839e+19
82 6 1.7595588994127099e+20
84 6 5.4094271192240554e+20
86 6 1.5499976115526791e+21
88 6 4.1491948726501502e+21
90 6 1.0361587565418231e+22
92 6 2.4138746105257303e+22
94 6 5.2318637447688959e+22
96 6 1.0530497599735832e+23
98 6 1.9557344019800799e+23
100 6 3.3380073521482157e+23
102 6 5.1950163036971687e+23
104 6 7.3063665620362015e+23
106 6 9.1788751243298338e+23
108 6 1.0145749345409772e+24
110 6 9.6450223856148575e+23
112 6 7.6269071609654806e+23
114 6 4.7909338939624244e+23
116 6 2.1580533103746469e+23
118 6 5.7647017900510223e+22
60 7 2.4809412893582204e+08
62 7 1.8475546450765785e+10
64 7 5.9762181225515466e+11
66 7 1.0207460655261271e+13
68 7 1.1593805236846586e+14
70 7 9.8294705346603175e+14
72 7 6.6599036879795280e+15
74 7 3.7827287970402832e+16
76 7 1.8585317036185491e+17
78 7 8.0480743295033446e+17
80 7 3.1287918003134413e+18
82 7 1.1042848290007386e+19
84 7 3.5644263437471359e+19
86 7 1.0586613524070788e+20
88 7 2.9000187960575859e+20
90 7 7.3370608634478487e+20
92 7 1.7165892349350293e+21
94 7 3.7067560088237423e+21
96 7 7.3701705285374092e+21
98 7 1.3408142412318465e+22
100 7 2.2250498338129436e+22
102 7 3.3284805869841905e+22
104 7 4.4544755273636562e+22
106 7 5.2386001508651919e+22
108 7 5.3223757839454056e+22
110 7 4.4999107664238566e+22
112 7 3.0427774446189695e+22
114 7 1.4769817534308114e+22
116 7 4.3634396074849652e+21
62 8 5.1565987816749688e+05
64 8 5.1554423764180970e+08
66 8 2.6415687482066925e+10
68 8 6.8944098312297888e+11
70 8 1.0288109800668605e+13
72 8 1.0474740138475794e+14
74 8 8.0568396769024750e+14
76 8 4.9787700510191520e+15
78 8 2.5812552593131260e+16
80 8 1.1515041983859598e+17
82 8 4.5256782467451117e+17
84 8 1.5854360550234611e+18
86 8 5.0148297460152228e+18
88 8 1.4358556685806062e+19
90 8 3.7394770582388441e+19
92 8 8.9024623634353570e+19
94 8 1.9345149831948888e+20
96 8 3.8243617086574717e+20
98 8 6.8487368678022906e+20
100 8 1.1048302453645017e+21
102 8 1.5920192253797041e+21
104 8 2.0089760786490117e+21
106 8 2.1957393391899648e+21
108 8 1.9984086892807552e+21
110 8 1.4650279311415223e+21
112 8 7.7037415388888420e+20
114 8 2.5508587452439963e+20
66 9 1.2488086254637770e+06
68 9 7.2180547988716018e+08
70 9 2.6549400379306442e+10
72 9 5.5241583316779297e+11
74 9 7.0991258303712266e+12
76 9 6.3980307554766156e+13
78 9 4.3970270806534238e+14
80 9 2.4416042394123565e+15
82 9 1.1352774285616630e+16
84 9 4.5380801508091232e+16
86 9 1.5815372604544186e+17
88 9 4.8827550890437664e+17
90 9 1.3416528357739738e+18
92 9 3.3130112169472901e+18
94 9 7.3231907781648241e+18
96 9 1.4542109554209851e+19
98 9 2.5835672895161897e+19
100 9 4.0716375271586267e+19
102 9 5.5931150327391027e+19
104 9 6.6530278373458780e+19
106 9 6.5749432283361051e+19
108 9 5.2703142881889198e+19
110 9 3.0268793714697712e+19
112 9 1.1364589587821728e+19
70 10 1.7494768040673248e+06
72 10 6.3227259560764790e+08
74 10 1.8402942877215679e+10
76 10 3.0617422625691974e+11
78 10 3.3339698988830454e+12
80 10 2.6042299048952445e+13
82 10 1.5738682284065541e+14
84 10 7.6488702916291925e+14
86 10 3.1210910472905590e+15
88 10 1.0811149633117908e+16
90 10 3.2543543102447372e+16
92 10 8.5313384543423440e+16
94 10 1.9741612173652566e+17
96 10 3.9892293629488755e+17
98 10 7.0930861679864909e+17
100 10 1.0886835092362813e+18
102 10 1.4404851233568074e+18
104 10 1.5674098758413391e+18
106 10 1.4014186792218721e+18
108 10 8.8298302649454950e+17
110 10 3.8433961981451693e+17
74 11 1.0452210398757525e+06
76 11 3.4992715006324875e+08
78 11 8.3099405477590227e+09
80 11 1.1342503776250795e+11
82 11 1.0245101150727102e+12
84 11 6.8520793060264570e+12
86 11 3.5117889023085188e+13
88 11 1.4683171052015981e+14
90 11 5.0319250296522144e+14
92 11 1.4657921166036700e+15
94 11 3.6111551784706850e+15
96 11 7.6751656754449890e+15
98 11 1.3675876388829664e+16
100 11 2.0988608646678820e+16
102 11 2.5920025406628584e+16
104 11 2.6447192363001040e+16
106 11 1.8584821106427868e+16
108 11 9.6290222581071440e+15
78 12 4.3363906435134565e+05
80 12 1.1622432275960249e+08
82 12 2.3816847864159455e+09
84 12 2.6179343537320293e+10
86 12 1.9750777925325708e+11
88 12 1.0778873224100603e+12
90 12 4.6297311461626123e+12
92 12 1.5519425046016826e+13
94 12 4.3476639080775383e+13
96 12 9.6898043022264156e+13
98 12 1.8428220376355588e+14
100 12 2.6969835330437456e+14
102 12 3.3237641223772600e+14
104 12 2.6676389640343878e+14
106 12 1.7124371665424822e+14
82 13 9.6730160564617618e+04
84 13 2.4185973866760194e+07
86 13 4.0128636248623151e+08
88 13 3.7200790553734355e+09
90 13 2.1628655319352547e+10
92 13 9.6850092689001572e+10
94 13 3.0668508485591711e+11
96 13 8.1302766947393042e+11
98 13 1.5248158696566611e+12
100 13 2.4585121881165405e+12
102 13 2.3587981773224321e+12
104 13 2.0001004880528203e+12
86 14 1.7648928389758144e+04
88 14 2.8571822944781827e+06
90 14 4.2333497302831851e+07
92 14 2.7091426915608674e+08
94 14 1.2899302454927838e+09
96 14 3.6143845629194832e+09
98 14 8.8521713604586296e+09
100 14 1.1059455157964493e+10
102 14 1.3585709302489910e+10
90 15 1.5928592791056967e+03
92 15 2.6637032636607171e+05
94 15 1.8594077979745278e+06
96 15 1.0298551605310667e+07
98 15 2.0305615629200049e+07
100 15 4.2512793569929510e+07
94 16 1.3136048020682410e+03
96 16 6.2976506937115510e+03
98 16 4.1879601771681817e+04
96 17 1.2058673663491854e+01
