112 -16 8.1019267949552172e+13
108 -15 2.1760018486370625e+14
110 -15 2.2317174135961695e+15
104 -14 3.8084686367948094e+14
106 -14 5.6573717328350900e+15
108 -14 2.6833028587248320e+16
100 -13 4.8138804995706000e+14
102 -13 8.9857459850960780e+15
104 -13 6.3459608857700040e+16
106 -13 1.8810864699216173e+17
96 -12 4.7705119491914869e+14
98 -12 1.0168110414873452e+16
100 -12 9.1070108387543472e+16
102 -12 4.1019456064642221e+17
104 -12 8.5940318043382131e+17
92 -11 3.7924492564455750e+14
94 -11 8.9380329273708450e+15
96 -11 9.1924220824217936e+16
98 -11 5.2704871844011610e+17
100 -11 1.7094722135464023e+18
102 -11 2.7242389029125791e+18
88 -10 2.4811210349324988e+14
90 -10 6.2389930483627500e+15
92 -10 7.0930500060600672e+16
94 -10 4.7004947576098419e+17
96 -10 1.9537386713042511e+18
98 -10 4.8860440414956892e+18
100 -10 6.2211204411865508e+18
84 -9 1.3404438131168502e+14
86 -9 3.5401590968653065e+15
88 -9 4.3098888478294992e+16
90 -9 3.1629803107827981e+17
92 -9 1.5269903887660211e+18
94 -9 4.9213557066214093e+18
96 -9 9.9346663048370217e+18
98 -9 1.0460178328484665e+19
80 -8 5.9910917528792055e+13
82 -8 1.6379472196813128e+15
84 -8 2.1001458563194072e+16
86 -8 1.6570854646346022e+17
88 -8 8.8874962654399258e+17
90 -8 3.3336111521970867e+18
92 -8 8.7204512638798305e+18
94 -8 1.4702916275441719e+19
96 -8 1.3161810554110493e+19
76 -7 2.2114179382500590e+13
78 -7 6.1997214813439075e+14
80 -7 8.2258319598433920e+15
82 -7 6.8614519119490496e+16
84 -7 3.9585714903572134e+17
86 -7 1.6554491758744579e+18
88 -7 5.0605728127771116e+18
90 -7 1.1095382597545505e+19
92 -7 1.6035687380315386e+19
94 -7 1.2481180046671077e+19
72 -6 6.7398951611895166e+12
74 -6 1.9075137005384356e+14
76 -6 2.5973822881521545e+15
78 -6 2.2441705731459844e+16
80 -6 1.3707795378798690e+17
82 -6 6.1781131396772493e+17
84 -6 2.1138488580823844e+18
86 -6 5.4322056736986808e+18
88 -6 1.0244005347002644e+19
90 -6 1.2958164399834675e+19
92 -6 8.9416351313596314e+18
66 -5 2.7868756071035361e+08
68 -5 1.6632311336994492e+12
70 -5 4.7470014157652938e+13
72 -5 6.5396549041728062e+14
74 -5 5.7964076082334070e+15
76 -5 3.6765261004308856e+16
78 -5 1.7580482063500301e+17
80 -5 6.4892672967016806e+17
82 -5 1.8698818844494070e+18
84 -5 4.1540055657749299e+18
86 -5 6.8831356585770465e+18
88 -5 7.7601951986256671e+18
90 -5 4.8348454176335729e+18
62 -4 1.3186064402633591e+08
64 -4 3.2931084711568445e+11
66 -4 9.3323693799128516e+12
68 -4 1.2973201006014970e+14
70 -4 1.1665202155276492e+15
72 -4 7.6072012523126880e+15
74 -4 3.7843734003611104e+16
76 -4 1.4815075317520973e+17
78 -4 4.6226431091732928e+17
80 -4 1.1543377415765220e+18
82 -4 2.2611480545420339e+18
84 -4 3.3540541356815708e+18
86 -4 3.4277326235490580e+18
88 -4 1.9601245722379208e+18
58 -3 4.0813729753086329e+07
60 -3 5.0694638127687248e+10
62 -3 1.4235572301089570e+12
64 -3 1.9773817799463590e+13
66 -3 1.7953825419301866e+14
68 -3 1.1860004172525775e+15
70 -3 6.0720394784544170e+15
72 -3 2.4757463061974672e+16
74 -3 8.2082043369268640e+16
76 -3 2.2276698522437955e+17
78 -3 4.9184340678183354e+17
80 -3 8.6772462487616179e+17
82 -3 1.1747702568531958e+18
84 -3 1.1052098665672210e+18
86 -3 5.8984601376254195e+17
54 -2 7.7876431434058193e+06
56 -2 5.8973455532247953e+09
58 -2 1.6221619383904697e+11
60 -2 2.2364390528103564e+12
62 -2 2.0272933457507254e+13
64 -2 1.3510284093276117e+14
66 -2 7.0156282941053350e+14
68 -2 2.9494597872787105e+15
70 -2 1.0217580628492996e+16
72 -2 2.9544088614719120e+16
74 -2 7.1378621780545232e+16
76 -2 1.4271031556403357e+17
78 -2 2.3110262243388627e+17
80 -2 2.9016722027706470e+17
82 -2 2.5639312621574186e+17
84 -2 1.3007606824397003e+17
50 -1 9.7424544566430780e+05
52 -1 4.8205630161801451e+08
54 -1 1.2960579088371157e+10
56 -1 1.7576607923734827e+11
58 -1 1.5817663846186462e+12
60 -1 1.0539221685061186e+13
62 -1 5.5229806147492758e+13
64 -1 2.3650816600756953e+14
66 -1 8.4830224614946650e+14
68 -1 2.5762895999240005e+15
70 -1 6.6926664077696560e+15
72 -1 1.4750873174553880e+16
74 -1 2.7362551351868472e+16
76 -1 4.1487410892280456e+16
78 -1 4.9412609029151936e+16
80 -1 4.1876366809964976e+16
82 -1 2.0650130012265248e+16
46 0 7.0161013228591299e+04
48 0 2.4838801067823108e+07
50 0 6.4635519672360468e+08
52 0 8.5899924158808746e+09
54 0 7.6030698858924194e+10
56 0 5.0351348377648962e+11
58 0 2.6378927915766064e+12
60 0 1.1469650121321145e+13
62 0 4.2358562794558688e+13
64 0 1.3526083481422116e+14
66 0 3.7420940768579812e+14
68 0 9.0300366740429975e+14
70 0 1.8821262796475395e+15
72 0 3.3370133782840820e+15
74 0 4.8889714277594350e+15
76 0 5.6820659825628360e+15
78 0 4.7308433576289620e+15
80 0 2.3388249508598070e+15
42 1 2.2951921845137767e+03
44 1 6.0177007779517875e+05
46 1 1.5106157447003612e+07
48 1 1.9533782721410817e+08
50 1 1.6913190871326790e+09
52 1 1.1042575084413546e+10
54 1 5.8301312459976250e+10
56 1 2.6009259502155750e+11
58 1 1.0087853440569017e+12
60 1 3.4672704350209336e+12
62 1 1.0600174075938324e+13
64 1 2.8699475385768012e+13
66 1 6.8271001886774883e+13
68 1 1.4136093701123075e+14
70 1 2.5045536775664222e+14
72 1 3.6855547945179088e+14
74 1 4.3165310727305444e+14
76 1 3.6306960587104619e+14
78 1 1.8621031683647362e+14
46 2 6.3348256516169204e+03
48 2 2.1562757157633151e+06
50 2 4.8176873286976360e+07
52 2 5.4296528705195916e+08
54 2 4.0237666135269556e+09
56 2 2.2051748619420532e+10
58 2 9.5809110370419693e+10
60 2 3.4290411663300562e+11
62 2 1.0382158174253546e+12
64 2 2.6873123251738457e+12
66 2 5.9538979437049473e+12
68 2 1.1144801730783484e+13
70 2 1.7223751654803830e+13
72 2 2.1221087968518086e+13
74 2 1.8733256535997199e+13
76 2 1.0287873286260658e+13
50 3 6.3091590921052266e+03
52 3 2.4953712961311932e+06
54 3 4.8301553792796344e+07
56 3 4.5875700991502100e+08
58 3 2.8364376436934748e+09
60 3 1.2680503115417118e+10
62 3 4.3623901428855606e+10
64 3 1.1948709654911069e+11
66 3 2.6289379292859418e+11
68 3 4.6247863580360266e+11
70 3 6.3446279581996558e+11
72 3 6.1651674135385303e+11
74 3 3.8231954729559167e+11
54 4 3.3918785539552860e+03
56 4 1.1440752390893821e+06
58 4 1.8115655742698308e+07
60 4 1.3883839471063429e+08
62 4 6.6469076733694768e+08
64 4 2.2299173322445369e+09
66 4 5.3522313098771105e+09
68 4 9.4985575012003422e+09
70 4 1.1227396434935181e+10
72 4 8.5968181124025230e+09
58 5 1.7711443810299684e+03
60 5 2.0362522636765009e+05
62 5 2.4306976093211537e+06
64 5 1.3036682938698066e+07
66 5 4.2145018763744235e+07
68 5 7.6336110417845383e+07
70 5 8.8597763558800697e+07
60 6 8.4673321297416436e+01
62 6 5.8110066129324684e+02
64 6 1.5614897038166970e+04
66 6 7.5624220408120033e+04
68 6 2.2682410243474369e+05
64 7 1.6320644381989077e+01
66 7 1.3905776250579714e+02
