216 -41 3.2021393979044704e+09
212 -40 8.0308602111089905e+10
214 -40 5.2487379805193164e+11
208 -39 1.1480972543099939e+12
210 -39 1.2885456659932510e+13
212 -39 4.0456399804986469e+13
204 -38 1.1766577321373223e+13
206 -38 1.7734998726633822e+14
208 -38 9.6238779461533325e+14
210 -38 1.9585200822474278e+15
200 -37 9.3477776646034672e+13
202 -37 1.7563933204275195e+15
204 -37 1.2916240206897558e+16
206 -37 4.6012458446274880e+16
208 -37 6.7019894528358576e+16
196 -36 6.2777198220316125e+14
198 -36 1.3613044204813320e+16
200 -36 1.2449627996382096e+17
202 -36 5.9671744361376307e+17
204 -36 1.5547034202550989e+18
206 -36 1.7500668597672722e+18
192 -35 3.6161783745563800e+15
194 -35 8.7693731034992544e+16
196 -35 9.3314488307171827e+17
198 -35 5.5256955983093668e+18
200 -35 1.9489615279633416e+19
202 -35 3.9346369319098327e+19
204 -35 3.5996899718232199e+19
188 -34 1.8383709022769524e+16
190 -34 4.8896226247711334e+17
192 -34 5.7856011201557627e+18
194 -34 3.9935379739045495e+19
196 -34 1.7305311381098365e+20
198 -34 4.7927769129002612e+20
200 -34 7.8894565736821791e+20
202 -34 6.0346892945314677e+20
184 -33 8.3691308082848336e+16
186 -33 2.3771899486029660e+18
188 -33 3.0914138757911073e+19
190 -33 2.3806024542313752e+20
192 -33 1.2047013080085454e+21
194 -33 4.1116290334694016e+21
196 -33 9.2762974230142329e+21
198 -33 1.2840005527237456e+22
200 -33 8.4352802893869361e+21
180 -32 3.4218360984283430e+17
182 -32 1.0279771786783662e+19
184 -32 1.4352031727666587e+20
186 -32 1.2128037729901106e+21
188 -32 6.8704097134841566e+21
190 -32 2.7290849547339715e+22
192 -32 7.6456636001046885e+22
194 -32 1.4547905744208813e+23
196 -32 1.7346225120724514e+23
198 -32 9.9311491307436308e+22
176 -31 1.2635392391890632e+18
178 -31 3.9702247113835397e+19
180 -31 5.8749479207440679e+20
182 -31 5.3395716548714132e+21
184 -31 3.3243027184520436e+22
186 -31 1.4886480521281816e+23
188 -31 4.8532232338747310e+23
190 -31 1.1472821828850834e+24
192 -31 1.8874478000406022e+24
194 -31 1.9787838319454990e+24
196 -31 1.0041406813592183e+24
172 -30 4.2212193586227881e+18
174 -30 1.3817580724727244e+20
176 -30 2.1364317179597071e+21
178 -30 2.0699435623062369e+22
180 -30 1.3919657226784941e+23
182 -30 6.8178089389491031e+23
184 -30 2.5089121866879632e+24
186 -30 6.9347715908897877e+24
188 -30 1.4236447182672551e+25
190 -30 2.0617334801614618e+25
192 -30 1.9228952650675151e+25
194 -30 8.8012956725712660e+24
166 -29 1.6102692838667044e+14
168 -29 1.2783324510511038e+19
170 -29 4.3079425316113488e+20
172 -29 6.9799724096027581e+21
174 -29 7.1015765344591981e+22
176 -29 5.0824426861076675e+23
178 -29 2.6915187399493702e+24
180 -29 1.0911008480958135e+25
182 -29 3.4029668570705885e+25
184 -29 8.1720154008812926e+25
186 -29 1.4772339352809738e+26
188 -29 1.9170343141341836e+26
190 -29 1.6152507287822133e+26
192 -29 6.7410694034791608e+25
162 -28 1.7669667441492618e+15
164 -28 3.5160042962279633e+19
166 -28 1.2212175674084811e+21
168 -28 2.0451318557278734e+22
170 -28 2.1703460623531963e+23
172 -28 1.6323840293125129e+24
174 -28 9.2545538061979479e+24
176 -28 4.0573825808132633e+25
178 -28 1.3979672610357474e+26
180 -28 3.8009270967977050e+26
182 -28 8.0607577837780417e+26
184 -28 1.3067824377630450e+27
186 -28 1.5378671319725768e+27
188 -28 1.1849999709906887e+27
190 -28 4.5519330341830105e+26
158 -27 1.1602706479208172e+16
160 -27 8.8128486759295189e+19
162 -27 3.1296185478776053e+21
164 -27 5.3922456713242790e+22
166 -27 5.9530699606285806e+23
168 -27 4.6841866463195342e+24
170 -27 2.7963613459929961e+25
172 -27 1.3096072107480718e+26
174 -27 4.8858735084883233e+26
176 -27 1.4662018745647702e+27
178 -27 3.5332106922396837e+27
180 -27 6.7574539196382696e+27
182 -27 9.9412092737261420e+27
184 -27 1.0724304461966399e+28
186 -27 7.6451334026017822e+27
188 -27 2.7275402670126680e+27
154 -26 5.4687773989761624e+16
156 -26 2.0148231805917889e+20
158 -26 7.2789996343974984e+21
160 -26 1.2829015659560118e+23
162 -26 1.4623182928515142e+24
164 -26 1.1936963770299938e+25
166 -26 7.4787858014323626e+25
168 -26 3.7061674576592438e+26
170 -26 1.4812255563445503e+27
172 -26 4.8178594121917665e+27
174 -26 1.2852283290642934e+28
176 -26 2.7893246895728187e+28
178 -26 4.8437308125084129e+28
180 -26 6.5600319079361678e+28
182 -26 6.5461202352440987e+28
184 -26 4.3452260114793989e+28
186 -26 1.4558063755780206e+28
150 -25 2.0523111956144349e+17
152 -25 4.1822501533438719e+20
154 -25 1.5341491406643447e+22
156 -25 2.7587012093715293e+23
158 -25 3.2225578588831767e+24
160 -25 2.7287339964715732e+25
162 -25 1.7721106015730995e+26
164 -25 9.2307083656101421e+26
166 -25 3.9088977243582506e+27
168 -25 1.3660343830136300e+28
170 -25 3.9597756829418624e+28
172 -25 9.5157689237041876e+28
174 -25 1.8834340220845910e+29
176 -25 3.0090252466787249e+29
178 -25 3.7831240340258024e+29
180 -25 3.5263891838947941e+29
182 -25 2.1975433278712394e+29
184 -25 6.9560846241961577e+28
146 -24 6.3497295397636685e+17
148 -24 7.9221297001841675e+20
150 -24 2.9341200047812769e+22
152 -24 5.3778698137944930e+23
154 -24 6.3899302021617370e+24
156 -24 5.5733515932265534e+25
158 -24 3.7522723526563917e+26
160 -24 2.0318463722777710e+27
162 -24 9.0498233870003889e+27
164 -24 3.3618598621677876e+28
166 -24 1.0463874641587503e+29
168 -24 2.7394678583570434e+29
170 -24 6.0188196497409970e+29
172 -24 1.0975830073225467e+30
174 -24 1.6341238746087760e+30
176 -24 1.9180873762933280e+30
178 -24 1.6833834462814819e+30
180 -24 9.9033873471999097e+29
182 -24 2.9747501488494096e+29
142 -23 1.6626350775436577e+18
144 -23 1.3719245537348129e+21
146 -23 5.0901630205406430e+22
148 -23 9.4450038493043046e+23
150 -23 1.1452989189438526e+25
152 -23 1.0206625421663668e+26
154 -23 7.0806947786649582e+26
156 -23 3.9821453481720350e+27
158 -23 1.8520590276677446e+28
160 -23 7.2353001678189817e+28
162 -23 2.3941498031444974e+29
164 -23 6.7536559386758305e+29
166 -23 1.6186502092341290e+30
168 -23 3.2878253970070899e+30
170 -23 5.5815324543952461e+30
172 -23 7.7784258769298106e+30
174 -23 8.6056277070941305e+30
176 -23 7.1432588229870391e+30
178 -23 3.9898682802203000e+30
180 -23 1.1443091839676708e+30
138 -22 3.7406947769343667e+18
140 -22 2.1534767935574175e+21
142 -22 7.9918712323222561e+22
144 -22 1.4980193154661588e+24
146 -22 1.8467554684339255e+25
148 -22 1.6789919371435249e+26
150 -22 1.1965368476108881e+27
152 -22 6.9379171470348082e+27
154 -22 3.3536669634081139e+28
156 -22 1.3707773435849499e+29
158 -22 4.7859166930782465e+29
160 -22 1.4366946799711205e+30
162 -22 3.7130424015809349e+30
164 -22 8.2416305907849597e+30
166 -22 1.5579040618295274e+31
168 -22 2.4826606673916370e+31
170 -22 3.2645430937381096e+31
172 -22 3.4262729221767982e+31
174 -22 2.7065160698758971e+31
176 -22 1.4417727191578211e+31
178 -22 3.9618942682811649e+30
134 -21 7.2841678236628634e+18
136 -21 3.0838537979028277e+21
138 -21 1.1380844422165807e+23
140 -21 2.1490072622479598e+24
142 -21 2.6826771082939260e+25
144 -21 2.4842091921908383e+26
146 -21 1.8074434963613179e+27
148 -21 1.0781157198087681e+28
150 -21 5.3760912522272414e+28
152 -21 2.2906635846336972e+29
154 -21 8.3898565173680546e+29
156 -21 2.6595834412961125e+30
158 -21 7.3269770065494403e+30
160 -21 1.7554097378983068e+31
162 -21 3.6360497535440755e+31
164 -21 6.4591048708958781e+31
166 -21 9.7300218098454579e+31
168 -21 1.2125289270463471e+32
170 -21 1.2113925454418488e+32
172 -21 9.1435196815503449e+31
174 -21 4.6757481822788548e+31
176 -21 1.2362662811848352e+31
130 -20 1.2488991391214068e+19
132 -20 4.0116876513005866e+21
134 -20 1.4671758245101986e+23
136 -20 2.7756730953156756e+24
138 -20 3.5021090312574242e+25
140 -20 3.2873173279492013e+26
142 -20 2.4435709388596119e+27
144 -20 1.4935744234831853e+28
146 -20 7.6826353506684857e+28
148 -20 3.3848038202925198e+29
150 -20 1.2905566863098055e+30
152 -20 4.2964202273828247e+30
154 -20 1.2529112320898070e+31
156 -20 3.2052704876541483e+31
158 -20 7.1727017025167906e+31
160 -20 1.3983088044996335e+32
162 -20 2.3521401415610039e+32
164 -20 3.3640520639393233e+32
166 -20 3.9960343062830073e+32
168 -20 3.8180490376450035e+32
170 -20 2.7652611635877493e+32
172 -20 1.3599081291155907e+32
174 -20 3.4649535553928222e+31
126 -19 1.8751361219533484e+19
128 -19 4.7466318260757101e+21
130 -19 1.7102835876315376e+23
132 -19 3.2334106190231219e+24
134 -19 4.1122414130204650e+25
136 -19 3.9095390451061882e+26
138 -19 2.9579110628637291e+27
140 -19 1.8439775853745141e+28
142 -19 9.7448810824643578e+28
144 -19 4.4206777219960205e+29
146 -19 1.7500502438576741e+30
148 -19 6.0817735113178717e+30
150 -19 1.8650740737423141e+31
152 -19 5.0539516152640013e+31
154 -19 1.2106293944991558e+32
156 -19 2.5532101539226511e+32
158 -19 4.7108509082403522e+32
160 -19 7.5368389482534989e+32
162 -19 1.0281116812409640e+33
164 -19 1.1709283727816532e+33
166 -19 1.0739342405622796e+33
168 -19 7.4867212600245610e+32
170 -19 3.5580794745093697e+32
172 -19 8.7655446447408953e+31
120 -18 4.6288058262582875e+14
122 -18 2.4871632185425351e+19
124 -18 5.0774792837222640e+21
126 -18 1.7958255949308767e+23
128 -18 3.3918269215293362e+24
130 -18 4.3360260349563320e+25
132 -18 4.1639916438272933e+26
134 -18 3.1909368546539660e+27
136 -18 2.0294490764281569e+28
138 -18 1.0955691138636453e+29
140 -18 5.1165500702086495e+29
142 -18 2.0915110205262684e+30
144 -18 7.5515163847712695e+30
146 -18 2.4199870249278291e+31
148 -18 6.9031379625972927e+31
150 -18 1.7554561762103171e+32
152 -18 3.9575862985298682e+32
154 -18 7.9138675585126488e+32
156 -18 1.3927795280081729e+33
158 -18 2.1289554157772052e+33
160 -18 2.7869965365492774e+33
162 -18 3.0526840940209969e+33
164 -18 2.6968909303164810e+33
166 -18 1.8169078610314088e+33
168 -18 8.3466951583507878e+32
170 -18 1.9958898541550985e+32
116 -17 2.0994402497336298e+15
118 -17 2.9069460125103833e+19
120 -17 4.9178613275323290e+21
122 -17 1.6970742964629743e+23
124 -17 3.1893361291468042e+24
126 -17 4.0901756543949731e+25
128 -17 3.9596851223963248e+26
130 -17 3.0685151027108733e+27
132 -17 1.9853205521824287e+28
134 -17 1.0942699861651118e+29
136 -17 5.2413329865004979e+29
138 -17 2.2050277216602605e+30
140 -17 8.2456458461195253e+30
142 -17 2.7436766629952200e+31
144 -17 8.1873978160251545e+31
146 -17 2.1928382348132881e+32
148 -17 5.2583072305634271e+32
150 -17 1.1272327685732598e+33
152 -17 2.1483091637292871e+33
154 -17 3.6182132527859783e+33
156 -17 5.3078767333413611e+33
158 -17 6.6896874188350681e+33
160 -17 7.0672606799311329e+33
162 -17 6.0395600975185206e+33
164 -17 3.9424720964889838e+33
166 -17 1.7576522333449649e+33
168 -17 4.0944518770253774e+32
112 -16 5.2395497600082750e+15
114 -16 2.9999596139438260e+19
116 -16 4.2760131442522965e+21
118 -16 1.4429252322984079e+23
120 -16 2.6913354729613462e+24
122 -16 3.4542110998752079e+25
124 -16 3.3576289133285671e+26
126 -16 2.6287235301385641e+27
128 -16 1.7234950166689018e+28
130 -16 9.6794696835168624e+28
132 -16 4.7351356267024671e+29
134 -16 2.0448761905541645e+30
136 -16 7.8887187388068365e+30
138 -16 2.7192044931880174e+31
140 -16 8.4542492494038484e+31
142 -16 2.3703621049690861e+32
144 -16 5.9968074052403516e+32
146 -16 1.3674293134131389e+33
148 -16 2.7958028439844373e+33
150 -16 5.1143101974724441e+33
152 -16 8.2699968448109048e+33
154 -16 1.1694846196756865e+34
156 -16 1.4245450376333362e+34
158 -16 1.4564601085028645e+34
160 -16 1.2065630780575048e+34
162 -16 7.6466266563068831e+33
164 -16 3.3195572265185285e+33
166 -16 7.5415411194553798e+32
108 -15 9.2082676388189600e+15
110 -15 2.7372008266369831e+19
112 -15 3.3379297560365179e+21
114 -15 1.0989260750780074e+23
116 -15 2.0248100808603198e+24
118 -15 2.5913534593104395e+25
120 -15 2.5350923190073635e+26
122 -15 2.0007118709079307e+27
124 -15 1.3251305539182091e+28
126 -15 7.5573302162841743e+28
128 -15 3.7740990123961687e+29
130 -15 1.6702328104481678e+30
132 -15 6.6042315430276288e+30
134 -15 2.3568950246278775e+31
136 -15 7.5831713620095964e+31
138 -15 2.2186603829876988e+32
140 -15 5.8875855495768517e+32
142 -15 1.4188133840411818e+33
144 -15 3.0904907030098020e+33
146 -15 6.0565806647717286e+33
148 -15 1.0658997409367184e+34
150 -15 1.6641095048467231e+34
152 -15 2.2742981161906372e+34
154 -15 2.6847485452713571e+34
156 -15 2.6637092596779827e+34
158 -15 2.1463258540822217e+34
160 -15 1.3245936763202010e+34
162 -15 5.6069599432831459e+33
164 -15 1.2459370235778131e+33
104 -14 1.2554867522677964e+16
106 -14 2.1950929721958965e+19
108 -14 2.3325302390890527e+21
110 -14 7.4700562438788783e+22
112 -14 1.3611893790684257e+24
114 -14 1.7356905538136239e+25
116 -14 1.6987157246881381e+26
118 -14 1.3475106792900025e+27
120 -14 9.0219738437910686e+27
122 -14 5.2043133615699384e+28
124 -14 2.6404752776060873e+29
126 -14 1.1938625339387405e+30
128 -14 4.8483260503299648e+30
130 -14 1.7796038031336027e+31
132 -14 5.9260266894236825e+31
134 -14 1.7988234094717032e+32
136 -14 4.9851900010354963e+32
138 -14 1.2606286709457775e+33
140 -14 2.9004192992696890e+33
142 -14 6.0658937262930450e+33
144 -14 1.1457755108053156e+34
146 -14 1.9472020622769233e+34
148 -14 2.9385815580688309e+34
150 -14 3.9021895495014418e+34
152 -14 4.4708827382422165e+34
154 -14 4.3203473385060007e+34
156 -14 3.3917159183801224e+34
158 -14 2.0416554265860051e+34
160 -14 8.4571582397764334e+33
162 -14 1.8420092536825550e+33
100 -13 1.3764724444264090e+16
102 -13 1.5483441148456929e+19
104 -13 1.4522522148218785e+21
106 -13 4.5201901817444948e+22
108 -13 8.1161328521955980e+23
110 -13 1.0260417339346399e+25
112 -13 1.0046508698064034e+26
114 -13 8.0012423023265560e+26
116 -13 5.3997083296636183e+27
118 -13 3.1499695563141965e+28
120 -13 1.6243271536909805e+29
122 -13 7.4729818146547795e+29
124 -13 3.0972262678679161e+30
126 -13 1.1678500781683973e+31
128 -13 4.0103254350671220e+31
130 -13 1.2611713497324027e+32
132 -13 3.6314492540244128e+32
134 -13 9.6020570474647062e+32
136 -13 2.3239671049871974e+33
138 -13 5.1357708713765510e+33
140 -13 1.0353355548428334e+34
142 -13 1.8925425446645291e+34
144 -13 3.1140380691350406e+34
146 -13 4.5629823337423492e+34
148 -13 5.8866520467915493e+34
150 -13 6.5732295405364221e+34
152 -13 6.1901019002029108e+34
154 -13 4.7498788567989391e+34
156 -13 2.7988943766780564e+34
158 -13 1.1362899997954922e+34
160 -13 2.4322700690202203e+33
96 -12 1.2344815211651404e+16
98 -12 9.5679611054643917e+18
100 -12 8.0216542854452019e+20
102 -12 2.4130993913193149e+22
104 -12 4.2788844943246294e+23
106 -12 5.3601906968100805e+24
108 -12 5.2291595689661870e+25
110 -12 4.1824928877434913e+26
112 -12 2.8344360223575276e+27
114 -12 1.6701891777621423e+28
116 -12 8.7111276773136245e+28
118 -12 4.0763892163427120e+29
120 -12 1.7227895532440099e+30
122 -12 6.6455974698319365e+30
124 -12 2.3509040791486026e+31
126 -12 7.6157705446347690e+31
128 -12 2.2749691419203010e+32
130 -12 6.2541618408660228e+32
132 -12 1.5838532319388489e+33
134 -12 3.6862200474154788e+33
136 -12 7.8703187163707269e+33
138 -12 1.5356328551095360e+34
140 -12 2.7220653704843216e+34
142 -12 4.3514805280402915e+34
144 -12 6.2097442104105678e+34
146 -12 7.8109255117791694e+34
148 -12 8.5119642714446671e+34
150 -12 7.8374309843687709e+34
152 -12 5.8867961368349420e+34
154 -12 3.4012931848568461e+34
156 -12 1.3542711635335451e+34
158 -12 2.8550320157731430e+33
92 -11 9.1956870229006060e+15
94 -11 5.1750504478909030e+18
96 -11 3.9140549636100417e+20
98 -11 1.1379310037280701e+22
100 -11 1.9794084167407679e+23
102 -11 2.4601709061716233e+24
104 -11 2.3869191738682577e+25
106 -11 1.9044198542851696e+26
108 -11 1.2958661018443116e+27
110 -11 7.7055414777516273e+27
112 -11 4.0634620723944711e+28
114 -11 1.9276867577610145e+29
116 -11 8.3085282206306678e+29
118 -11 3.2689387303122978e+30
120 -11 1.1843212371208574e+31
122 -11 3.9547547541097213e+31
124 -11 1.2194154158035650e+32
126 -11 3.4775359933653817e+32
128 -11 9.1842476315939169e+32
130 -11 2.2396562717774992e+33
132 -11 5.0356844323436608e+33
134 -11 1.0412255155329087e+34
136 -11 1.9716086754971413e+34
138 -11 3.3984458217612577e+34
140 -11 5.2961887588272963e+34
142 -11 7.3695833506359417e+34
144 -11 9.0651303061059861e+34
146 -11 9.6711418537203555e+34
148 -11 8.7211939740505442e+34
150 -11 6.4283133147955503e+34
152 -11 3.6460088409183159e+34
154 -11 1.4301651875821648e+34
156 -11 2.9778428992595474e+33
88 -10 5.7353566965328720e+15
90 -10 2.4446732405447491e+18
92 -10 1.6748512612232407e+20
94 -10 4.6809642426260741e+21
96 -10 7.9955996116383150e+22
98 -10 9.8338429776705283e+23
100 -10 9.4671486970221548e+24
102 -10 7.5564032939697237e+25
104 -10 5.1505822917911077e+26
106 -10 3.0760450497919173e+27
108 -10 1.6386233688039475e+28
110 -10 7.8734489621572928e+28
112 -10 3.4452544598297335e+29
114 -10 1.3823453331580492e+30
116 -10 5.1174595110561884e+30
118 -10 1.7540979450872766e+31
120 -10 5.5721218628405292e+31
122 -10 1.6449964399866347e+32
124 -10 4.5050719485158024e+32
126 -10 1.1468122557253834e+33
128 -10 2.7038204136757924e+33
130 -10 5.8978876202891527e+33
132 -10 1.1858222647124553e+34
134 -10 2.1863754203475955e+34
136 -10 3.6754503216340878e+34
138 -10 5.5914835597455065e+34
140 -10 7.6114691437747083e+34
142 -10 9.1737993710777622e+34
144 -10 9.5968519948376656e+34
146 -10 8.5110342973314751e+34
148 -10 6.1637863396534243e+34
150 -10 3.4419199417345796e+34
152 -10 1.3322712478722501e+34
154 -10 2.7441131582356674e+33
84 -9 2.9906520880498370e+15
86 -9 9.9754508387207808e+17
88 -9 6.2375629360092594e+19
90 -9 1.6779842161312557e+21
92 -9 2.8003611935762184e+22
94 -9 3.4059700133585743e+23
96 -9 3.2518321858171089e+24
98 -9 2.5867576738729331e+25
100 -9 1.7629093528212511e+26
102 -9 1.0565561555214786e+27
104 -9 5.6706382532850640e+27
106 -9 2.7529079730389590e+28
108 -9 1.2224025371947918e+29
110 -9 4.9900595691895200e+29
112 -9 1.8874660416688025e+30
114 -9 6.6196374212960907e+30
116 -9 2.1614175729727712e+31
118 -9 6.5769600339120570e+31
120 -9 1.8658984122003553e+32
122 -9 4.9375710264442021e+32
124 -9 1.2153300242714113e+33
126 -9 2.7845678991071337e+33
128 -9 5.9065559380200641e+33
130 -9 1.1571900121242213e+34
132 -9 2.0852300198659647e+34
134 -9 3.4287050206202202e+34
136 -9 5.1074725459019837e+34
138 -9 6.8219477709675222e+34
140 -9 8.0671584915526933e+34
142 -9 8.2917647410679827e+34
144 -9 7.2385173333824872e+34
146 -9 5.1639804991863073e+34
148 -9 2.8481807534147733e+34
150 -9 1.0900453808423692e+34
152 -9 2.2273880029079269e+33
80 -8 1.3107767453619862e+15
82 -8 3.4789535064579770e+17
84 -8 2.0069988874558132e+19
86 -8 5.1913189174053549e+20
88 -8 8.4601529172985685e+21
90 -8 1.0104341966714382e+23
92 -8 9.5879021819240403e+23
94 -8 7.5738136500945358e+24
96 -8 5.1606452971311718e+25
98 -8 3.1003913119829202e+26
100 -8 1.6695309965749628e+27
102 -8 8.1905370418083454e+27
104 -8 3.6787164676286585e+28
106 -8 1.5260865628987436e+29
108 -8 5.8822509315239329e+29
110 -8 2.1082873884009386e+30
112 -8 7.0564258210090581e+30
114 -8 2.2093022690464211e+31
116 -8 6.4798899202795072e+31
118 -8 1.7746064939007134e+32
120 -8 4.5549900029010378e+32
122 -8 1.0898911463143070e+33
124 -8 2.4317599551654022e+33
126 -8 5.0390480718220188e+33
128 -8 9.6541588650334873e+33
130 -8 1.7020059579137811e+34
132 -8 2.7432583085639257e+34
134 -8 4.0129868804134614e+34
136 -8 5.2677740173027770e+34
138 -8 6.1312909712772850e+34
140 -8 6.2113990110464704e+34
142 -8 5.3456113734690434e+34
144 -8 3.7672630826738176e+34
146 -8 2.0547966325615679e+34
148 -8 7.7924397323873614e+33
150 -8 1.5834203970905249e+33
74 -7 3.0851047476373386e+10
76 -7 4.7556320569000688e+14
78 -7 1.0371668642297328e+17
80 -7 5.5030703936282061e+18
82 -7 1.3710176355253771e+20
84 -7 2.1802814730356838e+21
86 -7 2.5582591678368136e+22
88 -7 2.3927392104610763e+23
90 -7 1.8747996722054920e+24
92 -7 1.2748431843938674e+25
94 -7 7.6686971577898930e+25
96 -7 4.1543210575993825e+26
98 -7 2.0474378752847813e+27
100 -7 9.3064586578799752e+27
102 -7 3.9133384424608673e+28
104 -7 1.5333607486858554e+29
106 -7 5.6073911749423670e+29
108 -7 1.9230918187452435e+30
110 -7 6.1833647013703801e+30
112 -7 1.8688849205999617e+31
114 -7 5.3027177620457278e+31
116 -7 1.4120686470587393e+32
118 -7 3.5216919333375346e+32
120 -7 8.2325946595572015e+32
122 -7 1.7943326480080914e+33
124 -7 3.6376261559349019e+33
126 -7 6.8328072349143078e+33
128 -7 1.1824105807790716e+34
130 -7 1.8735909148392393e+34
132 -7 2.6990484967892483e+34
134 -7 3.4898497987952877e+34
136 -7 4.0036244729451479e+34
138 -7 4.0064930512760980e+34
140 -7 3.4103152189714930e+34
142 -7 2.3806106966545064e+34
144 -7 1.2878587785697439e+34
146 -7 4.8572259033335542e+33
148 -7 9.8417119096945702e+32
70 -6 2.2660083251609261e+10
72 -6 1.4268204170958356e+14
74 -6 2.5909137944675552e+16
76 -6 1.2749819998211540e+18
78 -6 3.0447967820213182e+19
80 -6 4.7299418576894375e+20
82 -6 5.4420368893802793e+21
84 -6 5.0191358640930446e+22
86 -6 3.8934670596258248e+23
88 -6 2.6296736947674312e+24
90 -6 1.5817727004323833e+25
92 -6 8.5833425894392164e+25
94 -6 4.2611689239783498e+26
96 -6 1.9551490069966932e+27
98 -6 8.3272637891128644e+27
100 -6 3.3119551943598962e+28
102 -6 1.2358207825474769e+29
104 -6 4.3323226151905596e+29
106 -6 1.4284321374848431e+30
108 -6 4.4413099852073008e+30
110 -6 1.3001278895069159e+31
112 -6 3.5855577410825072e+31
114 -6 9.3084092805688374e+31
116 -6 2.2682093488793730e+32
118 -6 5.1888926291197984e+32
120 -6 1.1087929610255519e+33
122 -6 2.2075129846818996e+33
124 -6 4.0802386213130332e+33
126 -6 6.9487794915335431e+33
128 -6 1.0859146168024248e+34
130 -6 1.5412624447299419e+34
132 -6 1.9709405690449466e+34
134 -6 2.2369789976005672e+34
136 -6 2.2149424866813503e+34
138 -6 1.8688027881221656e+34
140 -6 1.2950745354766512e+34
142 -6 6.9700089553969931e+33
144 -6 2.6201262434270575e+33
146 -6 5.3161812490713852e+32
66 -5 1.1570995106699608e+10
68 -5 3.4901887572803715e+13
70 -5 5.3676792060609670e+15
72 -5 2.4531750343566406e+17
74 -5 5.6238740595878738e+18
76 -5 8.4672000907840684e+19
78 -5 9.5557489318360842e+20
80 -5 8.6854985358589297e+21
82 -5 6.6725788740582361e+22
84 -5 4.4609666098878267e+23
86 -5 2.6686211766494849e+24
88 -5 1.4523399283605283e+25
90 -5 7.2577195451880473e+25
92 -5 3.3558348112372302e+26
94 -5 1.4468065281479830e+27
96 -5 5.8525396267028464e+27
98 -5 2.2197659633340278e+28
100 -5 7.9454475177268368e+28
102 -5 2.6863168247659113e+29
104 -5 8.5799285275713905e+29
106 -5 2.5870269678031950e+30
108 -5 7.3918743157449452e+30
110 -5 1.9887713723877364e+31
112 -5 5.0553836542687732e+31
114 -5 1.2070676611197524e+32
116 -5 2.7108486158702488e+32
118 -5 5.7044129607472598e+32
120 -5 1.1180563471842808e+33
122 -5 2.0369504672491904e+33
124 -5 3.4240351727677768e+33
126 -5 5.2929577462091619e+33
128 -5 7.4316988132085316e+33
130 -5 9.4159576299633910e+33
132 -5 1.0590065151315364e+34
134 -5 1.0416589109551862e+34
136 -5 8.7384023774565895e+33
138 -5 6.0328503435961763e+33
140 -5 3.2370792182619072e+33
142 -5 1.2165149252570310e+33
144 -5 2.4819041304541173e+32
62 -4 3.8308614658507180e+09
64 -4 6.8965882048549707e+12
66 -4 9.0335265176991688e+14
68 -4 3.8352373957902032e+16
70 -4 8.4136548718063462e+17
72 -4 1.2291149038344622e+19
74 -4 1.3528934093960587e+20
76 -4 1.2110871391062264e+21
78 -4 9.1823483063740316e+21
80 -4 6.0922140906688103e+22
82 -4 3.6332027402387676e+23
84 -4 1.9759181966897366e+24
86 -4 9.9093559495118823e+24
88 -4 4.6204937280115061e+25
90 -4 2.0147653040025894e+26
92 -4 8.2709151920017727e+26
94 -4 3.1979253997349240e+27
96 -4 1.1688810389588164e+28
98 -4 4.0422895446398361e+28
100 -4 1.3260986837083805e+29
102 -4 4.1215517055021923e+29
104 -4 1.2144189149081389e+30
106 -4 3.3929332749915784e+30
108 -4 8.9574296227827784e+30
110 -4 2.2378282859301304e+31
112 -4 5.2643613804683869e+31
114 -4 1.1648068426342801e+32
116 -4 2.4166948295956123e+32
118 -4 4.6799243368457553e+32
120 -4 8.4419288404526168e+32
122 -4 1.4071009791831020e+33
124 -4 2.1541162375265017e+33
126 -4 3.0032087231276613e+33
128 -4 3.7791881074828149e+33
130 -4 4.2288263201174795e+33
132 -4 4.1420959472043573e+33
134 -4 3.4654458553375119e+33
136 -4 2.3886894548978506e+33
138 -4 1.2832078098691479e+33
140 -4 4.8429219820235582e+32
142 -4 9.9434773591173841e+31
58 -3 9.1385974036192727e+08
60 -3 1.0518082044241750e+12
62 -3 1.2011363022329392e+14
64 -3 4.7371387276429300e+15
66 -3 9.9458939598803664e+16
68 -3 1.4079679163766380e+18
70 -3 1.5112830279739912e+19
72 -3 1.3239682961198511e+20
74 -3 9.9052165339881039e+20
76 -3 6.5165674882197378e+21
78 -3 3.8720007084109445e+22
80 -3 2.1051368343424270e+23
82 -3 1.0593474921681775e+24
84 -3 4.9807162105433302e+24
86 -3 2.1987005421085535e+25
88 -3 9.1720147532457801e+25
90 -3 3.6087421208795367e+26
92 -3 1.3481568732188696e+27
94 -3 4.7736425048230984e+27
96 -3 1.6077412022542383e+28
98 -3 5.1543651394253619e+28
100 -3 1.5689434556636972e+29
102 -3 4.5431482213235453e+29
104 -3 1.2466722640812237e+30
106 -3 3.2421293222834527e+30
108 -3 7.9908949349170561e+30
110 -3 1.8593940253068555e+31
112 -3 4.0731730258030311e+31
114 -3 8.3599622761714919e+31
116 -3 1.6062663474567350e+32
118 -3 2.8747823932484652e+32
120 -3 4.7606297211021403e+32
122 -3 7.2556270923791453e+32
124 -3 1.0067002119991861e+33
126 -3 1.2644651455224672e+33
128 -3 1.4126595945700637e+33
130 -3 1.3825118980349926e+33
132 -3 1.1572645155561762e+33
134 -3 7.9951274778930329e+32
136 -3 4.3112350881056792e+32
138 -3 1.6387834023207689e+32
140 -3 3.4077637966079203e+31
54 -2 1.5166099873216826e+08
56 -2 1.2045979166027950e+11
58 -2 1.2143055669443949e+13
60 -2 4.4485067103520981e+14
62 -2 8.9142501601007470e+15
64 -2 1.2196514215231376e+17
66 -2 1.2709393192394427e+18
68 -2 1.0896930606350612e+19
70 -2 8.0081512054466462e+19
72 -2 5.2343163331715354e+20
74 -2 3.0995145416057689e+21
76 -2 1.6887139651597231e+22
78 -2 8.5446854230681259e+22
80 -2 4.0629726485949689e+23
82 -2 1.8214673480677668e+24
84 -2 7.7126334377685994e+24
86 -2 3.1020167935268938e+25
88 -2 1.1862721834509143e+26
90 -2 4.3150846272296614e+26
92 -2 1.4932349526157196e+27
94 -2 4.9356707566104271e+27
96 -2 1.5555063687372136e+28
98 -2 4.6663622140249836e+28
100 -2 1.3331098349671709e+29
102 -2 3.6184433604536447e+29
104 -2 9.3207663042516645e+29
106 -2 2.2780546888811075e+30
108 -2 5.2596186734008285e+30
110 -2 1.1435832249604807e+31
112 -2 2.3410388624720926e+31
114 -2 4.4747046463734985e+31
116 -2 7.9841297125308204e+31
118 -2 1.3178420081563088e+32
120 -2 2.0045502791281852e+32
122 -2 2.7833190502562320e+32
124 -2 3.4948462104804784e+32
126 -2 3.9120429815439424e+32
128 -2 3.8386668258424036e+32
130 -2 3.2245398355117001e+32
132 -2 2.2393621528255225e+32
134 -2 1.2187432906202816e+32
136 -2 4.6778080514424007e+31
138 -2 9.8977372756634604e+30
50 -1 1.6879092213625666e+07
52 -1 9.8242284760284386e+09
54 -1 8.6931080030277881e+11
56 -1 2.9732826509727250e+13
58 -1 5.6730131569654988e+14
60 -1 7.4851772265773010e+15
62 -1 7.5485698564701904e+16
64 -1 6.3217369671857523e+17
66 -1 4.5880570835284275e+18
68 -1 2.9654771802932994e+19
70 -1 1.7595458484787426e+20
72 -1 9.6448661430583440e+20
74 -1 4.9534423272177030e+21
76 -1 2.3906009394853964e+22
78 -1 1.0930301447480105e+23
80 -1 4.7436455016225472e+23
82 -1 1.9535172233091736e+24
84 -1 7.6686613087282438e+24
86 -1 2.8815540168862895e+25
88 -1 1.0326926854735561e+26
90 -1 3.5258665021863897e+26
92 -1 1.1522660051067984e+27
94 -1 3.5851042623152289e+27
96 -1 1.0658297459058604e+28
98 -1 3.0225589453044904e+28
100 -1 8.1668948760203676e+28
102 -1 2.0966441788588249e+29
104 -1 5.1060486747162674e+29
106 -1 1.1753735947777696e+30
108 -1 2.5553825807766561e+30
110 -1 5.2164780219930655e+30
112 -1 9.9892220015705500e+30
114 -1 1.7825506487818193e+31
116 -1 2.9495572908176686e+31
118 -1 4.4946529406544151e+31
120 -1 6.2650917838328823e+31
122 -1 7.8968915727455645e+31
124 -1 8.9004818546695583e+31
126 -1 8.7895181327517247e+31
128 -1 7.4434333233766110e+31
130 -1 5.2249265893867185e+31
132 -1 2.8788813268417256e+31
134 -1 1.1239002542249103e+31
136 -1 2.4267117862036767e+30
46 0 1.1319815148053772e+06
48 0 5.0294118693359584e+08
50 0 3.9562305713042038e+10
52 0 1.2523998932895969e+12
54 0 2.2711340000750047e+13
56 0 2.8692235801937038e+14
58 0 2.8107742190658775e+15
60 0 2.2977314615271660e+16
62 0 1.6521972607189677e+17
64 0 1.0731147006419681e+18
66 0 6.4319486760203213e+18
68 0 3.6058688051735380e+19
70 0 1.9026632058805302e+20
72 0 9.4550989281239197e+20
74 0 4.4649273137878265e+21
76 0 1.9991873935268792e+22
78 0 8.5575204801881334e+22
80 0 3.4895427219853065e+23
82 0 1.3581466832820877e+24
84 0 5.0513537343118232e+24
86 0 1.8024296952217903e+25
88 0 6.1343163904601450e+25
90 0 1.9965128571108616e+26
92 0 6.2144112370025436e+26
94 0 1.8472271774933296e+27
96 0 5.2375855194577151e+27
98 0 1.4141989391625873e+28
100 0 3.6374320877738150e+28
102 0 8.8671650333987353e+28
104 0 2.0504668887587732e+29
106 0 4.4683778633990996e+29
108 0 9.1894904873267849e+29
110 0 1.7671263723689513e+30
112 0 3.1683614646974677e+30
114 0 5.2771521536708816e+30
116 0 8.1042813145318060e+30
118 0 1.1386022528888091e+31
120 0 1.4488902419548059e+31
122 0 1.6458538087348319e+31
124 0 1.6467090387927834e+31
126 0 1.4122703624671167e+31
128 0 1.0065250510284861e+31
130 0 5.6428594173973346e+30
132 0 2.2451321644682886e+30
134 0 4.9875219568209309e+29
42 1 3.4915178173977198e+04
44 1 1.2091826549298577e+07
46 1 8.4056592503158331e+08
48 1 2.5186976116415253e+10
50 1 4.2993131361675610e+11
52 1 5.2120712115054688e+12
54 1 4.9518730786114945e+13
56 1 4.0104242657648975e+14
58 1 2.9302644227653255e+15
60 1 1.9821615938426872e+16
62 1 1.2539191609493248e+17
64 1 7.4909791912146317e+17
66 1 4.2041471465089085e+18
68 1 2.2354642240491549e+19
70 1 1.1183067087161405e+20
72 1 5.3151168721231623e+20
74 1 2.3988850238907445e+21
76 1 1.0317638524692637e+22
78 1 4.2442848111795097e+22
80 1 1.6698885912441631e+23
82 1 6.2687993947641885e+23
84 1 2.2485684302703721e+24
86 1 7.7037278093834661e+24
88 1 2.5255800321281216e+25
90 1 7.9301037557285619e+25
92 1 2.3785068174490987e+26
94 1 6.8013656509382702e+26
96 1 1.8516373112241742e+27
98 1 4.8033592441519624e+27
100 1 1.1815365062436594e+28
102 1 2.7505361361221975e+28
104 1 6.0560338106907612e+28
106 1 1.2573861753548482e+29
108 1 2.4450770134146045e+29
110 1 4.4404551667679020e+29
112 1 7.4810545816353312e+29
114 1 1.1629259237635152e+30
116 1 1.6543520354658233e+30
118 1 2.1359102304787855e+30
120 1 2.4636319939973813e+30
122 1 2.5033784711123496e+30
124 1 2.1851134940045407e+30
126 1 1.5850943569430698e+30
128 1 9.0982881422634368e+29
130 1 3.7099061765727935e+29
132 1 8.5367583672311362e+28
46 2 9.8201610681747715e+05
48 2 2.5055703733859211e+08
50 2 1.5620627662483484e+10
52 2 4.3550602641092224e+11
54 2 7.1932430718146670e+12
56 2 8.4196920951605875e+13
58 2 7.7519381565177325e+14
60 2 5.9678790760309530e+15
62 2 4.0613371331568224e+16
64 2 2.4959935888836182e+17
66 2 1.4211383809629220e+18
68 2 7.5734275501645066e+18
70 2 3.7883439131882496e+19
72 2 1.7906414939525733e+20
74 2 8.0028461182138594e+20
76 2 3.4039170517729731e+21
78 2 1.3771092980814907e+22
80 2 5.3122464696483900e+22
82 2 1.9539284493558371e+23
84 2 6.8581705745209590e+23
86 2 2.2941289887103874e+24
88 2 7.3559065402482036e+24
90 2 2.2401203076728696e+25
92 2 6.5296297003258950e+25
94 2 1.8106874163272480e+26
96 2 4.7669453035229465e+26
98 2 1.1905370671017083e+27
100 2 2.8208227323377340e+27
102 2 6.3089224560295582e+27
104 2 1.3294515371869204e+28
106 2 2.6233909150103645e+28
108 2 4.8499115894303353e+28
110 2 8.3021704849365586e+28
112 2 1.3148477915993078e+29
114 2 1.9068558483679384e+29
116 2 2.5066840853674240e+29
118 2 2.9553638800579977e+29
120 2 3.0601581196171948e+29
122 2 2.7350486121314959e+29
124 2 2.0349953511395450e+29
126 2 1.1996552513996619e+29
128 2 5.0415861738523335e+28
130 2 1.2066499587641621e+28
48 3 1.1525874067291381e+03
50 3 1.3018469585845854e+07
52 3 2.4277245704394469e+09
54 3 1.2602076367375801e+11
56 3 3.2405538372930015e+12
58 3 5.1191424478826492e+13
60 3 5.7427921768716512e+14
62 3 5.0748511115636940e+15
64 3 3.7480052426825056e+16
66 3 2.4186177498856688e+17
68 3 1.4007653672752215e+18
70 3 7.4176262491442483e+18
72 3 3.6471717949259272e+19
74 3 1.6737457415163658e+20
76 3 7.2179933806813748e+20
78 3 2.9471589254273329e+21
80 3 1.1391920519832712e+22
82 3 4.1792396194589130e+22
84 3 1.4547215643225918e+23
86 3 4.8216460478143136e+23
88 3 1.5207511982840814e+24
90 3 4.5586008753783424e+24
92 3 1.2974141367274000e+25
94 3 3.5014571563649636e+25
96 3 8.9908387308490181e+25
98 3 2.1824154863316977e+26
100 3 4.9854939647846190e+26
102 3 1.0746026014252282e+27
104 3 2.1752196669689976e+27
106 3 4.0984713871460607e+27
108 3 7.1980007970655652e+27
110 3 1.1650411430393491e+28
112 3 1.7255621351732638e+28
114 3 2.3284618197195571e+28
116 3 2.8151733545559015e+28
118 3 2.9943418060945125e+28
120 3 2.7496659872610679e+28
122 3 2.1114461702399610e+28
124 3 1.2857682424057840e+28
126 3 5.6011532524821434e+27
128 3 1.4070841219074581e+27
52 4 3.1451361083540949e+04
54 4 1.0034048494580063e+08
56 4 1.4161857928617599e+10
58 4 6.0264833464331409e+11
60 4 1.3844667777747637e+13
62 4 2.0360509466126769e+14
64 4 2.1734107607822355e+15
66 4 1.8293614865205336e+16
68 4 1.2871119861260378e+17
70 4 7.8854176253073446e+17
72 4 4.3007664296030100e+18
74 4 2.1345973518657282e+19
76 4 9.7380746524684599e+19
78 4 4.1364084077537139e+20
80 4 1.6432642389273383e+21
82 4 6.1215489582986051e+21
84 4 2.1625971900635379e+22
86 4 7.1751564010163007e+22
88 4 2.2553285188604947e+23
90 4 6.7024265681439398e+23
92 4 1.8862423412833220e+24
94 4 5.0044290023822267e+24
96 4 1.2557534055917762e+25
98 4 2.9695551621963367e+25
100 4 6.5898603950869956e+25
102 4 1.3718807258569056e+26
104 4 2.6665746030875522e+26
106 4 4.8171415005174770e+26
108 4 8.0265254931039167e+26
110 4 1.2252076344747111e+27
112 4 1.7013691042705069e+27
114 4 2.1191631689063804e+27
116 4 2.3277633950597272e+27
118 4 2.2128275247989775e+27
120 4 1.7594281536425203e+27
122 4 1.1126293638905191e+27
124 4 5.0527785240825414e+26
126 4 1.3416446405317305e+26
56 5 3.6872158640866878e+05
58 5 4.7999767474024189e+08
60 5 5.3401799261788620e+10
62 5 1.8779096712586843e+12
64 5 3.8117168788624859e+13
66 5 5.1292308309896281e+14
68 5 5.1383720189976770e+15
70 5 4.0685833452985496e+16
72 5 2.7048204418585776e+17
74 5 1.5578283652193902e+18
76 5 7.9611441172488929e+18
78 5 3.6701946962358526e+19
80 5 1.5504693892310018e+20
82 5 6.0714274549206037e+20
84 5 2.2044591700043309e+21
86 5 7.4970056510197119e+21
88 5 2.3893148865264116e+22
90 5 7.1323147584140097e+22
92 5 2.0045034095907612e+23
94 5 5.2812103449226575e+23
96 5 1.3063868246782322e+24
98 5 3.0228606189797438e+24
100 5 6.5567637653105526e+24
102 5 1.3240678184126057e+25
104 5 2.4743125672461445e+25
106 5 4.2732487037836461e+25
108 5 6.7718823094229956e+25
110 5 9.7435507162214508e+25
112 5 1.2560366362352586e+26
114 5 1.4335644382210769e+26
116 5 1.4140913472045939e+26
118 5 1.1698887221072273e+26
120 5 7.7325406707294490e+25
122 5 3.6902954204472021e+25
124 5 1.0452689766887865e+25
60 6 2.4620521531998618e+06
62 6 1.4481910067837362e+09
64 6 1.3255799711056285e+11
66 6 3.9368549303119854e+12
68 6 7.0490434647135859e+13
70 6 8.5860577878974200e+14
72 6 7.9260815650301720e+15
74 6 5.8787488097653256e+16
76 6 3.6323456659444992e+17
78 6 1.9449276974302830e+18
80 6 9.2037961660002632e+18
82 6 3.9224065088258433e+19
84 6 1.5194638917692290e+20
86 6 5.4258475742158737e+20
88 6 1.7848448802813137e+21
90 6 5.4559148312961336e+21
92 6 1.5515478739814837e+22
94 6 4.1061208070930886e+22
96 6 1.0117506285517534e+23
98 6 2.3171499541251502e+23
100 6 4.9297947866332821e+23
102 6 9.6666343857740065e+23
104 6 1.7477831578302606e+24
106 6 2.8928808890533974e+24
108 6 4.3378930937385536e+24
110 6 5.8520324686684624e+24
112 6 6.9676877682060973e+24
114 6 7.1842173880849178e+24
116 6 6.2125762978306319e+24
118 6 4.3200386690050332e+24
120 6 2.1697834946869664e+24
122 6 6.5946923430887194e+23
64 7 1.1046933024835343e+07
66 7 2.8723457750174518e+09
68 7 2.1728787195369748e+11
70 7 5.6351707383915176e+12
72 7 8.8728882322590297e+13
74 7 9.7374838307525575e+14
76 7 8.1700764437867660e+15
78 7 5.5621277004376624e+16
80 7 3.1688069313530611e+17
82 7 1.5540882929490529e+18
84 7 6.7372773745160970e+18
86 7 2.6162702676520346e+19
88 7 9.1710692101179654e+19
90 7 2.9361884903234565e+20
92 7 8.6213458936988815e+20
94 7 2.3315404680967978e+21
96 7 5.7879647888811911e+21
98 7 1.3222136130274534e+22
100 7 2.7726027267432675e+22
102 7 5.3343563323801105e+22
104 7 9.3565435327992071e+22
106 7 1.4822587448859328e+23
108 7 2.1075649320822695e+23
110 7 2.6380361170261895e+23
112 7 2.8702797015227228e+23
114 7 2.6162033638901730e+23
116 7 1.9172251103696179e+23
118 7 1.0225934273080727e+23
120 7 3.3731832960086067e+22
68 8 3.1777814527171109e+07
70 8 3.9494544287577605e+09
72 8 2.3894285320699463e+11
74 8 5.4542182239573213e+12
76 8 7.5741989537506000e+13
78 8 7.4408287576479988e+14
80 8 5.6341796091242210e+15
82 8 3.4668230045447716e+16
84 8 1.7867896300502349e+17
86 8 7.9751958189642074e+17
88 8 3.1017983567752044e+18
90 8 1.0787617327869016e+19
92 8 3.3564833155013095e+19
94 8 9.3923160938772693e+19
96 8 2.3959788000681794e+20
98 8 5.5482932602446558e+20
100 8 1.1650500888877000e+21
102 8 2.2098999629706727e+21
104 8 3.7660854217789465e+21
106 8 5.7344844542893286e+21
108 8 7.6833862677117020e+21
110 8 8.8851596524993160e+21
112 8 8.6425504113928207e+21
114 8 6.7723308620641206e+21
116 8 3.8471043638192327e+21
118 8 1.3947421272402795e+21
72 9 5.9597526864345908e+07
74 9 4.0002522377963486e+09
76 9 1.7986488205846185e+11
78 9 3.5546196582704429e+12
80 9 4.3446668736480797e+13
82 9 3.7826425657891631e+14
84 9 2.5624945580134025e+15
86 9 1.4009362041710026e+16
88 9 6.4349504110865280e+16
90 9 2.5394406941422211e+17
92 9 8.7078421778393536e+17
94 9 2.6313627336128384e+18
96 9 7.0562794227973140e+18
98 9 1.6803777422241616e+19
100 9 3.5841916557371322e+19
102 9 6.7454853779231744e+19
104 9 1.1266688173050143e+20
106 9 1.6469822049537724e+20
108 9 2.0713685815165564e+20
110 9 2.1741239635027821e+20
112 9 1.8556740756295438e+20
114 9 1.1306043428060098e+20
116 9 4.5772701042460467e+19
76 10 6.8940498262483180e+07
78 10 2.9937343513516493e+09
80 10 9.4185459341647095e+10
82 10 1.5628085721747683e+12
84 10 1.6386208252396371e+13
86 10 1.2558752860522530e+14
88 10 7.4065430813179900e+14
90 10 3.5525806428542050e+15
92 10 1.4154192826149304e+16
94 10 4.7945545022951656e+16
96 10 1.3941476209278267e+17
98 10 3.5418681364082118e+17
100 10 7.7750572997372147e+17
102 10 1.4911231714629082e+18
104 10 2.4464479428094464e+18
106 10 3.4367373338437975e+18
108 10 3.9822380772215276e+18
110 10 3.7615074285145682e+18
112 10 2.5284878929056993e+18
114 10 1.1712179143999626e+18
80 11 4.8659292042373352e+07
82 11 1.5370061367223847e+09
84 11 3.4486131516426437e+10
86 11 4.5202685041565918e+11
88 11 4.0121636997322480e+12
90 11 2.5990233930346586e+13
92 11 1.3108903850500944e+14
94 11 5.2946095230532338e+14
96 11 1.7682932150917168e+15
98 11 4.9057456213622400e+15
100 11 1.1545239080334232e+16
102 11 2.2542935959999368e+16
104 11 3.7287721259456192e+16
106 11 4.9604606386601912e+16
108 11 5.3874153620401672e+16
110 11 4.0703423698205776e+16
112 11 2.2124041718530744e+16
84 12 1.9952021957732327e+07
86 12 5.1162878602536267e+08
88 12 8.0888632954468422e+09
90 12 8.3856777546082764e+10
92 12 5.9209261804456055e+11
94 12 3.1778502838330908e+12
96 12 1.2854780083378617e+13
98 12 4.1757925742015938e+13
100 12 1.0681920502594827e+14
102 12 2.2622857728247812e+14
104 12 3.6760826959395919e+14
106 12 4.8714910744287162e+14
108 12 4.2719254955298869e+14
110 12 2.9090611449242450e+14
88 13 4.5243515419401433e+06
90 13 9.2129841582798883e+07
92 13 1.1157018273260484e+09
94 13 8.4800683885489349e+09
96 13 4.7437297515344147e+10
98 13 1.8583282845975369e+11
100 13 5.7996625784534314e+11
102 13 1.2639873436503293e+12
104 13 2.2895001566657461e+12
106 13 2.4866439734723169e+12
108 13 2.2806595556699180e+12
92 14 4.3472407549357164e+05
94 14 7.9074399145812718e+06
96 14 6.3676000751887925e+07
98 14 3.8233041233585477e+08
100 14 1.3262486063450201e+09
102 14 3.9460644986843524e+09
104 14 5.8313501047858400e+09
106 14 8.5490617578319626e+09
96 15 1.1589094585383797e+04
98 15 1.1397614420969714e+05
100 15 1.1009856738373737e+06
102 15 2.4798214572984250e+06
104 15 8.9639515543692280e+06
