144 -24 8.0678921186371340e+01
146 -24 8.0526107981630179e+00
148 -24 2.8215035787526353e+03
138 -23 4.3206519251981894e+02
140 -23 5.3169510419260478e+03
142 -23 2.4570044191189172e+04
144 -23 1.1931087741748741e+05
146 -23 3.5638794540018003e+04
148 -23 2.7347075273242348e+05
132 -22 8.4404888418389919e+02
134 -22 2.8009910357483754e+04
136 -22 2.1118987756436388e+05
138 -22 9.9251486593130010e+05
140 -22 2.5669380616981639e+06
142 -22 4.0453572558317836e+06
144 -22 7.8645843587436276e+06
146 -22 3.4103205459181736e+06
148 -22 7.3119248887919215e+06
126 -21 6.7723522513878208e+02
128 -21 5.6313551150806430e+04
130 -21 8.1418498398190073e+05
132 -21 5.1175989716691095e+06
134 -21 1.9133048877669752e+07
136 -21 4.9958895469476767e+07
138 -21 9.8133947897388652e+07
140 -21 1.5284637476315087e+08
142 -21 1.7478711322759867e+08
144 -21 2.0038429989065528e+08
146 -21 9.7934129603351921e+07
148 -21 1.1070758107628308e+08
120 -20 1.9657503445773494e+02
122 -20 5.2956033204119434e+04
124 -20 1.5017349966749144e+06
126 -20 1.5074080802381707e+07
128 -20 7.9511830003683984e+07
130 -20 2.8200967379844183e+08
132 -20 7.4118897302392423e+08
134 -20 1.5069598073993371e+09
136 -20 2.5449427447523508e+09
138 -20 3.4860829522381153e+09
140 -20 4.0771306479567766e+09
142 -20 3.8233663932640328e+09
144 -20 3.3351671536648226e+09
146 -20 1.6067369248885200e+09
148 -20 1.2555112610442679e+09
116 -19 2.3568591859288485e+04
118 -19 1.4454563687557152e+06
120 -19 2.5293033048888363e+07
122 -19 1.9687879060878855e+08
124 -19 9.3818600267956507e+08
126 -19 3.2284724104413624e+09
128 -19 8.5431209841748543e+09
130 -19 1.8281944704254906e+10
132 -19 3.2701504895476509e+10
134 -19 4.9511581534967522e+10
136 -19 6.5110220417877426e+10
138 -19 7.3258787309798218e+10
140 -19 7.1616527279202957e+10
142 -19 5.8465413897118233e+10
144 -19 4.2337674786503815e+10
146 -19 1.9677772814502045e+10
148 -19 1.1646584483639772e+10
110 -18 3.6362424590983060e+03
112 -18 7.0110951900228334e+05
114 -18 2.3854780746380635e+07
116 -18 2.9812076104860491e+08
118 -18 1.9832672741723332e+09
120 -18 8.9824243910323429e+09
122 -18 3.0198402153275730e+10
124 -18 8.1540297554183197e+10
126 -18 1.8167111141923734e+11
128 -18 3.4483242088342255e+11
130 -18 5.6654131190033374e+11
132 -18 8.1665169392531702e+11
134 -18 1.0317670439251613e+12
136 -18 1.1544343119188167e+12
138 -18 1.1300247689195532e+12
140 -18 9.6825083386757239e+11
142 -18 7.0702564803907446e+11
144 -18 4.4669630063054242e+11
146 -18 1.9563640922740106e+11
148 -18 9.2417541485386490e+10
106 -17 1.4896025263520348e+05
108 -17 1.1743932827549161e+07
110 -17 2.6679889472660518e+08
112 -17 2.7006113022144799e+09
114 -17 1.6432144476562977e+10
116 -17 7.1463800904115845e+10
118 -17 2.4108431444225513e+11
120 -17 6.6283411560815820e+11
122 -17 1.5365781270314810e+12
124 -17 3.0766198267817617e+12
126 -17 5.4137807853533223e+12
128 -17 8.4386141515437568e+12
130 -17 1.1696712936875199e+13
132 -17 1.4569441918589879e+13
134 -17 1.6144178393970400e+13
136 -17 1.6035988831845580e+13
138 -17 1.4091687268302428e+13
140 -17 1.0860404224447842e+13
142 -17 7.1755415478445430e+12
144 -17 4.0487241987327661e+12
146 -17 1.6594858144200425e+12
148 -17 6.4987487396023242e+11
100 -16 9.3443406234274808e+03
102 -16 2.7489991870733732e+06
104 -16 1.3102585530230287e+08
106 -16 2.2669455069957256e+09
108 -16 1.9895676169158928e+10
110 -16 1.1505513997392546e+11
112 -16 4.9173497605836078e+11
114 -16 1.6663301091992188e+12
116 -16 4.6959372330921113e+12
118 -16 1.1368683013084500e+13
120 -16 2.3906496703364109e+13
122 -16 4.4651869286379078e+13
124 -16 7.4379031016539125e+13
126 -16 1.1156542192961266e+14
128 -16 1.5138862364992641e+14
130 -16 1.8606428336803944e+14
132 -16 2.0654229027267309e+14
134 -16 2.0719962654271541e+14
136 -16 1.8614233270419081e+14
138 -16 1.4910935013490172e+14
140 -16 1.0471751840294108e+14
142 -16 6.3560442886068367e+13
144 -16 3.2629912048472094e+13
146 -16 1.2434328086977723e+13
148 -16 4.1261751450658789e+12
96 -15 2.3295729546198953e+05
98 -15 3.2168211081763685e+07
100 -15 1.1057354331800272e+09
102 -15 1.5598880090113216e+10
104 -15 1.2582226630765018e+11
106 -15 7.0199657051250549e+11
108 -15 2.9814866105347007e+12
110 -15 1.0240362006207689e+13
112 -15 2.9699516024344359e+13
114 -15 7.4236959149932141e+13
116 -15 1.6377126393161256e+14
118 -15 3.2255429151579262e+14
120 -15 5.7199353696563375e+14
122 -15 9.2068662560652950e+14
124 -15 1.3506902197157000e+15
126 -15 1.8011908020985492e+15
128 -15 2.1953250006839342e+15
130 -15 2.4405155832620280e+15
132 -15 2.4712947603352695e+15
134 -15 2.2678394464607030e+15
136 -15 1.8718950071242135e+15
138 -15 1.3801430307271200e+15
140 -15 8.9671711374393338e+14
142 -15 5.0251591484731644e+14
144 -15 2.3603845978867541e+14
146 -15 8.3739320826176453e+13
148 -15 2.3938841352210254e+13
90 -14 2.7870726359174801e+03
92 -14 3.0735786337102083e+06
94 -14 2.7921068109450942e+08
96 -14 7.4372245285049591e+09
98 -14 9.2032099863846817e+10
100 -14 6.9599243990833911e+11
102 -14 3.7826016806240005e+12
104 -14 1.6080358013810076e+13
106 -14 5.6115709401315195e+13
108 -14 1.6720549945909822e+14
110 -14 4.3482412807838869e+14
112 -14 1.0033980931517878e+15
114 -14 2.0741034597524978e+15
116 -14 3.8876698594742655e+15
118 -14 6.6612349450583290e+15
120 -14 1.0444610283721498e+16
122 -14 1.4991591450411380e+16
124 -14 1.9848530349483524e+16
126 -14 2.4120391225582000e+16
128 -14 2.6939127356902820e+16
130 -14 2.7599511927220360e+16
132 -14 2.5794666511574020e+16
134 -14 2.1905788271516352e+16
136 -14 1.6813393677963018e+16
138 -14 1.1508776752928570e+16
140 -14 6.9431788798378010e+15
142 -14 3.6030699341908870e+15
144 -14 1.5648599649486580e+15
146 -14 5.1416334971526119e+14
148 -14 1.2854754978504339e+14
86 -13 6.2696048306862082e+04
88 -13 2.9365907004123177e+07
90 -13 1.9146298229009197e+09
92 -13 4.2220531116914452e+10
94 -13 4.7203497697652496e+11
96 -13 3.4190741788354321e+12
98 -13 1.8271653610227070e+13
100 -13 7.8067033606362078e+13
102 -13 2.7678903755789325e+14
104 -13 8.4729896988390375e+14
106 -13 2.2801510921626925e+15
108 -13 5.4771550918549440e+15
110 -13 1.1906449586326888e+16
112 -13 2.3537651714268260e+16
114 -13 4.2620290966738616e+16
116 -13 7.1170337943221936e+16
118 -13 1.0944220513191755e+17
120 -13 1.5552379440151184e+17
122 -13 2.0484976553810435e+17
124 -13 2.4858785832378995e+17
126 -13 2.7907786367229757e+17
128 -13 2.8893189053980851e+17
130 -13 2.7500029491918358e+17
132 -13 2.3977992633815971e+17
134 -13 1.9021825152212288e+17
136 -13 1.3605705996267781e+17
138 -13 8.7278948189931536e+16
140 -13 4.9083614218869032e+16
142 -13 2.3790903304900884e+16
144 -13 9.5702738890116280e+15
146 -13 2.9207679022685075e+15
148 -13 6.4591980595321525e+14
82 -12 7.8799746618323319e+05
84 -12 2.2368697175954902e+08
86 -12 1.0995928093182627e+10
88 -12 2.0539163966918991e+11
90 -12 2.1158331017380845e+12
92 -12 1.4817067802879461e+13
94 -12 7.8573186148843141e+13
96 -12 3.3730246135005069e+14
98 -12 1.2217322668434188e+15
100 -12 3.8414827126130605e+15
102 -12 1.0693017410823942e+16
104 -12 2.6845311082678032e+16
106 -12 6.0871830794760168e+16
108 -12 1.2670642882304026e+17
110 -12 2.4312391609092819e+17
112 -12 4.2919436656269670e+17
114 -12 7.0361119217835942e+17
116 -12 1.0677915969470794e+18
118 -12 1.5100763404689352e+18
120 -12 1.9788454661215621e+18
122 -12 2.4116891376292547e+18
124 -12 2.7297177710801004e+18
126 -12 2.8578274904367816e+18
128 -12 2.7730202787624192e+18
130 -12 2.4729585283423524e+18
132 -12 2.0196617185558561e+18
134 -12 1.5072428133496294e+18
136 -12 1.0143130010366108e+18
138 -12 6.0835922732257242e+17
140 -12 3.2132391083568960e+17
142 -12 1.4505531392106963e+17
144 -12 5.4466422992478168e+16
146 -12 1.5419853000267234e+16
148 -12 3.0291022534824520e+15
76 -11 5.1247119663307410e+02
78 -11 7.6509098330180924e+06
80 -11 1.3604955059582703e+09
82 -11 5.3036085299538857e+10
84 -11 8.6757374576369092e+11
86 -11 8.3434368759135098e+12
88 -11 5.6620035988824070e+13
90 -11 2.9820856013980444e+14
92 -11 1.2908484086792198e+15
94 -11 4.7727453506880420e+15
96 -11 1.5460666295048176e+16
98 -11 4.4633334756453952e+16
100 -11 1.1639884044085200e+17
102 -11 2.7691201598449360e+17
104 -11 6.0607995527706982e+17
106 -11 1.2244730700964480e+18
108 -11 2.2934528903138447e+18
110 -11 3.9851373703053343e+18
112 -11 6.4596109575557693e+18
114 -11 9.7345831730768282e+18
116 -11 1.3736587871978904e+19
118 -11 1.8070991935529656e+19
120 -11 2.2103637653713093e+19
122 -11 2.5263082963235541e+19
124 -11 2.6819262325962535e+19
126 -11 2.6453320926408417e+19
128 -11 2.4127112175848972e+19
130 -11 2.0267527771199107e+19
132 -11 1.5615930561297330e+19
134 -11 1.0981381621762738e+19
136 -11 6.9548076058261760e+18
138 -11 3.9338771186835200e+18
140 -11 1.9537855864304568e+18
142 -11 8.2912037460424320e+17
144 -11 2.8898176821742496e+17
146 -11 7.6227813983949104e+16
148 -11 1.3447064427519074e+16
72 -10 1.7490117986971254e+04
74 -10 5.7456335816737577e+07
76 -10 6.7853436234950686e+09
78 -10 2.1206367749118762e+11
80 -10 3.1045147521042124e+12
82 -10 2.8279396917848730e+13
84 -10 1.8765388445582547e+14
86 -10 9.8804249247391312e+14
88 -10 4.3270719207443690e+15
90 -10 1.6379135518736588e+16
92 -10 5.4647976197135128e+16
94 -10 1.6376140686364326e+17
96 -10 4.4558973970414586e+17
98 -10 1.1100537862141193e+18
100 -10 2.5563717454277253e+18
102 -10 5.4396448663878564e+18
104 -10 1.0766911129602363e+19
106 -10 1.9870586001950925e+19
108 -10 3.4251211271996338e+19
110 -10 5.5074661480387469e+19
112 -10 8.3107353266029085e+19
114 -10 1.1728156529179474e+20
116 -10 1.5496413944014714e+20
118 -10 1.9149696306346397e+20
120 -10 2.2092402915455798e+20
122 -10 2.3829929113801051e+20
124 -10 2.3902131993436789e+20
126 -10 2.2333583877534417e+20
128 -10 1.9247041919992621e+20
130 -10 1.5326037116381902e+20
132 -10 1.1183799345509068e+20
134 -10 7.4235636915352682e+19
136 -10 4.4526412418581078e+19
138 -10 2.3780217275003679e+19
140 -10 1.1136333017013795e+19
142 -10 4.4302957501492731e+18
144 -10 1.4468709865297797e+18
146 -10 3.5441525888946957e+17
148 -10 5.6211502435884840e+16
68 -9 2.7314907768591883e+05
70 -9 3.2724214156866443e+08
72 -9 2.7218342938140854e+10
74 -9 7.0384532246161218e+11
76 -9 9.3370463370139609e+12
78 -9 8.1355848980234703e+13
80 -9 5.3244805195003344e+14
82 -9 2.8108090051672780e+15
84 -9 1.2512476645444922e+16
86 -9 4.8502217249641904e+16
88 -9 1.6763616134649802e+17
90 -9 5.2122468061676410e+17
92 -9 1.4841926525944463e+18
94 -9 3.8740904916842906e+18
96 -9 9.3719155538325197e+18
98 -9 2.1059329206711030e+19
100 -9 4.4126941990713369e+19
102 -9 8.6283242944464224e+19
104 -9 1.5800254028965760e+20
106 -9 2.7110739582795556e+20
108 -9 4.3729081389831737e+20
110 -9 6.6033607322909186e+20
112 -9 9.3780118001784298e+20
114 -9 1.2499001046417675e+21
116 -9 1.5625081739631751e+21
118 -9 1.8287393539142753e+21
120 -9 2.0013330219072175e+21
122 -9 2.0504378512364384e+21
124 -9 1.9530442214327342e+21
126 -9 1.7317091276595782e+21
128 -9 1.4200554297857768e+21
130 -9 1.0732973712328124e+21
132 -9 7.4375791504957086e+20
134 -9 4.6889403049209863e+20
136 -9 2.6617333159147559e+20
138 -9 1.3447153700765747e+20
140 -9 5.9373101947082269e+19
142 -9 2.2293420841584673e+19
144 -9 6.8158167081450865e+18
146 -9 1.5544199308611369e+18
148 -9 2.2276636667082765e+17
64 -8 2.7300642464769888e+06
66 -8 1.4159484353478153e+09
68 -8 8.6629795630749130e+10
70 -8 1.8939567327113975e+12
72 -8 2.3201523721297172e+13
74 -8 1.9543059354601928e+14
76 -8 1.2679974385537068e+15
78 -8 6.7253266068565870e+15
80 -8 3.0625228769125112e+16
82 -8 1.2219667594770048e+17
84 -8 4.3607872342229747e+17
86 -8 1.4190790515368545e+18
88 -8 4.2150849726825380e+18
90 -8 1.1566885729224655e+19
92 -8 2.9461481912944030e+19
94 -8 6.9996135494808093e+19
96 -8 1.5538797573523027e+20
98 -8 3.2289216770618838e+20
100 -8 6.2973589372168621e+20
102 -8 1.1523454523291823e+21
104 -8 1.9850549004728250e+21
106 -8 3.2109871823807599e+21
108 -8 4.8965648710690920e+21
110 -8 7.0196434567515949e+21
112 -8 9.4641218350457920e+21
114 -8 1.1982368408395521e+22
116 -8 1.4250508426557354e+22
118 -8 1.5878883028524843e+22
120 -8 1.6598873431589521e+22
122 -8 1.6205937448227741e+22
124 -8 1.4724006688250615e+22
126 -8 1.2445529159068193e+22
128 -8 9.7287966470010023e+21
130 -8 7.0054951952904733e+21
132 -8 4.6203410995868058e+21
134 -8 2.7723987058743742e+21
136 -8 1.4942490268742593e+21
138 -8 7.1572182815480191e+20
140 -8 2.9880470381761672e+20
142 -8 1.0578084619624091e+20
144 -8 3.0318181336898150e+19
146 -8 6.4457925438397952e+18
148 -8 8.4178801041415360e+17
60 -7 1.6601771579559516e+07
62 -7 4.5773839797319832e+09
64 -7 2.1343352407277533e+11
66 -7 4.0796184756297437e+12
68 -7 4.6936066071162242e+13
70 -7 3.8410136227295681e+14
72 -7 2.4731847171024590e+15
74 -7 1.3288746702291700e+16
76 -7 6.1829417471410016e+16
78 -7 2.5452658008715949e+17
80 -7 9.4779573978671002e+17
82 -7 3.2130671436220554e+18
84 -7 1.0048631064831873e+19
86 -7 2.9046140043125273e+19
88 -7 7.8163324636439183e+19
90 -7 1.9681833370412601e+20
92 -7 4.6312271707694177e+20
94 -7 1.0261254915865777e+21
96 -7 2.1303377866816485e+21
98 -7 4.1679915890333146e+21
100 -7 7.6780877689864480e+21
102 -7 1.3341263072698529e+22
104 -7 2.1787337276524539e+22
106 -7 3.3611432449462812e+22
108 -7 4.8839757891604354e+22
110 -7 6.6799005718126086e+22
112 -7 8.6074037191490943e+22
114 -7 1.0420276777014348e+23
116 -7 1.1863365923856356e+23
118 -7 1.2665366159305782e+23
120 -7 1.2652794422320984e+23
122 -7 1.1815446929584660e+23
124 -7 1.0277720377909545e+23
126 -7 8.3059164392565529e+22
128 -7 6.2037860589132812e+22
130 -7 4.2706595847179197e+22
132 -7 2.6864325043887515e+22
134 -7 1.5347956891431559e+22
136 -7 7.8747265534199197e+21
138 -7 3.5858250046350725e+21
140 -7 1.4181622991433035e+21
142 -7 4.7306571253339324e+20
144 -7 1.2749953412577909e+20
146 -7 2.5331400456536666e+19
148 -7 3.0147867246317742e+18
56 -6 6.4641118180168703e+07
58 -6 1.0843813512634142e+10
60 -6 4.0205266170533636e+11
62 -6 6.8960922486307402e+12
64 -6 7.4757814223774547e+13
66 -6 6.0138273327994788e+14
68 -6 3.8779027696177080e+15
70 -6 2.1143765357466480e+16
72 -6 1.0118990909482704e+17
74 -6 4.3175212765460499e+17
76 -6 1.6747720135227494e+18
78 -6 5.9575921827202406e+18
80 -6 1.9599776605996798e+19
82 -6 5.9803283364991140e+19
84 -6 1.7104668679631897e+20
86 -6 4.5742233252151991e+20
88 -6 1.1472968867461271e+21
90 -6 2.7041835649685353e+21
92 -6 6.0229087818830336e+21
94 -6 1.2600902441108677e+22
96 -6 2.4871932561149106e+22
98 -6 4.6361799100224391e+22
100 -6 8.1597396271410998e+22
102 -6 1.3566951547008929e+23
104 -6 2.1234371397632941e+23
106 -6 3.1432627540138532e+23
108 -6 4.3766042472232945e+23
110 -6 5.7489389107359538e+23
112 -6 7.1186410366045920e+23
114 -6 8.2862059255865367e+23
116 -6 9.0603400919197147e+23
118 -6 9.2885002521417342e+23
120 -6 8.9195655573187782e+23
122 -6 7.9880034640357319e+23
124 -6 6.6732240022370329e+23
126 -6 5.1736194138220017e+23
128 -6 3.7008142253725966e+23
130 -6 2.4375781010619755e+23
132 -6 1.4645184278375543e+23
134 -6 7.9848343369269668e+22
136 -6 3.9087900709453683e+22
138 -6 1.6903346983080848e+22
140 -6 6.3435285979981907e+21
142 -6 2.0014281984380885e+21
144 -6 5.0742816729873311e+20
146 -6 9.4147173527688053e+19
148 -6 1.0272561537629401e+19
52 -5 1.6744149752919456e+08
54 -5 1.8438467021559776e+10
56 -5 5.6868061616897522e+11
58 -5 8.8736988411318086e+12
60 -5 9.2156560857174234e+13
62 -5 7.2946757334999425e+14
64 -5 4.7351107380816590e+15
66 -5 2.6288729523979356e+16
68 -5 1.2961926136878323e+17
70 -5 5.7593339812819507e+17
72 -5 2.3378369522397169e+18
74 -5 8.7526242490216417e+18
76 -5 3.0485923420150931e+19
78 -5 9.8909285851481784e+19
80 -5 3.0001174590518546e+20
82 -5 8.5637879405947139e+20
84 -5 2.3006563962254039e+21
86 -5 5.8062954557570223e+21
88 -5 1.3854517656561532e+22
90 -5 3.1204629786926533e+22
92 -5 6.6303370104103800e+22
94 -5 1.3301224295954166e+23
96 -5 2.5249279429179019e+23
98 -5 4.5259198623054313e+23
100 -5 7.6736473763074462e+23
102 -5 1.2281083319513468e+24
104 -5 1.8584339294017197e+24
106 -5 2.6471195842963823e+24
108 -5 3.5576941510154002e+24
110 -5 4.5106360725961147e+24
112 -5 5.3901400487797159e+24
114 -5 6.0530862266163071e+24
116 -5 6.3814510794771243e+24
118 -5 6.3008116225846490e+24
120 -5 5.8263581773974618e+24
122 -5 5.0196914996052085e+24
124 -5 4.0279944103832712e+24
126 -5 3.0001716636458087e+24
128 -5 2.0636404293564505e+24
130 -5 1.3027706874475904e+24
132 -5 7.5042816986052108e+23
134 -5 3.9088404091354082e+23
136 -5 1.8248682597355632e+23
138 -5 7.5193961619725144e+22
140 -5 2.6782562820655453e+22
142 -5 7.9982483306846618e+21
144 -5 1.9089367790064988e+21
146 -5 3.3171604764896290e+20
148 -5 3.3371498302647296e+19
46 -4 1.6990852462285996e+05
48 -4 2.8272483958284914e+08
50 -4 2.2222508304365326e+10
52 -4 5.8482750366098694e+11
54 -4 8.4731296172277988e+12
56 -4 8.5188325571301594e+13
58 -4 6.6786913421278788e+14
60 -4 4.3691583672790620e+15
62 -4 2.4809911182321364e+16
64 -4 1.2664976460841875e+17
66 -4 5.8766957615648384e+17
68 -4 2.5108333920260536e+18
70 -4 9.9200650165295186e+18
72 -4 3.6652029013318394e+19
74 -4 1.2669302142218825e+20
76 -4 4.1102165329159854e+20
78 -4 1.2587638935852920e+21
80 -4 3.6248019628029441e+21
82 -4 9.8705264597829021e+21
84 -4 2.5355439654758110e+22
86 -4 6.1535871618424968e+22
88 -4 1.4152882957826149e+23
90 -4 3.0726485762298397e+23
92 -4 6.3137345827086741e+23
94 -4 1.2257729417247966e+24
96 -4 2.2554502211279761e+24
98 -4 3.9194708313868283e+24
100 -4 6.4268608296610453e+24
102 -4 9.9824579801346162e+24
104 -4 1.4613854730443257e+25
106 -4 2.0226523408425053e+25
108 -4 2.6384191484430958e+25
110 -4 3.2394835148186934e+25
112 -4 3.7414257445835303e+25
114 -4 4.0658846741408531e+25
116 -4 4.1437560394843886e+25
118 -4 3.9565368658489575e+25
120 -4 3.5298468531555370e+25
122 -4 2.9381527036235045e+25
124 -4 2.2715417350169425e+25
126 -4 1.6274081597561397e+25
128 -4 1.0741882899981170e+25
130 -4 6.5111198753809307e+24
132 -4 3.5956927346292960e+24
134 -4 1.7963088755581267e+24
136 -4 8.0076847662725982e+23
138 -4 3.1462461600454271e+23
140 -4 1.0654810297740099e+23
142 -4 3.0165346237005255e+22
144 -4 6.8021500446986952e+21
146 -4 1.1067189306838167e+21
148 -4 1.0276273677255023e+20
42 -3 5.1106971820960415e+05
44 -3 3.1140626819673133e+08
46 -3 1.8623869739007950e+10
48 -3 4.2793086453407629e+11
50 -3 5.7861367523781152e+12
52 -3 5.6549202578196477e+13
54 -3 4.4166113823765600e+14
56 -3 2.9247562052081245e+15
58 -3 1.7113510827078012e+16
60 -3 9.0615776044820160e+16
62 -3 4.4156229139551699e+17
64 -3 1.9884166164097521e+18
66 -3 8.3569571624057364e+18
68 -3 3.2889191689631621e+19
70 -3 1.2202492374492578e+20
72 -3 4.2571534466094367e+20
74 -3 1.4018014767152945e+21
76 -3 4.3586177926104172e+21
78 -3 1.2818272612660629e+22
80 -3 3.5683399221554142e+22
82 -3 9.4004761747896624e+22
84 -3 2.3490764503787850e+23
86 -3 5.5390758719733378e+23
88 -3 1.2402686497633663e+24
90 -3 2.6229856068672155e+24
92 -3 5.2620535352089878e+24
94 -3 9.9456865298568245e+24
96 -3 1.7847414237219797e+25
98 -3 3.0207352107629930e+25
100 -3 4.8384132548043812e+25
102 -3 7.3096797264380180e+25
104 -3 1.0432785919965937e+26
106 -3 1.4039903643654081e+26
108 -3 1.7787277379590374e+26
110 -3 2.1254035117625650e+26
112 -3 2.3851874693060801e+26
114 -3 2.5119735559222334e+26
116 -3 2.4824384985650992e+26
118 -3 2.2960815647066566e+26
120 -3 1.9810674295367605e+26
122 -3 1.5935769897538341e+26
124 -3 1.1905980470660294e+26
126 -3 8.2084963557451101e+25
128 -3 5.2260832744637477e+25
130 -3 3.0490571112796049e+25
132 -3 1.6149275924629845e+25
134 -3 7.7242055815606639e+24
136 -3 3.2976168324423415e+24
138 -3 1.2359878138866948e+24
140 -3 3.9901102907743002e+23
142 -3 1.0730936840613355e+23
144 -3 2.2839762344749562e+22
146 -3 3.4950390944423435e+21
148 -3 3.0030195218624820e+20
38 -2 7.3272400425709307e+05
40 -2 2.1914251689262775e+08
42 -2 1.0370353615337090e+10
44 -2 2.1269418799034692e+11
46 -2 2.7090714882106084e+12
48 -2 2.5695504370835438e+13
50 -2 2.0060611458171903e+14
52 -2 1.3491213160003292e+15
54 -2 8.1830244072283430e+15
56 -2 4.5269995941254608e+16
58 -2 2.3182617493125562e+17
60 -2 1.1092320388421005e+18
62 -2 4.9925267090825421e+18
64 -2 2.1081693824686113e+19
66 -2 8.4151746818234040e+19
68 -2 3.1705763458977694e+20
70 -2 1.1308309669498799e+21
72 -2 3.8261028122269277e+21
74 -2 1.2240229489924108e+22
76 -2 3.7139356278353509e+22
78 -2 1.0687732992803120e+23
80 -2 2.9150034344723261e+23
82 -2 7.5323227084421702e+23
84 -2 1.8435652342414082e+24
86 -2 4.2774164023578860e+24
88 -2 9.3805732521560459e+24
90 -2 1.9534234768088718e+25
92 -2 3.8366595062462967e+25
94 -2 7.1404728417324874e+25
96 -2 1.2550586001538358e+26
98 -2 2.0844540130939515e+26
100 -2 3.2683547313083144e+26
102 -2 4.8363161513067879e+26
104 -2 6.7441343095824996e+26
106 -2 8.8625459904110870e+26
108 -2 1.0962105119166480e+27
110 -2 1.2757206740618819e+27
112 -2 1.3930886301590521e+27
114 -2 1.4291534407654363e+27
116 -2 1.3714764311043824e+27
118 -2 1.2308723472092986e+27
120 -2 1.0301830254464811e+27
122 -2 8.0169458035421775e+26
124 -2 5.7899290840973537e+26
126 -2 3.8629033759967989e+26
128 -2 2.3713895814079447e+26
130 -2 1.3313586104124631e+26
132 -2 6.7863260620847433e+25
134 -2 3.1149346175062990e+25
136 -2 1.2747979828469789e+25
138 -2 4.5707169843746855e+24
140 -2 1.4043034317702809e+24
142 -2 3.5919258824099804e+23
144 -2 7.2382134177453677e+22
146 -2 1.0422894497208103e+22
148 -2 8.3292595498582317e+20
34 -1 5.1561376625323499e+05
36 -1 9.4156716615502164e+07
38 -1 3.6228812783125553e+09
40 -1 6.6998275532763176e+10
42 -1 8.0743252477914465e+11
44 -1 7.4757958130573125e+12
46 -1 5.8136851161081180e+13
48 -1 4.0183703202897656e+14
50 -1 2.5320151433510525e+15
52 -1 1.4764649883016332e+16
54 -1 8.0475703257469248e+16
56 -1 4.1284061754407251e+17
58 -1 1.9924629200733642e+18
60 -1 9.0891796861047798e+18
62 -1 3.9369726156245959e+19
64 -1 1.6137425151011766e+20
66 -1 6.2890908751570665e+20
68 -1 2.3250628784957830e+21
70 -1 8.1602021325434478e+21
72 -1 2.7206416110377410e+22
74 -1 8.6085389880064676e+22
76 -1 2.5858436204871526e+23
78 -1 7.3671394997034348e+23
80 -1 1.9930552582155743e+24
82 -1 5.0993539333149432e+24
84 -1 1.2376831232345057e+25
86 -1 2.8400170038605500e+25
88 -1 6.1754782978530523e+25
90 -1 1.2703562673953078e+26
92 -1 2.4686668760801996e+26
94 -1 4.5336219076387938e+26
96 -1 7.8580532387806897e+26
98 -1 1.2835539002116373e+27
100 -1 1.9803210608618864e+27
102 -1 2.8784592936415894e+27
104 -1 3.9417925855630672e+27
106 -1 5.0784145310401242e+27
108 -1 6.1447199798940581e+27
110 -1 6.9940235127052266e+27
112 -1 7.4607581114384760e+27
114 -1 7.4641113213649450e+27
116 -1 6.9731751621428369e+27
118 -1 6.0862136844811431e+27
120 -1 4.9483581842376454e+27
122 -1 3.7356770097499559e+27
124 -1 2.6147025255254655e+27
126 -1 1.6877834137949626e+27
128 -1 9.9953113808001412e+26
130 -1 5.4117405500691639e+26
132 -1 2.6615878337947501e+26
134 -1 1.1740386441432061e+26
136 -1 4.6082016399218891e+25
138 -1 1.5823180184288496e+25
140 -1 4.6450445830628737e+24
142 -1 1.1313790175210096e+24
144 -1 2.1618199762392108e+23
146 -1 2.9329441634350818e+22
148 -1 2.1857460870349392e+21
30 0 1.8154857632283651e+05
32 0 2.1920261385089643e+07
34 0 7.0652158444133782e+08
36 0 1.1805778916333059e+10
38 0 1.3466841110336559e+11
40 0 1.2251552905959600e+12
42 0 9.6264604829546133e+12
44 0 6.8963489352346312e+13
46 0 4.6087958820288369e+14
48 0 2.8769324401550220e+15
50 0 1.6937337147882014e+16
52 0 9.4154617494560208e+16
54 0 4.9510979898058739e+17
56 0 2.4666573255054336e+18
58 0 1.1689375157780767e+19
60 0 5.2678012345817637e+19
62 0 2.2534890465355311e+20
64 0 9.2029662440967740e+20
66 0 3.5730885152150829e+21
68 0 1.3197423074885753e+22
70 0 4.6249268993250382e+22
72 0 1.5466780224552433e+23
74 0 4.9014968443694592e+23
76 0 1.4754030013220850e+24
78 0 4.2135675035830837e+24
80 0 1.1379631193394698e+25
82 0 2.9199004028630763e+25
84 0 7.0825152857793901e+25
86 0 1.6233971450875458e+26
88 0 3.5169800388726666e+26
90 0 7.2005797109670968e+26
92 0 1.3907777238326080e+27
94 0 2.5353350322089116e+27
96 0 4.3529069988412189e+27
98 0 7.0472771162815434e+27
100 0 1.0739699842705730e+28
102 0 1.5394115332232522e+28
104 0 2.0757395003328596e+28
106 0 2.6310489928619852e+28
108 0 3.1299144819203642e+28
110 0 3.4905027543231712e+28
112 0 3.6483894147035370e+28
114 0 3.5677373376812643e+28
116 0 3.2541287964010618e+28
118 0 2.7662115881235475e+28
120 0 2.1902157035174208e+28
122 0 1.6063501001979474e+28
124 0 1.0909896331586346e+28
126 0 6.8245147593358104e+27
128 0 3.9163284448294528e+27
130 0 2.0462815194355143e+27
132 0 9.7061211647062924e+26
134 0 4.1260160105759835e+26
136 0 1.5547567926792024e+26
138 0 5.1170752314004721e+25
140 0 1.4365760028782394e+25
142 0 3.3366585646614342e+24
144 0 6.0591081838012998e+23
146 0 7.7811884418303921e+22
148 0 5.4128540424305262e+21
26 1 2.4419339319160521e+04
28 1 2.1013118290379522e+06
30 1 5.7559986994826697e+07
32 1 8.7565420547758174e+08
34 1 9.4966166406042957e+09
36 1 8.5349345619483444e+10
38 1 7.0383993360557861e+11
40 1 5.5428043979875752e+12
42 1 4.1147023830530531e+13
44 1 2.8699494870427400e+14
46 1 1.8768421540898060e+15
48 1 1.1577707066874334e+16
50 1 6.7870766481835616e+16
52 1 3.7667297495835347e+17
54 1 1.9866955608325066e+18
56 1 9.9907688774461747e+18
58 1 4.7751550173056868e+19
60 1 2.1756637752567326e+20
62 1 9.4512814311222464e+20
64 1 3.9161734300045919e+21
66 1 1.5436984339010672e+22
68 1 5.7872640601571474e+22
70 1 2.0642958494995956e+23
72 1 6.9878262739751550e+23
74 1 2.2483762959196136e+24
76 1 6.8584919307962630e+24
78 1 1.9827692604312612e+25
80 1 5.4275350469051828e+25
82 1 1.4043099227615677e+26
84 1 3.4335114305346021e+26
86 1 7.9223519460811204e+26
88 1 1.7240351634678406e+27
90 1 3.5316653540649195e+27
92 1 6.8286952245367482e+27
94 1 1.2426272915383883e+28
96 1 2.1277160981045942e+28
98 1 3.4264150645766564e+28
100 1 5.1772738324878879e+28
102 1 7.3629816297477080e+28
104 1 9.8223457925865879e+28
106 1 1.2286662170121890e+29
108 1 1.4408661206507959e+29
110 1 1.5793952804774703e+29
112 1 1.6201341454449193e+29
114 1 1.5519646202431751e+29
116 1 1.3864759742245403e+29
118 1 1.1514643533773056e+29
120 1 8.8886879948435777e+28
122 1 6.3558743309330719e+28
124 1 4.1973793943023047e+28
126 1 2.5507473098984824e+28
128 1 1.4186900387859927e+28
130 1 7.1836587406758440e+27
132 1 3.2843211409990815e+27
134 1 1.3466908019256691e+27
136 1 4.8887187270073578e+26
138 1 1.5453873109982562e+26
140 1 4.1596370438459265e+25
142 1 9.2263773372529741e+24
144 1 1.5937911221242070e+24
146 1 1.9354901825063258e+23
148 1 1.2642910495537917e+22
28 2 4.1512397022148161e+03
30 2 4.6013991169530321e+06
32 2 2.9757060971947014e+08
34 2 7.3488815547690277e+09
36 2 1.0716144984938785e+11
38 2 1.1537243351194082e+12
40 2 1.0313299717148996e+13
42 2 8.2268185754027219e+13
44 2 6.0457156875166462e+14
46 2 4.1737149284196660e+15
48 2 2.6980795580741572e+16
50 2 1.6527240033963446e+17
52 2 9.5384080465890125e+17
54 2 5.2356235383857193e+18
56 2 2.7298171181281055e+19
58 2 1.3540076631416152e+20
60 2 6.3893447681173488e+20
62 2 2.8737664160510257e+21
64 2 1.2297261471321719e+22
66 2 5.0100080611384898e+22
68 2 1.9368258161619148e+23
70 2 7.1222423775654882e+23
72 2 2.4816985711154579e+24
74 2 8.2058329869040392e+24
76 2 2.5648615275105723e+25
78 2 7.5912271655116965e+25
80 2 2.1243442987336244e+26
82 2 5.6056874800143767e+26
84 2 1.3930849064140483e+27
86 2 3.2620582201846254e+27
88 2 7.1877134794676822e+27
90 2 1.4895053483309144e+28
92 2 2.8999165086927558e+28
94 2 5.3014276976374001e+28
96 2 9.0981698776230161e+28
98 2 1.4638398509180499e+29
100 2 2.2104607810407334e+29
102 2 3.1249171469312421e+29
104 2 4.1388966649348753e+29
106 2 5.1285510170111913e+29
108 2 5.9476373770909286e+29
110 2 6.4400258204204708e+29
112 2 6.5067703351680524e+29
114 2 6.1305554677563069e+29
116 2 5.3709689308775953e+29
118 2 4.3720029001155051e+29
120 2 3.2991991619680034e+29
122 2 2.3051824155469078e+29
124 2 1.4825480193032580e+29
126 2 8.7684908289388020e+28
128 2 4.7359223218469737e+28
130 2 2.3263654602668917e+28
132 2 1.0300670857739087e+28
134 2 4.0816379286857486e+27
136 2 1.4274500539888083e+27
138 2 4.3414196841446046e+26
140 2 1.1216044575613319e+26
142 2 2.3788048680832284e+25
144 2 3.9220915732581877e+24
146 2 4.5182473242445650e+23
148 2 2.7781971636297109e+22
32 3 9.8304711954035994e+05
34 3 3.8320451607933700e+08
36 3 1.9874565321384979e+10
38 3 4.4520535107862988e+11
40 3 6.2779387784804512e+12
42 3 6.7123743807111297e+13
44 3 6.0202383704214400e+14
46 3 4.7700064555767240e+15
48 3 3.4589826155561452e+16
50 3 2.3278752034910880e+17
52 3 1.4668272919617370e+18
54 3 8.6924698636896891e+18
56 3 4.8646033162528866e+19
58 3 2.5745583586819847e+20
60 3 1.2934787751734888e+21
62 3 6.1560829028712160e+21
64 3 2.7807579040097021e+22
66 3 1.1912014104303103e+23
68 3 4.8318586535215850e+23
70 3 1.8581425205227434e+24
72 3 6.7577147397258683e+24
74 3 2.3277655816949128e+25
76 3 7.5721777678060045e+25
78 3 2.3219830062878591e+26
80 3 6.7053268240169684e+26
82 3 1.8228319530200630e+27
84 3 4.6621613844375415e+27
86 3 1.1186232145636824e+28
88 3 2.5149235865775791e+28
90 3 5.3101427922299425e+28
92 3 1.0495201737697522e+29
94 3 1.9413363152007904e+29
96 3 3.3621517653811531e+29
98 3 5.4469886239079637e+29
100 3 8.2510125180234175e+29
102 3 1.1682382699066871e+30
104 3 1.5432422988702294e+30
106 3 1.9040922307159022e+30
108 3 2.1922849925286895e+30
110 3 2.3513425908120595e+30
112 3 2.3501008389193772e+30
114 3 2.1844015317889450e+30
116 3 1.8834491152560598e+30
118 3 1.5073074278992586e+30
120 3 1.1167308416125121e+30
122 3 7.6287071554515694e+29
124 3 4.7957167281342245e+29
126 3 2.7624114695608070e+29
128 3 1.4535741141335178e+29
130 3 6.9314992672869993e+28
132 3 2.9790485271872563e+28
134 3 1.1421012586064271e+28
136 3 3.8611562810480715e+27
138 3 1.1325501596567328e+27
140 3 2.8144370284841872e+26
142 3 5.7224844185016576e+25
144 3 9.0114863128197951e+24
146 3 9.8553174283796393e+23
148 3 5.7320359970589142e+22
36 4 8.9404403511838630e+07
38 4 1.9264553499756603e+10
40 4 8.2595324839166357e+11
42 4 1.7055265494992055e+13
44 4 2.3352953600263688e+14
46 4 2.4812352365621795e+15
48 4 2.2229554590796052e+16
50 4 1.7655677843936714e+17
52 4 1.2783171933230789e+18
54 4 8.5703304391484365e+18
56 4 5.3361186198747931e+19
58 4 3.1188836072654622e+20
60 4 1.7128975149501071e+21
62 4 8.8685975614628320e+21
64 4 4.3283616918028589e+22
66 4 1.9939953952844954e+23
68 4 8.6668035158235436e+23
70 4 3.5556591355632739e+24
72 4 1.3737129243425108e+25
74 4 5.0051465658715218e+25
76 4 1.7136283973808971e+26
78 4 5.5244862288775060e+26
80 4 1.6722022406667287e+27
82 4 4.7413874134292315e+27
84 4 1.2584319229520303e+28
86 4 3.1311417159427027e+28
88 4 7.2722974049330198e+28
90 4 1.5771661794909553e+29
92 4 3.1951177079539719e+29
94 4 6.0395490284587537e+29
96 4 1.0634613550237972e+30
98 4 1.7457663389205451e+30
100 4 2.6707175680656892e+30
102 4 3.8081525174170786e+30
104 4 5.0509761618883842e+30
106 4 6.2362499293637443e+30
108 4 7.1614595590779069e+30
110 4 7.6444145090398493e+30
112 4 7.5808968960758028e+30
114 4 6.9762398705246591e+30
116 4 5.9473180662570755e+30
118 4 4.6872505177506521e+30
120 4 3.4170812631528899e+30
122 4 2.2920297166592909e+30
124 4 1.4114675390729345e+30
126 4 7.9571628462642167e+29
128 4 4.0815405194331736e+29
130 4 1.8976993644358926e+29
132 4 7.9272881576399332e+28
134 4 2.9520576056369346e+28
136 4 9.6538706625166580e+27
138 4 2.7343046711857112e+27
140 4 6.5447971839430090e+26
142 4 1.2790434265407508e+26
144 4 1.9273762059033906e+25
146 4 2.0108482455896037e+24
148 4 1.1079967126347802e+23
40 5 4.7863808312926407e+09
42 5 6.6026363968875916e+11
44 5 2.4105428892381594e+13
46 5 4.6241366369811262e+14
48 5 6.1890384946552570e+15
50 5 6.5217024846739072e+16
52 5 5.8645679755068749e+17
54 5 4.6783271764924088e+18
56 5 3.3938043849093214e+19
58 5 2.2658309824920476e+20
60 5 1.4062312899757028e+21
62 5 8.1602925789533826e+21
64 5 4.4239521086003393e+22
66 5 2.2478870024172910e+23
68 5 1.0712930246396628e+24
70 5 4.7885370742924828e+24
72 5 2.0050019976594618e+25
74 5 7.8623036979113475e+25
76 5 2.8912121842732393e+26
78 5 9.9526980144031399e+26
80 5 3.1966307665516160e+27
82 5 9.5996676742938569e+27
84 5 2.6865837912492224e+28
86 5 7.0084179272409477e+28
88 5 1.7016771585609772e+29
90 5 3.8404526195441155e+29
92 5 8.0499023675149134e+29
94 5 1.5670734295700869e+30
96 5 2.8359409515537786e+30
98 5 4.7608984471879550e+30
100 5 7.4116733942889626e+30
102 5 1.0712241370695139e+31
104 5 1.4357884978218097e+31
106 5 1.7849465656355409e+31
108 5 2.0570172978550589e+31
110 5 2.1961475936819055e+31
112 5 2.1723262457971895e+31
114 5 1.9870847330742706e+31
116 5 1.6814929486677793e+31
118 5 1.3124098794059378e+31
120 5 9.4301904852744555e+30
122 5 6.2328855745670708e+30
124 5 3.7703674760822218e+30
126 5 2.0848274599778808e+30
128 5 1.0463540036930110e+30
130 5 4.7513888753432972e+29
132 5 1.9333045340954174e+29
134 5 6.9932430896145381e+28
136 5 2.2212118282627833e+28
138 5 6.0839594361408060e+27
140 5 1.4089460761651238e+27
142 5 2.6490359459951601e+26
144 5 3.8340451793672021e+25
146 5 3.8214119468510070e+24
148 5 1.9990629182437623e+23
44 6 1.7012009797482266e+11
46 6 1.6638558176402867e+13
48 6 5.2506749974256175e+14
50 6 9.5358853680254840e+15
52 6 1.2434271910006664e+17
54 6 1.3045852120542669e+18
56 6 1.1717132389223791e+19
58 6 9.3831558515565969e+19
60 6 6.8222003044635391e+20
62 6 4.5694838974407036e+21
64 6 2.8290682805467381e+22
66 6 1.6269651776027585e+23
68 6 8.7034383859616393e+23
70 6 4.3341943916717780e+24
72 6 2.0164203284687385e+25
74 6 8.7050084350013094e+25
76 6 3.4988862797542740e+26
78 6 1.3094526338196275e+27
80 6 4.5577331756719629e+27
82 6 1.4716348410798460e+28
84 6 4.4152135451622788e+28
86 6 1.2254087407328851e+29
88 6 3.1523581123583098e+29
90 6 7.4929256604021739e+29
92 6 1.6480649059023795e+30
94 6 3.3484529191322500e+30
96 6 6.2813786950007871e+30
98 6 1.0884436043847748e+31
100 6 1.7416224793714293e+31
102 6 2.5745406891454203e+31
104 6 3.5103775321093166e+31
106 6 4.4245168159244753e+31
108 6 5.1500945978334013e+31
110 6 5.5324961683470508e+31
112 6 5.4850706969752234e+31
114 6 5.0168693769231265e+31
116 6 4.2264822646685725e+31
118 6 3.2792749643940872e+31
120 6 2.3353449578672387e+31
122 6 1.5247213221887623e+31
124 6 9.0982000236562408e+30
126 6 4.9463881739252019e+30
128 6 2.4392445840510040e+30
130 6 1.0830732303144333e+30
132 6 4.3062260569927490e+29
134 6 1.5198256532130947e+29
136 6 4.6899381015945644e+28
138 6 1.2466514001691684e+28
140 6 2.7918692771574641e+27
142 6 5.0746094718949685e+26
144 6 7.0586773924460692e+25
146 6 6.7342969815287468e+24
148 6 3.3629556516111267e+23
48 7 4.5262728197284033e+12
50 7 3.1948534708377656e+14
52 7 9.0005025096171750e+15
54 7 1.5512459953619942e+17
56 7 1.9784913651696855e+18
58 7 2.0559636716721594e+19
60 7 1.8509292712207712e+20
62 7 1.4858624404277942e+21
64 7 1.0816710973012119e+22
66 7 7.2307141215374394e+22
68 7 4.4597520082572979e+23
70 7 2.5375529923627983e+24
72 7 1.3374356922452004e+25
74 7 6.5183088377310379e+25
76 7 2.9331090652905378e+26
78 7 1.2193126773325449e+27
80 7 4.6861135763693130e+27
82 7 1.6592705903576165e+28
84 7 5.4230656385167071e+28
86 7 1.6320759197377728e+29
88 7 4.5191809261972079e+29
90 7 1.1494596351919261e+30
92 7 2.6884757895368096e+30
94 7 5.7707508473985155e+30
96 7 1.1369870732184001e+31
98 7 2.0582770932893584e+31
100 7 3.4183898877652029e+31
102 7 5.2156133111413678e+31
104 7 7.3112334124232598e+31
106 7 9.4143417725012129e+31
108 7 1.1144567340717982e+32
110 7 1.2127256322726294e+32
112 7 1.2128721230319045e+32
114 7 1.1148888878618310e+32
116 7 9.4021474662920412e+31
118 7 7.2780960631867031e+31
120 7 5.1569369733616857e+31
122 7 3.3421046305450908e+31
124 7 1.9732942800588800e+31
126 7 1.0588123559945558e+31
128 7 5.1376242756739506e+30
130 7 2.2415519528779728e+30
132 7 8.7331050682861140e+29
134 7 3.0104015142893126e+29
136 7 9.0636576151357908e+28
138 7 2.3446119720854484e+28
140 7 5.0891276951497659e+27
142 7 8.9528319874203817e+26
144 7 1.2006107676809287e+26
146 7 1.1007572818767594e+25
148 7 5.2554298684151602e+23
50 8 2.1523332377326987e+11
52 8 8.5964836990642047e+13
54 8 4.9037286665856050e+15
56 8 1.2396071940598366e+17
58 8 2.0425592190472579e+18
60 8 2.5450363933248483e+19
62 8 2.6346382035251701e+20
64 8 2.3689341623845897e+21
66 8 1.9032708881538492e+22
68 8 1.3870310956346472e+23
70 8 9.2310856285857838e+23
72 8 5.6420908068154217e+24
74 8 3.1709158505346791e+25
76 8 1.6362055521564491e+26
78 8 7.7288835645127842e+26
80 8 3.3519063803497657e+27
82 8 1.3325297365992833e+28
84 8 4.8450535765471272e+28
86 8 1.6082393134757813e+29
88 8 4.8781914046389909e+29
90 8 1.3511404532706195e+30
92 8 3.4173542238105732e+30
94 8 7.8784144686020785e+30
96 8 1.6543498903927623e+31
98 8 3.1649433472662183e+31
100 8 5.5292620099478676e+31
102 8 8.8024677250929519e+31
104 8 1.2800345899696016e+32
106 8 1.7000285129580502e+32
108 8 2.0651764076833595e+32
110 8 2.2920329642696073e+32
112 8 2.3266247630573175e+32
114 8 2.1629296638527777e+32
116 8 1.8382928881201275e+32
118 8 1.4269523761689458e+32
120 8 1.0112008663949761e+32
122 8 6.5273101940713989e+31
124 8 3.8290836526406061e+31
126 8 2.0334393355434760e+31
128 8 9.7489936041908811e+30
130 8 4.1914324706868659e+30
132 8 1.6047976872141116e+30
134 8 5.4208735940128879e+29
136 8 1.5963846209952843e+29
138 8 4.0266016204008695e+28
140 8 8.5035285577345894e+27
142 8 1.4494051055659646e+27
144 8 1.8787871109035403e+26
146 8 1.6630895956950936e+25
148 8 7.6164087308485492e+23
54 9 5.7231692424433633e+12
56 9 1.3186461115359205e+15
58 9 6.0290701510163672e+16
60 9 1.4120933996520415e+18
62 9 2.2188429729520144e+19
64 9 2.7247701229324409e+20
66 9 2.7961256699621854e+21
68 9 2.5060106349824952e+22
70 9 2.0108327689346260e+23
72 9 1.4597401546532513e+24
74 9 9.6654681066620286e+24
76 9 5.8408747031880379e+25
78 9 3.2101426824386840e+26
80 9 1.6089738526698856e+27
82 9 7.3317549773763658e+27
84 9 3.0323026761389780e+28
86 9 1.1369330764775045e+29
88 9 3.8659206124225991e+29
90 9 1.1889850456645673e+30
92 9 3.3088761944793085e+30
94 9 8.3291127564880452e+30
96 9 1.8942486399951940e+31
98 9 3.8988893057044815e+31
100 9 7.2477198028098241e+31
102 9 1.2213065959993932e+32
104 9 1.8632364062068023e+32
106 9 2.5805237167079150e+32
108 9 3.2430669706186301e+32
110 9 3.7054784459659038e+32
112 9 3.8526882762226609e+32
114 9 3.6433686598123624e+32
116 9 3.1372513019716050e+32
118 9 2.4567480160048480e+32
120 9 1.7491759514630178e+32
122 9 1.1301878215296669e+32
124 9 6.6161898619522159e+31
126 9 3.4957371392810091e+31
128 9 1.6600283656276031e+31
130 9 7.0620585158224010e+30
132 9 2.6649648756197316e+30
134 9 8.8510848399492632e+29
136 9 2.5538158294340151e+29
138 9 6.3025670207135573e+28
140 9 1.2983933813253530e+28
142 9 2.1497003095515596e+27
144 9 2.7063862167608050e+26
146 9 2.3115780950111244e+25
148 9 1.0174720902139280e+24
58 10 1.1889218251974950e+14
60 10 1.5711691565295504e+16
62 10 6.2172612337708429e+17
64 10 1.3369698033455905e+19
66 10 2.0306744753630380e+20
68 10 2.4417902368010745e+21
70 10 2.4896648894834048e+22
72 10 2.2220415184471270e+23
74 10 1.7779948482032949e+24
76 10 1.2850754931740596e+25
78 10 8.3994386061196326e+25
80 10 4.9732266883797348e+26
82 10 2.6585015300791721e+27
84 10 1.2839158397979225e+28
86 10 5.5657228882540619e+28
88 10 2.1680633693770624e+29
90 10 7.5779182763132902e+29
92 10 2.3720657486940987e+30
94 10 6.6560417833860656e+30
96 10 1.6715379701538428e+31
98 10 3.7609906861615185e+31
100 10 7.5779264004367583e+31
102 10 1.3701850554109111e+32
104 10 2.2251788751622648e+32
106 10 3.2495499028872608e+32
108 10 4.2749856123417624e+32
110 10 5.0737044662971865e+32
112 10 5.4458767174458152e+32
114 10 5.2868152199721732e+32
116 10 4.6465085770052551e+32
118 10 3.6938887569993703e+32
120 10 2.6573335065576285e+32
122 10 1.7283381363501546e+32
124 10 1.0139260100937315e+32
126 10 5.3497670230381262e+31
128 10 2.5292590905769705e+31
130 10 1.0660296378014771e+31
132 10 3.9799460080056352e+30
134 10 1.3032837218362501e+30
136 10 3.7020041541548975e+29
138 10 8.9597715179032912e+28
140 10 1.8046293915908499e+28
142 10 2.9159830649426108e+27
144 10 3.5644976000024591e+26
146 10 2.9495643102135894e+25
148 10 1.2525726422181633e+24
62 11 1.5948303931220165e+15
64 11 1.5766692461484835e+17
66 11 5.3246607424920893e+18
68 11 1.0744185839996723e+20
70 11 1.5746965318123072e+21
72 11 1.8670321082410197e+22
74 11 1.8816749669660809e+23
76 11 1.6755626160809442e+24
78 11 1.3323062596130102e+25
80 11 9.5083922147864631e+25
82 11 6.1058655471234252e+26
84 11 3.5150251185106925e+27
86 11 1.8096579995853428e+28
88 11 8.2943902507629607e+28
90 11 3.3757963523410890e+29
92 11 1.2193869914927130e+30
94 11 3.9051025344662908e+30
96 11 1.1072503693146835e+31
98 11 2.7819988259073555e+31
100 11 6.1913370019208962e+31
102 11 1.2234385407659868e+32
104 11 2.1471469833074982e+32
106 11 3.3541754268831104e+32
108 11 4.6777848387496660e+32
110 11 5.8356247564990475e+32
112 11 6.5289680052553795e+32
114 11 6.5569388645024854e+32
116 11 5.9226085220178912e+32
118 11 4.8180526579578098e+32
120 11 3.5244600990084687e+32
122 11 2.3177392862743215e+32
124 11 1.3697280890722395e+32
126 11 7.2539282942867120e+31
128 11 3.4286982813532372e+31
130 11 1.4388257110178305e+31
132 11 5.3313557114386916e+30
134 11 1.7287931969664031e+30
136 11 4.8436807890534238e+29
138 11 1.1529813817575566e+29
140 11 2.2769028596729417e+28
142 11 3.5968353998941379e+27
144 11 4.2888479459841373e+26
146 11 3.4425368775196892e+25
148 11 1.4139165171144628e+24
66 12 1.8339768163977184e+16
68 12 1.2895679347830175e+18
70 12 3.8714462192634397e+19
72 12 7.3426301602097883e+20
74 12 1.0476261864526706e+22
76 12 1.2195127430419115e+23
78 12 1.2248394446823697e+24
80 12 1.0793402774806305e+25
82 12 8.5022880604013023e+25
84 12 5.9770951430023636e+26
86 12 3.7303607391090373e+27
88 12 2.0651894467489674e+28
90 12 1.0077645539459706e+29
92 12 4.3166728527224378e+29
94 12 1.6209986632343292e+30
96 12 5.3263811467232443e+30
98 12 1.5325512732443090e+31
100 12 3.8551345188467096e+31
102 12 8.4956643333831022e+31
104 12 1.6416360781909748e+32
106 12 2.7935736643286183e+32
108 12 4.1914306932648290e+32
110 12 5.5637209925182127e+32
112 12 6.5664495045466212e+32
114 12 6.8955108438651288e+32
116 12 6.4635556036105635e+32
118 12 5.4157394814176398e+32
120 12 4.0566770820556265e+32
122 12 2.7159426265195753e+32
124 12 1.6266206025687414e+32
126 12 8.6764894008032695e+31
128 12 4.1172844061715916e+31
130 12 1.7290779134183222e+31
132 12 6.3830651057045353e+30
134 12 2.0560112437423805e+30
136 12 5.6971883810180665e+29
138 12 1.3371271730732628e+29
140 12 2.5988959084457065e+28
142 12 4.0267492825668121e+27
144 12 4.6914849951892504e+26
146 12 3.6741899278013393e+25
148 12 1.4594383036256462e+24
68 13 4.0099526439616769e+14
70 13 1.6262006864300438e+17
72 13 8.9169203398804500e+18
74 13 2.4060130731826728e+20
76 13 4.3533019931210531e+21
78 13 6.0030299009168345e+22
80 13 6.9239529592478416e+23
82 13 6.8782764173344569e+24
84 13 6.0227916392912803e+25
86 13 4.6624240248419698e+26
88 13 3.1907982985631094e+27
90 13 1.9170211961911494e+28
92 13 1.0034224067565256e+29
94 13 4.5565903700214581e+29
96 13 1.7891159751519126e+30
98 13 6.0628025933321252e+30
100 13 1.7719286333101445e+31
102 13 4.4714896576696161e+31
104 13 9.7464400153948143e+31
106 13 1.8424100576132484e+32
108 13 3.0292365969145768e+32
110 13 4.3514339158390005e+32
112 13 5.4870215686687966e+32
114 13 6.0971408765422855e+32
116 13 5.9895708519023412e+32
118 13 5.2140670602613320e+32
120 13 4.0292103681148136e+32
122 13 2.7655141068405225e+32
124 13 1.6870665790736706e+32
126 13 9.1233378766073848e+31
128 13 4.3668821069532675e+31
130 13 1.8423932062318094e+31
132 13 6.8063127122371972e+30
134 13 2.1840952996873912e+30
136 13 6.0108438746143220e+29
138 13 1.3972666721800624e+29
140 13 2.6788492378654984e+28
142 13 4.0809679900444561e+27
144 13 4.6549262387652436e+26
146 13 3.5621177659381582e+25
148 13 1.3773070965716494e+24
72 14 6.7268003340208710e+15
74 14 1.1441268195425966e+18
76 14 5.1975060905677046e+19
78 14 1.3045070127226196e+21
80 14 2.2208183301078396e+22
82 14 3.0201713299141004e+23
84 14 3.4232964493403288e+24
86 14 3.3707038145928393e+25
88 14 2.9067994894924738e+26
90 14 2.2002400666250265e+27
92 14 1.4473990354764767e+28
94 14 8.2086986348655745e+28
96 14 3.9788247375438714e+29
98 14 1.6450125821726034e+30
100 14 5.7779033828724587e+30
102 14 1.7218454382090317e+31
104 14 4.3567590625737641e+31
106 14 9.3895447385273886e+31
108 14 1.7315299567466451e+32
110 14 2.7443949650742710e+32
112 14 3.7618472306020472e+32
114 14 4.4818121001423925e+32
116 14 4.6704795239902753e+32
118 14 4.2688852448556463e+32
120 14 3.4341017456584291e+32
122 14 2.4362838124009956e+32
124 14 1.5237617092062562e+32
126 14 8.4056489922379123e+31
128 14 4.0775120682295377e+31
130 14 1.7364906330827758e+31
132 14 6.4460940083459908e+30
134 14 2.0662878614373054e+30
136 14 5.6705735999228920e+29
138 14 1.3096021048654186e+29
140 14 2.4836266064501392e+28
142 14 3.7331742452022441e+27
144 14 4.1807992290998203e+26
146 14 3.1305551391270125e+25
148 14 1.1811394473147223e+24
76 15 5.8324508423533464e+16
78 15 6.6222382557124700e+18
80 15 2.6885431278808364e+20
82 15 6.0108390570109205e+21
84 15 1.0022222653527202e+23
86 15 1.3259626964541192e+24
88 15 1.4907987980514523e+25
90 15 1.4461016036396419e+26
92 15 1.2222127952765646e+27
94 15 8.8949792954618076e+27
96 15 5.5172929505255447e+28
98 15 2.8858592331613712e+29
100 15 1.2652893031366289e+30
102 15 4.6257510027133850e+30
104 15 1.4098895846003326e+31
106 15 3.5844633352031891e+31
108 15 7.6236999740284814e+31
110 15 1.3667386820718382e+32
112 15 2.0797381782102531e+32
114 15 2.7056720997889035e+32
116 15 3.0339421092627901e+32
118 15 2.9478985111037304e+32
120 15 2.4940270786331993e+32
122 15 1.8433992004729462e+32
124 15 1.1913539420898539e+32
126 15 6.7467596224379221e+31
128 15 3.3394404419841837e+31
130 15 1.4414758788243851e+31
132 15 5.3962419997961624e+30
134 15 1.7400609460225721e+30
136 15 4.7703289286318663e+29
138 15 1.0976703390767674e+29
140 15 2.0655818927921510e+28
142 15 3.0681052592461567e+27
144 15 3.3897044156262941e+26
146 15 2.4900340448054725e+25
148 15 9.2000600672570318e+23
80 16 3.6733855063820749e+17
82 16 3.5276103042733748e+19
84 16 1.1459623617235508e+21
86 16 2.4830458288047714e+22
88 16 3.9491140497257608e+23
90 16 5.1728608343807044e+24
92 16 5.7204574100962399e+25
94 16 5.4573242814596646e+26
96 16 4.4444143646811084e+27
98 16 3.0478483212498730e+28
100 16 1.7373139853540313e+29
102 16 8.1521194138549506e+29
104 16 3.1231554778891583e+30
106 16 9.7703138239360191e+30
108 16 2.4923672406448484e+31
110 16 5.2265427099809656e+31
112 16 9.0762410647387426e+31
114 16 1.3188654800417499e+32
116 16 1.6219013587858313e+32
118 16 1.7006933442522479e+32
120 16 1.5308523020727814e+32
122 16 1.1916030977786182e+32
124 16 8.0305770184317248e+31
126 16 4.7014274602776954e+31
128 16 2.3895460824921612e+31
130 16 1.0509758009368284e+31
132 16 3.9912587874110534e+30
134 16 1.2981760140159882e+30
136 16 3.5757731026431404e+29
138 16 8.2258181528922839e+28
140 16 1.5396414639941787e+28
142 16 2.2698013809779458e+27
144 16 2.4733503154246884e+26
146 16 1.7896476475034438e+25
148 16 6.4840136338896945e+23
84 17 2.4983885404090455e+18
86 17 1.4354720994097496e+20
88 17 4.4420477837499973e+21
90 17 8.9419010262639799e+22
92 17 1.3952006564171948e+24
94 17 1.7833574482936921e+25
96 17 1.9513238704983400e+26
98 17 1.7976632648187653e+27
100 17 1.3859431129079540e+28
102 17 8.7036511011131645e+28
104 17 4.4100287994391144e+29
106 17 1.7815196349247410e+30
108 17 5.7384814001187552e+30
110 17 1.4709519037630225e+31
112 17 3.0281449696462883e+31
114 17 5.0709111312672892e+31
116 17 7.0026478017901635e+31
118 17 8.0810524421173004e+31
120 17 7.8685568449718849e+31
122 17 6.5275006610172555e+31
124 17 4.6322522062688264e+31
126 17 2.8293268438747428e+31
128 17 1.4867047635824345e+31
130 17 6.7126305718099056e+30
132 17 2.5966195750859385e+30
134 17 8.5634788017086519e+29
136 17 2.3788475176660082e+29
138 17 5.4808558662991059e+28
140 17 1.0252219422543855e+28
142 17 1.5029305516583730e+27
144 17 1.6236086041684005e+26
146 17 1.1601023963424259e+25
148 17 4.1293242307851694e+23
86 18 6.1915015489576248e+16
88 18 1.0359144459573346e+19
90 18 5.3800036092835201e+20
92 18 1.4911315371543769e+22
94 18 2.8863864634812257e+23
96 18 4.3607150474921711e+24
98 18 5.5557097348617018e+25
100 18 5.8657791623935866e+26
102 18 5.1527290985990035e+27
104 18 3.6169463265102837e+28
106 18 2.0023021891569914e+29
108 18 8.6121825658985514e+29
110 18 2.8679437203324777e+30
112 18 7.3839536916117500e+30
114 18 1.4861009046116479e+31
116 18 2.3843996574725115e+31
118 18 3.1055292590262964e+31
120 18 3.3383354700321129e+31
122 18 3.0001581969505331e+31
124 18 2.2736190413530576e+31
126 18 1.4629280326516114e+31
128 18 8.0101005156095833e+30
130 18 3.7369975134354793e+30
132 18 1.4833316729641416e+30
134 18 4.9792640515163489e+29
136 18 1.4002891264522150e+29
138 18 3.2532527126796781e+28
140 18 6.0912364632047277e+27
142 18 8.9061148223021503e+26
144 18 9.5737545787373591e+25
146 18 6.7681023645632468e+24
148 18 2.3735563444730374e+23
90 19 3.0541693928520134e+17
92 19 3.9339148381500023e+19
94 19 1.7499050442892758e+21
96 19 4.4836135399134889e+22
98 19 8.2592025262187884e+23
100 19 1.2512948692813801e+25
102 19 1.5285999004685286e+26
104 19 1.5571743292839069e+27
106 19 1.2411212124254168e+28
108 19 7.6387031556468464e+28
110 19 3.5267112560648145e+29
112 19 1.2202215428949731e+30
114 19 3.1479614808623500e+30
116 19 6.1660226491166590e+30
118 19 9.4180869349564569e+30
120 19 1.1490392084169033e+31
122 19 1.1417939856730135e+31
124 19 9.3833703465201620e+30
126 19 6.4460438775999454e+30
128 19 3.7181315952598132e+30
130 19 1.8076140923802051e+30
132 19 7.4112071912565457e+29
134 19 2.5462416980000045e+29
136 19 7.2863980590138906e+28
138 19 1.7118636318775001e+28
140 19 3.2259214344093361e+27
142 19 4.7249243137444728e+26
144 19 5.0503524966991672e+25
146 19 3.5379724570577310e+24
148 19 1.2263936795466108e+23
94 20 1.2906785525447524e+18
96 20 1.3378601590057810e+20
98 20 5.0272547185441091e+21
100 20 1.1754234475947112e+23
102 20 2.2065419325131513e+24
104 20 3.1658672187713293e+25
106 20 3.8055858855641881e+26
108 20 3.5027892589611270e+27
110 20 2.4347218090341705e+28
112 20 1.2227149950864936e+29
114 20 4.4319695351185825e+29
116 20 1.1434204196594677e+30
118 20 2.1638288201214593e+30
120 20 3.1214269116781876e+30
122 20 3.5320430674347262e+30
124 20 3.2165514267593786e+30
126 20 2.3970137083672382e+30
128 20 1.4752837371442656e+30
130 20 7.5507356877418885e+29
132 20 3.2225042391298947e+29
134 20 1.1417957757327264e+29
136 20 3.3442337602697576e+28
138 20 7.9720845701467245e+27
140 20 1.5186110736241355e+27
142 20 2.2328599364630395e+26
144 20 2.3844650550001317e+25
146 20 1.6630859935135729e+24
148 20 5.6968532222894246e+22
98 21 5.6626145378737992e+18
100 21 3.8286684449658647e+20
102 21 1.2254467400431101e+22
104 21 2.9865149516734673e+23
106 21 5.1215025119693493e+24
108 21 7.4419859308081927e+25
110 21 8.0832085267663064e+26
112 21 6.4713067835665117e+27
114 21 3.5833356024539819e+28
116 21 1.3723977968702951e+29
118 21 3.5289450405436229e+29
120 21 6.4106442259347879e+29
122 21 8.6322813700139490e+29
124 21 8.9832255609678066e+29
126 21 7.4279835417577949e+29
128 21 4.9593463386928401e+29
130 21 2.7073351196670878e+29
132 21 1.2133583657317821e+29
134 21 4.4750344908970884e+28
136 21 1.3485686330296526e+28
138 21 3.2838765037334892e+27
140 21 6.3416414320681567e+26
142 21 9.4016518796759814e+25
144 21 1.0074497405962537e+25
146 21 7.0026041374385244e+23
148 21 2.3777297840506537e+22
100 22 8.9800732267109344e+16
102 22 1.7734910235502785e+19
104 22 8.7881157311833650e+20
106 22 3.0511519235589320e+22
108 22 6.3782259393357142e+23
110 22 1.1536801982559141e+25
112 22 1.5073570131640419e+26
114 22 1.4232999584186099e+27
116 22 8.8802460886924783e+27
118 22 3.6275804110291082e+28
120 22 9.2631311055385938e+28
122 22 1.5946842146481506e+29
124 22 1.9879436100104235e+29
126 22 1.8796756161800447e+29
128 22 1.3917879999526630e+29
130 22 8.2415559575668757e+28
132 22 3.9313939720500689e+28
134 22 1.5227051929480026e+28
136 22 4.7609742284387054e+27
138 22 1.1926854427104787e+27
140 22 2.3467823467177755e+26
142 22 3.5185350900699294e+25
144 22 3.7976228740901342e+24
146 22 2.6385175394174957e+23
148 22 8.9204501879915649e+21
104 23 3.7121203737109453e+17
106 23 3.8667082467656524e+19
108 23 2.2736357508096889e+21
110 23 5.9631012646273734e+22
112 23 1.3909713450236814e+24
114 23 2.2429608660653512e+25
116 23 2.5802405650337935e+26
118 23 1.8464131498622438e+27
120 23 8.2012646088226456e+27
122 23 2.0560683657768582e+28
124 23 3.3197851902967244e+28
126 23 3.7762699187169667e+28
128 23 3.2068099943016644e+28
130 23 2.1050456928739990e+28
132 23 1.0880492176511848e+28
134 23 4.4755015205157479e+27
136 23 1.4657973818603225e+27
138 23 3.8032206918219213e+26
140 23 7.6868303979114942e+25
142 23 1.1718339967941919e+25
144 23 1.2769330918250499e+24
146 23 8.9063565132046365e+22
148 23 3.0031401774802645e+21
108 24 7.8759832032125606e+17
110 24 1.1705805487590816e+20
112 24 4.0363461443173278e+21
114 24 1.2826686522061842e+23
116 24 2.6124779040106532e+24
118 24 3.8036736351725354e+25
120 24 3.2052023986038579e+26
122 24 1.5767661584918639e+27
124 24 3.8520722922524582e+27
126 24 5.7419042596714118e+27
128 24 5.8878154685208575e+27
130 24 4.4252694127799182e+27
132 24 2.5339356423526953e+27
134 24 1.1262309503938728e+27
136 24 3.9152074831199820e+26
138 24 1.0619262292004157e+26
140 24 2.2153181571178251e+25
142 24 3.4635446771096431e+24
144 24 3.8270328503429298e+23
146 24 2.6903356425295110e+22
148 24 9.0767357937154117e+20
112 25 3.6852518004551762e+18
114 25 1.8664722528623837e+20
116 25 8.7705884654313029e+21
118 25 2.3513710394457174e+23
120 25 4.4857238996166336e+24
122 25 4.6082174937574103e+25
124 25 2.5874219831325222e+26
126 25 6.0419563222056812e+26
128 25 8.1918844314133461e+26
130 25 7.4542362610679208e+26
132 25 4.8811386354268374e+26
134 25 2.3972033530984817e+26
136 25 8.9866545062833553e+25
138 25 2.5819766712472042e+25
140 25 5.6176248107579035e+24
142 25 9.0473095453632968e+23
144 25 1.0197334491686252e+23
146 25 7.2490141570053209e+21
148 25 2.4605288537684050e+20
114 26 5.3099866129403144e+16
116 26 5.2803295513967063e+18
118 26 4.2882936876809663e+20
120 26 1.5648487386164712e+22
122 26 4.1737006760829211e+23
124 26 5.4266592126707087e+24
126 26 3.5972341273515753e+25
128 26 7.8758778929804882e+25
130 26 9.5312937349719027e+25
132 26 7.5505462782980052e+25
134 26 4.2443816254381884e+25
136 26 1.7525301840310940e+25
138 26 5.4073308546919953e+24
140 26 1.2426762723148037e+24
142 26 2.0779677234467634e+23
144 26 2.4049782246574580e+22
146 26 1.7423834880618172e+21
148 26 5.9397273007418696e+19
118 27 6.8571983406024608e+16
120 27 1.4099613852284991e+19
122 27 7.4284719894092920e+20
124 27 3.0011061359705766e+22
126 27 5.1764811707947889e+23
128 27 4.1989082767976514e+24
130 27 8.4322721028083184e+24
132 27 8.9305881737305541e+24
134 27 6.0565043514980393e+24
136 27 2.8517952902373386e+24
138 27 9.6676293274743702e+23
140 27 2.3797075168397238e+23
142 27 4.1853878723780639e+22
144 27 5.0220827936226175e+21
146 27 3.7129860889009468e+20
148 27 1.2858379106753335e+19
122 28 2.7463142781756304e+17
124 28 2.3505541050433348e+19
126 28 1.6078889601468628e+21
128 28 3.9127939374264397e+22
130 28 4.0900195685022927e+23
132 28 7.3355360453555901e+23
134 28 6.6323092452314660e+23
136 28 3.7629477230684672e+23
138 28 1.4469058798936716e+23
140 28 3.8934952082868193e+22
142 28 7.3135433991468100e+21
144 28 9.1758415520474255e+20
146 28 7.0035026456644149e+19
148 28 2.4798683345509755e+18
124 29 2.3597706278984025e+15
126 29 4.3319141449166963e+17
128 29 6.1415561081420145e+19
130 29 2.2793246622362331e+21
132 29 3.2674252340278201e+22
134 29 5.0593586892541075e+22
136 29 3.8211647618690864e+22
138 29 1.7571304879302075e+22
140 29 5.3643132316307706e+21
142 29 1.0963138795132233e+21
144 29 1.4635298811409760e+20
146 29 1.1607768092077097e+19
148 29 4.2003450528927187e+17
128 30 3.4304204223738685e+15
130 30 1.5394277819140616e+18
132 30 9.9556002473522332e+19
134 30 2.0831638750665329e+21
136 30 2.7066970908326940e+21
138 30 1.6519015517486894e+21
140 30 6.0038900268061190e+20
142 30 1.3809239626437729e+20
144 30 1.9975013864971387e+19
146 30 1.6768665772479964e+18
148 30 6.2850097700996568e+16
132 31 2.2373486284023364e+16
134 31 3.1008067935054249e+18
136 31 1.0324760462100675e+20
138 31 1.0862633444460546e+20
140 31 5.2116070651924685e+19
142 31 1.4184984339941853e+19
144 31 2.2848659918677366e+18
146 31 2.0615207452088723e+17
148 31 8.1132248610355250e+15
134 32 1.3541475459823009e+14
136 32 6.3530483974876960e+16
138 32 3.8327684729155036e+18
140 32 3.1457431894903844e+18
142 32 1.1207414007851950e+18
144 32 2.1219332264642560e+17
146 32 2.1239197728895036e+16
148 32 8.8772699478345125e+14
138 33 7.4670070798651975e+14
140 33 9.9303386946804560e+16
142 33 6.0861356664492432e+16
144 33 1.4975207741519566e+16
146 33 1.7442751227047190e+15
148 33 7.9567572527308531e+13
140 34 3.6790177669838540e+12
142 34 1.6458140213207928e+15
144 34 7.0388714230387300e+14
146 34 1.0492301351054197e+14
148 34 5.5586349493596396e+12
144 35 1.4732886605458504e+13
146 35 3.9445244913987866e+12
148 35 2.6424894764345761e+11
146 36 4.8242348349752464e+10
148 36 6.1938036118007889e+09
