248 -49 4.5717851332275053e+01
250 -49 6.2021225701755236e+02
252 -49 3.0637625141291392e+03
254 -49 7.8289755735964382e+03
256 -49 9.6497393283557594e+03
244 -48 2.5371149936809202e+03
246 -48 4.3727725806588758e+04
248 -48 2.9560223396157788e+05
250 -48 9.7512998497250851e+05
252 -48 1.8839049497024703e+06
254 -48 1.8048449793237592e+06
240 -47 6.4059940922301073e+04
242 -47 1.3355434890572000e+06
244 -47 1.1124948523554496e+07
246 -47 4.8933458104831949e+07
248 -47 1.2083910303359109e+08
250 -47 1.8559064829542196e+08
252 -47 1.3979868380025214e+08
236 -46 1.1150599366598304e+06
238 -46 2.5635032873573355e+07
240 -46 2.4756746373779497e+08
242 -46 1.3241146334402652e+09
244 -46 4.2596208148061452e+09
246 -46 8.2810385122499619e+09
248 -46 1.0374645275715740e+10
250 -46 6.2258285311870537e+09
232 -45 1.6423032795655083e+07
234 -45 3.7459942912572628e+08
236 -45 3.9790569574857388e+09
238 -45 2.4177132953929432e+10
240 -45 9.3223264873894394e+10
242 -45 2.3164862274776102e+11
244 -45 3.6901548839103302e+11
246 -45 3.8218756142875269e+11
248 -45 1.8755525749327951e+11
228 -44 1.9719736686138445e+08
230 -44 4.6103087314056978e+09
232 -44 5.0792424298925507e+10
234 -44 3.3879327393584888e+11
236 -44 1.4811810881582595e+12
238 -44 4.3872914774855391e+12
240 -44 8.8357322684210996e+12
242 -44 1.1852469056887656e+13
244 -44 1.0279223607331660e+13
246 -44 4.1928462577950542e+12
224 -43 1.9549903018629339e+09
226 -43 4.8150580062819504e+10
228 -43 5.5031223289001379e+11
230 -43 3.9202635159567852e+12
232 -43 1.8750506439736199e+13
234 -43 6.3078966011344367e+13
236 -43 1.5070375276649875e+14
238 -43 2.5286786244800178e+14
240 -43 2.9040476530739650e+14
242 -43 2.1391771891453456e+14
244 -43 7.4414187710051656e+13
220 -42 1.6619333681519300e+10
222 -42 4.3159875967198901e+11
224 -42 5.1818787857625166e+12
226 -42 3.8729234401198781e+13
228 -42 1.9979213812276353e+14
230 -42 7.4251154550968275e+14
232 -42 2.0205275806831192e+15
234 -42 4.0197646952979880e+15
236 -42 5.7693967390724200e+15
238 -42 5.7551484811765110e+15
240 -42 3.6754481678092950e+15
242 -42 1.1079282581053351e+15
214 -41 1.4103620203553542e+05
216 -41 1.2559730843062961e+11
218 -41 3.3885839333294761e+12
220 -41 4.2664276227778016e+13
222 -41 3.3653726401051369e+14
224 -41 1.8459706188958740e+15
226 -41 7.4561269158226290e+15
228 -41 2.2425017349793892e+16
230 -41 5.1009033307739904e+16
232 -41 8.6902418781300512e+16
234 -41 1.0858752932442949e+17
236 -41 9.5379278642112672e+16
238 -41 5.3884128363026704e+16
240 -41 1.4449628686536630e+16
210 -40 6.7471721109881457e+06
212 -40 8.4773319272865820e+11
214 -40 2.3812350502342945e+13
216 -40 3.1434601360597406e+14
218 -40 2.6070418140815410e+15
220 -40 1.5156377243966816e+16
222 -40 6.4998275965805048e+16
224 -40 2.1397061123616493e+17
226 -40 5.4183840386815232e+17
228 -40 1.0568163611742113e+18
230 -40 1.5728768002991611e+18
232 -40 1.7401851425914696e+18
234 -40 1.3711431026895511e+18
236 -40 6.9508513771847872e+17
238 -40 1.6803895869823994e+17
206 -39 1.6141217959654161e+08
208 -39 5.2446401272237158e+12
210 -39 1.5235356295816600e+14
212 -39 2.0961932789952428e+15
214 -39 1.8164554402379940e+16
216 -39 1.1123435611186149e+17
218 -39 5.0734672320163290e+17
220 -39 1.7917310533079944e+18
222 -39 4.9543499256261519e+18
224 -39 1.0806188658251649e+19
226 -39 1.8491323357493641e+19
228 -39 2.4421776002279682e+19
230 -39 2.4358172300087050e+19
232 -39 1.7386243109833196e+19
234 -39 8.0247959321176801e+18
236 -39 1.7807315553055739e+18
202 -38 2.4645595899402857e+09
204 -38 2.9974848449443180e+13
206 -38 8.9354175950955525e+14
208 -38 1.2743985733486080e+16
210 -38 1.1511127024123699e+17
212 -38 7.3730118662068800e+17
214 -38 3.5641810844321275e+18
216 -38 1.3417437817683675e+19
218 -38 4.0041418262439617e+19
220 -38 9.5663739176228127e+19
222 -38 1.8315439065225511e+20
224 -38 2.7964114606839490e+20
226 -38 3.3352235617004225e+20
228 -38 3.0226141414577393e+20
230 -38 1.9769939692738740e+20
232 -38 8.4229946939847606e+19
234 -38 1.7298312112459747e+19
198 -37 2.7319829775860798e+10
200 -37 1.5901083881363916e+14
202 -37 4.8527251313078900e+15
204 -37 7.1407734076269864e+16
206 -37 6.6835103824648448e+17
208 -37 4.4803958761719004e+18
210 -37 2.2699912406667473e+19
212 -37 9.0642416168999535e+19
214 -37 2.8908476556127977e+20
216 -37 7.4767610444952712e+20
218 -37 1.5748859165879011e+21
220 -37 2.6951358116530529e+21
222 -37 3.7084686235084847e+21
224 -37 4.0478715262571323e+21
226 -37 3.3785628747044859e+21
228 -37 2.0440679064803824e+21
230 -37 8.0891717950421769e+20
232 -37 1.5540717764505921e+20
194 -36 2.4651527420692648e+11
196 -36 7.8655700154188812e+14
198 -36 2.4605209912644488e+16
200 -36 3.7158330232018246e+17
202 -36 3.5966280536576850e+18
204 -36 2.5003277583613575e+19
206 -36 1.3274674478173972e+20
208 -36 5.5613701648092666e+20
210 -36 1.8807846811973114e+21
212 -36 5.2142295955205301e+21
214 -36 1.1914946635634345e+22
216 -36 2.2502305634824648e+22
218 -36 3.4913713613952485e+22
220 -36 4.3920684114719548e+22
222 -36 4.4087072698992458e+22
224 -36 3.4191451585752685e+22
226 -36 1.9339565884802461e+22
228 -36 7.1536262491245390e+21
230 -36 1.2938221643324145e+21
190 -35 1.9089279960839224e+12
192 -35 3.6509850810175940e+15
194 -35 1.1592027514587043e+17
196 -35 1.7936752119198264e+18
198 -35 1.7845742133119824e+19
200 -35 1.2861311679029035e+20
202 -35 7.1019216208167266e+20
204 -35 3.1185308205102604e+21
206 -35 1.1135987497541835e+22
208 -35 3.2812875446316750e+22
210 -35 8.0378236186429739e+22
212 -35 1.6492592829872678e+23
214 -35 2.8221196260042201e+23
216 -35 4.0062711575175066e+23
218 -35 4.6664220312045555e+23
220 -35 4.3609222801723159e+23
222 -35 3.1645988107771943e+23
224 -35 1.6855176090094753e+23
226 -35 5.8805830417523212e+22
228 -35 1.0072387863712505e+22
186 -34 1.3009473983870354e+13
188 -34 1.5878386876856632e+16
190 -34 5.1071525001204979e+17
192 -34 8.0752339896887583e+18
194 -34 8.2452274587862041e+19
196 -34 6.1185845884134149e+20
198 -34 3.5034705114836516e+21
200 -34 1.6014614407650514e+22
202 -34 5.9966444927273893e+22
204 -34 1.8637880046004807e+23
206 -34 4.8748701925474960e+23
208 -34 1.0743857592141578e+24
210 -34 2.0050456525305568e+24
212 -34 3.1513737681981352e+24
214 -34 4.1424989785859248e+24
216 -34 4.4984719956973964e+24
218 -34 3.9423747032634437e+24
220 -34 2.6976825189822124e+24
222 -34 1.3570168113309906e+24
224 -34 4.4958107160700988e+23
226 -34 7.3337139681051999e+22
182 -33 7.8774659245128141e+13
184 -33 6.4720848340401848e+16
186 -33 2.1094857001644790e+18
188 -33 3.3865121822472397e+19
190 -33 3.5407842837168364e+20
192 -33 2.6980521456152483e+21
194 -33 1.5928855086452837e+22
196 -33 7.5661718385915381e+22
198 -33 2.9543832308769260e+23
200 -33 9.6471248421821709e+23
202 -33 2.6662465250013096e+24
204 -33 6.2828116434054839e+24
206 -33 1.2620884198447462e+25
208 -33 2.1641796204820148e+25
210 -33 3.1593903298115876e+25
212 -33 3.8805820253363603e+25
214 -33 3.9548723728992419e+25
216 -33 3.2693017695700749e+25
218 -33 2.1204099972285332e+25
220 -33 1.0155379085623189e+25
222 -33 3.2124480382540816e+24
224 -33 5.0023590879413191e+23
178 -32 4.2722225523261950e+14
180 -32 2.4857327009895968e+17
182 -32 8.1469134373927066e+18
184 -32 1.3290272792472833e+20
186 -32 1.4159140388712798e+21
188 -32 1.1040279565335517e+22
190 -32 6.6976918697955182e+22
192 -32 3.2782953415827573e+23
194 -32 1.3304085851566163e+24
196 -32 4.5506741304588869e+24
198 -32 1.3231968691149560e+25
200 -32 3.2982435888471102e+25
202 -32 7.0924073555539759e+25
204 -32 1.3132441718581060e+26
206 -32 2.0939127872261420e+26
208 -32 2.8564750262808947e+26
210 -32 3.2993066568092746e+26
212 -32 3.1815857356312693e+26
214 -32 2.5034681488224055e+26
216 -32 1.5444158437311501e+26
218 -32 7.0717855051509154e+25
220 -32 2.1408933679053558e+25
222 -32 3.2113135852904506e+24
174 -31 2.0946171127667178e+15
176 -31 8.9353846435874701e+17
178 -31 2.9336037615303410e+19
180 -31 4.8481031725239743e+20
182 -31 5.2629359046037277e+21
184 -31 4.1815340782236134e+22
186 -31 2.6013341285095176e+23
188 -31 1.3120129610663445e+24
190 -31 5.5158776888636480e+24
192 -31 1.9587746329111832e+25
194 -31 5.9736948355593425e+25
196 -31 1.5699381650178543e+26
198 -31 3.5837376471719128e+26
200 -31 7.1053089203194748e+26
202 -31 1.2248205241997856e+27
204 -31 1.8276591547129881e+27
206 -31 2.3459073132061849e+27
208 -31 2.5716670793733024e+27
210 -31 2.3556879708725958e+27
212 -31 1.7682860811922914e+27
214 -31 1.0462918882758692e+27
216 -31 4.6047862744674811e+26
218 -31 1.3412653158595542e+26
220 -31 1.9386763460673113e+25
168 -30 3.6700056995303871e+10
170 -30 9.2855045010881880e+15
172 -30 3.0118975064092083e+18
174 -30 9.8492728499633406e+19
176 -30 1.6427708061462487e+21
178 -30 1.8029562238680739e+22
180 -30 1.4687289939432404e+23
182 -30 9.3379091745296566e+23
184 -30 4.8407731674729760e+24
186 -30 2.0981459600880305e+25
188 -30 7.7351748259941897e+25
190 -30 2.4550883465785320e+26
192 -30 6.7662613528135037e+26
194 -30 1.6316952952532212e+27
196 -30 3.4391564885764022e+27
198 -30 6.3553143513999760e+27
200 -30 1.0286785582974922e+28
202 -30 1.4488073051594810e+28
204 -30 1.7652979658427300e+28
206 -30 1.8387486338538811e+28
208 -30 1.6123105430797353e+28
210 -30 1.1599723847856906e+28
212 -30 6.5999183508668312e+27
214 -30 2.8006159530471391e+27
216 -30 7.8653296174051441e+26
218 -30 1.0981850086790496e+26
164 -29 7.4448566007934229e+11
166 -29 3.7407730629903976e+16
168 -29 9.4890733249569239e+18
170 -29 3.0789205552954527e+20
172 -29 5.1669723477967362e+21
174 -29 5.7642918173896872e+22
176 -29 4.7500916953696761e+23
178 -29 3.0923097341308177e+24
180 -29 1.6418548078058119e+25
182 -29 7.3201937581148871e+25
184 -29 2.7882593920915519e+26
186 -29 9.1935449656927627e+26
188 -29 2.6497990529867375e+27
190 -29 6.7070202988785799e+27
192 -29 1.4948011788506361e+28
194 -29 2.9428190456691385e+28
196 -29 5.1119789817892394e+28
198 -29 7.8128121797777776e+28
200 -29 1.0444269895256126e+29
202 -29 1.2152716380159982e+29
204 -29 1.2127569515085340e+29
206 -29 1.0206236101501137e+29
208 -29 7.0750396774436416e+28
210 -29 3.8855603665938248e+28
212 -29 1.5924661517669359e+28
214 -29 4.3298891105003804e+27
216 -29 5.8757596028522925e+26
160 -28 7.9931410612327861e+12
162 -28 1.3715518923653754e+17
164 -28 2.7909593745716515e+19
166 -28 8.9639901895231052e+20
168 -28 1.5095806074114208e+22
170 -28 1.6974644776291834e+23
172 -28 1.4239963382127185e+24
174 -28 9.4265614537348409e+24
176 -28 5.1210318652446439e+25
178 -28 2.3438712638825655e+26
180 -28 9.2134089246224246e+26
182 -28 3.1503776440788649e+27
184 -28 9.4384235456267259e+27
186 -28 2.4975965774278967e+28
188 -28 5.8597985342553223e+28
190 -28 1.2198107697396570e+29
192 -28 2.2591205649087402e+29
194 -28 3.7132564704685603e+29
196 -28 5.4036032821966199e+29
198 -28 6.9057520068316589e+29
200 -28 7.6926271568065243e+29
202 -28 7.3798807772072291e+29
204 -28 5.9942481275096759e+29
206 -28 4.0117278965699697e+29
208 -28 2.1337067665359710e+29
210 -28 8.4781407835552616e+28
212 -28 2.2373909860029081e+28
214 -28 2.9523202238757770e+27
156 -27 6.1256145148863883e+13
158 -27 4.5882961081305728e+17
160 -27 7.6293192893032612e+19
162 -27 2.4194901062121989e+21
164 -27 4.0858096422425241e+22
166 -27 4.6286647948786331e+23
168 -27 3.9308660416716866e+24
170 -27 2.6422995093476270e+25
172 -27 1.4674309819645003e+26
174 -27 6.8923633402115283e+26
176 -27 2.7830742332743040e+27
178 -27 9.8282966663711183e+27
180 -27 3.0570617941306662e+28
182 -27 8.4325062548764701e+28
184 -27 2.0717832273606741e+29
186 -27 4.5453764471944239e+29
188 -27 8.9292406467374331e+29
190 -27 1.5659815706791521e+30
192 -27 2.4542393279848343e+30
194 -27 3.4111340876689523e+30
196 -27 4.1824175874043742e+30
198 -27 4.4883744310763047e+30
200 -27 4.1565103196191381e+30
202 -27 3.2665222961377767e+30
204 -27 2.1190051879617844e+30
206 -27 1.0936190234367620e+30
208 -27 4.2253283931247852e+29
210 -27 1.0856993784601936e+29
212 -27 1.3954512424648336e+28
152 -26 3.6208701053639612e+14
154 -26 1.3979979137919598e+18
156 -26 1.9470348905649721e+20
158 -26 6.0549978478764202e+21
160 -26 1.0198887105897283e+23
162 -26 1.1627508287813060e+24
164 -26 9.9809185802903829e+24
166 -26 6.8189464802050020e+25
168 -26 3.8580455090494044e+26
170 -26 1.8540787780992453e+27
172 -26 7.6976660302901606e+27
174 -26 2.7989117774854788e+28
176 -26 9.0029682174542724e+28
178 -26 2.5778529948762761e+29
180 -26 6.6134860852184563e+29
182 -26 1.5239924219763802e+30
184 -26 3.1572896468104337e+30
186 -26 5.8814436828498316e+30
188 -26 9.8524008041711984e+30
190 -26 1.4776507198448131e+31
192 -26 1.9738554540159308e+31
194 -26 2.3325877942767502e+31
196 -26 2.4167846551227366e+31
198 -26 2.1690714034145538e+31
200 -26 1.6525507056104847e+31
202 -26 1.0424111867559142e+31
204 -26 5.2367248878157968e+30
206 -26 1.9692956571268029e+30
208 -26 4.9353032820079422e+29
210 -26 6.2109029332852033e+28
148 -25 1.7413439114901618e+15
150 -25 3.8734301501158856e+18
152 -25 4.5957539088738681e+20
154 -25 1.3949454860611219e+22
156 -25 2.3469123166274764e+23
158 -25 2.6842710625573061e+24
160 -25 2.3276352142122660e+25
162 -25 1.6122013228886957e+26
164 -25 9.2950924535793962e+26
166 -25 4.5515404104689532e+27
168 -25 1.9393554699580131e+28
170 -25 7.2482242144334038e+28
172 -25 2.4095536939917182e+29
174 -25 7.1574033391635077e+29
176 -25 1.9095022387844967e+30
178 -25 4.6006663499406665e+30
180 -25 1.0013180009343552e+31
182 -25 1.9725241960432268e+31
184 -25 3.5108593986899093e+31
186 -25 5.6328764637102180e+31
188 -25 8.1240965618309749e+31
190 -25 1.0468024439934921e+32
192 -25 1.1975133139110921e+32
194 -25 1.2024700622677124e+32
196 -25 1.0489706568223470e+32
198 -25 7.7735006331836568e+31
200 -25 4.7780749126296972e+31
202 -25 2.3444073373919819e+31
204 -25 8.6001616855374301e+30
206 -25 2.1075243024851714e+30
208 -25 2.5925513271984594e+29
144 -24 7.0046683365503660e+15
146 -24 9.7593956901740564e+18
148 -24 1.0021321145867318e+21
150 -24 2.9707982024003209e+22
152 -24 4.9579526824826007e+23
154 -24 5.6931885588445629e+24
156 -24 4.9763124112972297e+25
158 -24 3.4900563031599703e+26
160 -24 2.0418634541129496e+27
162 -24 1.0221488101036320e+28
164 -24 4.4482658747394348e+28
166 -24 1.7100337421454939e+29
168 -24 5.8531249665122621e+29
170 -24 1.7986929947500654e+30
172 -24 4.9836953863812583e+30
174 -24 1.2515276427998365e+31
176 -24 2.8523470643289673e+31
178 -24 5.9095969045215638e+31
180 -24 1.1119888494358336e+32
182 -24 1.9004191807993617e+32
184 -24 2.9371433309141137e+32
186 -24 4.0879539297653240e+32
188 -24 5.1058790817098672e+32
190 -24 5.6667337855354658e+32
192 -24 5.5397328018933535e+32
194 -24 4.7000971340162496e+32
196 -24 3.3985906032972186e+32
198 -24 2.0388395677439567e+32
200 -24 9.7770704817822373e+31
202 -24 3.5129829562401083e+31
204 -24 8.4368702728945863e+30
206 -24 1.0190312068953285e+30
140 -23 2.4097958590600408e+16
142 -23 2.2378156456077853e+19
144 -23 2.0133567868143883e+21
146 -23 5.8100978031526500e+22
148 -23 9.6246084987347791e+23
150 -23 1.1086433043946113e+25
152 -23 9.7294677881161549e+25
154 -23 6.9078618467353676e+26
156 -23 4.1029883328472999e+27
158 -23 2.0868566383487378e+28
160 -23 9.2898824903994548e+28
162 -23 3.6607353445398564e+29
164 -23 1.2887964847331739e+30
166 -23 4.0873570281173075e+30
168 -23 1.1729916822692501e+31
170 -23 3.0646732769592143e+31
172 -23 7.2933139864372963e+31
174 -23 1.5842913500081370e+32
176 -23 3.1407954956271640e+32
178 -23 5.6796868239757228e+32
180 -23 9.3568468103370643e+32
182 -23 1.3984982212932822e+33
184 -23 1.8887436877772887e+33
186 -23 2.2905586439456603e+33
188 -23 2.4748405868115186e+33
190 -23 2.3581866781222111e+33
192 -23 1.9540955463236189e+33
194 -23 1.3806313235376157e+33
196 -23 8.1156085644949513e+32
198 -23 3.8097303893898743e+32
200 -23 1.3418419776979461e+32
202 -23 3.1645825142204356e+31
204 -23 3.7584570646569891e+30
136 -22 7.1200283874472088e+16
138 -22 4.6625110690680758e+19
140 -22 3.7107603279054105e+21
142 -22 1.0388880403956407e+23
144 -22 1.7089020582133157e+24
146 -22 1.9681949506882288e+25
148 -22 1.7400218392735757e+26
150 -22 1.2451220742192001e+27
152 -22 7.4957712824454496e+27
154 -22 3.8813828735109628e+28
156 -22 1.7623963988370019e+29
158 -22 7.1078943453598540e+29
160 -22 2.5735829763590891e+30
162 -22 8.4031427732575821e+30
164 -22 2.4945905821695132e+31
166 -22 6.7537778857870485e+31
168 -22 1.6729425461424282e+32
170 -22 3.7994617466129256e+32
172 -22 7.9056867129718350e+32
174 -22 1.5076649141529962e+33
176 -22 2.6345967754834846e+33
178 -22 4.1960155793791159e+33
180 -22 6.0886727421715033e+33
182 -22 7.9961815016400209e+33
184 -22 9.4488779557693130e+33
186 -22 9.9718864438750646e+33
188 -22 9.2853023845140937e+33
190 -22 7.5299024870185975e+33
192 -22 5.2118921055355239e+33
194 -22 3.0029194359544071e+33
196 -22 1.3832019772837671e+33
198 -22 4.7910157644872387e+32
200 -22 1.1093600838707057e+32
202 -22 1.2966610104628740e+31
132 -21 1.8314905156288582e+17
134 -21 8.7828952506405749e+19
136 -21 6.2509053498407256e+21
138 -21 1.7049087048949916e+23
140 -21 2.7712099626427608e+24
142 -21 3.1827665305760584e+25
144 -21 2.8275440855837197e+26
146 -21 2.0425677519391814e+27
148 -21 1.2445912604354891e+28
150 -21 6.5488946476592945e+28
152 -21 3.0271074454702268e+29
154 -21 1.2495867505232259e+30
156 -21 4.6341735293812371e+30
158 -21 1.5572376854209688e+31
160 -21 4.7756749678804784e+31
162 -21 1.3377198579379990e+32
164 -21 3.4428178639868329e+32
166 -21 8.1461786489687066e+32
168 -21 1.7748556217373331e+33
170 -21 3.5572927134068623e+33
172 -21 6.5584956335597159e+33
174 -21 1.1097673500111887e+34
176 -21 1.7185223769933411e+34
178 -21 2.4248687084264649e+34
180 -21 3.1076318788234252e+34
182 -21 3.5869795821870218e+34
184 -21 3.7027336346555312e+34
186 -21 3.3776780253805301e+34
188 -21 2.6854134815716555e+34
190 -21 1.8243442057037336e+34
192 -21 1.0331106541048933e+34
194 -21 4.6749854160623906e+33
196 -21 1.5929135601046670e+33
198 -21 3.6342103259906857e+32
200 -21 4.1906032415860824e+31
128 -20 4.1253260569141318e+17
130 -20 1.4962310128236288e+20
132 -20 9.6442102649487643e+21
134 -20 2.5477776509762145e+23
136 -20 4.0844719713961151e+24
138 -20 4.6844324777717204e+25
140 -20 4.1729298971904458e+26
142 -20 3.0357544174585946e+27
144 -20 1.8724100680232566e+28
146 -20 1.0002097925388288e+29
148 -20 4.7116504419017818e+29
150 -20 1.9823910778302864e+30
152 -20 7.5288395360736821e+30
154 -20 2.6008491393517332e+31
156 -20 8.2070439598569781e+31
158 -20 2.3775709179253054e+32
160 -20 6.3441611520360203e+32
162 -20 1.5621213097301853e+33
164 -20 3.5500867604459622e+33
166 -20 7.4546736673073164e+33
168 -20 1.4461676396030407e+34
170 -20 2.5854232634208208e+34
172 -20 4.2539125360412584e+34
174 -20 6.4147627312433665e+34
176 -20 8.8448774810991052e+34
178 -20 1.1081233068696016e+35
180 -20 1.2525791209671617e+35
182 -20 1.2665697657192738e+35
184 -20 1.1345406658981282e+35
186 -20 8.8635088832573757e+34
188 -20 5.9179610780759243e+34
190 -20 3.2960627457019556e+34
192 -20 1.4695639068120129e+34
194 -20 4.9308007267627441e+33
196 -20 1.1108588398794045e+33
198 -20 1.2658542959602485e+32
122 -19 1.8605751330290715e+13
124 -19 8.1062223212646707e+17
126 -19 2.2995193876598017e+20
128 -19 1.3471922716143501e+22
130 -19 3.4503408749165966e+23
132 -19 5.4685935063564927e+24
134 -19 6.2509596089117228e+25
136 -19 5.5726384412747438e+26
138 -19 4.0815074621445525e+27
140 -19 2.5443712920253898e+28
142 -19 1.3783577827830076e+29
144 -19 6.6056406543440914e+29
146 -19 2.8352654057609529e+30
148 -19 1.1005318329320757e+31
150 -19 3.8993218702422897e+31
152 -19 1.2663065747554831e+32
154 -19 3.7854229695317611e+32
156 -19 1.0447560342284736e+33
158 -19 2.6692145792757830e+33
160 -19 6.3175411815966582e+33
162 -19 1.3870943239415460e+34
164 -19 2.8202513372477080e+34
166 -19 5.3127017923321129e+34
168 -19 9.2394523819945409e+34
170 -19 1.4837173435862095e+35
172 -19 2.1870769478041242e+35
174 -19 2.9503153240683720e+35
176 -19 3.6232234026914819e+35
178 -19 4.0185939725826334e+35
180 -19 3.9926879708229025e+35
182 -19 3.5131979644708334e+35
184 -19 2.7001918886210230e+35
186 -19 1.7768925660968408e+35
188 -19 9.7484302862431287e+34
190 -19 4.2870790979124501e+34
192 -19 1.4199225361771204e+34
194 -19 3.1573010950489500e+33
196 -19 3.5606751581386695e+32
118 -18 1.0846219549364905e+14
120 -18 1.3998993895374945e+18
122 -18 3.1813119717678737e+20
124 -18 1.7064232039249703e+22
126 -18 4.2338297591828895e+23
128 -18 6.6199898085692965e+24
130 -18 7.5329906148692259e+25
132 -18 6.7235978847648971e+26
134 -18 4.9549006314533364e+27
136 -18 3.1146004845458249e+28
138 -18 1.7083219005986001e+29
140 -18 8.3210721809640112e+29
142 -18 3.6414583834674822e+30
144 -18 1.4453672011068363e+31
146 -18 5.2395239200617977e+31
148 -18 1.7470194681802381e+32
150 -18 5.3797403847946653e+32
152 -18 1.5344913024128869e+33
154 -18 4.0585756142173660e+33
156 -18 9.9883872176670558e+33
158 -18 2.2843183251964204e+34
160 -18 4.8630451494701110e+34
162 -18 9.6153285837016856e+34
164 -18 1.7625765764004856e+35
166 -18 2.9966775655964000e+35
168 -18 4.7036176771550234e+35
170 -18 6.7880362982902645e+35
172 -18 8.9926534056559832e+35
174 -18 1.0838368790414659e+36
176 -18 1.1829453583666974e+36
178 -18 1.1556139944247844e+36
180 -18 1.0021388090273824e+36
182 -18 7.5872375461872372e+35
184 -18 4.9252404891897548e+35
186 -18 2.6669610804340327e+35
188 -18 1.1586140142694576e+35
190 -18 3.7935402614476960e+34
192 -18 8.3496217429556986e+33
194 -18 9.3322853615584596e+32
114 -17 3.9242298310442300e+14
116 -17 2.1222181161379617e+18
118 -17 3.9414053730926494e+20
120 -17 1.9554791726678584e+22
122 -17 4.6990955199768076e+23
124 -17 7.2347257507180597e+24
126 -17 8.1694974817690767e+25
128 -17 7.3027137860329340e+26
130 -17 5.4088169566158051e+27
132 -17 3.4261714705230690e+28
134 -17 1.9017334926307536e+29
136 -17 9.3915257301571855e+29
138 -17 4.1808607391661696e+30
140 -17 1.6950798715287591e+31
142 -17 6.2953336184546106e+31
144 -17 2.1540593806697031e+32
146 -17 6.8191129531165116e+32
148 -17 2.0045870871218758e+33
150 -17 5.4845807411749937e+33
152 -17 1.3985733615423604e+34
154 -17 3.3297420192790363e+34
156 -17 7.3911064188543713e+34
158 -17 1.5313053265619609e+35
160 -17 2.9507448915220349e+35
162 -17 5.2910852581358520e+35
164 -17 8.8050415173087328e+35
166 -17 1.3553321217031069e+36
168 -17 1.9220531228671073e+36
170 -17 2.5007597753247064e+36
172 -17 2.9664130723260121e+36
174 -17 3.1857718779224666e+36
176 -17 3.0697004932969309e+36
178 -17 2.6252648750553593e+36
180 -17 1.9632712737515206e+36
182 -17 1.2580361360253158e+36
184 -17 6.7327677313920956e+35
186 -17 2.8941863276317367e+35
188 -17 9.3807491563605784e+34
190 -17 2.0470467673505230e+34
192 -17 2.2727418728355196e+33
110 -16 1.0016445032721426e+15
112 -16 2.8236753765547812e+18
114 -16 4.3730399326246620e+20
116 -16 2.0150120838663691e+22
118 -16 4.6783569493469261e+23
120 -16 7.1055358918089280e+24
122 -16 7.9670699960466840e+25
124 -16 7.1133079454156198e+26
126 -16 5.2822856035041256e+27
128 -16 3.3705696755009267e+28
130 -16 1.8918393062107881e+29
132 -16 9.4762635694353026e+29
134 -16 4.2908097378434747e+30
136 -16 1.7721897255859614e+31
138 -16 6.7270947419160132e+31
140 -16 2.3581511654710047e+32
142 -16 7.6711169285985558e+32
144 -16 2.3220831397597999e+33
146 -16 6.5631741180064073e+33
148 -16 1.7327480422766734e+34
150 -16 4.2831881155354955e+34
152 -16 9.9023364981630969e+34
154 -16 2.1416266614214309e+35
156 -16 4.3273804436475318e+35
158 -16 8.1635301563297502e+35
160 -16 1.4338616165590074e+36
162 -16 2.3409708423467223e+36
164 -16 3.5401468465069328e+36
166 -16 4.9443986214213941e+36
168 -16 6.3337427683239942e+36
170 -16 7.4072704622172030e+36
172 -16 7.8501697524238844e+36
174 -16 7.4705105343996892e+36
176 -16 6.3096787214101266e+36
178 -16 4.6607643302863903e+36
180 -16 2.9565686835343993e+36
182 -16 1.5660774603727017e+36
184 -16 6.6660706124956580e+35
186 -16 2.1435410687340535e+35
188 -16 4.6451147317134873e+34
190 -16 5.1280387153402921e+33
106 -15 1.9763032644435855e+15
108 -15 3.2931354749818020e+18
110 -15 4.3314378595841881e+20
112 -15 1.8585192623913057e+22
114 -15 4.1810161769705403e+23
116 -15 6.2351241656849080e+24
118 -15 6.9464873130501577e+25
120 -15 6.1870735212785093e+26
122 -15 4.6096579928588756e+27
124 -15 2.9602226452964294e+28
126 -15 1.6773615881770519e+29
128 -15 8.5075902088015608e+29
130 -15 3.9111610699248801e+30
132 -15 1.6453594286703998e+31
134 -15 6.3774929519057998e+31
136 -15 2.2869232576697579e+32
138 -15 7.6296779286101386e+32
140 -15 2.3798709565534692e+33
142 -15 6.9269474286030611e+33
144 -15 1.8921218678868633e+34
146 -15 4.8434900744756948e+34
148 -15 1.1639958690986934e+35
150 -15 2.6229166441963036e+35
152 -15 5.5443524711877691e+35
154 -15 1.0967028271376073e+36
156 -15 2.0298214347646116e+36
158 -15 3.5019019463926840e+36
160 -15 5.6235849262574050e+36
162 -15 8.3822052499447608e+36
164 -15 1.1530526387819003e+37
166 -15 1.4578389802430064e+37
168 -15 1.6829133236701592e+37
170 -15 1.7618592892731515e+37
172 -15 1.6582389738042245e+37
174 -15 1.3857077710385521e+37
176 -15 1.0137297952885717e+37
178 -15 6.3715407575627528e+36
180 -15 3.3453484607146134e+36
182 -15 1.4128962192610768e+36
184 -15 4.5119869357473716e+35
186 -15 9.7203402407173186e+34
188 -15 1.0690269600351510e+34
102 -14 3.1318611226149410e+15
104 -14 3.3674830697014804e+18
106 -14 3.8172938545736548e+20
108 -14 1.5297284919277071e+22
110 -14 3.3284802577029859e+23
112 -14 4.8795346607726532e+24
114 -14 5.3888671624603709e+25
116 -14 4.7886850603054820e+26
118 -14 3.5713729228795600e+27
120 -14 2.3090598717264654e+28
122 -14 1.3176761070639256e+29
124 -14 6.7669325736660418e+29
126 -14 3.1565620760435120e+30
128 -14 1.3502130365987233e+31
130 -14 5.3335314753294289e+31
132 -14 1.9574144561505714e+32
134 -14 6.6927521800344214e+32
136 -14 2.1440610813019559e+33
138 -14 6.4324769487403685e+33
140 -14 1.8127746475415665e+34
142 -14 4.8055168371619129e+34
144 -14 1.1978840668901488e+35
146 -14 2.8081828169266707e+35
148 -14 6.1911254781855445e+35
150 -14 1.2824031765633382e+36
152 -14 2.4904910652657901e+36
154 -14 4.5293133939146219e+36
156 -14 7.7018701285872282e+36
158 -14 1.2187213235974371e+37
160 -14 1.7913764730487948e+37
162 -14 2.4325852465369888e+37
164 -14 3.0387869770406655e+37
166 -14 3.4732885493175962e+37
168 -14 3.5967197562836220e+37
170 -14 3.3512902562253892e+37
172 -14 2.7755584481749621e+37
174 -14 2.0135701358680618e+37
176 -14 1.2549934734275151e+37
178 -14 6.5433979996500238e+36
180 -14 2.7463650385238733e+36
182 -14 8.7257108826453462e+35
184 -14 1.8732234052948008e+35
186 -14 2.0556833627149348e+34
98 -13 4.0717775176427890e+15
100 -13 3.0084731172471772e+18
102 -13 2.9799124245539337e+20
104 -13 1.1190598507049735e+22
106 -13 2.3591611301428553e+23
108 -13 3.3914292875305449e+24
110 -13 3.7085242496934208e+25
112 -13 3.2782261425235927e+26
114 -13 2.4499345338937521e+27
116 -13 1.5895018402660916e+28
118 -13 9.1470360851242834e+28
120 -13 4.7467986617910237e+29
122 -13 2.2442070675361917e+30
124 -13 9.7595187393686557e+30
126 -13 3.9288415282259869e+31
128 -13 1.4708572040237973e+32
130 -13 5.1545549929120679e+32
132 -13 1.6922799072669962e+33
134 -13 5.2273791024580555e+33
136 -13 1.5178922129415374e+34
138 -13 4.1599298496603635e+34
140 -13 1.0740608584435235e+35
142 -13 2.6161213453827077e+35
144 -13 6.0058694559474177e+35
146 -13 1.2986866146999850e+36
148 -13 2.6438529902435127e+36
150 -13 5.0523413224953136e+36
152 -13 9.0564032083797723e+36
154 -13 1.5180385318273497e+37
156 -13 2.3722207301770304e+37
158 -13 3.4473744088433338e+37
160 -13 4.6295284854682647e+37
162 -13 5.7271126055079354e+37
164 -13 6.4788710308630903e+37
166 -13 6.6564255663462450e+37
168 -13 6.1489941134482845e+37
170 -13 5.0558066785029256e+37
172 -13 3.6394352570900220e+37
174 -13 2.2542981320521730e+37
176 -13 1.1688165729765097e+37
178 -13 4.8824206958059741e+36
180 -13 1.5455792727205314e+36
182 -13 3.3113118054903515e+35
184 -13 3.6339858098920399e+34
94 -12 4.3748893563928220e+15
96 -12 2.3386482518986015e+18
98 -12 2.0482567940120746e+20
100 -12 7.2276949405317129e+21
102 -12 1.4752881192266194e+23
104 -12 2.0816058041069327e+24
106 -12 2.2480416730987503e+25
108 -12 1.9787241051722846e+26
110 -12 1.4766666928402666e+27
112 -12 9.6244091301692679e+27
114 -12 5.5714883731017187e+28
116 -12 2.9183106427200372e+29
118 -12 1.3986232107371670e+30
120 -12 6.1755258784967962e+30
122 -12 2.5291262633914519e+31
124 -12 9.6681551713875982e+31
126 -12 3.4635206202595458e+32
128 -12 1.1663783874288722e+33
130 -12 3.6971929356394717e+33
132 -12 1.1068020865340117e+34
134 -12 3.1283808658761829e+34
136 -12 8.3573210358376312e+34
138 -12 2.1104039924574882e+35
140 -12 5.0371674675127480e+35
142 -12 1.1354132726442814e+36
144 -12 2.4165002995095056e+36
146 -12 4.8427726331667501e+36
148 -12 9.1266324439715652e+36
150 -12 1.6150793435510834e+37
152 -12 2.6756134074769158e+37
154 -12 4.1391049394519250e+37
156 -12 5.9519296988667033e+37
158 -12 7.9233783475640031e+37
160 -12 9.7159595500414906e+37
162 -12 1.0899653348231873e+38
164 -12 1.1116551784468282e+38
166 -12 1.0203411398389180e+38
168 -12 8.3327444233625810e+37
170 -12 5.9695738544775422e+37
172 -12 3.6793541898247401e+37
174 -12 1.9004414350231676e+37
176 -12 7.9100951674251074e+36
178 -12 2.4968140729435833e+36
180 -12 5.3477483485388226e+35
182 -12 5.8843483128091297e+34
90 -11 3.9257433508997505e+15
92 -11 1.5850582448650350e+18
94 -11 1.2344442638157092e+20
96 -11 4.1032783457529852e+21
98 -11 8.0882144789218994e+22
100 -11 1.1207460330515141e+24
102 -11 1.1960953913836389e+25
104 -11 1.0449719124222858e+26
106 -11 7.7960488140375501e+26
108 -11 5.0846919887033349e+27
110 -11 2.9648614934633331e+28
112 -11 1.5673231843681726e+29
114 -11 7.5885176280268214e+29
116 -11 3.3990674573596402e+30
118 -11 1.4159882738260927e+31
120 -11 5.5195086742655664e+31
122 -11 2.0201227513719894e+32
124 -11 6.9630196161986267e+32
126 -11 2.2685173516251169e+33
128 -11 6.9782362707482029e+33
130 -11 2.0343721001212902e+34
132 -11 5.6114565907358327e+34
134 -11 1.4672014350325268e+35
136 -11 3.6332902578490314e+35
138 -11 8.5248225164840338e+35
140 -11 1.8926285001108173e+36
142 -11 3.9703964429835577e+36
144 -11 7.8558249201769563e+36
146 -11 1.4633703522982957e+37
148 -11 2.5609949473849859e+37
150 -11 4.2054611726800415e+37
152 -11 6.4406619212343775e+37
154 -11 9.1851965803715597e+37
156 -11 1.2140449428979898e+38
158 -11 1.4776834710693853e+38
160 -11 1.6474627225355679e+38
162 -11 1.6704618509626828e+38
164 -11 1.5252956497928561e+38
166 -11 1.2399574949986419e+38
168 -11 8.8488773635633546e+37
170 -11 5.4352120104686456e+37
172 -11 2.7988222041830627e+37
174 -11 1.1638428203028390e+37
176 -11 3.6721698803125978e+36
178 -11 7.8739127917323697e+35
180 -11 8.6970525208870919e+34
86 -10 2.9582894879982545e+15
88 -10 9.2539567705621312e+17
90 -10 6.4668965373538714e+19
92 -10 2.0324148907971948e+21
94 -10 3.8776751197617817e+22
96 -10 5.2458538238123614e+23
98 -10 5.5342930461922729e+24
100 -10 4.8049338026794030e+25
102 -10 3.5714961244143169e+26
104 -10 2.3345072147030194e+27
106 -10 1.3677314126507336e+28
108 -10 7.2823807891448426e+28
110 -10 3.5671796546597877e+29
112 -10 1.6189038858252641e+30
114 -10 6.8504527712562493e+30
116 -10 2.7207772311717365e+31
118 -10 1.0163607017792815e+32
120 -10 3.5834406465506698e+32
122 -10 1.1959700427558196e+33
124 -10 3.7829734590102539e+33
126 -10 1.1353901275122451e+34
128 -10 3.2319650921828527e+34
130 -10 8.7410056884349896e+34
132 -10 2.2447889554576810e+35
134 -10 5.4716955359841736e+35
136 -10 1.2652356335164223e+36
138 -10 2.7706359115982850e+36
140 -10 5.7447257044229701e+36
142 -10 1.1242325246378319e+37
144 -10 2.0731597539935725e+37
146 -10 3.5990029136536848e+37
148 -10 5.8535868770308984e+37
150 -10 8.9079234947091162e+37
152 -10 1.2618011013750792e+38
154 -10 1.6577360343843332e+38
156 -10 2.0069332091446294e+38
158 -10 2.2271727178194560e+38
160 -10 2.2478404935524915e+38
162 -10 2.0448706760696598e+38
164 -10 1.6580729512962239e+38
166 -10 1.1796471903675920e+38
168 -10 7.2332282304215621e+37
170 -10 3.7236003888128842e+37
172 -10 1.5483943836163565e+37
174 -10 4.8933925101950729e+36
176 -10 1.0525640126574542e+36
178 -10 1.1697514651280400e+35
80 -9 7.4539309426485855e+10
82 -9 1.8606830870384465e+15
84 -9 4.6468372376475405e+17
86 -9 2.9382890355457815e+19
88 -9 8.7167228671316551e+20
90 -9 1.6058746876038602e+22
92 -9 2.1273158687043899e+23
94 -9 2.2132645790455982e+24
96 -9 1.9070642114211003e+25
98 -9 1.4114359978926748e+26
100 -9 9.2279155037363335e+26
102 -9 5.4233037847692071e+27
104 -9 2.9084065931835700e+28
106 -9 1.4380193778476714e+29
108 -9 6.6139716409347031e+29
110 -9 2.8412425542152166e+30
112 -9 1.1476101578284297e+31
114 -9 4.3720183821263935e+31
116 -9 1.5765237227889000e+32
118 -9 5.3874512442628237e+32
120 -9 1.7496220738586184e+33
122 -9 5.3991461855966500e+33
124 -9 1.5859791403066967e+34
126 -9 4.4322465884616865e+34
128 -9 1.1784418703663245e+35
130 -9 2.9812641888114131e+35
132 -9 7.1699284052572055e+35
134 -9 1.6360841895380641e+36
136 -9 3.5452110477810748e+36
138 -9 7.2796106042891287e+36
140 -9 1.4120011760774210e+37
142 -9 2.5849943513699618e+37
144 -9 4.4529951688220055e+37
146 -9 7.2013453795060761e+37
148 -9 1.0890944388906433e+38
150 -9 1.5347402775718475e+38
152 -9 2.0072919898852152e+38
154 -9 2.4212452666427942e+38
156 -9 2.6784208356342135e+38
158 -9 2.6966269776908106e+38
160 -9 2.4483395031366974e+38
162 -9 1.9814213643985103e+38
164 -9 1.4089926893856631e+38
166 -9 8.6432403598858643e+37
168 -9 4.4536310399940022e+37
170 -9 1.8560892377154138e+37
172 -9 5.8844327918579485e+36
174 -9 1.2721297135272320e+36
176 -9 1.4258501427418541e+35
76 -8 1.3692472131197032e+11
78 -8 9.7625137987719375e+14
80 -8 1.9918275232251990e+17
82 -8 1.1431901470826695e+19
84 -8 3.2138342324862707e+20
86 -8 5.7120317117784801e+21
88 -8 7.4023866647625263e+22
90 -8 7.5772061633523673e+23
92 -8 6.4702359877463625e+24
94 -8 4.7633720309005456e+25
96 -8 3.1122413139180382e+26
98 -8 1.8336463904372648e+27
100 -8 9.8921095848416902e+27
102 -8 4.9338618621759078e+28
104 -8 2.2958672720228198e+29
106 -8 1.0009711021046918e+30
108 -8 4.1105096361921405e+30
110 -8 1.5953231413127999e+31
112 -8 5.8782048957816567e+31
114 -8 2.0575640713884377e+32
116 -8 6.8524089500952383e+32
118 -8 2.1739858992525521e+33
120 -8 6.5752715202349620e+33
122 -8 1.8969782688828211e+34
124 -8 5.2173595042866561e+34
126 -8 1.3676001470971446e+35
128 -8 3.4170726846999433e+35
130 -8 8.1257486937669564e+35
132 -8 1.8373933478871053e+36
134 -8 3.9477713444442550e+36
136 -8 8.0374313324744681e+36
138 -8 1.5482773479720072e+37
140 -8 2.8179803571508515e+37
142 -8 4.8292403238910188e+37
144 -8 7.7734536310332440e+37
146 -8 1.1708575552412193e+38
148 -8 1.6457077264042672e+38
150 -8 2.1459690996776277e+38
152 -8 2.5828405885439369e+38
154 -8 2.8520133093151860e+38
156 -8 2.8690019266579497e+38
158 -8 2.6046209537285050e+38
160 -8 2.1084911205921523e+38
162 -8 1.5005852437815915e+38
164 -8 9.2239931159274458e+37
166 -8 4.7652242534728551e+37
168 -8 1.9939650125843490e+37
170 -8 6.3563298730807825e+36
172 -8 1.3847205955501009e+36
174 -8 1.5680878676472895e+35
72 -7 1.2976371671008719e+11
74 -7 4.2533116545840631e+14
76 -7 7.2183076027382144e+16
78 -7 3.7716927385315052e+18
80 -7 1.0063717334326585e+20
82 -7 1.7287981484894092e+21
84 -7 2.1814806818523424e+22
86 -7 2.1967868637796625e+23
88 -7 1.8564967704995805e+24
90 -7 1.3587250448460071e+25
92 -7 8.8481930900340196e+25
94 -7 5.2290676927397922e+26
96 -7 2.8339781964077586e+27
98 -7 1.4258991427947843e+28
100 -7 6.7032322693608464e+28
102 -7 2.9613501521246163e+29
104 -7 1.2367759606871405e+30
106 -7 4.8927724225353696e+30
108 -7 1.8400156899534167e+31
110 -7 6.5850138844498180e+31
112 -7 2.2486066179266425e+32
114 -7 7.3298154294612139e+32
116 -7 2.2832805371051636e+33
118 -7 6.7929692704827768e+33
120 -7 1.9308228521106801e+34
122 -7 5.2400616708914690e+34
124 -7 1.3584093552760751e+35
126 -7 3.3609725346402956e+35
128 -7 7.9259431784702201e+35
130 -7 1.7790013212025917e+36
132 -7 3.7955518360281809e+36
134 -7 7.6866150401743560e+36
136 -7 1.4743019049073827e+37
138 -7 2.6709852142206945e+37
140 -7 4.5634221143953743e+37
142 -7 7.3246768716312635e+37
144 -7 1.1011055532817661e+38
146 -7 1.5449481494169294e+38
148 -7 2.0136475904929401e+38
150 -7 2.4224579720272373e+38
152 -7 2.6755526889305509e+38
154 -7 2.6930773648487072e+38
156 -7 2.4471479320652005e+38
158 -7 1.9848932665508697e+38
160 -7 1.4176377345464124e+38
162 -7 8.7453795904764803e+37
164 -7 4.5415782442709794e+37
166 -7 1.9116640894330036e+37
168 -7 6.1417572325411352e+36
170 -7 1.3511695480932259e+36
172 -7 1.5497261954298056e+35
68 -6 8.3163621110402130e+10
70 -6 1.5152770811363897e+14
72 -6 2.1761385279949692e+16
74 -6 1.0459305468928192e+18
76 -6 2.6409206929242100e+19
78 -6 4.3787944695330990e+20
80 -6 5.3874161137235117e+21
82 -6 5.3291366214647583e+22
84 -6 4.4475460411200002e+23
86 -6 3.2337098960124954e+24
88 -6 2.0998312195108014e+25
90 -6 1.2395984366011807e+26
92 -6 6.7536594676396591e+26
94 -6 3.4241944335463906e+27
96 -6 1.6268876273798488e+28
98 -6 7.2844979916663235e+28
100 -6 3.0895591324757758e+29
102 -6 1.2441289080557078e+30
104 -6 4.7732171233927395e+30
106 -6 1.7503544691981709e+31
108 -6 6.1176969104373409e+31
110 -6 2.0483984152013211e+32
112 -6 6.5627308238291584e+32
114 -6 2.0130093543905666e+33
116 -6 5.9114239894731955e+33
118 -6 1.6612313539600263e+34
120 -6 4.4645706878134608e+34
122 -6 1.1476306938879093e+35
124 -6 2.8177140289302580e+35
126 -6 6.6044188009628431e+35
128 -6 1.4750667154529377e+36
130 -6 3.1335766974621991e+36
132 -6 6.3252893071738859e+36
134 -6 1.2090662756684023e+37
136 -6 2.1868409447967223e+37
138 -6 3.7293748514048060e+37
140 -6 5.9817515262043342e+37
142 -6 8.9932737635099555e+37
144 -6 1.2621723475959790e+38
146 -6 1.6449615037593272e+38
148 -6 1.9827811182776617e+38
150 -6 2.1951876777949695e+38
152 -6 2.2169543462086145e+38
154 -6 2.0206218300894211e+38
156 -6 1.6462081906965362e+38
158 -6 1.1818623509490389e+38
160 -6 7.3322395423326873e+37
162 -6 3.8345420858584584e+37
164 -6 1.6269213066803031e+37
166 -6 5.2776395271700889e+36
168 -6 1.1755366044326485e+36
170 -6 1.3692816622025342e+35
64 -5 3.8677268733361214e+10
66 -5 4.3914009925320750e+13
68 -5 5.4038119043165330e+15
70 -5 2.3871267792757053e+17
72 -5 5.7163459891735306e+18
74 -5 9.1392557574991184e+19
76 -5 1.0953783401042945e+21
78 -5 1.0622315762396737e+22
80 -5 8.7353548126656066e+22
82 -5 6.3013917206555962e+23
84 -5 4.0789020141676996e+24
86 -5 2.4077008882873029e+25
88 -5 1.3167476368407844e+26
90 -5 6.7311190217020220e+26
92 -5 3.2286438621626362e+27
94 -5 1.4663722428193306e+28
96 -5 6.3164228315430610e+28
98 -5 2.5895082947066302e+29
100 -5 1.0142255451110568e+30
102 -5 3.7993881725321599e+30
104 -5 1.3629894092127531e+31
106 -5 4.6842827615477275e+31
108 -5 1.5436111863450927e+32
110 -5 4.8786785872564125e+32
112 -5 1.4803965037679571e+33
114 -5 4.3008627139034910e+33
116 -5 1.1984839138924657e+34
118 -5 3.1981278649819867e+34
120 -5 8.1769815749315997e+34
122 -5 1.9984443811196220e+35
124 -5 4.6628373522926370e+35
126 -5 1.0390181698980137e+36
128 -5 2.2023927827608071e+36
130 -5 4.4383172387007390e+36
132 -5 8.4796114437786136e+36
134 -5 1.5339973562821324e+37
136 -5 2.6188103011309373e+37
138 -5 4.2057179825889678e+37
140 -5 6.3340296718028482e+37
142 -5 8.9074751534628677e+37
144 -5 1.1646641247349037e+38
146 -5 1.4085869300870119e+38
148 -5 1.5662816864985778e+38
150 -5 1.5896071102009493e+38
152 -5 1.4571671269380395e+38
154 -5 1.1948131851769192e+38
156 -5 8.6383062503682211e+37
158 -5 5.4007425023662705e+37
160 -5 2.8511583967549388e+37
162 -5 1.2222429428656319e+37
164 -5 4.0170020664239682e+36
166 -5 9.0736996789893509e+35
168 -5 1.0765824162211474e+35
60 -4 1.3241343507978390e+10
62 -4 1.0122703636867461e+13
64 -4 1.0776063467632420e+15
66 -4 4.4072643091550176e+16
68 -4 1.0000753525707469e+18
70 -4 1.5390194690382213e+19
72 -4 1.7925397833626786e+20
74 -4 1.7031677139177534e+21
76 -4 1.3802007812941048e+22
78 -4 9.8609385640890110e+22
80 -4 6.3543711440303146e+23
82 -4 3.7547679952230305e+24
84 -4 2.0612887652957437e+25
86 -4 1.0596477599499332e+26
88 -4 5.1481505075243139e+26
90 -4 2.3684513770251175e+27
92 -4 1.0372459150949988e+28
94 -4 4.3346102211601083e+28
96 -4 1.7336022023963821e+29
98 -4 6.6359265052858236e+29
100 -4 2.4409299561284283e+30
102 -4 8.6124898632721930e+30
104 -4 2.9205441047658891e+31
106 -4 9.5192817725953941e+31
108 -4 2.9812067876105267e+32
110 -4 8.9717819302180711e+32
112 -4 2.5916787045867021e+33
114 -4 7.1877992684098165e+33
116 -4 1.9099876636867423e+34
118 -4 4.8656703756399636e+34
120 -4 1.1872199429756306e+35
122 -4 2.7674247763344763e+35
124 -4 6.1610335773455762e+35
126 -4 1.3074177887164413e+36
128 -4 2.6354258371182016e+36
130 -4 5.0435456508638555e+36
132 -4 9.1502489150610154e+36
134 -4 1.5660022965812489e+37
136 -4 2.5254250002759002e+37
138 -4 3.8170778348937695e+37
140 -4 5.3956118794361510e+37
142 -4 7.0886142326672974e+37
144 -4 8.6251964142528440e+37
146 -4 9.6512480602135194e+37
148 -4 9.8584855787390624e+37
150 -4 9.1139965168464244e+37
152 -4 7.5389415954942983e+37
154 -4 5.4999633673117226e+37
156 -4 3.4774911881816144e+37
158 -4 1.8559939268268986e+37
160 -4 8.0621789250677556e+36
162 -4 2.6903342035328870e+36
164 -4 6.1834512193951397e+35
166 -4 7.4932229471032530e+34
56 -3 3.3112657398116751e+09
58 -3 1.8145246841072012e+12
60 -3 1.6905119930806250e+14
62 -3 6.3800922047094210e+15
64 -3 1.3730984583923834e+17
66 -3 2.0317399672796280e+18
68 -3 2.2998710861121155e+19
70 -3 2.1345879820647462e+20
72 -3 1.7013365102673695e+21
74 -3 1.2024802095269719e+22
76 -3 7.7228814469938958e+22
78 -3 4.5618648476010232e+23
80 -3 2.5194535133831111e+24
82 -3 1.3076013349555647e+25
84 -3 6.4272696504228336e+25
86 -3 3.0004928558604045e+26
88 -3 1.3380464177871050e+27
90 -3 5.7054724522085470e+27
92 -3 2.3314538300783014e+28
94 -3 9.1444409601822155e+28
96 -3 3.4518292212460577e+29
98 -3 1.2531896217356042e+30
100 -3 4.3750006259711549e+30
102 -3 1.4705713858285146e+31
104 -3 4.7587687337301623e+31
106 -3 1.4816769272420275e+32
108 -3 4.4395780622870714e+32
110 -3 1.2786286841849528e+33
112 -3 3.5386843024277043e+33
114 -3 9.3988047417576262e+33
116 -3 2.3965327764628101e+34
118 -3 5.8466784034720793e+34
120 -3 1.3665746161960168e+35
122 -3 3.0483450668527284e+35
124 -3 6.4828426855609442e+35
126 -3 1.3124654316343578e+36
128 -3 2.5232402960675314e+36
130 -3 4.5970965094663015e+36
132 -3 7.9130052429298457e+36
134 -3 1.2828193610372811e+37
136 -3 1.9524843551722625e+37
138 -3 2.7778587368893729e+37
140 -3 3.6790902063091372e+37
142 -3 4.5145770968698594e+37
144 -3 5.0987787277703676e+37
146 -3 5.2559200848890400e+37
148 -3 4.9084676161204660e+37
150 -3 4.1042261498278063e+37
152 -3 3.0305984086573740e+37
154 -3 1.9414354942983923e+37
156 -3 1.0516102115643125e+37
158 -3 4.6419296209995208e+36
160 -3 1.5757197075033676e+36
162 -3 3.6968765394838841e+35
164 -3 4.5889429493556861e+34
52 -2 5.9133822930470085e+08
54 -2 2.4280677780478223e+11
56 -2 1.9936117589064812e+13
58 -2 6.9600433468661425e+14
60 -2 1.4197656223608260e+16
62 -2 2.0145435166418784e+17
64 -2 2.2102023130964439e+18
66 -2 2.0051496640451916e+19
68 -2 1.5740245525030588e+20
70 -2 1.1021415368598724e+21
72 -2 7.0475140920679334e+21
74 -2 4.1802722735611233e+22
76 -2 2.3238258825413133e+23
78 -2 1.2192177692981870e+24
80 -2 6.0908923380860986e+24
82 -2 2.8936018736940851e+25
84 -2 1.3172871232307256e+26
86 -2 5.7478938544187900e+26
88 -2 2.4041335985074857e+27
90 -2 9.6919126730548725e+27
92 -2 3.7605477325404723e+28
94 -2 1.4048202287942639e+29
96 -2 5.0630318484942747e+29
98 -2 1.7571881794574964e+30
100 -2 5.8896754860878562e+30
102 -2 1.8996510693027960e+31
104 -2 5.9044470946900812e+31
106 -2 1.7700329826283760e+32
108 -2 5.1036640753407051e+32
110 -2 1.4146318549646234e+33
112 -2 3.7678733492889981e+33
114 -2 9.6428791836781820e+33
116 -2 2.3622523004584661e+34
118 -2 5.5391581385307381e+34
120 -2 1.2422251149012387e+35
122 -2 2.6604181178636894e+35
124 -2 5.4229018837795011e+35
126 -2 1.0496010096749653e+36
128 -2 1.9263657436528662e+36
130 -2 3.3422836636599162e+36
132 -2 5.4629591624012538e+36
134 -2 8.3936245634695240e+36
136 -2 1.2067924685653165e+37
138 -2 1.6148064081412476e+37
140 -2 2.0023883891505646e+37
142 -2 2.2881198361145255e+37
144 -2 2.3889881877337915e+37
146 -2 2.2595961033790285e+37
148 -2 1.9160223411425512e+37
150 -2 1.4351731487422795e+37
152 -2 9.3420479979647474e+36
154 -2 5.1478880389349912e+36
156 -2 2.3143882101489336e+36
158 -2 8.0293347698800109e+35
160 -2 1.9273809422135207e+35
162 -2 2.4601365153393853e+34
48 -1 7.1470696677787870e+07
50 -1 2.2836852098488556e+10
52 -1 1.6571578139162607e+12
54 -1 5.3551898105358516e+13
56 -1 1.0345422894785122e+15
58 -1 1.4062715779769186e+16
60 -1 1.4936692602764640e+17
62 -1 1.3208168323779909e+18
64 -1 1.0210535668667054e+19
66 -1 7.1090936896197542e+19
68 -1 4.5589350511825460e+20
70 -1 2.7319777356681912e+21
72 -1 1.5373085202960154e+22
74 -1 8.2256136674910310e+22
76 -1 4.1913406509346291e+23
78 -1 2.0406577300101211e+24
80 -1 9.5255231405994333e+24
82 -1 4.2698705210457583e+25
84 -1 1.8399515144628875e+26
86 -1 7.6436755196633230e+26
88 -1 3.0622789395838252e+27
90 -1 1.1823969801132244e+28
92 -1 4.4083648308165832e+28
94 -1 1.5872146230185646e+29
96 -1 5.5076959055333932e+29
98 -1 1.8464097125145927e+30
100 -1 5.9731259363675507e+30
102 -1 1.8645665461462332e+31
104 -1 5.6062420779585671e+31
106 -1 1.6246427850154092e+32
108 -1 4.5289394244094119e+32
110 -1 1.2145183389502596e+33
112 -1 3.1279111654897915e+33
114 -1 7.7193835873841261e+33
116 -1 1.8250369964036735e+34
118 -1 4.1286224389010078e+34
120 -1 8.9226193031421438e+34
122 -1 1.8363168182863298e+35
124 -1 3.5943638664404775e+35
126 -1 6.6648180101799874e+35
128 -1 1.1696010338065894e+36
130 -1 1.9336099499505792e+36
132 -1 3.0090996325092481e+36
134 -1 4.3772586868542796e+36
136 -1 5.9390942105371957e+36
138 -1 7.4663092672369355e+36
140 -1 8.6458312860708288e+36
142 -1 9.1676346488489525e+36
144 -1 8.8156915933742937e+36
146 -1 7.6012028538843266e+36
148 -1 5.7995643150748714e+36
150 -1 3.8449982490137065e+36
152 -1 2.1629953343527611e+36
154 -1 9.9377610059487084e+35
156 -1 3.5283091526025593e+35
158 -1 8.6932209688546526e+34
160 -1 1.1458142959473220e+34
44 0 5.2480313827690436e+06
46 0 1.3316012866864481e+09
48 0 8.6422347019367874e+10
50 0 2.5927141603458140e+12
52 0 4.7298110811234539e+13
54 0 6.1504717673818875e+14
56 0 6.3082275474182030e+15
58 0 5.4531268515801456e+16
60 0 4.1705739715453216e+17
62 0 2.9189231511122749e+18
64 0 1.9031989451194536e+19
66 0 1.1657317552496797e+20
68 0 6.7847321527833382e+20
70 0 3.7411121712543113e+21
72 0 1.9709595777427325e+22
74 0 9.9348402639248999e+22
76 0 4.8072744873105732e+23
78 0 2.2359282684716321e+24
80 0 9.9808480460740882e+24
82 0 4.3054666214642947e+25
84 0 1.7894127997346629e+26
86 0 7.1922820682155047e+26
88 0 2.7856507194443010e+27
90 0 1.0445487814820550e+28
92 0 3.7792126496979899e+28
94 0 1.3216157655341174e+29
96 0 4.4602240553412433e+29
98 0 1.4551452301385727e+30
100 0 4.5750039892807571e+30
102 0 1.3883809753465769e+31
104 0 4.0599183628703258e+31
106 0 1.1451209035714851e+32
108 0 3.1014652638135927e+32
110 0 8.0629280981026671e+32
112 0 2.0153600295469680e+33
114 0 4.8255246281061812e+33
116 0 1.1052451280228496e+34
118 0 2.4173816503794815e+34
120 0 5.0421377125811604e+34
122 0 9.9968905070121381e+34
124 0 1.8817392327164145e+35
126 0 3.3502952188957297e+35
128 0 5.6254886409895666e+35
130 0 8.8810394628136303e+35
132 0 1.3139463264564345e+36
134 0 1.8102061057509195e+36
136 0 2.3169454840297339e+36
138 0 2.7311223684603571e+36
140 0 2.9490163364156957e+36
142 0 2.8896703218847145e+36
144 0 2.5427989299706708e+36
146 0 1.9806535773453808e+36
148 0 1.3424035113170873e+36
150 0 7.7265931683001299e+35
152 0 3.6416989431035043e+35
154 0 1.3289551510298341e+35
156 0 3.3765268940853650e+34
158 0 4.6102963123908488e+33
38 1 2.4194350813976811e+01
40 1 1.7840394896015213e+05
42 1 3.6466559290142670e+07
44 1 2.1160671147504959e+09
46 1 5.8804660903859795e+10
48 1 1.0140733273001646e+12
50 1 1.2602222384385707e+13
52 1 1.2540897579728548e+14
54 1 1.0763728780787968e+15
56 1 8.4453232189505430e+15
58 1 6.1957674889625320e+16
60 1 4.2943372498449325e+17
62 1 2.8196187550237624e+18
64 1 1.7467195340393593e+19
66 1 1.0250399765214811e+20
68 1 5.7344223799384827e+20
70 1 3.0636822158948596e+21
72 1 1.5631711451672828e+22
74 1 7.6618600806529240e+22
76 1 3.6085212652626571e+23
78 1 1.6361243677465587e+24
80 1 7.1478190779362081e+24
82 1 3.0105345297386010e+25
84 1 1.2238313774389341e+26
86 1 4.8151616055613260e+26
88 1 1.8269554663641248e+27
90 1 6.7045606933031990e+27
92 1 2.3755911404441470e+28
94 1 8.1336395036830337e+28
96 1 2.6926953865555317e+29
98 1 8.5846578028157926e+29
100 1 2.6445057094692101e+30
102 1 7.8466127489578819e+30
104 1 2.2450624151629318e+31
106 1 6.1728684440796257e+31
108 1 1.6333269575671720e+32
110 1 4.1423420176517829e+32
112 1 1.0085767159157928e+33
114 1 2.3459959585593390e+33
116 1 5.2163156970779045e+33
118 1 1.1067970959693003e+34
120 1 2.2333216422703596e+34
122 1 4.2812901979424817e+34
124 1 7.7557062135256737e+34
126 1 1.3280248071359931e+35
128 1 2.1376678521267865e+35
130 1 3.2223153855067507e+35
132 1 4.5338303465430937e+35
134 1 5.9219236692011001e+35
136 1 7.1328285677022467e+35
138 1 7.8638174259818680e+35
140 1 7.8864395821101537e+35
142 1 7.1033159261326798e+35
144 1 5.6688183375433522e+35
146 1 3.9438860561267928e+35
148 1 2.3311566807471176e+35
150 1 1.1316187508862123e+35
152 1 4.2597397354769277e+34
154 1 1.1190855690084672e+34
156 1 1.5892855680575771e+33
42 2 2.4544359893521396e+03
44 2 7.9890868628652785e+06
46 2 1.2955369434262936e+09
48 2 6.6330449100842949e+10
50 2 1.7175648599389138e+12
52 2 2.8404564302399051e+13
54 2 3.4292624972467331e+14
56 2 3.3316546591640480e+15
58 2 2.7496998611032960e+16
60 2 2.0275459066590554e+17
62 2 1.3684559247596902e+18
64 2 8.6245270324511939e+18
66 2 5.1133241681900438e+19
68 2 2.8752867067192292e+20
70 2 1.5409624543582316e+21
72 2 7.8712656585614646e+21
74 2 3.8471604418700263e+22
76 2 1.8030179332049190e+23
78 2 8.1238141071368892e+23
80 2 3.5267473833348372e+24
82 2 1.4738884537846361e+25
84 2 5.9301002945642070e+25
86 2 2.3068646410521993e+26
88 2 8.6606349595204411e+26
90 2 3.1407179685328396e+27
92 2 1.0976850262251947e+28
94 2 3.7099332032962473e+28
96 2 1.2081935766416537e+29
98 2 3.8016774249639077e+29
100 2 1.1513111383331650e+30
102 2 3.3636939962428691e+30
104 2 9.4439330202169303e+30
106 2 2.5483973432529361e+31
108 2 6.6073243077623807e+31
110 2 1.6409477236719821e+32
112 2 3.9015800497071797e+32
114 2 8.8621157320952926e+32
116 2 1.9196321885121977e+33
118 2 3.9572694311999226e+33
120 2 7.7463909299406422e+33
122 2 1.4366949698399548e+34
124 2 2.5167250116157352e+34
126 2 4.1475754267383364e+34
128 2 6.4011773933859441e+34
130 2 9.2257546631678517e+34
132 2 1.2341150015623598e+35
134 2 1.5246315620911296e+35
136 2 1.7259612624260939e+35
138 2 1.7764537979824979e+35
140 2 1.6432062465572794e+35
142 2 1.3505831853618302e+35
144 2 9.6680403290265660e+34
146 2 5.8946569742190407e+34
148 2 2.9548740415127277e+34
150 2 1.1510212915921172e+34
152 2 3.1404863598201135e+33
154 2 4.6615790855646497e+32
46 3 1.1206388771232549e+05
48 3 1.6380020623403364e+08
50 3 2.0884453460848469e+10
52 3 9.4051724893491846e+11
54 3 2.2467930152634879e+13
56 3 3.5381279201306762e+14
58 3 4.1420973664611470e+15
60 3 3.9133577832194872e+16
62 3 3.1317054876486202e+17
64 3 2.2193193892610452e+18
66 3 1.4316902419401953e+19
68 3 8.5545886624492847e+19
70 3 4.7818775622742868e+20
72 3 2.5222561962306919e+21
74 3 1.2645317489685472e+22
76 3 6.0377618245044478e+22
78 3 2.7605339215576739e+23
80 3 1.2052810938492509e+24
82 3 5.0667010231200585e+24
84 3 2.0452995265188339e+25
86 3 7.9642385831062910e+25
88 3 2.9814002581967644e+26
90 3 1.0773274285116769e+27
92 3 3.7482343752426764e+27
94 3 1.2560870586066177e+28
96 3 4.0579209270718396e+28
98 3 1.2635916473558047e+29
100 3 3.7942674098524308e+29
102 3 1.0933660870032322e+30
104 3 3.0276275776272684e+30
106 3 8.0564917262546422e+30
108 3 2.0530466009860488e+31
110 3 5.0085933509580370e+31
112 3 1.1679372941585389e+32
114 3 2.5979891764060404e+32
116 3 5.4976146478469262e+32
118 3 1.1059043310084374e+33
120 3 2.1052265377733787e+33
122 3 3.7842447036769327e+33
124 3 6.4124616698561746e+33
126 3 1.0174627296605819e+34
128 3 1.5088024005023276e+34
130 3 2.0753630109514504e+34
132 3 2.6411727716154229e+34
134 3 3.0788220742036165e+34
136 3 3.2661138877428916e+34
138 3 3.1185142217786348e+34
140 3 2.6452580934120357e+34
142 3 1.9579286185074360e+34
144 3 1.2361932942610706e+34
146 3 6.4244556330843913e+33
148 3 2.6031234422833539e+33
150 3 7.4131995068520339e+32
152 3 1.1544068982767188e+32
50 4 2.4067175308749005e+06
52 4 1.9659809716022344e+09
54 4 2.0091615949986627e+11
56 4 7.9495393590496680e+12
58 4 1.7543789320940262e+14
60 4 2.6100738923834755e+15
62 4 2.9398592995141388e+16
64 4 2.6764083718202211e+17
66 4 2.0820137174587955e+18
68 4 1.4217701203174793e+19
70 4 8.8118058431588729e+19
72 4 5.0273454378890055e+20
74 4 2.6770374778676650e+21
76 4 1.3377979100023646e+22
78 4 6.3450444284862004e+22
80 4 2.8565067879834779e+23
82 4 1.2247084462898386e+24
84 4 5.0342288630114117e+24
86 4 1.9805204838797173e+25
88 4 7.4759667094092500e+25
90 4 2.7151946883992098e+26
92 4 9.4683508145918618e+26
94 4 3.1763020537475863e+27
96 4 1.0245944149086345e+28
98 4 3.1759249490812076e+28
100 4 9.4554950051854625e+28
102 4 2.7060826164842261e+29
104 4 7.4249688806535469e+29
106 4 1.9519557142844087e+30
108 4 4.9145234324341314e+30
110 4 1.1804395109935004e+31
112 4 2.7093645315367708e+31
114 4 5.9164551761185799e+31
116 4 1.2258671556084396e+32
118 4 2.4092886693937702e+32
120 4 4.4683439898479842e+32
122 4 7.8066547380829252e+32
124 4 1.2802388352492357e+33
126 4 1.9599255522368352e+33
128 4 2.7884615334266990e+33
130 4 3.6668694748961231e+33
132 4 4.4230349551470664e+33
134 4 4.8542323625976108e+33
136 4 4.8066423469303998e+33
138 4 4.2256829526690096e+33
140 4 3.2488308789477746e+33
142 4 2.1332629839056055e+33
144 4 1.1544551290506976e+33
146 4 4.8832416865714569e+32
148 4 1.4543160831611235e+32
150 4 2.3968024088778020e+31
54 5 3.1755599670148451e+07
56 5 1.5505720980475122e+10
58 5 1.2828984724695654e+12
60 5 4.4669901559670070e+13
62 5 9.0635125950116825e+14
64 5 1.2719665336124400e+16
66 5 1.3648710858790843e+17
68 5 1.1963663356603732e+18
70 5 8.9456384148747387e+18
72 5 5.8911799916175598e+19
74 5 3.5001249246833325e+20
76 5 1.9141846693143335e+21
78 5 9.6902487472411897e+21
80 5 4.6096399857093983e+22
82 5 2.0647985291603187e+23
84 5 8.7777227917909745e+23
86 5 3.5477322422226539e+24
88 5 1.3668436950089728e+25
90 5 5.0395179086474597e+25
92 5 1.7782987657960660e+26
94 5 6.0045856625259800e+26
96 5 1.9436819284966264e+27
98 5 6.0390888416159290e+27
100 5 1.7960497531229632e+28
102 5 5.1162943144517567e+28
104 5 1.3973460162626866e+29
106 5 3.6466314993172806e+29
108 5 9.0804939429160835e+29
110 5 2.1587597175478673e+30
112 5 4.8825894878647867e+30
114 5 1.0485583862472473e+31
116 5 2.1325556219282414e+31
118 5 4.1036442923394948e+31
120 5 7.4233561141439131e+31
122 5 1.2620237634115233e+32
124 5 2.0033677676804043e+32
126 5 2.9576360987451552e+32
128 5 4.0361191715038906e+32
130 5 5.0621611771188323e+32
132 5 5.7773512480576637e+32
134 5 5.9536474205144115e+32
136 5 5.4513395022523751e+32
138 5 4.3712565095841763e+32
140 5 2.9950659224732649e+32
142 5 1.6968683723815878e+32
144 5 7.5272111903267858e+31
146 5 2.3609412822757377e+31
148 5 4.1355596740235228e+30
58 6 2.6608545769207996e+08
60 6 8.4596787634108383e+10
62 6 5.6573574171837598e+12
64 6 1.7509465764051641e+14
66 6 3.2754688248401745e+15
68 6 4.3210169042103800e+16
70 6 4.4039039679833766e+17
72 6 3.6770627957393567e+18
74 6 2.6296312333280264e+19
76 6 1.6601826769069936e+20
78 6 9.4326868643456457e+20
80 6 4.9091018893002382e+21
82 6 2.3683665901343451e+22
84 6 1.0669710358494041e+23
86 6 4.5096215207582502e+23
88 6 1.8066813296499124e+24
90 6 6.8539436831182575e+24
92 6 2.4719927721553486e+25
94 6 8.4977850347950036e+25
96 6 2.7802418329928384e+26
98 6 8.7136888807682358e+26
100 6 2.6055229044480054e+27
102 6 7.4399599002878093e+27
104 6 2.0248635942020919e+28
106 6 5.2638510478728501e+28
108 6 1.3036988984414799e+29
110 6 3.0684370469100876e+29
112 6 6.8593933490611706e+29
114 6 1.4517854014925073e+30
116 6 2.9050202635097532e+30
118 6 5.4765120870461442e+30
120 6 9.6842748283793741e+30
122 6 1.6010612921425360e+31
124 6 2.4594837185793997e+31
126 6 3.5006776153022332e+31
128 6 4.5783898324494689e+31
130 6 5.4547008570940275e+31
132 6 5.8660136907243613e+31
134 6 5.6231296602149774e+31
136 6 4.7181015390722585e+31
138 6 3.3931977475868950e+31
140 6 2.0212707465146720e+31
142 6 9.4530831799953304e+30
144 6 3.1373265138397385e+30
146 6 5.8695197639005097e+29
62 7 1.5244112252161083e+09
64 7 3.2930823040129108e+11
66 7 1.7951552197634559e+13
68 7 4.9469793321642606e+14
70 7 8.4958306854226420e+15
72 7 1.0472436514040034e+17
74 7 1.0064708202600549e+18
76 7 7.9931091025961564e+18
78 7 5.4385791041100620e+19
80 7 3.2713549981299225e+20
82 7 1.7689955021616877e+21
84 7 8.7294999590314044e+21
86 7 3.9801997844373695e+22
88 7 1.6910067110927331e+23
90 7 6.7279644283537561e+23
92 7 2.5248993095267024e+24
94 7 8.9335025899482815e+24
96 7 2.9981803984635523e+25
98 7 9.5441562605695904e+25
100 7 2.8878572950756156e+26
102 7 8.3072971083523284e+26
104 7 2.2741910300719224e+27
106 7 5.9077786247324217e+27
108 7 1.4587444146708046e+28
110 7 3.4111109910188356e+28
112 7 7.5464641055521963e+28
114 7 1.5791188198065057e+29
116 7 3.1077981543391923e+29
118 7 5.7394488223104890e+29
120 7 9.9190403088989892e+29
122 7 1.5959285191639341e+30
124 7 2.3746629864834641e+30
126 7 3.2500230756023192e+30
128 7 4.0609469190065421e+30
130 7 4.5767755237709772e+30
132 7 4.6053518952744954e+30
134 7 4.0662618672698109e+30
136 7 3.0789799376160968e+30
138 7 1.9384355635502759e+30
140 7 9.5863978466462066e+29
142 7 3.3859969851169509e+29
144 7 6.8210974257069212e+28
66 8 5.9298057970336380e+09
68 8 9.3088092980797644e+11
70 8 4.1945582023550773e+13
72 8 1.0230370844568434e+15
74 8 1.6061984330127104e+16
76 8 1.8417655164856982e+17
78 8 1.6631005349535662e+18
80 8 1.2467751910182662e+19
82 8 8.0578782568296759e+19
84 8 4.5716411275457167e+20
86 8 2.3368194346866749e+21
88 8 1.0866782983808226e+22
90 8 4.6675075813358860e+22
92 8 1.8540749548032080e+23
94 8 6.8884985532000158e+23
96 8 2.4015710865076785e+24
98 8 7.8739185682281446e+24
100 8 2.4376735088853842e+25
102 8 7.1242361906892055e+25
104 8 1.9676861584718054e+26
106 8 5.1458613435782868e+26
108 8 1.2714181994317075e+27
110 8 2.9654079655542924e+27
112 8 6.5175290214730770e+27
114 8 1.3485170741713910e+28
116 8 2.6145571227518114e+28
118 8 4.7459442501106514e+28
120 8 8.0179056905614616e+28
122 8 1.2522081330533296e+29
124 8 1.8031557981829382e+29
126 8 2.3656760957530329e+29
128 8 2.8098871869719053e+29
130 8 2.9778050872886953e+29
132 8 2.7765151374765612e+29
134 8 2.2231438248688525e+29
136 8 1.4814770312715565e+29
138 8 7.8072364527086414e+28
140 8 2.9382476616928483e+28
142 8 6.4243124203687246e+27
70 9 1.6018084785745466e+10
72 9 1.9346016511887515e+12
74 9 7.2828537441503109e+13
76 9 1.5623782791237872e+15
78 9 2.2314742957459748e+16
80 9 2.3669570710645338e+17
82 9 2.0021978415130662e+18
84 9 1.4113325203746247e+19
86 9 8.5400491688352236e+19
88 9 4.5557630162684150e+20
90 9 2.1832310368056540e+21
92 9 9.5015212134776261e+21
94 9 3.7929071431686491e+22
96 9 1.4009346243921609e+23
98 9 4.8139054903913395e+23
100 9 1.5452844023812258e+24
102 9 4.6421978170598746e+24
104 9 1.3084831365423183e+25
106 9 3.4690184436602965e+25
108 9 8.6362050252777553e+25
110 9 2.0184546419991412e+26
112 9 4.4280078090880593e+26
114 9 9.0830466887537787e+26
116 9 1.7419249861217677e+27
118 9 3.1012780345869867e+27
120 9 5.1059440027096108e+27
122 9 7.7475834857728896e+27
124 9 1.0750692207200299e+28
126 9 1.3459200630453080e+28
128 9 1.5097088598502102e+28
130 9 1.4916584879401014e+28
132 9 1.2684628551452680e+28
134 9 8.9817001474954304e+27
136 9 5.0620200796117379e+27
138 9 2.0469719998676109e+27
140 9 4.8996199904041645e+26
72 10 4.9734785686367564e+06
74 10 3.0015923544934811e+10
76 10 2.9160635129004800e+12
78 10 9.3438388440032312e+13
80 10 1.7737666424299040e+15
82 10 2.2925819366242432e+16
84 10 2.2414933000604598e+17
86 10 1.7539511607806707e+18
88 10 1.1495761359660505e+19
90 10 6.4916126026421445e+19
92 10 3.2285152629159035e+20
94 10 1.4344157765973118e+21
96 10 5.7808121252186675e+21
98 10 2.1302446706643966e+22
100 10 7.2242871151417128e+22
102 10 2.2686905181659594e+23
104 10 6.6143987519674759e+23
106 10 1.7963277642662950e+24
108 10 4.5471809543287070e+24
110 10 1.0734754350877675e+25
112 10 2.3578281504539387e+25
114 10 4.8196700139395060e+25
116 10 9.1316770121137558e+25
118 10 1.5969494658788777e+26
120 10 2.5728333355169355e+26
122 10 3.7837897733359830e+26
124 10 5.0277951000490019e+26
126 10 5.9901644238919756e+26
128 10 6.2905444212439775e+26
130 10 5.6947228857324814e+26
132 10 4.3047483268275994e+26
134 10 2.6050192302361222e+26
136 10 1.1339752474749119e+26
138 10 2.9877073395582888e+25
76 11 6.3402918555092387e+07
78 11 3.9780619426705162e+10
80 11 3.2004979896933125e+12
82 11 8.8703354594625219e+13
84 11 1.4837242949282395e+15
86 11 1.7338803463568862e+16
88 11 1.5518027758536400e+17
90 11 1.1149791474317979e+18
92 11 6.7332735453527091e+18
94 11 3.4969458400580342e+19
96 11 1.6061107088397110e+20
98 11 6.5565993897382537e+20
100 11 2.4180144203749067e+21
102 11 8.1126676040681878e+21
104 11 2.4886519672881654e+22
106 11 7.0306243414713902e+22
108 11 1.8283441334251935e+23
110 11 4.4030216234104784e+23
112 11 9.7837001979439164e+23
114 11 2.0035127312436611e+24
116 11 3.7657203015352756e+24
118 11 6.4931202051973101e+24
120 11 1.0201353338449310e+25
122 11 1.4495380161640417e+25
124 11 1.8435359091219742e+25
126 11 2.0638080573369859e+25
128 11 2.0013163539163924e+25
130 11 1.6220696539266235e+25
132 11 1.0592236156059787e+25
134 11 4.9823626691449077e+24
136 11 1.4550946589421121e+24
80 12 1.5739313522944424e+08
82 12 3.8970579168773422e+10
84 12 2.5232614559678311e+12
86 12 6.1336895860883367e+13
88 12 9.0474011096157750e+14
90 12 9.5573441919220360e+15
92 12 7.7353336725436960e+16
94 12 5.0824043866193306e+17
96 12 2.7970196841015562e+18
98 12 1.3281167063293594e+19
100 12 5.5136454107938447e+19
102 12 2.0386677827271590e+20
104 12 6.7608511001799111e+20
106 12 2.0283528219551644e+21
108 12 5.5254034890175828e+21
110 12 1.3732775072414990e+22
112 12 3.1108690381563652e+22
114 12 6.4385532969769794e+22
116 12 1.2108161411460917e+23
118 12 2.0649672257284491e+23
120 12 3.1715807782673115e+23
122 12 4.3452664759834229e+23
124 12 5.2331272250876420e+23
126 12 5.4772172146468232e+23
128 12 4.7719266989256074e+23
130 12 3.3739456329594712e+23
132 12 1.7196272035015491e+23
134 12 5.6385627981743909e+22
84 13 2.7915486032397199e+08
86 13 2.8752303520527382e+10
88 13 1.4475998055482527e+12
90 13 3.0603989174834305e+13
92 13 4.0063591888860025e+14
94 13 3.7726158468749650e+15
96 13 2.7438934394733124e+16
98 13 1.6183195809616509e+17
100 13 8.0333430435559181e+17
102 13 3.4205565630225152e+18
104 13 1.2685020658795799e+19
106 13 4.1631620954655605e+19
108 13 1.2176376881981373e+20
110 13 3.1823173003822675e+20
112 13 7.4795609753228240e+20
114 13 1.5759299060428044e+21
116 13 2.9953711007931055e+21
118 13 5.0711151331962761e+21
120 13 7.6329130886560880e+21
122 13 1.0021422616662199e+22
124 13 1.1426637105378416e+22
126 13 1.0807983739873658e+22
128 13 8.3694702912543811e+21
130 13 4.6438131840658057e+21
132 13 1.7281416888608390e+21
88 14 2.8239620356400627e+08
90 14 1.6983134295513315e+10
92 14 6.1172218017915161e+11
94 14 1.0990031993172965e+13
96 14 1.2526115068600086e+14
98 14 1.0439146273437468e+15
100 14 6.7130961751345620e+15
102 14 3.5230914595747208e+16
104 14 1.5392045591917110e+17
106 14 5.7558282914778726e+17
108 14 1.8644641909555515e+18
110 14 5.2777673808638413e+18
112 14 1.3117222264191461e+19
114 14 2.8800543682947080e+19
116 14 5.5465954980809228e+19
118 14 9.4333517814675096e+19
120 14 1.3843803583384650e+20
122 14 1.7577713651282913e+20
124 14 1.8342437083580347e+20
126 14 1.5821275841077897e+20
128 14 9.5824629112997315e+19
130 14 4.1133376153406964e+19
92 15 1.9072185854585671e+08
94 15 7.2859341510904016e+09
96 15 1.9054951122031317e+11
98 15 2.7676319604438228e+12
100 15 2.7248163837979824e+13
102 15 1.9542511125264041e+14
104 15 1.0936978000204612e+15
106 15 4.9367057269855250e+15
108 15 1.8676564797932188e+16
110 15 5.8883551919894240e+16
112 15 1.6039923090930022e+17
114 15 3.7188869359304986e+17
116 15 7.5120811084557210e+17
118 15 1.2756734157769503e+18
120 15 1.8718519272401482e+18
122 15 2.2075175863103245e+18
124 15 2.1692720269719245e+18
126 15 1.4659606668962317e+18
128 15 7.4651832959239885e+17
96 16 7.2854012131544471e+07
98 16 2.2516456027900367e+09
100 16 4.0282097506471664e+10
102 16 4.8055620152146570e+11
104 16 3.8380130211234951e+12
106 16 2.3412530145018715e+13
108 16 1.0914105749956752e+14
110 16 4.1499638391531662e+14
112 16 1.2639649379439842e+15
114 16 3.2653743813597420e+15
116 16 6.8264638838036730e+15
118 16 1.2251081841825134e+16
120 16 1.6952748267978808e+16
122 16 2.0029488650289120e+16
124 16 1.5366932224879380e+16
126 16 9.6883212125236300e+15
100 17 1.7019172704766050e+07
102 17 3.9296454813753909e+08
104 17 5.6421955695975246e+09
106 17 4.9460329579536636e+10
108 17 3.3062877479363336e+11
110 17 1.5437380220977207e+12
112 17 5.9427257418302803e+12
114 17 1.6793564274071979e+13
116 17 4.0713372236479312e+13
118 17 7.0886167297409859e+13
120 17 1.0792620239628762e+14
122 17 9.7736229846994609e+13
124 17 8.1185105258235312e+13
104 18 1.6616171432406495e+06
106 18 3.7827824403667144e+07
108 18 3.6255461574066740e+08
110 18 2.7481747692634482e+09
112 18 1.2352134334514854e+10
114 18 4.9019662535029358e+10
116 18 1.1730309662646762e+11
118 18 2.6607134070143707e+11
120 18 2.9903375655603430e+11
122 18 3.6891233040238257e+11
108 19 5.6300370394493715e+04
110 19 7.8291887487208191e+05
112 19 9.4423139665174671e+06
114 19 3.6469272166102298e+07
116 19 1.7714690738617072e+08
118 19 2.6346403826142538e+08
120 19 6.3601777118563116e+08
116 20 3.4259299549868120e+02
118 20 1.1558889296304865e+05
