258 -49 8.6992224486112409e+03
260 -49 9.6146616802876917e+04
262 -49 3.4332143284914858e+05
264 -49 6.8720719526092429e+05
266 -49 1.1174744976208257e+06
268 -49 1.1429957344470290e+06
270 -49 8.5225889390688506e+05
272 -49 5.7506293330341147e+05
274 -49 1.5453156571605481e+05
246 -48 5.4931100577593718e+01
248 -48 2.8830854507651165e+03
250 -48 4.0507026829437418e+04
252 -48 2.7846457282953552e+05
254 -48 1.4511022218375958e+06
256 -48 6.4554774146497939e+06
258 -48 2.2064372984326497e+07
260 -48 5.0311785669823900e+07
262 -48 8.0432409158484921e+07
264 -48 1.0031596341969311e+08
266 -48 8.6026645805579916e+07
268 -48 5.6413896031196579e+07
270 -48 2.8510553133991718e+07
272 -48 5.6660235095190443e+06
240 -47 2.7925190306144339e+02
242 -47 9.8938415873028844e+03
244 -47 1.7563277505006408e+05
246 -47 1.9723398551527536e+06
248 -47 1.3804064789571105e+07
250 -47 6.5717157171250015e+07
252 -47 2.4946563863650745e+08
254 -47 7.6284737391385055e+08
256 -47 1.7849244018398042e+09
258 -47 3.1168801629903140e+09
260 -47 4.0743981932062621e+09
262 -47 4.1168800470912657e+09
264 -47 3.0409606300243444e+09
266 -47 1.7035934615431323e+09
268 -47 6.5453073400936460e+08
270 -47 1.0015105272392318e+08
236 -46 1.1173667984037351e+04
238 -46 3.6390254422162625e+05
240 -46 5.5053126897276314e+06
242 -46 5.3748799864712276e+07
244 -46 3.6144452784089214e+08
246 -46 1.7289040369855065e+09
248 -46 6.2877599333004799e+09
250 -46 1.8438606821875645e+10
252 -46 4.3248203748697754e+10
254 -46 7.9182608881480270e+10
256 -46 1.1302247745200684e+11
258 -46 1.2436282432527998e+11
260 -46 1.0586839251176633e+11
262 -46 6.7818244421190590e+10
264 -46 3.2160413578750999e+10
266 -46 9.9251062917525749e+09
268 -46 1.2674835105375028e+09
232 -45 2.3914490369471515e+05
234 -45 7.6839091041902779e+06
236 -45 1.1151680238384299e+08
238 -45 1.0270446533226689e+09
240 -45 6.6731585741292868e+09
242 -45 3.1962964253365368e+10
244 -45 1.1726979933402307e+11
246 -45 3.4137638652868915e+11
248 -45 8.0469299743964941e+11
250 -45 1.5341761838504353e+12
252 -45 2.3257269204636914e+12
254 -45 2.8061595809530420e+12
256 -45 2.6538761925622358e+12
258 -45 1.9636322605892195e+12
260 -45 1.1016307528752444e+12
262 -45 4.5003823530401416e+11
264 -45 1.1911945980404491e+11
266 -45 1.3647425132221439e+10
226 -44 1.1922182904646770e+02
228 -44 3.7264946550072203e+06
230 -44 1.1616618031279705e+08
232 -44 1.6714803986093702e+09
234 -44 1.5074816304942810e+10
236 -44 9.6238798610122726e+10
238 -44 4.6198400447127643e+11
240 -44 1.7165992962617258e+12
242 -44 5.0752424629829219e+12
244 -44 1.2211084911046250e+13
246 -44 2.4003306476845453e+13
248 -44 3.8486954322598648e+13
250 -44 5.0081062325336906e+13
252 -44 5.2425824524358609e+13
254 -44 4.3730991768515312e+13
256 -44 2.8702562256667211e+13
258 -44 1.4395169300570352e+13
260 -44 5.2588740222283105e+12
262 -44 1.2528267804623796e+12
264 -44 1.3353200026268292e+11
222 -43 4.6158679756919682e+03
224 -43 4.6339145543578573e+07
226 -43 1.4046765595254765e+09
228 -43 1.9974636843850994e+10
230 -43 1.7934025694598380e+11
232 -43 1.1420207209228293e+12
234 -43 5.5105533445917119e+12
236 -43 2.0814106748478367e+13
238 -43 6.2740374584669805e+13
240 -43 1.5540306123608928e+14
242 -43 3.1651797257246719e+14
244 -43 5.3370870328237138e+14
246 -43 7.4296120854765625e+14
248 -43 8.4823940664706025e+14
250 -43 7.9133141862579812e+14
252 -43 5.9358830029698475e+14
254 -43 3.5366607633331381e+14
256 -43 1.6207016046269812e+14
258 -43 5.4426126432069344e+13
260 -43 1.2023618804820262e+13
262 -43 1.2040269719617834e+12
218 -42 1.2429988440897714e+05
220 -42 4.8802901285217690e+08
222 -42 1.4253076366454206e+10
224 -42 2.0088453729084839e+11
226 -42 1.8069920137319355e+12
228 -42 1.1521836567831004e+13
230 -42 5.6081614550386500e+13
232 -42 2.1565508468022344e+14
234 -42 6.6809992204080875e+14
236 -42 1.7011859105136105e+15
238 -42 3.6022298871610185e+15
240 -42 6.3842510663506880e+15
242 -42 9.4535598886768100e+15
244 -42 1.1689656889058030e+16
246 -42 1.1993594506605380e+16
248 -42 1.0158666305248532e+16
250 -42 7.0012779962632430e+15
252 -42 3.8551793552486855e+15
254 -42 1.6484815761559112e+15
256 -42 5.1861268076143169e+14
258 -42 1.0738854541226272e+14
260 -42 1.0194147794248240e+13
214 -41 2.4128267334472043e+06
216 -41 4.3630408499712715e+09
218 -41 1.2537973993013107e+11
220 -41 1.7555073070956489e+12
222 -41 1.5765436543791520e+13
224 -41 1.0167671577192166e+14
226 -41 5.0144488847928650e+14
228 -41 1.9630192944528808e+15
230 -41 6.2576656725006040e+15
232 -41 1.6424041640020544e+16
234 -41 3.6181544644933112e+16
236 -41 6.7267555769417680e+16
238 -41 1.0565758605776150e+17
240 -41 1.4010410755105574e+17
242 -41 1.5719856924847994e+17
244 -41 1.4785960566497658e+17
246 -41 1.1555285743956798e+17
248 -41 7.4114736974301776e+16
250 -41 3.8367032658192352e+16
252 -41 1.5484971409683596e+16
254 -41 4.6038789817042290e+15
256 -41 9.0310267495329175e+14
258 -41 8.2171830479486719e+13
210 -40 3.3593014124318093e+07
212 -40 3.4259287774963966e+10
214 -40 9.7608068071979004e+11
216 -40 1.3582925625412984e+13
218 -40 1.2246703245379569e+14
220 -40 7.9752413610926075e+14
222 -40 3.9884935014330000e+15
224 -40 1.5958772403588462e+16
226 -40 5.2219542735047016e+16
228 -40 1.4192917402670058e+17
230 -40 3.2489667456743942e+17
232 -40 6.3161831995040333e+17
234 -40 1.0500326321308626e+18
236 -40 1.4920978887369690e+18
238 -40 1.8096648004733010e+18
240 -40 1.8679603791661819e+18
242 -40 1.6336425851941504e+18
244 -40 1.1974391408689631e+18
246 -40 7.2515322225022272e+17
248 -40 3.5592169338162298e+17
250 -40 1.3661398559939482e+17
252 -40 3.8814435245933640e+16
254 -40 7.2642012538213720e+15
256 -40 6.3669538392681162e+14
204 -39 1.7547949451687700e+02
206 -39 3.6828178941910917e+08
208 -39 2.3991387264399234e+11
210 -39 6.7594491762804248e+12
212 -39 9.4531124144049203e+13
214 -39 8.5648174330541338e+14
216 -39 5.6451219723777020e+15
218 -39 2.8730390467875696e+16
220 -39 1.1739271055363144e+17
222 -39 3.9493526532970752e+17
224 -39 1.1090272250663048e+18
226 -39 2.6390895500395940e+18
228 -39 5.3770421847446446e+18
230 -39 9.4189453646843576e+18
232 -39 1.4230020056629846e+19
234 -39 1.8552591629463814e+19
236 -39 2.0891197032977064e+19
238 -39 2.0130715327056400e+19
240 -39 1.6558804405147511e+19
242 -39 1.1489447802531172e+19
244 -39 6.6252594050596762e+18
246 -39 3.1100549485195494e+18
248 -39 1.1439722210256353e+18
250 -39 3.1113884806282496e+17
252 -39 5.5873081043475800e+16
254 -39 4.7285397934679980e+15
200 -38 1.4947052771576906e+04
202 -38 3.3926826679145675e+09
204 -38 1.5228414162412471e+12
206 -38 4.2758554248331758e+13
208 -38 5.9883488496544100e+14
210 -38 5.4602194482044810e+15
212 -38 3.6511002023446184e+16
214 -38 1.8946144813610083e+17
216 -38 7.9111390071095936e+17
218 -38 2.7303177796201380e+18
220 -38 7.9332389345946337e+18
222 -38 1.9618364002134721e+19
224 -38 4.1799828502843908e+19
226 -38 7.7026693144149672e+19
228 -38 1.2330541368572212e+20
230 -38 1.7219188221646242e+20
232 -38 2.0875355112432809e+20
234 -38 2.2000166352949894e+20
236 -38 2.0018221583917695e+20
238 -38 1.5642876413267345e+20
240 -38 1.0353389808496466e+20
242 -38 5.7162232047431541e+19
244 -38 2.5696119010502795e+19
246 -38 9.1187245869361981e+18
248 -38 2.3912240152166528e+18
250 -38 4.1363493187639366e+17
252 -38 3.3953884339329996e+16
196 -37 4.1027219516986451e+05
198 -37 2.7170877728439190e+10
200 -37 8.8995223606074258e+12
202 -37 2.4823116029477634e+14
204 -37 3.4988509858887835e+15
206 -37 3.2248725453478936e+16
208 -37 2.1816594286651021e+17
210 -37 1.1504569858496374e+18
212 -37 4.9217806229310444e+18
214 -37 1.7428780455297077e+19
216 -37 5.2283448039654875e+19
218 -37 1.3430074007531322e+20
220 -37 2.9795938693477545e+20
222 -37 5.7766609944794314e+20
224 -37 9.7633617815534187e+20
226 -37 1.4502024150814630e+21
228 -37 1.8878321384159073e+21
230 -37 2.1543009363404590e+21
232 -37 2.1474487910174784e+21
234 -37 1.8601499000634254e+21
236 -37 1.3852456336928418e+21
238 -37 8.8015720910247127e+20
240 -37 4.6737008579466101e+20
242 -37 2.0293600824364384e+20
244 -37 6.9439955365583020e+19
246 -37 1.7622908193772509e+19
248 -37 2.9463233984138788e+18
250 -37 2.3491169832770976e+17
192 -36 7.1115998812343515e+06
194 -36 1.9286922533065338e+11
196 -36 4.8356019054034211e+13
198 -36 1.3369783481280565e+15
200 -36 1.8914134099595648e+16
202 -36 1.7633036145784858e+17
204 -36 1.2102979720235955e+18
206 -36 6.5084115281057403e+18
208 -36 2.8404668271879356e+19
210 -36 1.0340514138634129e+20
212 -36 3.2004968683305520e+20
214 -36 8.5114978174284490e+20
216 -36 1.9673695835003966e+21
218 -36 3.9911682830951729e+21
220 -36 7.1148911033313458e+21
222 -36 1.1176288972079842e+22
224 -36 1.5530909582076611e+22
226 -36 1.9072037016574720e+22
228 -36 2.0602906056108007e+22
230 -36 1.9569697176307567e+22
232 -36 1.6223044107855882e+22
234 -36 1.1618459485289188e+22
236 -36 7.1008192458877064e+21
238 -36 3.6438903373275972e+21
240 -36 1.5331992308072812e+21
242 -36 5.0822719570086160e+20
244 -36 1.2482593704780361e+20
246 -36 2.0273193950336455e+19
248 -36 1.5782258123092109e+18
188 -35 1.1141704509352782e+08
190 -35 1.2384440595021675e+12
192 -35 2.4568801757337831e+14
194 -35 6.7287355107558390e+15
196 -35 9.5562234876825088e+16
198 -35 9.0069731394508032e+17
200 -35 6.2682066076843571e+18
202 -35 3.4262634122297573e+19
204 -35 1.5292037202068754e+20
206 -35 5.7099111932718193e+20
208 -35 1.8231859928436255e+21
210 -35 5.0213802505926764e+21
212 -35 1.2068895323942455e+22
214 -35 2.5553462842737740e+22
216 -35 4.7779402829672684e+22
218 -35 7.9262504269091403e+22
220 -35 1.1695415117607421e+23
222 -35 1.5337372354354846e+23
224 -35 1.7866701093717628e+23
226 -35 1.8441685588090782e+23
228 -35 1.6762430864127809e+23
230 -35 1.3351255604092555e+23
232 -35 9.2245668083408648e+22
234 -35 5.4557080909456676e+22
236 -35 2.7143806284895479e+22
238 -35 1.1073938397372608e+22
240 -35 3.5667383924466673e+21
242 -35 8.5242739459056625e+20
244 -35 1.3467261100383399e+20
246 -35 1.0230448948593064e+19
184 -34 1.3871943500608325e+09
186 -34 7.2494652252860439e+12
188 -34 1.1736151388780482e+15
190 -34 3.1763757468277648e+16
192 -34 4.5177321198281395e+17
194 -34 4.3033594385790490e+18
196 -34 3.0392677247027003e+19
198 -34 1.6903651083603303e+20
200 -34 7.7019338739269842e+20
202 -34 2.9513715616808923e+21
204 -34 9.6859883053155048e+21
206 -34 2.7580589350177569e+22
208 -34 6.8784807309621726e+22
210 -34 1.5168071250392901e+23
212 -34 2.9700533903930681e+23
214 -34 5.1828521914321944e+23
216 -34 8.0774131800823658e+23
218 -34 1.1290841258315081e+24
220 -34 1.4063879577783333e+24
222 -34 1.5652203392018945e+24
224 -34 1.5498950753662921e+24
226 -34 1.3554393891619832e+24
228 -34 1.0434989296827431e+24
230 -34 6.9692599371804046e+23
232 -34 3.9965922128949984e+23
234 -34 1.9311571373765960e+23
236 -34 7.6754593406916311e+22
238 -34 2.4078701685260899e+22
240 -34 5.6105697813568443e+21
242 -34 8.6319286813023325e+20
244 -34 6.4152375255542415e+19
180 -33 1.3535234177372519e+10
182 -33 3.9179575676749789e+13
184 -33 5.2888607246504570e+15
186 -33 1.4120460643357277e+17
188 -33 2.0105070606835361e+18
190 -33 1.9339508078566273e+19
192 -33 1.3833610174723300e+20
194 -33 7.8214855224916155e+20
196 -33 3.6362840142193015e+21
198 -33 1.4278470026883171e+22
200 -33 4.8097414403563568e+22
202 -33 1.4133096017137108e+23
204 -33 3.6535839592615510e+23
206 -33 8.3814453287741718e+23
208 -33 1.7131119367125546e+24
210 -33 3.1337907382632676e+24
212 -33 5.1484268823135719e+24
214 -33 7.6130488913112279e+24
216 -33 1.0094967995584913e+25
218 -33 1.2047021193677678e+25
220 -33 1.2872272928580213e+25
222 -33 1.2261647749730567e+25
224 -33 1.0367968698419506e+25
226 -33 7.7255484695905083e+24
228 -33 5.0166214051501626e+24
230 -33 2.7977667378200393e+24
232 -33 1.3176945376310545e+24
234 -33 5.1049011297363749e+23
236 -33 1.5633096761010211e+23
238 -33 3.5572725460123534e+22
240 -33 5.3456556305697504e+21
242 -33 3.8909962935767604e+20
176 -32 1.0970521088678131e+11
178 -32 1.9693575267082397e+14
180 -32 2.2418729486104892e+16
182 -32 5.9014330125562560e+17
184 -32 8.4363076483234703e+18
186 -32 8.1651103308765381e+19
188 -32 5.9067016442706775e+20
190 -32 3.3984190489972210e+21
192 -32 1.6108914931084409e+22
194 -32 6.4694193936040001e+22
196 -32 2.2386886196541906e+23
198 -32 6.7690790482632374e+23
200 -32 1.8113127235907668e+24
202 -32 4.3072389535276979e+24
204 -32 9.1617038743677141e+24
206 -32 1.7542797916010150e+25
208 -32 3.0273120543885054e+25
210 -32 4.7147014498920665e+25
212 -32 6.6359748132932099e+25
214 -32 8.4400238057675714e+25
216 -32 9.6778339295400388e+25
218 -32 9.9601452096257018e+25
220 -32 9.1811964616822678e+25
222 -32 7.5283085343315634e+25
224 -32 5.4460665700481679e+25
226 -32 3.4451434105298969e+25
228 -32 1.8738819576573325e+25
230 -32 8.6231635549836904e+24
232 -32 3.2600334965811716e+24
234 -32 9.7606375911445799e+23
236 -32 2.1717723929689829e+23
238 -32 3.1893197633474718e+22
240 -32 2.2839556762194068e+21
172 -31 7.7379418855107861e+11
174 -31 9.2029989531383288e+14
176 -31 8.9932852430308928e+16
178 -31 2.3320551078406810e+18
180 -31 3.3271611664872595e+19
182 -31 3.2367915639476565e+20
184 -31 2.3702716402675750e+21
186 -31 1.3844476966065087e+22
188 -31 6.6851906368426654e+22
190 -31 2.7429813661548973e+23
192 -31 9.7340459631035088e+23
194 -31 3.0314236885222084e+24
196 -31 8.3559020511893313e+24
198 -31 2.0593713986536480e+25
200 -31 4.5521392282585536e+25
202 -31 9.0943156062685857e+25
204 -31 1.6436670236997623e+26
206 -31 2.6899133932127213e+26
208 -31 4.0041379809358112e+26
210 -31 5.3936384656242243e+26
212 -31 6.5976919264602745e+26
214 -31 7.2988150696683248e+26
216 -31 7.2818546883714157e+26
218 -31 6.5129976045765799e+26
220 -31 5.1920765411396758e+26
222 -31 3.6593346973672514e+26
224 -31 2.2565932818002666e+26
226 -31 1.2001596871675989e+26
228 -31 5.3990698583213190e+25
230 -31 1.9997055063269834e+25
232 -31 5.8657094885174133e+24
234 -31 1.2776746095558908e+24
236 -31 1.8392425256694926e+23
238 -31 1.2907793543165467e+22
168 -30 4.8612936394502383e+12
170 -30 4.0125330118403005e+15
172 -30 3.4186934475295834e+17
174 -30 8.6588278637063209e+18
176 -30 1.2359355724282233e+20
178 -30 1.2079489474787229e+21
180 -30 8.9255467350524785e+21
182 -30 5.2860253511521577e+22
184 -30 2.5987737640464392e+23
186 -30 1.0885019969169471e+24
188 -30 3.9518125918628106e+24
190 -30 1.2641327348542438e+25
192 -30 3.5962823097433147e+25
194 -30 9.1570987402375161e+25
196 -30 2.1003836998475099e+26
198 -30 4.3619382212280652e+26
200 -30 8.2355131448153972e+26
202 -30 1.4144493388605503e+27
204 -30 2.2149947104660630e+27
206 -30 3.1593574548539733e+27
208 -30 4.1022791250646348e+27
210 -30 4.8477544580478349e+27
212 -30 5.1938391599716281e+27
214 -30 5.0302459519649888e+27
216 -30 4.3782708332851494e+27
218 -30 3.4008539622414199e+27
220 -30 2.3418333068873201e+27
222 -30 1.4122052100733099e+27
224 -30 7.3440777580017203e+26
226 -30 3.2374644055129456e+26
228 -30 1.1766990480437407e+26
230 -30 3.3840951840686904e+25
232 -30 7.2364134849633517e+24
234 -30 1.0216001368054109e+24
236 -30 7.0497044223912600e+22
164 -29 2.7249097176203906e+13
166 -29 1.6312034643601064e+16
168 -29 1.2234332432659451e+18
170 -29 3.0363363618494870e+19
172 -29 4.3007097091174334e+20
174 -29 4.2229580017000749e+21
176 -29 3.1499998372916112e+22
178 -29 1.8909384273005978e+23
180 -29 9.4467295179969952e+23
182 -29 4.0333367157297525e+24
184 -29 1.4984713281514026e+25
186 -29 4.9211310973465406e+25
188 -29 1.4387935681532376e+26
190 -29 3.7812400986708507e+26
192 -29 8.9826206125677101e+26
194 -29 1.9389344884345121e+27
196 -29 3.8148559447113696e+27
198 -29 6.8530853645124512e+27
200 -29 1.1245059251636937e+28
202 -29 1.6916247650562897e+28
204 -29 2.3262166288630846e+28
206 -29 2.9203741071816092e+28
208 -29 3.3482799995787637e+28
210 -29 3.4852422267782495e+28
212 -29 3.2850759838596329e+28
214 -29 2.7914328919671670e+28
216 -29 2.1190546542676862e+28
218 -29 1.4272807625216391e+28
220 -29 8.4308151055940720e+27
222 -29 4.3041894027078267e+27
224 -29 1.8623235099151398e+27
226 -29 6.6374423989037014e+26
228 -29 1.8773838333864391e+26
230 -29 3.9426087041341595e+25
232 -29 5.4609284386090011e+24
234 -29 3.7167117141924656e+23
158 -28 7.6180169693502605e+08
160 -28 1.3859423379609138e+14
162 -28 6.1615704008905128e+16
164 -28 4.1254738535852774e+18
166 -28 9.9819941994209919e+19
168 -28 1.4045278739736769e+21
170 -28 1.3815014418968356e+22
172 -28 1.0398839598326776e+23
174 -28 6.3122288727771633e+23
176 -28 3.2065448848355865e+24
178 -28 1.3946608527483649e+25
180 -28 5.3008773009219552e+25
182 -28 1.7826065981129146e+26
184 -28 5.3581149370392151e+26
186 -28 1.4508137151417008e+27
188 -28 3.5645771513181765e+27
190 -28 7.9746320086040344e+27
192 -28 1.6308866692557372e+28
194 -28 3.0555552969382218e+28
196 -28 5.2562642166935560e+28
198 -28 8.3005737495662222e+28
200 -28 1.2043198880975510e+29
202 -28 1.6012906261226701e+29
204 -28 1.9533383946314955e+29
206 -28 2.1768593920793104e+29
208 -28 2.2096435906046151e+29
210 -28 2.0333370735026105e+29
212 -28 1.6885422722234620e+29
214 -28 1.2557652659538644e+29
216 -28 8.2974100578313925e+28
218 -28 4.8071013441367158e+28
220 -28 2.4087779266791452e+28
222 -28 1.0238945543742615e+28
224 -28 3.5919195922139154e+27
226 -28 9.9893061774881695e+26
228 -28 2.0624758135623474e+26
230 -28 2.8126171136474574e+25
232 -28 1.8854360537823041e+24
154 -27 1.6140776761100603e+10
156 -27 6.3775588892926500e+14
158 -27 2.1624439776228742e+17
160 -27 1.3060728231363164e+19
162 -27 3.0632392970642719e+20
164 -27 4.2866147126795635e+21
166 -27 4.2199755638747194e+22
168 -27 3.2009880863551814e+23
170 -27 1.9643368768065595e+24
172 -27 1.0109414046024351e+25
174 -27 4.4881260338896633e+25
176 -27 1.7391139685768487e+26
178 -27 5.9861357691883233e+26
180 -27 1.8489015540303635e+27
182 -27 5.1603845257437845e+27
184 -27 1.3084811068884224e+28
186 -27 3.0282811781717079e+28
188 -27 6.4277713828837734e+28
190 -27 1.2553281283973621e+29
192 -27 2.2545984034405050e+29
194 -27 3.7309547362970386e+29
196 -27 5.6911350039183537e+29
198 -27 7.9986963024046941e+29
200 -27 1.0345353452773605e+30
202 -27 1.2272921882127319e+30
204 -27 1.3339262156964443e+30
206 -27 1.3225412352572623e+30
208 -27 1.1921607894237954e+30
210 -27 9.7071989690565076e+29
212 -27 7.0749389531077164e+29
214 -27 4.5889511481142220e+29
216 -27 2.6146881410268755e+29
218 -27 1.2894095012444571e+29
220 -27 5.3903814565731610e+28
222 -27 1.8609560747917375e+28
224 -27 5.0943232890050930e+27
226 -27 1.0362782472471165e+27
228 -27 1.3928162154972599e+26
230 -27 9.1983880589713718e+24
150 -26 1.9267935388451147e+11
152 -26 2.6625989331716095e+15
154 -26 7.0232513225554970e+17
156 -26 3.8526930466830918e+19
158 -26 8.7862413317022299e+20
160 -26 1.2193134354550860e+22
162 -26 1.2021339343904374e+23
164 -26 9.1620498783588181e+23
166 -26 5.6844946030738096e+24
168 -26 2.9698019885137678e+25
170 -26 1.3380113717452647e+26
172 -26 5.2959216690202988e+26
174 -26 1.8655134874307384e+27
176 -26 5.9087407507677457e+27
178 -26 1.6931545935734816e+28
180 -26 4.4291053153546537e+28
182 -26 1.0609788283004032e+29
184 -26 2.3359293775811414e+29
186 -26 4.7375750443072623e+29
188 -26 8.8735626975090856e+29
190 -26 1.5362864294593484e+30
192 -26 2.4577679695830922e+30
194 -26 3.6366035056041292e+30
196 -26 4.9664414592604214e+30
198 -26 6.2577356975736092e+30
200 -26 7.2534645121001071e+30
202 -26 7.7103388187390840e+30
204 -26 7.4856340014658966e+30
206 -26 6.6145804057420577e+30
208 -26 5.2867459459261076e+30
210 -26 3.7908066215676561e+30
212 -26 2.4184840148625589e+30
214 -26 1.3552574430566040e+30
216 -26 6.5827150855327513e+29
218 -26 2.7123976853633983e+29
220 -26 9.2283260756673402e+28
222 -26 2.4891916918220469e+28
224 -26 4.9965949888510770e+27
226 -26 6.6128544581314436e+26
228 -26 4.3226403012754107e+25
146 -25 1.6189490666512400e+12
148 -25 1.0010927433745694e+16
150 -25 2.1210697070468265e+18
152 -25 1.0602962686137996e+20
154 -25 2.3476827254002656e+21
156 -25 3.2278600661770099e+22
158 -25 3.1789676113633179e+23
160 -25 2.4333885357015932e+24
162 -25 1.5237600999118312e+25
164 -25 8.0697048814978390e+25
166 -25 3.6959892205533991e+26
168 -25 1.4912405453661476e+27
170 -25 5.3699959914330721e+27
172 -25 1.7429743266366115e+28
174 -25 5.1347931842968015e+28
176 -25 1.3833832867840377e+29
178 -25 3.4216289082527460e+29
180 -25 7.8008880438193679e+29
182 -25 1.6419453747700310e+30
184 -25 3.2007300151203276e+30
186 -25 5.7848825565820484e+30
188 -25 9.6894117718341852e+30
190 -25 1.5055761737054518e+31
192 -25 2.1668116131564774e+31
194 -25 2.8853709948387937e+31
196 -25 3.5527854407972366e+31
198 -25 4.0307396951138956e+31
200 -25 4.2001766052081551e+31
202 -25 4.0027956389052594e+31
204 -25 3.4751972083736454e+31
206 -25 2.7293600736721690e+31
208 -25 1.9275039409828719e+31
210 -25 1.2106810668489774e+31
212 -25 6.6911957849038201e+30
214 -25 3.2043846285840683e+30
216 -25 1.3025065467830460e+30
218 -25 4.3712182944429777e+29
220 -25 1.1635808086331224e+29
222 -25 2.3042445898075123e+28
224 -25 3.0159784860403690e+27
226 -25 1.9488160784382442e+26
142 -24 1.0424616196899410e+13
144 -24 3.4120443071419384e+16
146 -24 5.9087705639945595e+18
148 -24 2.7095499631760582e+20
150 -24 5.8247930423828986e+21
152 -24 7.8991917883342469e+22
154 -24 7.7616204488199159e+23
156 -24 5.9802025788566602e+24
158 -24 3.7778722518890955e+25
160 -24 2.0256330294225634e+26
162 -24 9.4238924094924001e+26
164 -24 3.8750459874725153e+27
166 -24 1.4239347485841049e+28
168 -24 4.7347617621068921e+28
170 -24 1.4332977562839809e+29
172 -24 3.9712040211009463e+29
174 -24 1.0135637853193268e+30
176 -24 2.3888475159542351e+30
178 -24 5.2129756805715679e+30
180 -24 1.0566697299446546e+31
182 -24 1.9878406399119153e+31
184 -24 3.4826001942784563e+31
186 -24 5.6694393042019555e+31
188 -24 8.5772202862992298e+31
190 -24 1.2047880012651608e+32
192 -24 1.5696061846494284e+32
194 -24 1.8933583437393879e+32
196 -24 2.1068817345832582e+32
198 -24 2.1567603423249032e+32
200 -24 2.0214956412577572e+32
202 -24 1.7260976239849484e+32
204 -24 1.3364478957091465e+32
206 -24 9.2976146179482884e+31
208 -24 5.7617287357507689e+31
210 -24 3.1430310722133102e+31
212 -24 1.4851749206143023e+31
214 -24 5.9621757748040693e+30
216 -24 1.9771718228313754e+30
218 -24 5.1989572036236633e+29
220 -24 1.0174412932974546e+29
222 -24 1.3172149343201563e+28
224 -24 8.4155483797051653e+26
138 -23 5.5032618126590492e+13
140 -23 1.0516675695731229e+17
142 -23 1.5157525826948524e+19
144 -23 6.3953644354689932e+20
146 -23 1.3327467199474386e+22
148 -23 1.7874340771380091e+23
150 -23 1.7505353436135618e+24
152 -23 1.3544911967890216e+25
154 -23 8.6281158360065977e+25
156 -23 4.6841940837720646e+26
158 -23 2.2122379196349634e+27
160 -23 9.2564915633844460e+27
162 -23 3.4749354831589131e+28
164 -23 1.1815473511393097e+29
166 -23 3.6654484295768600e+29
168 -23 1.0453233792530736e+30
170 -23 2.7492059019088997e+30
172 -23 6.6981143335824039e+30
174 -23 1.5144941246334467e+31
176 -23 3.1824216572465131e+31
178 -23 6.2363136603995232e+31
180 -23 1.1386938542017175e+32
182 -23 1.9397554734370592e+32
184 -23 3.0792444232232138e+32
186 -23 4.5513367538318669e+32
188 -23 6.2587608212250388e+32
190 -23 7.9969189244125496e+32
192 -23 9.4643044479644805e+32
194 -23 1.0348770874860167e+33
196 -23 1.0425147252269106e+33
198 -23 9.6265543471221492e+32
200 -23 8.1063373609665265e+32
202 -23 6.1872153402924653e+32
204 -23 4.2518104756235854e+32
206 -23 2.6004770269684643e+32
208 -23 1.4022786651787896e+32
210 -23 6.5462131915933902e+31
212 -23 2.5975127125386047e+31
214 -23 8.5222286531334733e+30
216 -23 2.2168451958518801e+30
218 -23 4.2895302175919134e+29
220 -23 5.4991643395919895e+28
222 -23 3.4841896080588461e+27
134 -22 2.4125863405859197e+14
136 -22 2.9348432258910970e+17
138 -22 3.5578960968939946e+19
140 -22 1.3900406786172272e+21
142 -22 2.8155701166607325e+22
144 -22 3.7186005772828858e+23
146 -22 3.6422840454357997e+24
148 -22 2.8222948627635938e+25
150 -22 1.8102295972903034e+26
152 -22 9.9345898755739589e+26
154 -22 4.7664797423233538e+27
156 -22 2.0287949110723018e+28
158 -22 7.7707960061954722e+28
160 -22 2.7015097571303511e+29
162 -22 8.5948064175085585e+29
164 -22 2.5167586368215537e+30
166 -22 6.8216373211951850e+30
168 -22 1.7143318996504347e+31
170 -22 4.0108333509502482e+31
172 -22 8.7386675987878565e+31
174 -22 1.7783199644912657e+32
176 -22 3.3807339340411431e+32
178 -22 6.0131869322363259e+32
180 -22 9.9967835912392973e+32
182 -22 1.5517800308528965e+33
184 -22 2.2481504766812732e+33
186 -22 3.0326719925362470e+33
188 -22 3.8060062395073440e+33
190 -22 4.4344354908914817e+33
192 -22 4.7782596327403773e+33
194 -22 4.7426671090592160e+33
196 -22 4.3206947854693980e+33
198 -22 3.5920664578337622e+33
200 -22 2.7089652867360941e+33
202 -22 1.8406117532748229e+33
204 -22 1.1133719379009462e+33
206 -22 5.9296487690331139e+32
208 -22 2.7400963201586359e+32
210 -22 1.0762502424006389e+32
212 -22 3.4980079861398262e+31
214 -22 9.0111910603507996e+30
216 -22 1.7273015689347205e+30
218 -22 2.1927320114953198e+29
220 -22 1.3782557733340206e+28
130 -21 8.9746543135737662e+14
132 -21 7.3637844291622733e+17
134 -21 7.6345440238715650e+19
136 -21 2.7785067775349385e+21
138 -21 5.4491881446490973e+22
140 -21 7.1108579863057708e+23
142 -21 6.9282662255734123e+24
144 -21 5.3797874355446013e+25
146 -21 3.4772766828426486e+26
148 -21 1.9284846627807194e+27
150 -21 9.3763254212892432e+27
152 -21 4.0614720617528321e+28
154 -21 1.5863097771620920e+29
156 -21 5.6351473849756411e+29
158 -21 1.8367455096932108e+30
160 -21 5.5281843448657512e+30
162 -21 1.5407299216896087e+31
164 -21 3.9954369115457549e+31
166 -21 9.6538443898697691e+31
168 -21 2.1800321753425044e+32
170 -21 4.6032371767240916e+32
172 -21 9.1118288349287102e+32
174 -21 1.6888890800947694e+33
176 -21 2.9325106934542906e+33
178 -21 4.7718416640138972e+33
180 -21 7.2651760248960005e+33
182 -21 1.0332249741102854e+34
184 -21 1.3715937862181608e+34
186 -21 1.6960337605479101e+34
188 -21 1.9456828021273097e+34
190 -21 2.0689347509038829e+34
192 -21 2.0279549564617907e+34
194 -21 1.8263790689459109e+34
196 -21 1.5005711514956669e+34
198 -21 1.1199941752909176e+34
200 -21 7.5194480433441542e+33
202 -21 4.5020824688593650e+33
204 -21 2.3756410726801068e+33
206 -21 1.0875756080033327e+33
208 -21 4.2362037100317206e+32
210 -21 1.3631903438710302e+32
212 -21 3.4818381218118569e+31
214 -21 6.6155086362403672e+30
216 -21 8.3247625123279214e+29
218 -21 5.1929320540751889e+28
126 -20 2.8573412360300040e+15
128 -20 1.6597872292970770e+18
130 -20 1.4871532694559592e+20
132 -20 5.0730972610325528e+21
134 -20 9.6570988159254204e+22
136 -20 1.2418403248630012e+24
138 -20 1.2043068415566938e+25
140 -20 9.3672567192350421e+25
142 -20 6.0887323317359142e+26
144 -20 3.4167266221983129e+27
146 -20 1.6825925813412974e+28
148 -20 7.4010061069170388e+28
150 -20 2.9445620962991280e+29
152 -20 1.0705453575511261e+30
154 -20 3.5743466360202130e+30
156 -20 1.1033336512070637e+31
158 -20 3.1632424105089959e+31
160 -20 8.4486873772996315e+31
162 -20 2.1074353933862926e+32
164 -20 4.9236913648208900e+32
166 -20 1.0779004197412494e+33
168 -20 2.2177534067604897e+33
170 -20 4.2788408577908107e+33
172 -20 7.7595284315702015e+33
174 -20 1.3214492912103959e+34
176 -20 2.1103038325837588e+34
178 -20 3.1577761548196245e+34
180 -20 4.4230103145931798e+34
182 -20 5.7832761422874901e+34
184 -20 7.0504865871742512e+34
186 -20 7.9928579671214346e+34
188 -20 8.3922111001796575e+34
190 -20 8.1399981714999818e+34
192 -20 7.2513265657370605e+34
194 -20 5.8978353535267265e+34
196 -20 4.3578788853510492e+34
198 -20 2.9010023405354112e+34
200 -20 1.7210344786903615e+34
202 -20 9.0055251116845001e+33
204 -20 4.0864561365524927e+33
206 -20 1.5794560059580667e+33
208 -20 5.0396752846282601e+32
210 -20 1.2770299903354364e+32
212 -20 2.4092542729197485e+31
214 -20 3.0123360847043554e+30
216 -20 1.8711611039793393e+29
122 -19 7.8695238803054900e+15
124 -19 3.3546452666607734e+18
126 -19 2.6323684310682596e+20
128 -19 8.4213495926271959e+21
130 -19 1.5550575203700765e+23
132 -19 1.9720232527632336e+24
134 -19 1.9038850011381067e+25
136 -19 1.4823288440160968e+26
138 -19 9.7035609269097229e+26
140 -19 5.4872148289120595e+27
142 -19 2.7425816823262723e+28
144 -19 1.2256894610869138e+29
146 -19 4.9714032003383350e+29
148 -19 1.8431646630408872e+30
150 -19 6.2981232392849133e+30
152 -19 1.9934807786572196e+31
154 -19 5.8751616615914986e+31
156 -19 1.6151356551128158e+32
158 -19 4.1597229204556194e+32
160 -19 1.0049364881925849e+33
162 -19 2.2781446783007027e+33
164 -19 4.8616513322421030e+33
166 -19 9.7673496960900385e+33
168 -19 1.8458391712161017e+34
170 -19 3.2822521785770131e+34
172 -19 5.4897754217487259e+34
174 -19 8.6277488703528973e+34
176 -19 1.2718346454964924e+35
178 -19 1.7572821308151408e+35
180 -19 2.2711235225761188e+35
182 -19 2.7346288069146653e+35
184 -19 3.0655069662149937e+35
186 -19 3.1858051640385434e+35
188 -19 3.0582311804798144e+35
190 -19 2.7000421602252761e+35
192 -19 2.1772861402659189e+35
194 -19 1.5958936356269245e+35
196 -19 1.0532475860415220e+35
198 -19 6.2007309817369593e+34
200 -19 3.2203516039636144e+34
202 -19 1.4506742127043966e+34
204 -19 5.5631091935095923e+33
206 -19 1.7635251876457440e+33
208 -19 4.4405793113753652e+32
210 -19 8.3361471787643679e+31
212 -19 1.0360763737375438e+31
214 -19 6.4057314378830815e+29
116 -18 2.9694236236201904e+11
118 -18 1.8740997597640888e+16
120 -18 6.0465360784770836e+18
122 -18 4.2117398685312411e+20
124 -18 1.2688966944392389e+22
126 -18 2.2711824887784886e+23
128 -18 2.8457343214681637e+24
130 -18 2.7279424178494989e+25
132 -18 2.1240029511960947e+26
134 -18 1.3982777329122266e+27
136 -18 7.9866254766712584e+27
138 -18 4.0390861951660002e+28
140 -18 1.8353065816297409e+29
142 -18 7.5711690996424303e+29
144 -18 2.8658396642788180e+30
146 -18 1.0011556762895213e+31
148 -18 3.2508322598967245e+31
150 -18 9.8356607788796554e+31
152 -18 2.7811793809882299e+32
154 -18 7.3851750496213286e+32
156 -18 1.8434973392460024e+33
158 -18 4.3287902034198090e+33
160 -18 9.5842650198889653e+33
162 -18 1.9993495584759891e+34
164 -18 3.9349664665871038e+34
166 -18 7.2971940052914946e+34
168 -18 1.2770735169314608e+35
170 -18 2.1026562471382168e+35
172 -18 3.2605300442619562e+35
174 -18 4.7467922668974975e+35
176 -18 6.4798101273324395e+35
178 -18 8.2776329193475076e+35
180 -18 9.8806180993494893e+35
182 -18 1.0967160626218082e+36
184 -18 1.1297872106033220e+36
186 -18 1.0754409849828409e+36
188 -18 9.4138438814184138e+35
190 -18 7.5328039569838131e+35
192 -18 5.4811669601464982e+35
194 -18 3.5931610692709791e+35
196 -18 2.1025552106528805e+35
198 -18 1.0840087551276294e+35
200 -18 4.8558754943052779e+34
202 -18 1.8491320392047210e+34
204 -18 5.8332114364847410e+33
206 -18 1.4616730591442569e+33
208 -18 2.7282000336873906e+32
210 -18 3.3777235227329266e+31
212 -18 2.0846401351568421e+30
112 -17 2.6513300818252866e+12
114 -17 3.8525718581577064e+16
116 -17 9.7258230097472225e+18
118 -17 6.0606769711945666e+20
120 -17 1.7280423079828370e+22
122 -17 3.0004387972988998e+23
124 -17 3.6955613521923016e+24
126 -17 3.5254584784061365e+25
128 -17 2.7458475644656446e+26
130 -17 1.8160804825844641e+27
132 -17 1.0473966890342583e+28
134 -17 5.3572526931150084e+28
136 -17 2.4716569458678444e+29
138 -17 1.0383922774906505e+30
140 -17 4.0072571227089269e+30
142 -17 1.4315533350792737e+31
144 -17 4.7610561458135709e+31
146 -17 1.4777396891044967e+32
148 -17 4.3017646119455549e+32
150 -17 1.1765426268416707e+33
152 -17 3.0301229790909081e+33
154 -17 7.3647198884745036e+33
156 -17 1.6886154025619730e+34
158 -17 3.6601429052633861e+34
160 -17 7.4912923646657658e+34
162 -17 1.4492356700804653e+35
164 -17 2.6464584839564659e+35
166 -17 4.5656610977037682e+35
168 -17 7.4209793925234837e+35
170 -17 1.1365879543279570e+36
172 -17 1.6371137893729748e+36
174 -17 2.2126219451941673e+36
176 -17 2.8021518227712721e+36
178 -17 3.3135450483815518e+36
180 -17 3.6500331081096924e+36
182 -17 3.7313378428600653e+36
184 -17 3.5266897193394640e+36
186 -17 3.0668241258855898e+36
188 -17 2.4389138715194601e+36
190 -17 1.7629297355957795e+36
192 -17 1.1488969263169678e+36
194 -17 6.6842962002024624e+35
196 -17 3.4280762149574873e+35
198 -17 1.5275352584139847e+35
200 -17 5.7899523056157191e+34
202 -17 1.8176291954887268e+34
204 -17 4.5361975678903319e+33
206 -17 8.4375811997878917e+32
208 -17 1.0419856574415672e+32
210 -17 6.4145032474311948e+30
108 -16 1.2159705024264641e+13
110 -16 6.8586225604580048e+16
112 -16 1.3895607580173978e+19
114 -16 7.7970760707587362e+20
116 -16 2.1118524644521255e+22
118 -16 3.5620698878797163e+23
120 -16 4.3217141772053399e+24
122 -16 4.0945624334410947e+25
124 -16 3.1906975020157379e+26
126 -16 2.1189857065435856e+27
128 -16 1.2317135630034401e+28
130 -16 6.3797591923460752e+28
132 -16 2.9860327670403107e+29
134 -16 1.2751465183634402e+30
136 -16 5.0165964221619961e+30
138 -16 1.8318644705864296e+31
140 -16 6.2349882583110511e+31
142 -16 1.9871339946835123e+32
144 -16 5.9445375266981556e+32
146 -16 1.6749874222026916e+33
148 -16 4.4497722559391784e+33
150 -16 1.1174312578850206e+34
152 -16 2.6547162865687770e+34
154 -16 5.9691778572818905e+34
156 -16 1.2701949584728204e+35
158 -16 2.5587325570248181e+35
160 -16 4.8731497851433459e+35
162 -16 8.7844491330972178e+35
164 -16 1.4962691719102188e+36
166 -16 2.4069171607219523e+36
168 -16 3.6491861199995657e+36
170 -16 5.2103235671960313e+36
172 -16 6.9815459768506909e+36
174 -16 8.7731261651205322e+36
176 -16 1.0302199570327011e+37
178 -16 1.1273538193406826e+37
180 -16 1.1455995978149297e+37
182 -16 1.0766812366068603e+37
184 -16 9.3099173885401790e+36
186 -16 7.3591407213095998e+36
188 -16 5.2953256277881785e+36
190 -16 3.4355770639497658e+36
192 -16 1.9896429800455960e+36
194 -16 1.0167397032924860e+36
196 -16 4.5085043852132334e+35
198 -16 1.7038962225372377e+35
200 -16 5.3289362971037691e+34
202 -16 1.3250616419294447e+34
204 -16 2.4600964787488440e+33
206 -16 3.0346318492065638e+32
208 -16 1.8684343262320216e+31
104 -15 3.7989450724483211e+13
106 -15 1.0585298640376272e+17
108 -15 1.7596615388755165e+19
110 -15 8.9587895022625659e+20
112 -15 2.3061205261528504e+22
114 -15 3.7856746341106377e+23
116 -15 4.5245449195631312e+24
118 -15 4.2541633563737475e+25
120 -15 3.3130434166330785e+26
122 -15 2.2095012134884713e+27
124 -15 1.2942870338500523e+28
126 -15 6.7784580836614936e+28
128 -15 3.2133588094157860e+29
130 -15 1.3963432357262872e+30
132 -15 5.6019948335697741e+30
134 -15 2.0885391740226093e+31
136 -15 7.2710675542803908e+31
138 -15 2.3758431274613820e+32
140 -15 7.3067125611259304e+32
142 -15 2.1174189502910887e+33
144 -15 5.8071082245160460e+33
146 -15 1.5054848772889900e+34
148 -15 3.7017723903205306e+34
150 -15 8.6261886090854715e+34
152 -15 1.9061988240259242e+35
154 -15 3.9951229264487846e+35
156 -15 7.9357105913328937e+35
158 -15 1.4939097510738593e+36
160 -15 2.6630474425383280e+36
162 -15 4.4911379786846687e+36
164 -15 7.1634589998320112e+36
166 -15 1.0766324515637704e+37
168 -15 1.5255784505115805e+37
170 -15 2.0312498983370233e+37
172 -15 2.5358141878956630e+37
174 -15 2.9619992638796821e+37
176 -15 3.2241622545222133e+37
178 -15 3.2583311327262911e+37
180 -15 3.0476448040570754e+37
182 -15 2.6236167092661478e+37
184 -15 2.0690021620183639e+37
186 -15 1.4821418439237555e+37
188 -15 9.5797355506846111e+36
190 -15 5.5281928311391100e+36
192 -15 2.8168129525132710e+36
194 -15 1.2456613312496878e+36
196 -15 4.6970410571762353e+35
198 -15 1.4650387242273769e+35
200 -15 3.6381729154259635e+34
202 -15 6.7462006016351185e+33
204 -15 8.3211066940615717e+32
206 -15 5.1300510524277346e+31
100 -14 8.8885462435839141e+13
102 -14 1.4170713065804853e+17
104 -14 1.9672062071099748e+19
106 -14 9.1630718321518248e+20
108 -14 2.2417183594789258e+22
110 -14 3.5801163499864860e+23
112 -14 4.2136270967040363e+24
114 -14 3.9340058938169862e+25
116 -14 3.0604485615091785e+26
118 -14 2.0502768026065843e+27
120 -14 1.2091670108058196e+28
122 -14 6.3938726765609178e+28
124 -14 3.0736793151259664e+29
126 -14 1.3558944325728371e+30
128 -14 5.5408921235054672e+30
130 -14 2.1098124635964413e+31
132 -14 7.5216891123570897e+31
134 -14 2.5171969148049027e+32
136 -14 7.9479928717990423e+32
138 -14 2.3706750485219708e+33
140 -14 6.6944719682223521e+33
142 -14 1.7933545883802395e+34
144 -14 4.5574409179763691e+34
146 -14 1.0999074107978567e+35
148 -14 2.5225522793377552e+35
150 -14 5.4964546337250604e+35
152 -14 1.1369789773416365e+36
154 -14 2.2335372139101199e+36
156 -14 4.1646001470436690e+36
158 -14 7.3571018655580070e+36
160 -14 1.2311552126414186e+37
162 -14 1.9475070337756587e+37
164 -14 2.9107441271742592e+37
166 -14 4.0977779698315155e+37
168 -14 5.4293094719051914e+37
170 -14 6.7488732712662428e+37
172 -14 7.8475644985664532e+37
174 -14 8.5075235201232543e+37
176 -14 8.5742941700643893e+37
178 -14 7.9889574190586310e+37
180 -14 6.8564172090893531e+37
182 -14 5.3891498196098270e+37
184 -14 3.8526797098427179e+37
186 -14 2.4842429131636035e+37
188 -14 1.4308117588759792e+37
190 -14 7.2761856241991925e+36
192 -14 3.2144397457429237e+36
194 -14 1.2090457470329979e+36
196 -14 3.7706353022606273e+35
198 -14 9.3563454257619038e+34
200 -14 1.7363719155618660e+34
202 -14 2.1453571215120058e+33
204 -14 1.3266792407312823e+32
96 -13 1.6325487297877550e+14
98 -13 1.6397166998308240e+17
100 -13 1.9310808759245013e+19
102 -13 8.2771946216414970e+20
104 -13 1.9318574956951540e+22
106 -13 3.0018200062214936e+23
108 -13 3.4781564046472328e+24
110 -13 3.2230143576119008e+25
112 -13 2.5024386308022984e+26
114 -13 1.6793480269111175e+27
116 -13 9.9753018326915832e+27
118 -13 5.3302554760876038e+28
120 -13 2.5955287839806262e+29
122 -13 1.1634649890397995e+30
124 -13 4.8398977707746521e+30
126 -13 1.8782233326947820e+31
128 -13 6.8418786599434330e+31
130 -13 2.3482741060637927e+32
132 -13 7.6160741481911056e+32
134 -13 2.3346029855197271e+33
136 -13 6.7883236145795198e+33
138 -13 1.8753585506879211e+34
140 -13 4.9309215886589035e+34
142 -13 1.2317059789144076e+35
144 -13 2.9290006068006472e+35
146 -13 6.6275483517258343e+35
148 -13 1.4265116539882856e+36
150 -13 2.9226356359457872e+36
152 -13 5.6924321715491647e+36
154 -13 1.0521828815443321e+37
156 -13 1.8466757312459416e+37
158 -13 3.0709419022897678e+37
160 -13 4.8341327867687687e+37
162 -13 7.1894308918405249e+37
164 -13 1.0077346225384279e+38
166 -13 1.3292694353975285e+38
168 -13 1.6471049493822722e+38
170 -13 1.9096431290717307e+38
172 -13 2.0647040815574163e+38
174 -13 2.0755025982034100e+38
176 -13 1.9305938705514240e+38
178 -13 1.6539496765857479e+38
180 -13 1.2975964270249909e+38
182 -13 9.2645779525596662e+37
184 -13 5.9683669642933375e+37
186 -13 3.4338824148457358e+37
188 -13 1.7450515741201861e+37
190 -13 7.7120295541921349e+36
192 -13 2.9006397413799989e+36
194 -13 9.0501883153831607e+35
196 -13 2.2493136493953158e+35
198 -13 4.1805331557648462e+34
200 -13 5.1808434283174236e+33
202 -13 3.2190329933437457e+32
92 -12 2.3936184763891966e+14
94 -12 1.6392113452918566e+17
96 -12 1.6595251466188972e+19
98 -12 6.5730006791007122e+20
100 -12 1.4669583358760285e+22
102 -12 2.2162604681386781e+23
104 -12 2.5285177968573042e+24
106 -12 2.3214742827565677e+25
108 -12 1.7991904992801703e+26
110 -12 1.2108700591547245e+27
112 -12 7.2280430989818910e+27
114 -12 3.9019184366155882e+28
116 -12 1.9215150456421644e+29
118 -12 8.7481871003393812e+29
120 -12 3.7034818768274681e+30
122 -12 1.4653357362474035e+31
124 -12 5.4556764140822720e+31
126 -12 1.9174992343441121e+32
128 -12 6.3713509746034749e+32
130 -12 2.0096919006984451e+33
132 -12 6.0172626145087483e+33
134 -12 1.7148339555311304e+34
136 -12 4.6559211344191567e+34
138 -12 1.2035149818414604e+35
140 -12 2.9644982311341842e+35
142 -12 6.9654381871778970e+35
144 -12 1.5600474014592828e+36
146 -12 3.3289883344005557e+36
148 -12 6.7650155091546295e+36
150 -12 1.3079894979656335e+37
152 -12 2.4030163351715056e+37
154 -12 4.1977269937807099e+37
156 -12 6.9466729487321587e+37
158 -12 1.0896663109029627e+38
160 -12 1.6148897322376074e+38
162 -12 2.2576109106960880e+38
164 -12 2.9714768453301774e+38
166 -12 3.6736640367104293e+38
168 -12 4.2532949965196267e+38
170 -12 4.5929406673614693e+38
172 -12 4.6101581427384937e+38
174 -12 4.2866238535206432e+38
176 -12 3.6699882473544498e+38
178 -12 2.8798162667058445e+38
180 -12 2.0556376776649280e+38
182 -12 1.3245603638444769e+38
184 -12 7.6284217797132599e+37
186 -12 3.8795887521234893e+37
188 -12 1.7143428641310351e+37
190 -12 6.4634724329198800e+36
192 -12 2.0212790304189588e+36
194 -12 5.0339853045132326e+35
196 -12 9.3920117126735646e+34
198 -12 1.1685454468375733e+34
200 -12 7.3102990614289638e+32
88 -11 2.8784764903655300e+14
90 -11 1.4074381317255442e+17
92 -11 1.2414697775671886e+19
94 -11 4.5677301754244248e+20
96 -11 9.7541581224785708e+21
98 -11 1.4327310478752563e+23
100 -11 1.6076471909207990e+24
102 -11 1.4648216136489746e+25
104 -11 1.1308689062728193e+26
106 -11 7.6187494871233061e+26
108 -11 4.5724731913091909e+27
110 -11 2.4879008586522854e+28
112 -11 1.2408378703428741e+29
114 -11 5.7252472605681824e+29
116 -11 2.4639729985162276e+30
118 -11 9.9500778520080822e+30
120 -11 3.7840330910175026e+31
122 -11 1.3608507712750229e+32
124 -11 4.6402120672882456e+32
126 -11 1.5025258308381926e+33
128 -11 4.6317406456542348e+33
130 -11 1.3605905002306982e+34
132 -11 3.8132305048581518e+34
134 -11 1.0190285465603918e+35
136 -11 2.6032090164698867e+35
138 -11 6.3395421255703504e+35
140 -11 1.4767396679927417e+36
142 -11 3.2801236096465920e+36
144 -11 6.9503320347957258e+36
146 -11 1.4041672712421797e+37
148 -11 2.7001465681429932e+37
150 -11 4.9446194079819896e+37
152 -11 8.6028245755541856e+37
154 -11 1.4204377600523393e+38
156 -11 2.2216670943478084e+38
158 -11 3.2862526974603791e+38
160 -11 4.5902135138043617e+38
162 -11 6.0380146136259661e+38
164 -11 7.4591103756157978e+38
166 -11 8.6309231049135079e+38
168 -11 9.3243146926425721e+38
170 -11 9.3657373831823026e+38
172 -11 8.7125253156207890e+38
174 -11 7.4693577493524636e+38
176 -11 5.8649204215994198e+38
178 -11 4.1919140331759899e+38
180 -11 2.7051690624365360e+38
182 -11 1.5603793960288987e+38
184 -11 7.9487234047712963e+37
186 -11 3.5250803523948455e+37
188 -11 1.3326530071908333e+37
190 -11 4.1833840814074520e+36
192 -11 1.0465151725754019e+36
194 -11 1.9621549650899529e+35
196 -11 2.4580538426017468e+34
198 -11 1.5497013542727553e+33
84 -10 2.8316700383847994e+14
86 -10 1.0343419346295768e+17
88 -10 8.0330833956747028e+18
90 -10 2.7551317918285867e+20
92 -10 5.6224382598529837e+21
94 -10 8.0496123109028665e+22
96 -10 8.8759658730816437e+23
98 -10 8.0182979170636939e+24
100 -10 6.1637692032191635e+25
102 -10 4.1532528172075118e+26
104 -10 2.5056822046872964e+27
106 -10 1.3738633870025954e+28
108 -10 6.9329463746874017e+28
110 -10 3.2421359464330289e+29
112 -10 1.4178683887053296e+30
114 -10 5.8333957991462168e+30
116 -10 2.2654870471340612e+31
118 -10 8.3307513724621534e+31
120 -10 2.9124183639534395e+32
122 -10 9.6889556649175335e+32
124 -10 3.0702475254473872e+33
126 -10 9.2910230745360835e+33
128 -10 2.6877482079624642e+34
130 -10 7.4331475631579614e+34
132 -10 1.9633961090219982e+35
134 -10 4.9629559199050744e+35
136 -10 1.2006984575038074e+36
138 -10 2.7759776582387355e+36
140 -10 6.1286547145626981e+36
142 -10 1.2929172909730347e+37
144 -10 2.6015272408925552e+37
146 -10 4.9900861083967278e+37
148 -10 9.1137674381519757e+37
150 -10 1.5829364256418623e+38
152 -10 2.6113861862563199e+38
154 -10 4.0824689258557883e+38
156 -10 6.0383156604313573e+38
158 -10 8.4342392434269419e+38
160 -10 1.1098492428927903e+39
162 -10 1.3721025442871485e+39
164 -10 1.5893910235085621e+39
166 -10 1.7196645122161343e+39
168 -10 1.7304603421901918e+39
170 -10 1.6130952443645260e+39
172 -10 1.3861182275840609e+39
174 -10 1.0913735101890816e+39
176 -10 7.8236691180389839e+38
178 -10 5.0623609021355067e+38
180 -10 2.9299925677277815e+38
182 -10 1.4985622550092029e+38
184 -10 6.6740253702032796e+37
186 -10 2.5341439664069364e+37
188 -10 7.9941376403432287e+36
190 -10 2.0131774267142362e+36
192 -10 3.8004949163123186e+35
194 -10 4.7971881169974707e+34
196 -10 3.0570643701914917e+33
80 -9 2.2968965633313831e+14
82 -9 6.4776877995529928e+16
84 -9 4.4656361639599324e+18
86 -9 1.4277686576735350e+20
88 -9 2.7988058914247006e+21
90 -9 3.8947981549439549e+22
92 -9 4.2224949829180320e+23
94 -9 3.7766560422256702e+24
96 -9 2.8872126653479457e+25
98 -9 1.9454713488336331e+26
100 -9 1.1776865483456218e+27
102 -9 6.5069301970555911e+27
104 -9 3.3160170033100879e+28
106 -9 1.5740530747660774e+29
108 -9 6.9940765192799489e+29
110 -9 2.9281715679261722e+30
112 -9 1.1605792343142895e+31
114 -9 4.3634317677405275e+31
116 -9 1.5630724187116682e+32
118 -9 5.3425038802630059e+32
120 -9 1.7406463212815805e+33
122 -9 5.4282670115075351e+33
124 -9 1.6189315301879379e+34
126 -9 4.6251128447257881e+34
128 -9 1.2661310257533531e+35
130 -9 3.3171119181809024e+35
132 -9 8.3291663688450659e+35
134 -9 2.0028537400231621e+36
136 -9 4.6085679915897812e+36
138 -9 1.0139732656436138e+37
140 -9 2.1324999997288159e+37
142 -9 4.2831850207900957e+37
144 -9 8.2081570499689633e+37
146 -9 1.4981815242743713e+38
148 -9 2.6018573522804952e+38
150 -9 4.2952195716762554e+38
152 -9 6.7221582468228072e+38
154 -9 9.9580944942417946e+38
156 -9 1.3931037978831255e+39
158 -9 1.8361646151242960e+39
160 -9 2.2761174361010780e+39
162 -9 2.6440156487394737e+39
164 -9 2.8693637023851938e+39
166 -9 2.8966459167942915e+39
168 -9 2.7093300928427729e+39
170 -9 2.3374495225578217e+39
172 -9 1.8477724550952376e+39
174 -9 1.3303323236591542e+39
176 -9 8.6493930373395904e+38
178 -9 5.0313038111040287e+38
180 -9 2.5862605852800611e+38
182 -9 1.1583755772335358e+38
184 -9 4.4284497467293505e+37
186 -9 1.4064256110103683e+37
188 -9 3.5690813229967835e+36
190 -9 6.7959215270502251e+35
192 -9 8.6711112759798373e+34
194 -9 5.5943053667813822e+33
74 -8 1.3089962915623756e+10
76 -8 1.5276469263413462e+14
78 -8 3.4177526062233116e+16
80 -8 2.1108378297524718e+18
82 -8 6.3296367477368996e+19
84 -8 1.1897713648873468e+21
86 -8 1.6113519241169073e+22
88 -8 1.7149367832558825e+23
90 -8 1.5144328950572442e+24
92 -8 1.1524195412644721e+25
94 -8 7.7574059656145151e+25
96 -8 4.7120629186961493e+26
98 -8 2.6208851515658752e+27
100 -8 1.3490359296590257e+28
102 -8 6.4861546217578509e+28
104 -8 2.9293267429024247e+29
106 -8 1.2482798841493412e+30
108 -8 5.0482252353776968e+30
110 -8 1.9401826282962191e+31
112 -8 7.1150773429550799e+31
114 -8 2.4932670219788541e+32
116 -8 8.3535750798984741e+32
118 -8 2.6828968668460772e+33
120 -8 8.2607112553755731e+33
122 -8 2.4381201423281191e+34
124 -8 6.9043473053633200e+34
126 -8 1.8753386692226914e+35
128 -8 4.8864252938538201e+35
130 -8 1.2213604781067282e+36
132 -8 2.9248479142290733e+36
134 -8 6.7167240025151676e+36
136 -8 1.4758151673326189e+37
138 -8 3.1012599838284710e+37
140 -8 6.2287338068920510e+37
142 -8 1.1945508037306903e+38
144 -8 2.1832095501598919e+38
146 -8 3.7967421657986432e+38
148 -8 6.2818457779561801e+38
150 -8 9.8541436524324836e+38
152 -8 1.4643308262841973e+39
154 -8 2.0554953630541829e+39
156 -8 2.7206226158160129e+39
158 -8 3.3867842349569928e+39
160 -8 3.9499778716365247e+39
162 -8 4.3046586282680059e+39
164 -8 4.3691137304495221e+39
166 -8 4.1066066525691440e+39
168 -8 3.5621377770240675e+39
170 -8 2.8319708621539999e+39
172 -8 2.0512169275342457e+39
174 -8 1.3418092363526312e+39
176 -8 7.8564061354925954e+38
178 -8 4.0688334946006364e+38
180 -8 1.8356573209895839e+38
182 -8 7.0768475686156979e+37
184 -8 2.2675151987743595e+37
186 -8 5.8102308552004121e+36
188 -8 1.1185343843204585e+36
190 -8 1.4445259590057789e+35
192 -8 9.4619479365754684e+33
70 -7 1.8151869976201645e+10
72 -7 8.2933574768698797e+13
74 -7 1.5113047465819220e+16
76 -7 8.4087164324240538e+17
78 -7 2.3677455059900187e+19
80 -7 4.2655437277828429e+20
82 -7 5.6225453539970221e+21
84 -7 5.8750821556978023e+22
86 -7 5.1299513063868320e+23
88 -7 3.8761419576436380e+24
90 -7 2.6055105619807470e+25
92 -7 1.5857856374317110e+26
94 -7 8.8801940647646374e+26
96 -7 4.6136558283548110e+27
98 -7 2.2430513919465057e+28
100 -7 1.0285530557616496e+29
102 -7 4.4632764152615856e+29
104 -7 1.8406899364111819e+30
106 -7 7.2352288094811249e+30
108 -7 2.7176111202768487e+31
110 -7 9.7612273527049885e+31
112 -7 3.3645657996122492e+32
114 -7 1.1123973294559530e+33
116 -7 3.5306272424232607e+33
118 -7 1.0759240951608508e+34
120 -7 3.1537048492701736e+34
122 -7 8.8772909180744547e+34
124 -7 2.4009511341462500e+35
126 -7 6.2369627565400558e+35
128 -7 1.5548779453956208e+36
130 -7 3.7212708311137737e+36
132 -7 8.5438544576250113e+36
134 -7 1.8771765804674292e+37
136 -7 3.9500072828793166e+37
138 -7 7.9532073073693922e+37
140 -7 1.5279946592297135e+38
142 -7 2.8009990946968971e+38
144 -7 4.8910203155366348e+38
146 -7 8.1220992061345946e+38
148 -7 1.2796548259334655e+39
150 -7 1.9105524541963885e+39
152 -7 2.6955944587971713e+39
154 -7 3.5882315896145576e+39
156 -7 4.4893954390755511e+39
158 -7 5.2700942399365419e+39
160 -7 5.7790359620141703e+39
162 -7 5.9028506846456481e+39
164 -7 5.5882411208490075e+39
166 -7 4.8818148306950028e+39
168 -7 3.9097375077949185e+39
170 -7 2.8530309206582104e+39
172 -7 1.8815374822469578e+39
174 -7 1.1113004909320716e+39
176 -7 5.8063924679339656e+38
178 -7 2.6447435320607616e+38
180 -7 1.0296539503855168e+38
182 -7 3.3348622344610302e+37
184 -7 8.6494666575310992e+36
186 -7 1.6880879579215307e+36
188 -7 2.2114995876200539e+35
190 -7 1.4717262164559329e+34
66 -6 1.6916858073321918e+10
68 -6 3.6550230931168953e+13
70 -6 5.5217572592736430e+15
72 -6 2.7891027875877898e+17
74 -6 7.3717384577042903e+18
76 -6 1.2759111588263207e+20
78 -6 1.6369257306051835e+21
80 -6 1.6754875898670445e+22
82 -6 1.4421669108926536e+23
84 -6 1.0828778443657473e+24
86 -6 7.2585480618356853e+24
88 -6 4.4315482265845755e+25
90 -6 2.4921677857322554e+26
92 -6 1.3066431377930916e+27
94 -6 6.4318894434306737e+27
96 -6 2.9919131292566603e+28
98 -6 1.3227070330711365e+29
100 -6 5.5633052825147887e+29
102 -6 2.2362583907162569e+30
104 -6 8.5934807229567400e+30
106 -6 3.1685135743407606e+31
108 -6 1.1220318447110256e+32
110 -6 3.8190454480258334e+32
112 -6 1.2501173306752712e+33
114 -6 3.9364140069534361e+33
116 -6 1.1933608733565275e+34
118 -6 3.4808476415453723e+34
120 -6 9.7696095964388856e+34
122 -6 2.6378481568444645e+35
124 -6 6.8458180912608024e+35
126 -6 1.7078099099641122e+36
128 -6 4.0901004940766756e+36
130 -6 9.4033706965667106e+36
132 -6 2.0730742289937618e+37
134 -6 4.3760511622749700e+37
136 -6 8.8420764600555895e+37
138 -6 1.7065596499025309e+38
140 -6 3.1450891006701175e+38
142 -6 5.5204471538958418e+38
144 -6 9.2155973760964034e+38
146 -6 1.4611887448411777e+39
148 -6 2.1957064726345315e+39
150 -6 3.1195523858224354e+39
152 -6 4.1822914724586075e+39
154 -6 5.2725863288057208e+39
156 -6 6.2369311526850843e+39
158 -6 6.8944237078825983e+39
160 -6 7.1013249514318365e+39
162 -6 6.7815578810315404e+39
164 -6 5.9781425239244664e+39
166 -6 4.8319173892023620e+39
168 -6 3.5613189333010486e+39
170 -6 2.3732132653779655e+39
172 -6 1.4158094970221388e+39
174 -6 7.4797428870567767e+38
176 -6 3.4473100080991528e+38
178 -6 1.3579801167421701e+38
180 -6 4.4570716623608290e+37
182 -6 1.1721873189393342e+37
184 -6 2.3220567149945331e+36
186 -6 3.0947424237094722e+35
188 -6 2.1003158466739337e+34
62 -5 1.0223999263505280e+10
64 -5 1.2958160797268178e+13
66 -5 1.6457607752010862e+15
68 -5 7.5602432724022528e+16
70 -5 1.8863934837384622e+18
72 -5 3.1280716047142486e+19
74 -5 3.8932770576269692e+20
76 -5 3.9039010786699536e+21
78 -5 3.3169627261752163e+22
80 -5 2.4700129899965463e+23
82 -5 1.6512197823673908e+24
84 -5 1.0089006037322033e+25
86 -5 5.7079657079412437e+25
88 -5 3.0184846243235941e+26
90 -5 1.5051764728850376e+27
92 -5 7.1054876642389123e+27
94 -5 3.1939903750756519e+28
96 -5 1.3716234322770921e+29
98 -5 5.6362757874258066e+29
100 -5 2.2202786667235870e+30
102 -5 8.4035362271794314e+30
104 -5 3.0583274793329012e+31
106 -5 1.0724071533069055e+32
108 -5 3.6211172417002698e+32
110 -5 1.1779733393686135e+33
112 -5 3.6936097788037207e+33
114 -5 1.1162338875633250e+34
116 -5 3.2503223927158662e+34
118 -5 9.1207016302587899e+34
120 -5 2.4642503018120959e+35
122 -5 6.4102790245915747e+35
124 -5 1.6034784428019155e+36
126 -5 3.8541963714116767e+36
128 -5 8.9012864234196829e+36
130 -5 1.9699885218970386e+37
132 -5 4.1840707345945468e+37
134 -5 8.4962438969659024e+37
136 -5 1.6507897865473401e+38
138 -5 3.0631881878039128e+38
140 -5 5.4154286906872166e+38
142 -5 9.1134465841106755e+38
144 -5 1.4564308281328044e+39
146 -5 2.2070762985310561e+39
148 -5 3.1642836092331636e+39
150 -5 4.2799787530189662e+39
152 -5 5.4468062341376292e+39
154 -5 6.5057068127246472e+39
156 -5 7.2639626848265510e+39
158 -5 7.5603379013619772e+39
160 -5 7.2966623939626498e+39
162 -5 6.5010969278276078e+39
164 -5 5.3157919866283386e+39
166 -5 3.9647279320104268e+39
168 -5 2.6740177299414133e+39
170 -5 1.6158496178619515e+39
172 -5 8.6471007394665643e+38
174 -5 4.0402103427147896e+38
176 -5 1.6155169148581393e+38
178 -5 5.3815817448887947e+37
180 -5 1.4394180384788757e+37
182 -5 2.9017872232969133e+36
184 -5 3.9440776220475205e+35
186 -5 2.7367008317171791e+34
58 -4 4.4400912689824066e+09
60 -4 3.6074119933346514e+12
62 -4 3.9281949726384206e+14
64 -4 1.6444705527985300e+16
66 -4 3.8668751999607238e+17
68 -4 6.1573187482178898e+18
70 -4 7.4288450419304415e+19
72 -4 7.2882195887051951e+20
74 -4 6.0974723711941225e+21
76 -4 4.4982693940063560e+22
78 -4 2.9954730869915937e+23
80 -4 1.8332718829592372e+24
82 -4 1.0436682461665784e+25
84 -4 5.5753686821530315e+25
86 -4 2.8161099344810793e+26
88 -4 1.3515425166772521e+27
90 -4 6.1864812399620544e+27
92 -4 2.7120193607013291e+28
94 -4 1.1396234758759733e+29
96 -4 4.6065697215317105e+29
98 -4 1.7913153252359183e+30
100 -4 6.7071526786998167e+30
102 -4 2.4213946272835487e+31
104 -4 8.4373064098508001e+31
106 -4 2.8381312851674044e+32
108 -4 9.2123301860118429e+32
110 -4 2.8864270940137485e+33
112 -4 8.7274630523575109e+33
114 -4 2.5452704253559275e+34
116 -4 7.1622229542855869e+34
118 -4 1.9415264407836434e+35
120 -4 5.0723251821606766e+35
122 -4 1.2753574006839603e+36
124 -4 3.0830799406235803e+36
126 -4 7.1627112453463774e+36
128 -4 1.5978777466946562e+37
130 -4 3.4172111385191325e+37
132 -4 6.9997367410299677e+37
134 -4 1.3714571874463663e+38
136 -4 2.5668466447024857e+38
138 -4 4.5801535558251933e+38
140 -4 7.7851155245410139e+38
142 -4 1.2567759399643909e+39
144 -4 1.9244672342060011e+39
146 -4 2.7878696957448114e+39
148 -4 3.8151950296055507e+39
150 -4 4.9119345633574500e+39
152 -4 5.9368038264153490e+39
154 -4 6.7116897088752666e+39
156 -4 7.0690046185494503e+39
158 -4 6.9120767007079746e+39
160 -4 6.2405819897381679e+39
162 -4 5.1721868148026680e+39
164 -4 3.9106087125973259e+39
166 -4 2.6760926710367039e+39
168 -4 1.6421280785424411e+39
170 -4 8.9252293656016640e+38
172 -4 4.2369653629444634e+38
174 -4 1.7229084561553974e+38
176 -4 5.8462353610698815e+37
178 -4 1.5923957835748644e+37
180 -4 3.2788897785119434e+36
182 -4 4.5511872597464031e+35
184 -4 3.2403972181441270e+34
54 -3 1.3694681512134080e+09
56 -3 7.7444858810488892e+11
58 -3 7.2682630419800422e+13
60 -3 2.7928682817126670e+15
62 -3 6.1857131857332064e+16
64 -3 9.4370448783699430e+17
66 -3 1.1020272803752006e+19
68 -3 1.0579943865044777e+20
70 -3 8.7007975389450758e+20
72 -3 6.3682836082873975e+21
74 -3 4.2279963823952500e+22
76 -3 2.5950643931755311e+23
78 -3 1.4865362655852792e+24
80 -3 8.0280136119058230e+24
82 -3 4.1156444100160601e+25
84 -3 2.0106347878141326e+26
86 -3 9.3907847027580412e+26
88 -3 4.2056169860574101e+27
90 -3 1.8130043241212870e+28
92 -3 7.5202447844163966e+28
94 -3 3.0045336842163380e+29
96 -3 1.1594850383657046e+30
98 -3 4.3175435948154177e+30
100 -3 1.5545380229425492e+31
102 -3 5.4121990057499027e+31
104 -3 1.8189757774101217e+32
106 -3 5.9139000479133529e+32
108 -3 1.8578362153623026e+33
110 -3 5.6381865222876167e+33
112 -3 1.6520866105465260e+34
114 -3 4.6750638798469127e+34
116 -3 1.2750363951136626e+35
118 -3 3.3536037721607723e+35
120 -3 8.4957000189125694e+35
122 -3 2.0718293538789753e+36
124 -3 4.8554834992508236e+36
126 -3 1.0935789501726998e+37
128 -3 2.3634623589606952e+37
130 -3 4.8922081956064968e+37
132 -3 9.6837370350021202e+37
134 -3 1.8330311124665593e+38
136 -3 3.3103110693570970e+38
138 -3 5.6935106129365831e+38
140 -3 9.3128368048761427e+38
142 -3 1.4434664487297369e+39
144 -3 2.1202738653308933e+39
146 -3 2.9382370921153403e+39
148 -3 3.8362413335328329e+39
150 -3 4.7029702621196322e+39
152 -3 5.3935379912589395e+39
154 -3 5.7654847516064368e+39
156 -3 5.7207267591976271e+39
158 -3 5.2482423956792881e+39
160 -3 4.4181928241435621e+39
162 -3 3.3971398188207253e+39
164 -3 2.3638036140212259e+39
166 -3 1.4753552148234296e+39
168 -3 8.1684333885194323e+38
170 -3 3.9522030546640344e+38
172 -3 1.6392470204664868e+38
174 -3 5.6741800158751998e+37
176 -3 1.5800108572447495e+37
178 -3 3.3271390171553202e+36
180 -3 4.7411813719282409e+35
182 -3 3.4682397699097463e+34
50 -2 2.9853342406897521e+08
52 -2 1.2270460939071536e+11
54 -2 1.0054948677468598e+13
56 -2 3.5533569939923138e+14
58 -2 7.4027379488168700e+15
60 -2 1.0803053479421142e+17
62 -2 1.2217956383378304e+18
64 -2 1.1420139347257971e+19
66 -2 9.2593173536638370e+19
68 -2 6.7081101618679041e+20
70 -2 4.4548512637404635e+21
72 -2 2.7463102483925515e+22
74 -2 1.5905182768315086e+23
76 -2 8.7161453330850996e+23
78 -2 4.5464330658957023e+24
80 -2 2.2661112154553823e+25
82 -2 1.0831438587662361e+26
84 -2 4.9783504054719397e+26
86 -2 2.2037793753914039e+27
88 -2 9.4063942820110892e+27
90 -2 3.8765875971807105e+28
92 -2 1.5433538687590025e+29
94 -2 5.9436106692415910e+29
96 -2 2.2128562257199834e+30
98 -2 7.9758789096023779e+30
100 -2 2.7866140639103211e+31
102 -2 9.4117996341046877e+31
104 -2 3.0734940202221999e+32
106 -2 9.7152343351937462e+32
108 -2 2.9681743734774663e+33
110 -2 8.7699922563043020e+33
112 -2 2.5034576589644539e+34
114 -2 6.8978267332995073e+34
116 -2 1.8316601057198082e+35
118 -2 4.6890019534448400e+35
120 -2 1.1563847356919993e+36
122 -2 2.7421931161838512e+36
124 -2 6.2509567255943830e+36
126 -2 1.3678069682039280e+37
128 -2 2.8696405009233085e+37
130 -2 5.7583038691081222e+37
132 -2 1.1051876944381850e+38
134 -2 2.0242354693324479e+38
136 -2 3.5330395344069716e+38
138 -2 5.8615655896405165e+38
140 -2 9.2314158722357909e+38
142 -2 1.3762645729376931e+39
144 -2 1.9388478292268243e+39
146 -2 2.5721197563742646e+39
148 -2 3.2062883357155509e+39
150 -2 3.7386919067498513e+39
152 -2 4.0680835920557102e+39
154 -2 4.1091161921180988e+39
156 -2 3.8359942253937536e+39
158 -2 3.2903198779330481e+39
160 -2 2.5783282129921768e+39
162 -2 1.8298143346196650e+39
164 -2 1.1653421907900546e+39
166 -2 6.5894151461073532e+38
168 -2 3.2558273758387011e+38
170 -2 1.3810220177564274e+38
172 -2 4.8941505546411628e+37
174 -2 1.3969280256479279e+37
176 -2 3.0191525666214050e+36
178 -2 4.4243552137752869e+35
180 -2 3.3422045279252944e+34
46 -1 4.3332677740736604e+07
48 -1 1.3514437201426376e+10
50 -1 9.7171652048697412e+11
52 -1 3.1654787305264047e+13
54 -1 6.2092165320549200e+14
56 -1 8.6509099263996700e+15
58 -1 9.4470605328067472e+16
60 -1 8.6421240845174963e+17
62 -1 6.8952250550517361e+18
64 -1 4.9685612888767578e+19
66 -1 3.3129984440108679e+20
68 -1 2.0669567584938917e+21
70 -1 1.2174086917511474e+22
72 -1 6.8082249039406223e+22
74 -1 3.6404577974647733e+23
76 -1 1.8624727097138602e+24
78 -1 9.1659952078094103e+24
80 -1 4.3339674422180826e+25
82 -1 1.9807974717832627e+26
84 -1 8.7325816804111784e+26
86 -1 3.7200060678073266e+27
88 -1 1.5361421094020953e+28
90 -1 6.1303768198117274e+28
92 -1 2.3699955688356457e+29
94 -1 8.8823946291081059e+29
96 -1 3.2228251922256358e+30
98 -1 1.1336025332296065e+31
100 -1 3.8597015384887283e+31
102 -1 1.2739504386598570e+32
104 -1 4.0684353183653909e+32
106 -1 1.2572536798917241e+33
108 -1 3.7579495402812648e+33
110 -1 1.0852782947078431e+34
112 -1 3.0282715861175029e+34
114 -1 8.1509773107998407e+34
116 -1 2.1152563517831444e+35
118 -1 5.2947073157129880e+35
120 -1 1.2743161429486520e+36
122 -1 2.9482875592963794e+36
124 -1 6.5533640167260912e+36
126 -1 1.3958667328194871e+37
128 -1 2.8488377510659741e+37
130 -1 5.5591285883699083e+37
132 -1 1.0355239357097416e+38
134 -1 1.8386140774211502e+38
136 -1 3.1040167814309946e+38
138 -1 4.9770609211610805e+38
140 -1 7.5588062155793866e+38
142 -1 1.0852689202872119e+39
144 -1 1.4673881022461960e+39
146 -1 1.8639084613327824e+39
148 -1 2.2174348547562720e+39
150 -1 2.4604686535136271e+39
152 -1 2.5376764857608439e+39
154 -1 2.4188989765481035e+39
156 -1 2.1203363898043113e+39
158 -1 1.6971182968481376e+39
160 -1 1.2321311325175469e+39
162 -1 8.0294325374161563e+38
164 -1 4.6446459876250381e+38
166 -1 2.3524180334308570e+38
168 -1 1.0234442647775957e+38
170 -1 3.7251137855781474e+37
172 -1 1.0929315098623014e+37
174 -1 2.4328766557985263e+36
176 -1 3.6789023460392431e+35
178 -1 2.8780587194412729e+34
42 0 3.8014946435646503e+06
44 0 9.2321036503731167e+08
46 0 5.8457828886397179e+10
48 0 1.7491952902453967e+12
50 0 3.2380554332118797e+13
52 0 4.2991209448168812e+14
54 0 4.5290225347115350e+15
56 0 4.0525975872812712e+16
58 0 3.2225093972510227e+17
60 0 2.3368709237878548e+18
62 0 1.5871318489010676e+19
64 0 1.0182955053884894e+20
66 0 6.1861843719106304e+20
68 0 3.5833629000767557e+21
70 0 1.9842836718867844e+22
72 0 1.0531220827812640e+23
74 0 5.3823942480215776e+23
76 0 2.6497387040123810e+24
78 0 1.2571973200341136e+25
80 0 5.7690089554556067e+25
82 0 2.5597013344255612e+26
84 0 1.0992197112173109e+27
86 0 4.5750762353840112e+27
88 0 1.8456200272388311e+28
90 0 7.2081182552917575e+28
92 0 2.7324285356515281e+29
94 0 1.0043256967567152e+30
96 0 3.5781264393583294e+30
98 0 1.2352971416104553e+31
100 0 4.1343122899407783e+31
102 0 1.3404357944073619e+32
104 0 4.2051270432548188e+32
106 0 1.2768499043283243e+33
108 0 3.7483851865334749e+33
110 0 1.0634801132296774e+34
112 0 2.9116884731669767e+34
114 0 7.6948006195924400e+34
116 0 1.9588236418868093e+35
118 0 4.8046840899769536e+35
120 0 1.1318349096971459e+36
122 0 2.5633457967903562e+36
124 0 5.5664319534919856e+36
126 0 1.1581020499900850e+37
128 0 2.3046941737696325e+37
130 0 4.3810935063603112e+37
132 0 7.9400383520053408e+37
134 0 1.3683163468015272e+38
136 0 2.2406213113555967e+38
138 0 3.4778498264268746e+38
140 0 5.0970072727051903e+38
142 0 7.0461382999815589e+38
144 0 9.1547681458077031e+38
146 0 1.1144146134787400e+39
148 0 1.2652869762050873e+39
150 0 1.3352521841378062e+39
152 0 1.3038300316298556e+39
154 0 1.1706146581977748e+39
156 0 9.6087752762925116e+38
158 0 7.1505989230703580e+38
160 0 4.7844695921641766e+38
162 0 2.8432093736333758e+38
164 0 1.4804599123463332e+38
166 0 6.6241330714824257e+37
168 0 2.4825014705228540e+37
170 0 7.5161086581098303e+36
172 0 1.7286198667100093e+36
174 0 2.7079521592499924e+35
176 0 2.2031770642336624e+34
36 1 1.6441515805421844e+01
38 1 1.4888987184373059e+05
40 1 2.9039107524584904e+07
42 1 1.6444185013782585e+09
44 1 4.5229480234560799e+10
46 1 7.8574809804906079e+11
48 1 9.9792375568212227e+12
50 1 1.0193622771441017e+14
52 1 9.0912496661039475e+14
54 1 7.4161812762599660e+15
56 1 5.6879866014152632e+16
58 1 4.1214216215276506e+17
60 1 2.8265570231585270e+18
62 1 1.8393155895827284e+19
64 1 1.1349283083694588e+20
66 1 6.6788537824176531e+20
68 1 3.7589670675083381e+21
70 1 2.0319043400805892e+22
72 1 1.0565328215551512e+23
74 1 5.2925611150661752e+23
76 1 2.5582491749792329e+24
78 1 1.1936750036087261e+25
80 1 5.3962054495660657e+25
82 1 2.3557804208403627e+26
84 1 9.9875143817034310e+26
86 1 4.1028818966534646e+27
88 1 1.6334784760515916e+28
90 1 6.3066031576147348e+28
92 1 2.3620816877596318e+29
94 1 8.5804390943189978e+29
96 1 3.0180391256565368e+30
98 1 1.0302766385733416e+31
100 1 3.4081128066838339e+31
102 1 1.0907075919041926e+32
104 1 3.3806237637930032e+32
106 1 1.0134384551726581e+33
108 1 2.9354559941741451e+33
110 1 8.2132782973533217e+33
112 1 2.2173858091048054e+34
114 1 5.7671392997719205e+34
116 1 1.4458111094410398e+35
118 1 3.4856825589239975e+35
120 1 8.0705058389984978e+35
122 1 1.7941804919768003e+36
124 1 3.8192909575022139e+36
126 1 7.7785397732665394e+36
128 1 1.5141728795084127e+37
130 1 2.8097185753092228e+37
132 1 4.9626817951898274e+37
134 1 8.3238285235760762e+37
136 1 1.3238189921542296e+38
138 1 1.9895272690400146e+38
140 1 2.8210078180396671e+38
142 1 3.7592702810842531e+38
144 1 4.6949410380662921e+38
146 1 5.4741379745448441e+38
148 1 5.9325002368627220e+38
150 1 5.9509108956715856e+38
152 1 5.4920947230385478e+38
154 1 4.6349235777214860e+38
156 1 3.5503136518456347e+38
158 1 2.4457065018916083e+38
160 1 1.4976835396518032e+38
162 1 8.0395513283742048e+37
164 1 3.7145412320849268e+37
166 1 1.4392772232892937e+37
168 1 4.5076484823390748e+36
170 1 1.0750990901590277e+36
172 1 1.7513585681266464e+35
174 1 1.4870059440397552e+34
40 2 3.3432854717180371e+03
42 2 9.3305302507847808e+06
44 2 1.4299698045799425e+09
46 2 7.1021585300496887e+10
48 2 1.8286372060187463e+12
50 2 3.0531036504557887e+13
52 2 3.7633709999554425e+14
54 2 3.7579701181979145e+15
56 2 3.2213681080886468e+16
58 2 2.4751320973801853e+17
60 2 1.7529805804051313e+18
62 2 1.1633368053608776e+19
64 2 7.2859966490222207e+19
66 2 4.3363174930487909e+20
68 2 2.4648844538180298e+21
70 2 1.3369950136822850e+22
72 2 6.9776674050974142e+22
74 2 3.4967416869519475e+23
76 2 1.6917943254870242e+24
78 2 7.8763885962442429e+24
80 2 3.5548013672130921e+25
82 2 1.5511130276001936e+26
84 2 6.5575975781998016e+26
86 2 2.6837045769410101e+27
88 2 1.0653688762147905e+28
90 2 4.0973883759665094e+28
92 2 1.5277653132493793e+29
94 2 5.5167269534481446e+29
96 2 1.9310325785923781e+30
98 2 6.5537561938530291e+30
100 2 2.1529978715476831e+31
102 2 6.8399237918869100e+31
104 2 2.1035553739242390e+32
106 2 6.2608519540061812e+32
108 2 1.7966001963632660e+33
110 2 4.9792841520059380e+33
112 2 1.3306666566521953e+34
114 2 3.4235028712993011e+34
116 2 8.4696680286202292e+34
118 2 2.0153393479815938e+35
120 2 4.6000875869700762e+35
122 2 1.0064021592268435e+36
124 2 2.1065554769774607e+36
126 2 4.2148658057703919e+36
128 2 8.0388183159749048e+36
130 2 1.4597250863494475e+37
132 2 2.5187428010084945e+37
134 2 4.1204263331478965e+37
136 2 6.3721618838342508e+37
138 2 9.2975387031324012e+37
140 2 1.2754026613888807e+38
142 2 1.6410891390877656e+38
144 2 1.9710486787818322e+38
146 2 2.2017022850938522e+38
148 2 2.2775274699372486e+38
150 2 2.1680450671748735e+38
152 2 1.8880312494775887e+38
154 2 1.4937881279761724e+38
156 2 1.0630113618897611e+38
158 2 6.7332069090737430e+37
160 2 3.7398268345425453e+37
162 2 1.7899414686765624e+37
164 2 7.1971746742070849e+36
166 2 2.3406940505584377e+36
168 2 5.8108456337498744e+35
170 2 9.8807889411318198e+34
172 2 8.7981533374194913e+33
44 3 1.9488595311623553e+05
46 3 2.6392468193273696e+08
48 3 3.2026664417977970e+10
50 3 1.4132773318139314e+12
52 3 3.3818053386094285e+13
54 3 5.3787524249217031e+14
56 3 6.4465470111307450e+15
58 3 6.2808972708597232e+16
60 3 5.2402213487831552e+17
62 3 3.9079480289178788e+18
64 3 2.6577851868378911e+19
66 3 1.6834542274491213e+20
68 3 1.0012339144957965e+21
70 3 5.6435138241320599e+21
72 3 3.0250987775507030e+22
74 3 1.5556795675508967e+23
76 3 7.6561123785559232e+23
78 3 3.6311475377984816e+24
80 3 1.6558662899068448e+25
82 3 7.2977922167629495e+25
84 3 3.1067700259838399e+26
86 3 1.2800302517045863e+27
88 3 5.1048664979464828e+27
90 3 1.9710850089185535e+28
92 3 7.3653532203781767e+28
94 3 2.6674350194441125e+29
96 3 9.3414538115540175e+29
98 3 3.1675065869496326e+30
100 3 1.0390548540370845e+31
102 3 3.2986785817486978e+31
104 3 1.0116813622438203e+32
106 3 2.9973045764186784e+32
108 3 8.5642244890612204e+32
110 3 2.3616251032603651e+33
112 3 6.2681564340998373e+33
114 3 1.6004662208407126e+34
116 3 3.9268879897717761e+34
118 3 9.2510853604349052e+34
120 3 2.0872370623223769e+35
122 3 4.5135978646036147e+35
124 3 9.3172876802533108e+35
126 3 1.8346156665619468e+36
128 3 3.4416731807626626e+36
130 3 6.1304657630729227e+36
132 3 1.0351020538142628e+37
134 3 1.6542074034265381e+37
136 3 2.4931431662604582e+37
138 3 3.5360431482604936e+37
140 3 4.7024825125189737e+37
142 3 5.8388127922199927e+37
144 3 6.7514258826252600e+37
146 3 7.2251050894241021e+37
148 3 7.1207990059162740e+37
150 3 6.4264783796555819e+37
152 3 5.2686934202067857e+37
154 3 3.8908683267119767e+37
156 3 2.5576363614971693e+37
158 3 1.4757441763150733e+37
160 3 7.3458828485577144e+36
162 3 3.0750771116236720e+36
164 3 1.0429069403631724e+36
166 3 2.7077268799646166e+35
168 3 4.8237803601450803e+34
170 3 4.5273017048610584e+33
48 4 5.7875380596120507e+06
50 4 4.4212540261812363e+09
52 4 4.3408123134459033e+11
54 4 1.7005877675847348e+13
56 4 3.7722423403492300e+14
58 4 5.7255530204672210e+15
60 4 6.6342223095796080e+16
62 4 6.2806296010787187e+17
64 4 5.1195822772030874e+18
66 4 3.7084240159837553e+19
68 4 2.4416483450590521e+20
70 4 1.4892872659969819e+21
72 4 8.5179480471883575e+21
74 4 4.6054034493901841e+22
76 4 2.3622295463789468e+23
78 4 1.1572702724524849e+24
80 4 5.4327614015958353e+24
82 4 2.4497479304977916e+25
84 4 1.0633563977407540e+26
86 4 4.4497177333934984e+26
88 4 1.7983938428066777e+27
90 4 7.0210189902933026e+27
92 4 2.6512448606786590e+28
94 4 9.6687334207118259e+28
96 4 3.4108122786936608e+29
98 4 1.1623530863352634e+30
100 4 3.8309018800417199e+30
102 4 1.2188014393720451e+31
104 4 3.7445280824352313e+31
106 4 1.1101736916218468e+32
108 4 3.1742973832761710e+32
110 4 8.7359625427291847e+32
112 4 2.3132346864585388e+33
114 4 5.8812051815549467e+33
116 4 1.4364873714966446e+34
118 4 3.3614311830836871e+34
120 4 7.5293853965102442e+34
122 4 1.6118723956679880e+35
124 4 3.2907443109635791e+35
126 4 6.4013831675152601e+35
128 4 1.1825583446005234e+36
130 4 2.0728942282484633e+36
132 4 3.4361974414772019e+36
134 4 5.3732331600506456e+36
136 4 7.9061566777135420e+36
138 4 1.0912522589207777e+37
140 4 1.4082795610522366e+37
142 4 1.6904005510500570e+37
144 4 1.8806255588193831e+37
146 4 1.9254354598573478e+37
148 4 1.8073453367851580e+37
150 4 1.5425819507080523e+37
152 4 1.1861869159299078e+37
154 4 8.1248492731745499e+36
156 4 4.8924563881179184e+36
158 4 2.5422109880774223e+36
160 4 1.1122874029815737e+36
162 4 3.9522292724328982e+35
164 4 1.0762664403909863e+35
166 4 2.0195311390770071e+34
168 4 2.0087673994440291e+33
52 5 1.0520303612572178e+08
54 5 4.9063869502312195e+10
56 5 3.9483148598303423e+12
58 5 1.3777180960089802e+14
60 5 2.8396459403763425e+15
62 5 4.1009717525986200e+16
64 5 4.5751566025579706e+17
66 5 4.2012159793480381e+18
68 5 3.3302492857050534e+19
70 5 2.3368852903505366e+20
72 5 1.4950618582744962e+21
74 5 8.8145232882226640e+21
76 5 4.8638430264766017e+22
78 5 2.5228941923345408e+23
80 5 1.2421462385325317e+24
82 5 5.8312297246754306e+24
84 5 2.6156293045572796e+25
86 5 1.1264274566914499e+26
88 5 4.6592475311326371e+26
90 5 1.8543868189776963e+27
92 5 7.1209392464589994e+27
94 5 2.6366507904557722e+28
96 5 9.4100507106227079e+28
98 5 3.2418262754536562e+29
100 5 1.0779035090198290e+30
102 5 3.4555307206525812e+30
104 5 1.0684051381994894e+31
106 5 3.1818647634496242e+31
108 5 9.1282715440299348e+31
110 5 2.5156349154559108e+32
112 5 6.6722662854862620e+32
114 5 1.6966492143905380e+33
116 5 4.1336357612296665e+33
118 5 9.6435781985304536e+33
120 5 2.1497713256041028e+34
122 5 4.5755463415356541e+34
124 5 9.2678742021077523e+34
126 5 1.7839218582132344e+35
128 5 3.2588664273481779e+35
130 5 5.6307275724701736e+35
132 5 9.1812862290382647e+35
134 5 1.4084083194572015e+36
136 5 2.0254251035050847e+36
138 5 2.7252716818714060e+36
140 5 3.4121631092242027e+36
142 5 3.9611846789120198e+36
144 5 4.2378062816808741e+36
146 5 4.1563321753871132e+36
148 5 3.7075822065901128e+36
150 5 2.9810787518007173e+36
152 5 2.1357438902902429e+36
154 5 1.3471352453460273e+36
156 5 7.3404936934431120e+35
158 5 3.3735657658302699e+35
160 5 1.2602646353789506e+35
162 5 3.6197254196187280e+34
164 5 7.1848193602015338e+33
166 5 7.6103595509900371e+32
56 6 1.2361469693121738e+09
58 6 3.8093644073901379e+11
60 6 2.5451713651433320e+13
62 6 7.9361007283154438e+14
64 6 1.5241017445721284e+16
66 6 2.0898308481186774e+17
68 6 2.2408742452759854e+18
70 6 1.9904477174841311e+19
72 6 1.5235783078206567e+20
74 6 1.0385063674844727e+21
76 6 6.4231159871481368e+21
78 6 3.6569605343985309e+22
80 6 1.9422367017262143e+23
82 6 9.6990451732243981e+23
84 6 4.5834397723026751e+24
86 6 2.0584355304437755e+25
88 6 8.8291024434782859e+25
90 6 3.6224658996045549e+26
92 6 1.4276071426695092e+27
94 6 5.3936093707435718e+27
96 6 1.9636041454052891e+28
98 6 6.8728572680381514e+28
100 6 2.3171114975825119e+29
102 6 7.5158923064475170e+29
104 6 2.3477236170417134e+30
106 6 7.0581676984329212e+30
108 6 2.0369289811250604e+31
110 6 5.6514941880945179e+31
112 6 1.5049134311416584e+32
114 6 3.8371331295411117e+32
116 6 9.3592880695708266e+32
118 6 2.1839898622010956e+33
120 6 4.8631991322527053e+33
122 6 1.0309690783023743e+34
124 6 2.0764184801424956e+34
126 6 3.9667621600476188e+34
128 6 7.1763709307558647e+34
130 6 1.2249428576838269e+35
132 6 1.9691090674394956e+35
134 6 2.9678317624606191e+35
136 6 4.1819007872758224e+35
138 6 5.4907993750363125e+35
140 6 6.6796546508888769e+35
142 6 7.4942303789463955e+35
144 6 7.7111942842765810e+35
146 6 7.2145866787236576e+35
148 6 6.0936363568970955e+35
150 6 4.5931168936161428e+35
152 6 3.0472712156507920e+35
154 6 1.7487989562193645e+35
156 6 8.4813995335815882e+34
158 6 3.3492164770613317e+34
160 6 1.0190110467221504e+34
162 6 2.1495400757194034e+33
164 6 2.4366203588267750e+32
60 7 9.9236253462685528e+09
62 7 2.1491197704510945e+12
64 7 1.2070522972813228e+14
66 7 3.3845685698829670e+15
68 7 6.0348766220386672e+16
70 7 7.8326918086519181e+17
72 7 8.0283523683049789e+18
74 7 6.8652222846358634e+19
76 7 5.0756460198473826e+20
78 7 3.3384353958095618e+21
80 7 1.9924115415655296e+22
82 7 1.0930081961556056e+23
84 7 5.5866740379499357e+23
86 7 2.6757947251951544e+24
88 7 1.2097857591883478e+25
90 7 5.1898119066919066e+25
92 7 2.1201151780388053e+26
94 7 8.2874606136692009e+26
96 7 3.0995010387941382e+27
98 7 1.1095647625373853e+28
100 7 3.8152544769896924e+28
102 7 1.2586584371912424e+29
104 7 3.9882071490528490e+29
106 7 1.2125560563317285e+30
108 7 3.5395527906178317e+30
110 7 9.8965412847583969e+30
112 7 2.6531029487735730e+31
114 7 6.8128240008775196e+31
116 7 1.6704199250769104e+32
118 7 3.9091255152864650e+32
120 7 8.7015162013276841e+32
122 7 1.8426727898900271e+33
124 7 3.7004163132983106e+33
126 7 7.0353392073790797e+33
128 7 1.2634338584590230e+34
130 7 2.1356767723035395e+34
132 7 3.3853061910475728e+34
134 7 5.0261831461245530e+34
136 7 6.9413920486861240e+34
138 7 8.8927242751656016e+34
140 7 1.0511589277776733e+35
142 7 1.1393228935353454e+35
144 7 1.1260719208942761e+35
146 7 1.0032578211978700e+35
148 7 7.9836256594859564e+34
150 7 5.5995347955926886e+34
152 7 3.4020531085140854e+34
154 7 1.7478611644396905e+34
156 7 7.3223840213907599e+33
158 7 2.3708972644203352e+33
160 7 5.3439604389354982e+32
162 7 6.5254521446156866e+31
64 8 5.6871483125614159e+10
66 8 8.9625566502960781e+12
68 8 4.3068343136360094e+14
70 8 1.0854225693713596e+16
72 8 1.7977026036175082e+17
74 8 2.2034319307549791e+18
76 8 2.1560703037620576e+19
78 8 1.7636815113915223e+20
80 8 1.2541389109702280e+21
82 8 7.9299846790152339e+21
84 8 4.5490682922011881e+22
86 8 2.3964283586622790e+23
88 8 1.1719177987447456e+24
90 8 5.3668559126357454e+24
92 8 2.3138573953325960e+25
94 8 9.4605651883970159e+25
96 8 3.6737135851921836e+26
98 8 1.3586888430329101e+27
100 8 4.7968780405636019e+27
102 8 1.6198812947043295e+28
104 8 5.2363105447962236e+28
106 8 1.6176921478434652e+29
108 8 4.7890377019253227e+29
110 8 1.3573854095024439e+30
112 8 3.6753226198876466e+30
114 8 9.5013265321354138e+30
116 8 2.3450094421947216e+31
118 8 5.5099160708064823e+31
120 8 1.2326224008163412e+32
122 8 2.6139353738275073e+32
124 8 5.2433716395602993e+32
126 8 9.9386905447452924e+32
128 8 1.7743527853960321e+33
130 8 2.9742365560028826e+33
132 8 4.6627774659881287e+33
134 8 6.8116823166999665e+33
136 8 9.2277763218490928e+33
138 8 1.1552239266867786e+34
140 8 1.3254953449469899e+34
142 8 1.3858887438470575e+34
144 8 1.3102728319019884e+34
146 8 1.1072397177509479e+34
148 8 8.2507004603313870e+33
150 8 5.3267661121284607e+33
152 8 2.9117491565532090e+33
154 8 1.3025998544548503e+33
156 8 4.5124964386157044e+32
158 8 1.0923189607634209e+32
160 8 1.4461006638453018e+31
68 9 2.3854226499885397e+11
70 9 2.8008974120864789e+13
72 9 1.1617247715366838e+15
74 9 2.6528380456250420e+16
76 9 4.0734875812042394e+17
78 9 4.7068348240370534e+18
80 9 4.3719425456382796e+19
82 9 3.4117259591821341e+20
84 9 2.3232180760205103e+21
86 9 1.4048530661054999e+22
88 9 7.7032718000960959e+22
90 9 3.8822690360070914e+23
92 9 1.8104252501615111e+24
94 9 7.8862070494207316e+24
96 9 3.2317482525117743e+25
98 9 1.2505723443041391e+26
100 9 4.5861817706992782e+26
102 9 1.5978308440945498e+27
104 9 5.3076458754405812e+27
106 9 1.6777951610572426e+28
108 9 5.0633973864272614e+28
110 9 1.4559171298550192e+29
112 9 4.0000930912882763e+29
114 9 1.0458178240032775e+30
116 9 2.6031795718647362e+30
118 9 6.1621461844645214e+30
120 9 1.3838414952166331e+31
122 9 2.9408248198932538e+31
124 9 5.9094137469049492e+31
126 9 1.1179681934192747e+32
128 9 1.9861878495169728e+32
130 9 3.3068195832215075e+32
132 9 5.1260062550155858e+32
134 9 7.3829780361154115e+32
136 9 9.8169527977530141e+32
138 9 1.1985673266116177e+33
140 9 1.3346543063065952e+33
142 9 1.3418431144280330e+33
144 9 1.2089490511893858e+33
146 9 9.6092704883830182e+32
148 9 6.6326761166014139e+32
150 9 3.8812291635635351e+32
152 9 1.8617717726508140e+32
154 9 6.9418397211762215e+31
156 9 1.8126668995132821e+31
158 9 2.6231999082311248e+30
70 10 4.5327967484055269e+08
72 10 7.3101385079073132e+11
74 10 6.6792470861430344e+13
76 10 2.4016609760693375e+15
78 10 4.9666400977499000e+16
80 10 7.0726649362001894e+17
82 10 7.6669182714685972e+18
84 10 6.7350376098656993e+19
86 10 5.0016025270422320e+20
88 10 3.2375822383232629e+21
90 10 1.8672892148149350e+22
92 10 9.7380212315941662e+22
94 10 4.6575540671544439e+23
96 10 2.0592728486464595e+24
98 10 8.5079920266620507e+24
100 10 3.2886217900992035e+25
102 10 1.1977940232219433e+26
104 10 4.1286362080180119e+26
106 10 1.3457364349256630e+27
108 10 4.1656637237151675e+27
110 10 1.2250828641067872e+28
112 10 3.4220231994526473e+28
114 10 9.0794757403781826e+28
116 10 2.2872833297406876e+29
118 10 5.4604482250142355e+29
120 10 1.2338144256625979e+30
122 10 2.6313650023448993e+30
124 10 5.2979264051786863e+30
126 10 1.0014504336500532e+31
128 10 1.7734800538033337e+31
130 10 2.9309330807966328e+31
132 10 4.5010643992854729e+31
134 10 6.3835899519636561e+31
136 10 8.3211884035050823e+31
138 10 9.8947523715199324e+31
140 10 1.0649765632819493e+32
142 10 1.0269990861522537e+32
144 10 8.7608759994120614e+31
146 10 6.4880442507414472e+31
148 10 4.0824574736795902e+31
150 10 2.1105061812869049e+31
152 10 8.5114522180807768e+30
154 10 2.4172310909111878e+30
156 10 3.8427165678254115e+29
74 11 2.0840533305240049e+09
76 11 1.7146664873668481e+12
78 11 1.2122395857853541e+14
80 11 3.8116599217224340e+15
82 11 7.1535130603157144e+16
84 11 9.4276095529254733e+17
86 11 9.5676827553477386e+18
88 11 7.9217024350162878e+19
90 11 5.5661206413030470e+20
92 11 3.4064533371343413e+21
94 11 1.8589853803770878e+22
96 11 9.1738005971842718e+22
98 11 4.1420336579330586e+23
100 11 1.7272297917053191e+24
102 11 6.7033685565823573e+24
104 11 2.4286422921052396e+25
106 11 8.2646547016280795e+25
108 11 2.6514898964238205e+26
110 11 8.0211004455034738e+26
112 11 2.2962163174076559e+27
114 11 6.2119390629554684e+27
116 11 1.5894829707738565e+28
118 11 3.8384142952833015e+28
120 11 8.7406922494908673e+28
122 11 1.8777560501609654e+29
124 11 3.7906820349688536e+29
126 11 7.1592454922807932e+29
128 11 1.2642981305734801e+30
130 11 2.0739433008037867e+30
132 11 3.1486939402265255e+30
134 11 4.3964309043411331e+30
136 11 5.6070564732618067e+30
138 11 6.4786204809525566e+30
140 11 6.7119478886033257e+30
142 11 6.1637776232803127e+30
144 11 4.9268764550139396e+30
146 11 3.3517643915162300e+30
148 11 1.8773515935142433e+30
150 11 8.2303766412015010e+29
152 11 2.5494230312512830e+29
154 11 4.4962658010175349e+28
78 12 7.8257104199051800e+09
80 12 3.0127056269671904e+12
82 12 1.7006899459817688e+14
84 12 4.6606545609082550e+15
86 12 7.9111881496504688e+16
88 12 9.6428496830705357e+17
90 12 9.1204579476277023e+18
92 12 7.0892222804417855e+19
94 12 4.6778797518117909e+20
96 12 2.6945312859199379e+21
98 12 1.3826628272932874e+22
100 12 6.4103211510171963e+22
102 12 2.7097383191709426e+23
104 12 1.0577296240991808e+24
106 12 3.8217004255615268e+24
108 12 1.2879770001871062e+25
110 12 4.0593305745704401e+25
112 12 1.2003831719521025e+26
114 12 3.3354575108989916e+26
116 12 8.7098028736403750e+26
118 12 2.1371474811835048e+27
120 12 4.9334364306007696e+27
122 12 1.0674542925180263e+28
124 12 2.1617172056571330e+28
126 12 4.0898121189262484e+28
128 12 7.1908811700330433e+28
130 12 1.1711447812771807e+29
132 12 1.7552745735891205e+29
134 12 2.4076567131817911e+29
136 12 2.9947333621535767e+29
138 12 3.3472923498178564e+29
140 12 3.3185558430401397e+29
142 12 2.8719863382965317e+29
144 12 2.1218088877635863e+29
146 12 1.2946764349430739e+29
148 12 6.1976541485806903e+28
150 12 2.1067216673323995e+28
152 12 4.1472151881723094e+27
82 13 1.6119844920333260e+10
84 13 4.0439990234850811e+12
86 13 1.8496670727050944e+14
88 13 4.4049004578844320e+15
90 13 6.7656845497406696e+16
92 13 7.5592727214047795e+17
94 13 6.6411696185577677e+18
96 13 4.7919775346310816e+19
98 13 2.9557039236033826e+20
100 13 1.5902059401170392e+21
102 13 7.6202160807905277e+21
104 13 3.2892429110029100e+22
106 13 1.2941569471909686e+23
108 13 4.6698180221882316e+23
110 13 1.5573537232069694e+24
112 13 4.8255384399712427e+24
114 13 1.3918028812893566e+25
116 13 3.7433138795802868e+25
118 13 9.3977379414272346e+25
120 13 2.2054595814122398e+26
122 13 4.8242398662301518e+26
124 13 9.8395045629945708e+26
126 13 1.8646684383405326e+27
128 13 3.2662710437013551e+27
130 13 5.2760717808536909e+27
132 13 7.8042973219867393e+27
134 13 1.0468419597112576e+28
136 13 1.2653993729557682e+28
138 13 1.3583031478038680e+28
140 13 1.2766184662504763e+28
142 13 1.0252530694863421e+28
144 13 6.8234336579810149e+27
146 13 3.5888152011653847e+27
148 13 1.3452752711404033e+27
150 13 2.9951456693317713e+26
86 14 2.4033929563195034e+10
88 14 4.0639414111731831e+12
90 14 1.5451806343071434e+14
92 14 3.2034116625396910e+15
94 14 4.4275873891570736e+16
96 14 4.5260050456697978e+17
98 14 3.6556061378492344e+18
100 14 2.4374723583611199e+19
102 14 1.3913698879263800e+20
104 14 6.9376659885400261e+20
106 14 3.0680172579447379e+21
108 14 1.2212053489686736e+22
110 14 4.4099411990757354e+22
112 14 1.4586539385841907e+23
114 14 4.4333737339075930e+23
116 14 1.2448260631264848e+24
118 14 3.2280019523717586e+24
120 14 7.7629976249622000e+24
122 14 1.7305931650108884e+25
124 14 3.5640325899691624e+25
126 14 6.7652951782336381e+25
128 14 1.1856542953875450e+26
130 14 1.8932701116247989e+26
132 14 2.7506270874258815e+26
134 14 3.6046571276238900e+26
136 14 4.1984986432633700e+26
138 14 4.2905751452048642e+26
140 14 3.7648820670269154e+26
142 14 2.7378226860595408e+26
144 14 1.5889211396988676e+26
146 14 6.5792007586302248e+25
148 14 1.6638671015953318e+25
90 15 2.3021628791558422e+10
92 15 3.0438166424967002e+12
94 15 9.7959076156698750e+13
96 15 1.7732200320442125e+15
98 15 2.1961734140804312e+16
100 15 2.0332820591793261e+17
102 15 1.5036802598663677e+18
104 15 9.2053772235961733e+18
106 15 4.8171257712756965e+19
108 15 2.1960908450562838e+20
110 15 8.8697948481245898e+20
112 15 3.2117777357384340e+21
114 15 1.0522154228763066e+22
116 15 3.1312690114239826e+22
118 15 8.5273438888269107e+22
120 15 2.1244121096757388e+23
122 15 4.8565105288064418e+23
124 15 1.0158015760540520e+24
126 15 1.9446065175329455e+24
128 15 3.3975188164079497e+24
130 15 5.3838499140318143e+24
132 15 7.6820087254031487e+24
134 15 9.7561928151298273e+24
136 15 1.0865484754981568e+25
138 15 1.0437427686152587e+25
140 15 8.3334284916293200e+24
142 15 5.3402509544247193e+24
144 15 2.4485758719357372e+24
146 15 7.1167953604177083e+23
94 16 1.6123546812922266e+10
96 16 1.6859956666134062e+12
98 16 4.6123776290291273e+13
100 16 7.3785454524570062e+14
102 16 8.1220674902199520e+15
104 16 6.7689869162788560e+16
106 16 4.5206932254759142e+17
108 16 2.5118598589652628e+18
110 16 1.1883342662209274e+19
112 16 4.9073553961475293e+19
114 16 1.7817419894691463e+20
116 16 5.7796533189228364e+20
118 16 1.6806962892889370e+21
120 16 4.4183861212047286e+21
122 16 1.0475843007894121e+22
124 16 2.2540267931105428e+22
126 16 4.3826644284939818e+22
128 16 7.6820083433390651e+22
130 16 1.2047096693681010e+23
132 16 1.6844253046664785e+23
134 16 2.0591082157665915e+23
136 16 2.1754070475686567e+23
138 16 1.9069952747424473e+23
140 16 1.3588459280222668e+23
142 16 6.8844385679167965e+22
144 16 2.3153296531036377e+22
98 17 9.4492668772695560e+09
100 17 6.7218608895266736e+11
102 17 1.6054387117910873e+13
104 17 2.2337128761797019e+14
106 17 2.1847013913561032e+15
108 17 1.6259931476260632e+16
110 17 9.7186014603033792e+16
112 17 4.8163399847389395e+17
114 17 2.0370094235764941e+18
116 17 7.4255723100807086e+18
118 17 2.3841412791588545e+19
120 17 6.7416020228572561e+19
122 17 1.6990861099608323e+20
124 17 3.7979716105682852e+20
126 17 7.5741411473383594e+20
128 17 1.3371264046237546e+21
130 17 2.0939091703278233e+21
132 17 2.8417895246070185e+21
134 17 3.3426806647576168e+21
136 17 3.2398924884032577e+21
138 17 2.5880990586296137e+21
140 17 1.4517825866784071e+21
142 17 5.7372728372370427e+20
100 18 5.3378032230697647e+07
102 18 3.8410083157846274e+09
104 18 2.0146681547147122e+11
106 18 3.9623899750211709e+12
108 18 4.8581179841388719e+13
110 18 4.1186795436728038e+14
112 18 2.7115366463203605e+15
114 18 1.4199697878754184e+16
116 18 6.2124241291349712e+16
118 18 2.2782466184566656e+17
120 18 7.1968574812143795e+17
122 18 1.9570598391700956e+18
124 18 4.6784062072907407e+18
126 18 9.6566252260100669e+18
128 18 1.7539839985953860e+19
130 18 2.7102266439223599e+19
132 18 3.6427628132018119e+19
134 18 3.9640823038005109e+19
136 18 3.6055698327737623e+19
138 18 2.2500645423137288e+19
140 18 1.0624893685072871e+19
104 19 3.0032120263151739e+07
106 19 1.4347800173816826e+09
108 19 4.2016314299280807e+10
110 19 7.0384755024601672e+11
112 19 7.0782103014399316e+12
114 19 5.3167071901572648e+13
116 19 2.9465116277711031e+14
118 19 1.3462097786545985e+15
120 19 4.9101634480727240e+15
122 19 1.5382262902445946e+16
124 19 3.9533229405696936e+16
126 19 8.8460506058609968e+16
128 19 1.6216122833170707e+17
130 19 2.5992925310525738e+17
132 19 3.2415190737379770e+17
134 19 3.4825728146682246e+17
136 19 2.4411762290323226e+17
138 19 1.4223075918571578e+17
108 20 1.1063084881989414e+07
110 20 3.0423229291871595e+08
112 20 6.8587276942274771e+09
114 20 7.9187384307437378e+10
116 20 6.9692039915186829e+11
118 20 4.0689407307980225e+12
120 20 1.9690953134648305e+13
122 20 7.0302418462716469e+13
124 20 2.1806325262688988e+14
126 20 5.0666608311951612e+14
128 20 1.0488472580500499e+15
130 20 1.5757509970954568e+15
132 20 2.1277188948014410e+15
134 20 1.7025387428194092e+15
136 20 1.2881853875615422e+15
112 21 1.3654729348431388e+06
114 21 4.7292836728702337e+07
116 21 5.5797777018936014e+08
118 21 5.8457073408224993e+09
120 21 3.4206848465329311e+10
122 21 1.8151971020348895e+11
124 21 5.9841570138018115e+11
126 21 1.8544935857601399e+12
128 21 3.5600506071089873e+12
130 21 6.7530724168002842e+12
132 21 6.3941719223300371e+12
134 21 6.9102145379296787e+12
116 22 1.1214102184739978e+05
118 22 1.7886820402399569e+06
120 22 2.5338523541806303e+07
122 22 1.3365407058968049e+08
124 22 8.5998165963346374e+08
126 22 2.2724472385660286e+09
128 22 7.6991563362750816e+09
130 22 8.9760499131687431e+09
132 22 1.6684682761244102e+10
124 23 3.1771091605468782e+03
126 23 1.0568019888684901e+06
128 23 1.4441163487550255e+06
130 23 9.1366017325817253e+06
