236 -46 4.7046119735068831e+04
232 -45 2.4829230791275906e+06
234 -45 1.3708478956115128e+07
228 -44 6.5509919275034025e+07
230 -44 5.9747270887918830e+08
232 -44 1.6286428043228061e+09
224 -43 1.0921182233851039e+09
226 -43 1.3727426636207474e+10
228 -43 6.2804418049894081e+10
230 -43 1.1045727603922093e+11
220 -42 1.3019900242294420e+10
222 -42 2.1144783400798956e+11
224 -42 1.3082187002895315e+12
226 -42 3.9564444339116191e+12
228 -42 5.0187980806075029e+12
216 -41 1.2461868667504498e+11
218 -41 2.3879332927052354e+12
220 -41 1.8932148314521449e+13
222 -41 7.7185518697789125e+13
224 -41 1.7171854808223766e+14
226 -41 1.6790762441570888e+14
212 -40 1.0145716106611337e+12
214 -40 2.2015290097150766e+13
216 -40 2.0548606333312725e+14
218 -40 1.0608304248475796e+15
220 -40 3.2060360135659250e+15
222 -40 5.5848568281407160e+15
224 -40 4.3735781663950715e+15
208 -39 7.3145238142463623e+12
210 -39 1.7370025723492094e+14
212 -39 1.8325280866132020e+15
214 -39 1.1160067438573444e+16
216 -39 4.2273104324000136e+16
218 -39 1.0071030211461434e+17
220 -39 1.4249064764744114e+17
222 -39 9.2883043247688576e+16
204 -38 4.7543598122996164e+13
206 -38 1.2086416342218365e+15
208 -38 1.4010856441013592e+16
210 -38 9.6497036171540048e+16
212 -38 4.3012273775918547e+17
214 -38 1.2814297289365176e+18
216 -38 2.4968245821843128e+18
218 -38 2.9677631326156288e+18
220 -38 1.6471916646220831e+18
200 -37 2.7624140744167038e+14
202 -37 7.5054822646627580e+15
204 -37 9.4049010885783360e+16
206 -37 7.1233201633523622e+17
208 -37 3.6028361705895060e+18
210 -37 1.2646580530944471e+19
212 -37 3.0880892981055255e+19
214 -37 5.0686127279195570e+19
216 -37 5.1707032418380497e+19
218 -37 2.4855994180588290e+19
196 -36 1.4668528518999760e+15
198 -36 4.2134198161273296e+16
200 -36 5.6338327386098810e+17
202 -36 4.6196725707236864e+18
204 -36 2.5800072828877079e+19
206 -36 1.0258071165643999e+20
208 -36 2.9539520997348730e+20
210 -36 6.0717257857492556e+20
212 -36 8.5978651749181450e+20
214 -36 7.6700783037189849e+20
216 -36 3.2645903044111041e+20
192 -35 7.1307548592423460e+15
194 -35 2.1417472734666794e+17
196 -35 3.0301397817687337e+18
198 -35 2.6604565848052777e+19
200 -35 1.6089855173783939e+20
202 -35 7.0873611606358190e+20
204 -35 2.3121775112659841e+21
206 -35 5.6150047767379428e+21
208 -35 9.9771127160677314e+21
210 -35 1.2434286555449103e+22
212 -35 9.8514600359838425e+21
214 -35 3.7620789361598818e+21
186 -34 1.8790022182852762e+11
188 -34 3.1803283279783680e+16
190 -34 9.9699726786924173e+17
192 -34 1.4767883932365910e+19
194 -34 1.3727502184641867e+20
196 -34 8.8873739005039333e+20
198 -34 4.2468958109242365e+21
200 -34 1.5352203480332625e+22
202 -34 4.2407963277060834e+22
204 -34 8.9072498639399316e+22
206 -34 1.3953672464151140e+23
208 -34 1.5503294554956499e+23
210 -34 1.1069889617591630e+23
212 -34 3.8262815940478081e+22
182 -33 3.5795604599701235e+12
184 -33 1.3112209622752811e+17
186 -33 4.2417160088898811e+18
188 -33 6.5443078085437350e+19
190 -33 6.3697437249111104e+20
192 -33 4.3751106249750825e+21
194 -33 2.2431127942465258e+22
196 -33 8.8245656339694997e+22
198 -33 2.7059672770036627e+23
200 -33 6.4745860081190464e+23
202 -33 1.2006238432976598e+24
204 -33 1.6794279530688692e+24
206 -33 1.6854592387056757e+24
208 -33 1.0981651251266795e+24
210 -33 3.4852228005279695e+23
178 -32 3.8321302980616695e+13
180 -32 4.9702127928230118e+17
182 -32 1.6553655581166146e+19
184 -32 2.6473740405941286e+20
186 -32 2.6782342926157690e+21
188 -32 1.9340714470123684e+22
190 -32 1.0513380281398496e+23
192 -32 4.4389742261546466e+23
194 -32 1.4847634454301287e+24
196 -32 3.9550291581081407e+24
198 -32 8.3823953197606663e+24
200 -32 1.3914147288239940e+25
202 -32 1.7635544139535730e+25
204 -32 1.6186473076877468e+25
206 -32 9.6897055781850493e+24
208 -32 2.8542341748128970e+24
174 -31 2.9683965805087462e+14
176 -31 1.7396736937744499e+18
178 -31 5.9305653295137825e+19
180 -31 9.7451470063560661e+20
182 -31 1.0252586120963009e+22
184 -31 7.7011254551346388e+22
186 -31 4.4137751906736223e+23
188 -31 1.9815946831006072e+24
190 -31 7.1221733737377629e+24
192 -31 2.0722768898753970e+25
194 -31 4.8861591414260946e+25
196 -31 9.3015381807814751e+25
198 -31 1.4025998983020480e+26
200 -31 1.6309427542010596e+26
202 -31 1.3815384167493643e+26
204 -31 7.6799274367238384e+25
206 -31 2.1127304817056314e+25
170 -30 1.8179193255070758e+15
172 -30 5.6171852867194993e+18
174 -30 1.9505525598071774e+20
176 -30 3.2860157341429604e+21
178 -30 3.5699445598012272e+22
180 -30 2.7861272671152294e+23
182 -30 1.6658628464654256e+24
184 -30 7.8786759559153370e+24
186 -30 3.0181507790315877e+25
188 -30 9.4614154907197407e+25
190 -30 2.4412426046266135e+26
192 -30 5.1804272071246477e+26
194 -30 8.9557001456291472e+26
196 -30 1.2401721058977313e+27
198 -30 1.3343376012780503e+27
200 -30 1.0533097535359658e+27
202 -30 5.4805723007284861e+26
204 -30 1.4174329549583243e+26
166 -29 9.3452573046372060e+15
168 -29 1.6797496440307573e+19
170 -29 5.9091478369301404e+20
172 -29 1.0168249376542611e+22
174 -29 1.1333866621650053e+23
176 -29 9.1307342875152828e+23
178 -29 5.6721227173534165e+24
180 -29 2.8063914324753824e+25
182 -29 1.1350217521975005e+26
184 -29 3.7992333528733229e+26
186 -29 1.0583125284079548e+27
188 -29 2.4587401303218949e+27
190 -29 4.7568630522738034e+27
192 -29 7.5632116612222089e+27
194 -29 9.7082678527815729e+27
196 -29 9.7315263533767686e+27
198 -29 7.2268774356705035e+27
200 -29 3.5386311934051489e+27
202 -29 8.6668546541511236e+26
162 -28 4.0847846825089432e+16
164 -28 4.6255301853707805e+19
166 -28 1.6390375548963733e+21
168 -28 2.8734446134960564e+22
170 -28 3.2830160234586217e+23
172 -28 2.7185120492660406e+24
174 -28 1.7442568612594018e+25
176 -28 9.0043786903865272e+25
178 -28 3.8209300040948256e+26
180 -28 1.3514073478728647e+27
182 -28 4.0193177444629678e+27
184 -28 1.0098264904020022e+28
186 -28 2.1435551185668853e+28
188 -28 3.8152886008518105e+28
190 -28 5.6345425362409369e+28
192 -28 6.7597730499528772e+28
194 -28 6.3812919852081971e+28
196 -28 4.4682085558387765e+28
198 -28 2.0757867141531603e+28
200 -28 4.8471482931511986e+27
158 -27 1.5398883176713696e+17
160 -27 1.1715007658947151e+20
162 -27 4.1772881539319988e+21
164 -27 7.4340551155813406e+22
166 -27 8.6361319307632812e+23
168 -27 7.3498602157044761e+24
170 -27 4.8589177805985350e+25
172 -27 2.5989673885842289e+26
174 -27 1.1496988951163312e+27
176 -27 4.2704282996727118e+27
178 -27 1.3462779539941506e+28
180 -27 3.6237923998866924e+28
182 -27 8.3170126901480294e+28
184 -27 1.6297385175429842e+29
186 -27 2.7015845660982602e+29
188 -27 3.7341971324821505e+29
190 -27 4.2191007395926682e+29
192 -27 3.7628397301761179e+29
194 -27 2.5033918277495690e+29
196 -27 1.1108049179758563e+29
198 -27 2.4769393688786737e+28
154 -26 5.0961320862791174e+17
156 -26 2.7397904393663667e+20
158 -26 9.7820423708592833e+21
160 -26 1.7579118740455400e+23
162 -26 2.0767401533600951e+24
164 -26 1.8041206303828900e+25
166 -26 1.2260332004132979e+26
168 -26 6.7639089127604811e+26
170 -26 3.1056858661376628e+27
172 -26 1.2057037490110550e+28
174 -26 4.0003990462036130e+28
176 -26 1.1433853133479285e+29
178 -26 2.8144752164715995e+29
180 -26 5.9757891313987372e+29
182 -26 1.0905513333600217e+30
184 -26 1.6943933861216368e+30
186 -26 2.2101140506380809e+30
188 -26 2.3662536370696400e+30
190 -26 2.0086665983728452e+30
192 -26 1.2754234540137547e+30
194 -26 5.4239288208570927e+29
196 -26 1.1609546201570296e+29
150 -25 1.4852863742156913e+18
152 -25 5.8860508003664508e+20
154 -25 2.0968310354912106e+22
156 -25 3.7941266389221325e+23
158 -25 4.5382509597606297e+24
160 -25 4.0216330391466071e+25
162 -25 2.7948306385205924e+26
164 -25 1.5889583272800231e+27
166 -25 7.5365658095727283e+27
168 -25 3.0431460386233543e+28
170 -25 1.0588357634154169e+29
172 -25 3.1867158826555797e+29
174 -25 8.3422992047185928e+29
176 -25 1.9034105215812278e+30
178 -25 3.7721539976627397e+30
180 -25 6.4616848486472631e+30
182 -25 9.4847636992921032e+30
184 -25 1.1740749329183196e+31
186 -25 1.1979221914245084e+31
188 -25 9.7126786462848774e+30
190 -25 5.9148162271480691e+30
192 -25 2.4172132928631468e+30
194 -25 4.9920188432991283e+29
146 -24 3.8566131223389066e+18
148 -24 1.1619426518394743e+21
150 -24 4.0943739138940860e+22
152 -24 7.4667313432462738e+23
154 -24 9.0405392857474593e+24
156 -24 8.1395618123840672e+25
158 -24 5.7791216234488484e+26
160 -24 3.3651816545314265e+27
162 -24 1.6482768981262419e+28
164 -24 6.8937329245553812e+28
166 -24 2.4957369090780995e+29
168 -24 7.8822994925467652e+29
170 -24 2.1781535532458127e+30
172 -24 5.2944540756189687e+30
174 -24 1.1272434557859346e+31
176 -24 2.1018217743911757e+31
178 -24 3.4088627334953632e+31
180 -24 4.7502245362336893e+31
182 -24 5.6102927693584841e+31
184 -24 5.4799443076789875e+31
186 -24 4.2706565754700464e+31
188 -24 2.5041388916471689e+31
190 -24 9.8648360509922189e+30
192 -24 1.9732549183612957e+30
140 -23 9.3196037952578375e+13
142 -23 8.8496570042274785e+18
144 -23 2.1058495056936006e+21
146 -23 7.3355198112523885e+22
148 -23 1.3396859156791104e+24
150 -23 1.6382491831395914e+25
152 -23 1.4940730922238552e+26
154 -23 1.0807885991123284e+27
156 -23 6.4471315157717032e+27
158 -23 3.2380532817346251e+28
160 -23 1.3982885058453483e+29
162 -23 5.2582046606087122e+29
164 -23 1.7313605283402352e+30
166 -23 5.0287363735137948e+30
168 -23 1.2915310171582543e+31
170 -23 2.9349105052392482e+31
172 -23 5.8956791248518105e+31
174 -23 1.0409054735739513e+32
176 -23 1.6045963496086753e+32
178 -23 2.1364807160885756e+32
180 -23 2.4203351809953385e+32
182 -23 2.2717895983975968e+32
184 -23 1.7082606221255211e+32
186 -23 9.6698805257110025e+31
188 -23 3.6845980362789544e+31
190 -23 7.1564667974329345e+30
136 -22 8.2931951320745862e+14
138 -22 1.8157105136036762e+19
140 -22 3.4933578540225512e+21
142 -22 1.1973351498111112e+23
144 -22 2.1827753732437244e+24
146 -22 2.6927207467276508e+25
148 -22 2.4859519108746628e+26
150 -22 1.8279732634520892e+27
152 -22 1.1109641785028456e+28
154 -22 5.7272021421253705e+28
156 -22 2.5453815835678494e+29
158 -22 9.8938158730353716e+29
160 -22 3.3858655762184930e+30
162 -22 1.0276303038470250e+31
164 -22 2.7774785034129869e+31
166 -22 6.6820297567640332e+31
168 -22 1.4323142855637310e+32
170 -22 2.7308249377921319e+32
172 -22 4.5895813036135035e+32
174 -22 6.7699016216106429e+32
176 -22 8.6555699597205329e+32
178 -22 9.4332841078975476e+32
180 -22 8.5482485659027285e+32
182 -22 6.2114259387964745e+32
184 -22 3.4106027546394615e+32
186 -22 1.2618685408930649e+32
188 -22 2.3835382217577695e+31
132 -21 3.9666292290529675e+15
134 -21 3.3229779988523168e+19
136 -21 5.3020651825792842e+21
138 -21 1.7783164985264940e+23
140 -21 3.2404458340855853e+24
142 -21 4.0067616061794301e+25
144 -21 3.7435916694228633e+26
146 -21 2.7911826583113211e+27
148 -21 1.7266308445961867e+28
150 -21 9.0983881981924401e+28
152 -21 4.1536828070208260e+29
154 -21 1.6633131803635275e+30
156 -21 5.8927047141718434e+30
158 -21 1.8633429410132229e+31
160 -21 5.2739324856403839e+31
162 -21 1.3371683675762437e+32
164 -21 3.0366535878511175e+32
166 -21 6.1845428673883634e+32
168 -21 1.1239246860989636e+33
170 -21 1.8106587633702015e+33
172 -21 2.5655259155631647e+33
174 -21 3.1605095373312919e+33
176 -21 3.3257399112219281e+33
178 -21 2.9179324859180596e+33
180 -21 2.0573574313908657e+33
182 -21 1.0970418572433648e+33
184 -21 3.9485680632502268e+32
186 -21 7.2739536617324676e+31
128 -20 1.3498233601978834e+16
130 -20 5.4386630482155258e+19
132 -20 7.3201927951291368e+21
134 -20 2.4007724447302981e+23
136 -20 4.3540571232851813e+24
138 -20 5.3993452169925620e+25
140 -20 5.0800915187072659e+26
142 -20 3.8375278852491861e+27
144 -20 2.4163180650150831e+28
146 -20 1.2968071180430997e+29
148 -20 6.0620840722517369e+29
150 -20 2.5001676286183760e+30
152 -20 9.1526760943237088e+30
154 -20 3.0005549976233738e+31
156 -20 8.8467714749789345e+31
158 -20 2.3505515960585816e+32
160 -20 5.6342397674962163e+32
162 -20 1.2186135447572411e+33
164 -20 2.3701915852606901e+33
166 -20 4.1253397530482931e+33
168 -20 6.3937340058837719e+33
170 -20 8.7404030039311668e+33
172 -20 1.0418602742846227e+34
174 -20 1.0619624217615691e+34
176 -20 9.0434820738592545e+33
178 -20 6.2047784387217025e+33
180 -20 3.2187081410701104e+33
182 -20 1.1317821268304132e+33
184 -20 2.0379639775647318e+32
124 -19 3.5199552795641572e+16
126 -19 7.9313882003792462e+19
128 -19 9.1769800776405054e+21
130 -19 2.9412539813414978e+23
132 -19 5.2902807206443026e+24
134 -19 6.5732918824887121e+25
136 -19 6.2268225674785644e+26
138 -19 4.7495574272215759e+27
140 -19 3.0318717202696383e+28
142 -19 1.6581533510967920e+29
144 -19 7.9323128966687380e+29
146 -19 3.3516018341748540e+30
148 -19 1.2649900061367638e+31
150 -19 4.2898344565361715e+31
152 -19 1.3126136957584832e+32
154 -19 3.6421368843411043e+32
156 -19 9.1615930103083510e+32
158 -19 2.0911009111074526e+33
160 -19 4.3238299958325705e+33
162 -19 8.0650292402111975e+33
164 -19 1.3528559987312419e+34
166 -19 2.0243232469284064e+34
168 -19 2.6794527877729951e+34
170 -19 3.0962242378163161e+34
172 -19 3.0681756402194863e+34
174 -19 2.5441632088288816e+34
176 -19 1.7001110831686929e+34
178 -19 8.6115572266786658e+33
180 -19 2.9618502046204146e+33
182 -19 5.2277647846167779e+32
120 -18 7.4311241740298576e+16
122 -18 1.0347051078368443e+20
124 -18 1.0456974187568019e+22
126 -18 3.2596631624751525e+23
128 -18 5.8092403755856350e+24
130 -18 7.2019717537501849e+25
132 -18 6.8511969839920364e+26
134 -18 5.2753576576076116e+27
136 -18 3.4103726063491432e+28
138 -18 1.8987878841005492e+29
140 -18 9.2527117984755330e+29
142 -18 4.0046785100176973e+30
144 -18 1.5536389756425766e+31
146 -18 5.4325071390604269e+31
148 -18 1.7223356115478620e+32
150 -18 4.9699834985311044e+32
152 -18 1.3078611187292877e+33
154 -18 3.1335319797196713e+33
156 -18 6.8456983651477486e+33
158 -18 1.3591989570472751e+34
160 -18 2.4457202813558152e+34
162 -18 3.9656527101753874e+34
164 -18 5.7505003428761426e+34
166 -18 7.3884748995796650e+34
168 -18 8.3042708285659519e+34
170 -18 8.0229319730615361e+34
172 -18 6.4885100856591316e+34
174 -18 4.2358664399962142e+34
176 -18 2.1003031786129893e+34
178 -18 7.0693779003278949e+33
180 -18 1.2265153223987933e+33
116 -17 1.3012168061672134e+17
118 -17 1.2011257227019724e+20
120 -17 1.0759154121984824e+22
122 -17 3.2568593589960713e+23
124 -17 5.7381414344669941e+24
126 -17 7.1014152071888221e+25
128 -17 6.7767722314665898e+26
130 -17 5.2514565247806858e+27
132 -17 3.4327458371653921e+28
134 -17 1.9387457160525897e+29
136 -17 9.6263399244655569e+29
138 -17 4.2562128034689509e+30
140 -17 1.6927754728277931e+31
142 -17 6.0886343109366190e+31
144 -17 1.9955092849761717e+32
146 -17 5.9716145112655813e+32
148 -17 1.6356052867338984e+33
150 -17 4.1028583928511827e+33
152 -17 9.4280674257211380e+33
154 -17 1.9798641608001613e+34
156 -17 3.7951271742076296e+34
158 -17 6.6069727156839762e+34
160 -17 1.0395221228587967e+35
162 -17 1.4652323534436332e+35
164 -17 1.8335035551156401e+35
166 -17 2.0092417514627501e+35
168 -17 1.8945346793382880e+35
170 -17 1.4981962863588651e+35
172 -17 9.5726974455812794e+34
174 -17 4.6527398623585650e+34
176 -17 1.5378176582513012e+34
178 -17 2.6250516501639945e+33
112 -16 1.9104434860328237e+17
114 -16 1.2453883945979809e+20
116 -16 9.9412735857425708e+21
118 -16 2.9230059224399389e+23
120 -16 5.0859724638586267e+24
122 -16 6.2743534899288287e+25
124 -16 5.9933535629391840e+26
126 -16 4.6725699751718309e+27
128 -16 3.0802083123876558e+28
130 -16 1.7636074133054294e+29
132 -16 8.9021189315358924e+29
134 -16 4.0139657739409921e+30
136 -16 1.6336787031800314e+31
138 -16 6.0349510317027887e+31
140 -16 2.0387863294539352e+32
142 -16 6.3051442446444838e+32
144 -16 1.7935627066726201e+33
146 -16 4.6930329767048953e+33
148 -16 1.1292292493006869e+34
150 -16 2.4993844906484339e+34
152 -16 5.0676468710437217e+34
154 -16 9.4084444117579175e+34
156 -16 1.5898313223570914e+35
158 -16 2.4330017917519970e+35
160 -16 3.3439248935099872e+35
162 -16 4.0856948480127806e+35
164 -16 4.3744266167027119e+35
166 -16 4.0369672031218673e+35
168 -16 3.1289895975710992e+35
170 -16 1.9608490608686302e+35
172 -16 9.3528052478048527e+34
174 -16 3.0412035185136672e+34
176 -16 5.1198727015248393e+33
108 -15 2.3872164543623414e+17
110 -15 1.1465141843344163e+20
112 -15 8.2650244449502767e+21
114 -15 2.3511071407365514e+23
116 -15 4.0384074691111519e+24
118 -15 4.9538196658666839e+25
120 -15 4.7287344618432054e+26
122 -15 3.7001854502211104e+27
124 -15 2.4621778072631599e+28
126 -15 1.4240942934081676e+29
128 -15 7.2956633678445040e+29
130 -15 3.3495132472058745e+30
132 -15 1.3923705963766154e+31
134 -15 5.2764474403614939e+31
136 -15 1.8309071309923384e+32
138 -15 5.8483553371147641e+32
140 -15 1.7214732667684054e+33
142 -15 4.6831342038350223e+33
144 -15 1.1758411188162019e+34
146 -15 2.7278882555032869e+34
148 -15 5.8319918171508377e+34
150 -15 1.1474749193571725e+35
152 -15 2.0700220848406195e+35
154 -15 3.4069813977286083e+35
156 -15 5.0831913280542235e+35
158 -15 6.8238218414056535e+35
160 -15 8.1595514334067362e+35
162 -15 8.5544115227480198e+35
164 -15 7.7470924117448651e+35
166 -15 5.8889199208109943e+35
168 -15 3.6265895000820606e+35
170 -15 1.7034432336036423e+35
172 -15 5.4584822540561906e+34
174 -15 9.0776717342650406e+33
104 -14 2.5545553837468797e+17
106 -14 9.3796787701123678e+19
108 -14 6.1370649682160071e+21
110 -14 1.6905285743029357e+23
112 -14 2.8601131051342355e+24
114 -14 3.4742970035276323e+25
116 -14 3.3159468921534154e+26
118 -14 2.6021917966335237e+27
120 -14 1.7417591299385050e+28
122 -14 1.0190476319622107e+29
124 -14 5.2830236869858351e+29
126 -14 2.4676659892796743e+30
128 -14 1.0455311881466177e+31
130 -14 4.0530330386158951e+31
132 -14 1.4434931882989789e+32
134 -14 4.7446915283729748e+32
136 -14 1.4431702426979312e+33
138 -14 4.0661799040226112e+33
140 -14 1.0626282596282767e+34
142 -14 2.5759727562086754e+34
144 -14 5.7823073700777553e+34
146 -14 1.2002950529186769e+35
148 -14 2.2961621639936518e+35
150 -14 4.0363573792551386e+35
152 -14 6.4870640431196768e+35
154 -14 9.4612682159091741e+35
156 -14 1.2444479666326267e+36
158 -14 1.4573805573018234e+36
160 -14 1.5009436874434272e+36
162 -14 1.3345116499136810e+36
164 -14 9.9826734525922862e+35
166 -14 6.0515024365126521e+35
168 -14 2.8005458578259371e+35
170 -14 8.8618432663189055e+34
172 -14 1.4595948282446159e+34
100 -13 2.3472872632115955e+17
102 -13 6.7731900737379926e+19
104 -13 4.0557531768748004e+21
106 -13 1.0798290628722705e+23
108 -13 1.7943446068060712e+24
110 -13 2.1650350148227807e+25
112 -13 2.0558615426940768e+26
114 -13 1.6188158103795346e+27
116 -13 1.0894007378605743e+28
118 -13 6.4195553705748181e+28
120 -13 3.3698995076979666e+29
122 -13 1.5952489295644811e+30
124 -13 6.8868082298708890e+30
126 -13 2.7243096894092767e+31
128 -13 9.9434404885899278e+31
130 -13 3.3560265421182053e+32
132 -13 1.0524488585746444e+33
134 -13 3.0665161322866189e+33
136 -13 8.3176602901942262e+33
138 -13 2.0985323424507535e+34
140 -13 4.9304779875417129e+34
142 -13 1.0748213953289987e+35
144 -13 2.1725432753834090e+35
146 -13 4.0553288419218661e+35
148 -13 6.9659417769007454e+35
150 -13 1.0952431998704470e+36
152 -13 1.5650494390709018e+36
154 -13 2.0196726983293538e+36
156 -13 2.3230440937632944e+36
158 -13 2.3522139187237592e+36
160 -13 2.0584210466627113e+36
162 -13 1.5176977826019230e+36
164 -13 9.0752702189891625e+35
166 -13 4.1471684611136892e+35
168 -13 1.2973074017959701e+35
170 -13 2.1176045001929189e+34
94 -12 8.5208659175009824e+12
96 -12 1.8460412517269005e+17
98 -12 4.3092075886226407e+19
100 -12 2.3763637889548770e+21
102 -12 6.1088513717738758e+22
104 -12 9.9447336391748678e+23
106 -12 1.1888341342053512e+25
108 -12 1.1257616802603107e+26
110 -12 8.8493726450876842e+26
112 -12 5.9839051259786414e+27
114 -12 3.5475391667771500e+28
116 -12 1.8815221251427631e+29
118 -12 9.0367868432170918e+29
120 -12 3.9611040859426501e+30
122 -12 1.5959929010148470e+31
124 -12 5.9549381337177317e+31
126 -12 2.0623642769235176e+32
128 -12 6.6500872144763722e+32
130 -12 2.0010033865972798e+33
132 -12 5.6150157307094093e+33
134 -12 1.4727353713976550e+34
136 -12 3.6051202617895813e+34
138 -12 8.2253096537832851e+34
140 -12 1.7484123158325321e+35
142 -12 3.4501397974275877e+35
144 -12 6.3005944803605288e+35
146 -12 1.0600921934619896e+36
148 -12 1.6351531195090898e+36
150 -12 2.2950693155495229e+36
152 -12 2.9098649768976169e+36
154 -12 3.2961767604327292e+36
156 -12 3.2874886356610890e+36
158 -12 2.8358660342658387e+36
160 -12 2.0634624425244084e+36
162 -12 1.2185255861269794e+36
164 -12 5.5106793045913920e+35
166 -12 1.7091946920345159e+35
168 -12 2.7711387156967473e+34
90 -11 1.5830600200539750e+13
92 -11 1.2441212862489797e+17
94 -11 2.4005448553145410e+19
96 -11 1.2263170008236504e+21
98 -11 3.0371021720207573e+22
100 -11 4.8535098879747762e+23
102 -11 5.7355641436450906e+24
104 -11 5.3909686368671435e+25
106 -11 4.2387550128862862e+26
108 -11 2.8668196011279775e+27
110 -11 1.7107356027777683e+28
112 -11 9.1600692491737456e+28
114 -11 4.4483696268309174e+29
116 -11 1.9781836573522369e+30
118 -11 8.1224073771989777e+30
120 -11 3.0918848495287438e+31
122 -11 1.0960431370572600e+32
124 -11 3.6277976967754077e+32
126 -11 1.1234797034846985e+33
128 -11 3.2574595545994548e+33
130 -11 8.8579517213485325e+33
132 -11 2.2541601747324984e+34
134 -11 5.3689659696830761e+34
136 -11 1.1950075633760239e+35
138 -11 2.4822299462446670e+35
140 -11 4.7961557489686884e+35
142 -11 8.5874867047414337e+35
144 -11 1.4187353706499567e+36
146 -11 2.1503427229084194e+36
148 -11 2.9703617258648340e+36
150 -11 3.7086526549731540e+36
152 -11 4.1415710665485832e+36
154 -11 4.0770291660724551e+36
156 -11 3.4750633339708387e+36
158 -11 2.4998637626638433e+36
160 -11 1.4620612498015698e+36
162 -11 6.5516795718579226e+35
164 -11 2.0166452189269344e+35
166 -11 3.2577653810527304e+34
86 -10 1.9911399738244336e+13
88 -10 7.2080425511044208e+16
90 -10 1.1675960329094726e+19
92 -10 5.5319868085383175e+20
94 -10 1.3228255475689524e+22
96 -10 2.0714022689241556e+23
98 -10 2.4132269313506790e+24
100 -10 2.2521350559111272e+25
102 -10 1.7631316522907377e+26
104 -10 1.1930025517320980e+27
106 -10 7.1501537352745745e+27
108 -10 3.8572332066742084e+28
110 -10 1.8937837988861027e+29
112 -10 8.5370801606167950e+29
114 -10 3.5616570427488438e+30
116 -10 1.3821067719967969e+31
118 -10 5.0087102371788292e+31
120 -10 1.6987984130449353e+32
122 -10 5.4098873658896715e+32
124 -10 1.6166422402364123e+33
126 -10 4.5429277360967027e+33
128 -10 1.2001086807428250e+34
130 -10 2.9751688841685269e+34
132 -10 6.9197160479498718e+34
134 -10 1.5072626410517304e+35
136 -10 3.0665774933314307e+35
138 -10 5.8161946754714161e+35
140 -10 1.0230105208239293e+36
142 -10 1.6628450809212519e+36
144 -10 2.4825677463181839e+36
146 -10 3.3811104270738485e+36
148 -10 4.1671135901174274e+36
150 -10 4.5949491320577532e+36
152 -10 4.4731276330318597e+36
154 -10 3.7723545353857250e+36
156 -10 2.6879361534048284e+36
158 -10 1.5592581671889478e+36
160 -10 6.9384914135402729e+35
162 -10 2.1257366888710902e+35
164 -10 3.4233870743470175e+34
82 -9 1.7350417040940576e+13
84 -9 3.5612871941997732e+16
86 -9 4.9045855685255905e+18
88 -9 2.1727507793803087e+20
90 -9 4.9931681887375642e+21
92 -9 7.6477409499785414e+22
94 -9 8.7845517435890233e+23
96 -9 8.1244989964350960e+24
98 -9 6.3246477608822741e+25
100 -9 4.2832085509093612e+26
102 -9 2.5721866769538141e+27
104 -9 1.3965248493264531e+28
106 -9 6.9159962000029360e+28
108 -9 3.1589939372439993e+29
110 -9 1.3377563011351969e+30
112 -9 5.2856421632917840e+30
114 -9 1.9533604401444423e+31
116 -9 6.7868544557054768e+31
118 -9 2.2157898439619210e+32
120 -9 6.8188843372554222e+32
122 -9 1.9768872724381928e+33
124 -9 5.4034300907529571e+33
126 -9 1.3918351096870044e+34
128 -9 3.3740483449450349e+34
130 -9 7.6834865437854862e+34
132 -9 1.6416887585173185e+35
134 -9 3.2824448433634915e+35
136 -9 6.1201505214800870e+35
138 -9 1.0604696872285008e+36
140 -9 1.6993780357472681e+36
142 -9 2.5046608315828657e+36
144 -9 3.3683267648356297e+36
146 -9 4.1057202081224149e+36
148 -9 4.4804889265652723e+36
150 -9 4.3195305692221715e+36
152 -9 3.6133486233723205e+36
154 -9 2.5546822020495434e+36
156 -9 1.4726732889383663e+36
158 -9 6.5194214282846672e+35
160 -9 1.9916909257905468e+35
162 -9 3.2113603867221526e+34
78 -8 1.1643198824518135e+13
80 -8 1.4913254662413972e+16
82 -8 1.7787345606376538e+18
84 -8 7.3391343571216269e+19
86 -8 1.6238042988959089e+21
88 -8 2.4264171269296044e+22
90 -8 2.7424143288872327e+23
92 -8 2.5074821058732488e+24
94 -8 1.9438735601725191e+25
96 -8 1.3130840618582834e+26
98 -8 7.9014288675567198e+26
100 -8 4.3051446624380059e+27
102 -8 2.1520432837396736e+28
104 -8 9.9299218592886916e+28
106 -8 4.2663369154561626e+29
108 -8 1.7122033981371894e+30
110 -8 6.4552124053631716e+30
112 -8 2.2928524772235662e+31
114 -8 7.6712387964297936e+31
116 -8 2.4257895641203703e+32
118 -8 7.2476836813684058e+32
120 -8 2.0466893647097756e+33
122 -8 5.4626355971895952e+33
124 -8 1.3763113771530350e+34
126 -8 3.2704537896399475e+34
128 -8 7.3163492715585742e+34
130 -8 1.5371343519310449e+35
132 -8 3.0275921401661064e+35
134 -8 5.5662394623300383e+35
136 -8 9.5215367215936200e+35
138 -8 1.5072892503510537e+36
140 -8 2.1967889347146181e+36
142 -8 2.9250621945874553e+36
144 -8 3.5314833220467498e+36
146 -8 3.8212334735049061e+36
148 -8 3.6555370710421795e+36
150 -8 3.0369328392418400e+36
152 -8 2.1357452049444518e+36
154 -8 1.2257070783924654e+36
156 -8 5.4140673996277158e+35
158 -8 1.6526299665597134e+35
160 -8 2.6700407175448394e+34
74 -7 6.0423821660267031e+12
76 -7 5.2444691680461910e+15
78 -7 5.4812832518240730e+17
80 -7 2.1126026318458872e+19
82 -7 4.5047075429257537e+20
84 -7 6.5558569949388687e+21
86 -7 7.2763720924832526e+22
88 -7 6.5689328118071196e+23
90 -7 5.0537133471064098e+24
92 -7 3.4029680545695566e+25
94 -7 2.0499291909012459e+26
96 -7 1.1198509163019547e+27
98 -7 5.6296110897278879e+27
100 -7 2.6272896166929330e+28
102 -7 1.1421951058010236e+29
104 -7 4.6572768262663596e+29
106 -7 1.7894485221691079e+30
108 -7 6.4887901074103134e+30
110 -7 2.2229626185616372e+31
112 -7 7.2130342572470749e+31
114 -7 2.2168629711972145e+32
116 -7 6.4644102123167668e+32
118 -7 1.7839426264326164e+33
120 -7 4.6653115198287483e+33
122 -7 1.1542206891443481e+34
124 -7 2.6970963899256450e+34
126 -7 5.9393869264395758e+34
128 -7 1.2303626431137966e+35
130 -7 2.3925062956083294e+35
132 -7 4.3481457769466523e+35
134 -7 7.3540344449258053e+35
136 -7 1.1528314895301594e+36
138 -7 1.6652776494426584e+36
140 -7 2.1996680310118146e+36
142 -7 2.6365527596678075e+36
144 -7 2.8344655941307622e+36
146 -7 2.6957294696384981e+36
148 -7 2.2293654953381564e+36
150 -7 1.5628085602015913e+36
152 -7 8.9434877551285210e+35
154 -7 3.9488262521161429e+35
156 -7 1.2077706792332032e+35
158 -7 1.9607611724803077e+34
70 -6 2.4811850534109785e+12
72 -6 1.5351801865694660e+15
74 -6 1.4181821950207938e+17
76 -6 5.1211214070023219e+18
78 -6 1.0505148606021937e+20
80 -6 1.4874307765938220e+21
82 -6 1.6186462062965604e+22
84 -6 1.4409807526810574e+23
86 -6 1.0969476685375685e+24
88 -6 7.3569588194221328e+24
90 -6 4.4240483817539323e+25
92 -6 2.4279951610558895e+26
94 -6 1.2275040402227417e+27
96 -6 5.7743443416074749e+27
98 -6 2.5429006826388899e+28
100 -6 1.0526332232337497e+29
102 -6 4.1138749412558062e+29
104 -6 1.5202612119540860e+30
106 -6 5.3296099925332430e+30
108 -6 1.7747224250761667e+31
110 -6 5.6031747034190093e+31
112 -6 1.6838221516157071e+32
114 -6 4.8063522091017812e+32
116 -6 1.3014374727282379e+33
118 -6 3.3477954513266091e+33
120 -6 8.1529386624301811e+33
122 -6 1.8785909498605420e+34
124 -6 4.0846108013540816e+34
126 -6 8.3663867472213643e+34
128 -6 1.6105697921321326e+35
130 -6 2.8967834863602819e+35
132 -6 4.8587002632566594e+35
134 -6 7.5588595282826120e+35
136 -6 1.0844165944088874e+36
138 -6 1.4232543940822268e+36
140 -6 1.6967060231936522e+36
142 -6 1.8164716938231673e+36
144 -6 1.7230919752174243e+36
146 -6 1.4218472487332500e+36
148 -6 9.9493533658284367e+35
150 -6 5.6961234305234899e+35
152 -6 2.5192487028406167e+35
154 -6 7.7354675653596995e+34
156 -6 1.2663621440851917e+34
66 -5 7.9805062887145410e+11
68 -5 3.7010563969969688e+14
70 -5 3.0369837122831784e+16
72 -5 1.0289401882381064e+18
74 -5 2.0247492256850018e+19
76 -5 2.7856714807293975e+20
78 -5 2.9639892229045360e+21
80 -5 2.6015508475202933e+22
82 -5 1.9617717137534224e+23
84 -5 1.3062044209665895e+24
86 -5 7.8481452113736086e+24
88 -5 4.3104777878309398e+25
90 -5 2.1911418227357671e+26
92 -5 1.0390439808774596e+27
94 -5 4.6270557249424106e+27
96 -5 1.9424796936074791e+28
98 -5 7.7233898633006191e+28
100 -5 2.9139332529475423e+29
102 -5 1.0438988214797363e+30
104 -5 3.5617563405112464e+30
106 -5 1.1563267915021489e+31
108 -5 3.5744216563042219e+31
110 -5 1.0540671172899515e+32
112 -5 2.9543793612852810e+32
114 -5 7.8847665212577420e+32
116 -5 1.9989469365194873e+33
118 -5 4.8099943544428765e+33
120 -5 1.0963265289095848e+34
122 -5 2.3608030188687112e+34
124 -5 4.7908336277228783e+34
126 -5 9.1455749964633670e+34
128 -5 1.6346658392941949e+35
130 -5 2.7259650430627430e+35
132 -5 4.2171916867268334e+35
134 -5 6.0215980938956217e+35
136 -5 7.8794335421643240e+35
138 -5 9.3639747297559555e+35
140 -5 1.0000961851199790e+36
142 -5 9.4754873698185427e+35
144 -5 7.8220419325396407e+35
146 -5 5.4826268547877961e+35
148 -5 3.1472878168610430e+35
150 -5 1.3989017418464181e+35
152 -5 4.3242239519464439e+34
154 -5 7.1517440602566226e+33
62 -4 2.0094001039982013e+11
64 -4 7.1715663580063906e+13
66 -4 5.2908310876647110e+15
68 -4 1.6757272283832634e+17
70 -4 3.1648645224103050e+18
72 -4 4.2255864473777701e+19
74 -4 4.3980416735195765e+20
76 -4 3.7906404924932311e+21
78 -4 2.8207826226704604e+22
80 -4 1.8670033341609355e+23
82 -4 1.1172219489531453e+24
84 -4 6.1432237341351159e+24
86 -4 3.1403563666359507e+25
88 -4 1.5016883174046817e+26
90 -4 6.7632444780341096e+26
92 -4 2.8835928103432504e+27
94 -4 1.1652774860782580e+28
96 -4 4.4854674250536683e+28
98 -4 1.6435225408368224e+29
100 -4 5.7409990073899174e+29
102 -4 1.9145830376795632e+30
104 -4 6.1029865447258296e+30
106 -4 1.8542575176525210e+31
108 -4 5.3826889878630447e+31
110 -4 1.4892691633016008e+32
112 -4 3.9308924031711964e+32
114 -4 9.8588733243220696e+32
116 -4 2.3507678918033079e+33
118 -4 5.3124335878495304e+33
120 -4 1.1356959224780135e+34
122 -4 2.2927049308269008e+34
124 -4 4.3539127620414830e+34
126 -4 7.7425247973562802e+34
128 -4 1.2872654580214094e+35
130 -4 1.9872181852397905e+35
132 -4 2.8307791751732976e+35
134 -4 3.7008793966989930e+35
136 -4 4.3968191744556328e+35
138 -4 4.6996697369085063e+35
140 -4 4.4575643045939849e+35
142 -4 3.6888061148483273e+35
144 -4 2.5957002114533772e+35
146 -4 1.4988987121461081e+35
148 -4 6.7111582001841359e+34
150 -4 2.0958368230543924e+34
152 -4 3.5156773448786605e+33
58 -3 3.8532315738464455e+10
60 -3 1.0925028021203734e+13
62 -3 7.2188693693569200e+14
64 -3 2.1585037700666292e+16
66 -3 3.8948479064335424e+17
68 -3 5.0409837029490842e+18
70 -3 5.1018848042780754e+19
72 -3 4.3234654836994487e+20
74 -3 3.1768123914398052e+21
76 -3 2.0834787366083769e+22
78 -3 1.2420203778951812e+23
80 -3 6.8515636118100417e+23
82 -3 3.5198687765152382e+24
84 -3 1.6989844760935256e+25
86 -3 7.7582673857944746e+25
88 -3 3.3581233728865484e+26
90 -3 1.3824753259184325e+27
92 -3 5.4371835139448342e+27
94 -3 2.0359095790998787e+28
96 -3 7.2981476758218126e+28
98 -3 2.5032635035622930e+29
100 -3 8.2101630004718683e+29
102 -3 2.5758373395405060e+30
104 -3 7.7296162246724153e+30
106 -3 2.2206417544559644e+31
108 -3 6.0881185784967425e+31
110 -3 1.5921148108682109e+32
112 -3 3.9698585471912996e+32
114 -3 9.4073293924951635e+32
116 -3 2.1165899774131401e+33
118 -3 4.5060354989731891e+33
120 -3 9.0751569321317914e+33
122 -3 1.7182063168223239e+34
124 -3 3.0548206220055341e+34
126 -3 5.0729612937289262e+34
128 -3 7.8300842024394832e+34
130 -3 1.1176588717549305e+35
132 -3 1.4635825830206466e+35
134 -3 1.7431444439659754e+35
136 -3 1.8699070326036722e+35
138 -3 1.7813479828959081e+35
140 -3 1.4811886114915818e+35
142 -3 1.0496921413945419e+35
144 -3 6.1151960015458955e+34
146 -3 2.7670155538724559e+34
148 -3 8.7464841850553675e+33
150 -3 1.4943060488244308e+33
52 -2 3.2825459570684633e+05
54 -2 5.4508220399495907e+09
56 -2 1.2494967634504253e+12
58 -2 7.4988847092618906e+13
60 -2 2.0993613682775432e+15
62 -2 3.6320391911652232e+16
64 -2 4.5259742505978650e+17
66 -2 4.4660400784823270e+18
68 -2 3.6981064993720918e+19
70 -2 2.6828600695542278e+20
72 -2 1.7453099231619910e+21
74 -2 1.0403958434834462e+22
76 -2 5.7651930115470665e+22
78 -2 2.9863434583155004e+23
80 -2 1.4586849741887388e+24
82 -2 6.7647230158310200e+24
84 -2 2.9783349015610736e+25
86 -2 1.2532904249611559e+26
88 -2 5.0312383696371614e+26
90 -2 1.9371071585389877e+27
92 -2 7.1340867543041605e+27
94 -2 2.5153182516397160e+28
96 -2 8.5248357429085821e+28
98 -2 2.7660705603534645e+29
100 -2 8.5982060663797737e+29
102 -2 2.5608635696827135e+30
104 -2 7.3065409040040359e+30
106 -2 1.9939394252193073e+31
108 -2 5.1907144508850556e+31
110 -2 1.2903224290300995e+32
112 -2 3.0513447102543810e+32
114 -2 6.8549924455941716e+32
116 -2 1.4593994289053305e+33
118 -2 2.9391075885633587e+33
120 -2 5.5733733727139245e+33
122 -2 9.9232849247684233e+33
124 -2 1.6527461448701861e+34
126 -2 2.5603321979985633e+34
128 -2 3.6676494076742976e+34
130 -2 4.8262920133607239e+34
132 -2 5.7791381651905802e+34
134 -2 6.2401111590833710e+34
136 -2 5.9899487287575701e+34
138 -2 5.0281519354547880e+34
140 -2 3.5984613830377865e+34
142 -2 2.1213397631555106e+34
144 -2 9.7363417627601358e+33
146 -2 3.1273812594060640e+33
148 -2 5.4651426203559597e+32
48 -1 1.0276580621323841e+05
50 -1 5.3370162956708980e+08
52 -1 1.0158223519190652e+11
54 -1 5.5143068389324482e+12
56 -1 1.4530585989689994e+14
58 -1 2.3927337290447980e+15
60 -1 2.8795137159338048e+16
62 -1 2.7591807562370464e+17
64 -1 2.2349946345067105e+18
66 -1 1.5982057897417253e+19
68 -1 1.0360674875758350e+20
70 -1 6.1972729198376767e+20
72 -1 3.4612684262089241e+21
74 -1 1.8196977625467948e+22
76 -1 9.0694434625132257e+22
78 -1 4.2874613330842697e+23
80 -1 1.9357399389971381e+24
82 -1 8.3468012115214048e+24
84 -1 3.4499663879556595e+25
86 -1 1.3642520842565478e+26
88 -1 5.1848419036268517e+26
90 -1 1.8920662155566265e+27
92 -1 6.6245020700153758e+27
94 -1 2.2300781324178737e+28
96 -1 7.1970087608335722e+28
98 -1 2.2305581552712584e+29
100 -1 6.6359834569464224e+29
102 -1 1.8891110886928043e+30
104 -1 5.1573408525329116e+30
106 -1 1.3436656623615201e+31
108 -1 3.3422892848297965e+31
110 -1 7.9213736494699892e+31
112 -1 1.7840777243551668e+32
114 -1 3.8123521644586696e+32
116 -1 7.7056173334118977e+32
118 -1 1.4689359549199592e+33
120 -1 2.6307878271984149e+33
122 -1 4.4074675707715274e+33
124 -1 6.8734251279546670e+33
126 -1 9.9118244424132022e+33
128 -1 1.3154977801931433e+34
130 -1 1.5903642151212178e+34
132 -1 1.7345040766128426e+34
134 -1 1.6839716958229371e+34
136 -1 1.4300022485810239e+34
138 -1 1.0374825989046945e+34
140 -1 6.2088421890506802e+33
142 -1 2.9010649472851396e+33
144 -1 9.5043943370779658e+32
146 -1 1.7062479035312678e+32
44 0 1.2551053648849029e+04
46 0 3.2552513105592363e+07
48 0 5.1871347815819178e+09
50 0 2.5543065387561292e+11
52 0 6.3058407551406426e+12
54 0 9.9100836656151938e+13
56 0 1.1446235014310348e+15
58 0 1.0658477479138172e+16
60 0 8.4795874059327200e+16
62 0 6.0310008184145408e+17
64 0 3.9376117835663672e+18
66 0 2.3955156566011990e+19
68 0 1.3708174413055545e+20
70 0 7.4221093044202871e+20
72 0 3.8195299343933752e+21
74 0 1.8670181139298545e+22
76 0 8.7035009903101884e+22
78 0 3.8906406893528230e+23
80 0 1.6686144990897138e+24
82 0 6.8425882577396937e+24
84 0 2.6990691806112164e+25
86 0 1.0236887536387669e+26
88 0 3.7281200374264325e+26
90 0 1.3061521836911162e+27
92 0 4.4043708118912212e+27
94 0 1.4244399962639652e+28
96 0 4.4301208453345094e+28
98 0 1.3215922859072243e+29
100 0 3.7836942725162249e+29
102 0 1.0355083020967046e+30
104 0 2.7167697111771846e+30
106 0 6.8005417596931987e+30
108 0 1.6223699444467606e+31
110 0 3.6829969844252576e+31
112 0 7.9308497825988928e+31
114 0 1.6159658982081661e+32
116 0 3.1096727224452151e+32
118 0 5.6245777463731006e+32
120 0 9.5109758414920821e+32
122 0 1.4982196779330841e+33
124 0 2.1883956126610970e+33
126 0 2.9365950414653806e+33
128 0 3.5970036053391728e+33
130 0 3.9780049247242859e+33
132 0 3.9188102591903982e+33
134 0 3.3822102119027392e+33
136 0 2.4975775149365682e+33
138 0 1.5245170410111092e+33
140 0 7.2642091096337467e+32
142 0 2.4423444999623693e+32
144 0 4.5124200369690911e+31
40 1 6.0460941300438913e+02
42 1 9.1932287624331680e+05
44 1 1.2477784587972368e+08
46 1 5.5983348284632273e+09
48 1 1.2947159343391388e+11
50 1 1.9318243646408379e+12
52 1 2.1487613327522395e+13
54 1 1.9517711812494481e+14
56 1 1.5570079238665048e+15
58 1 1.1384369629686012e+16
60 1 7.8228023656899248e+16
62 1 5.0611684008792352e+17
64 1 3.0915041563863644e+18
66 1 1.7840902604700211e+19
68 1 9.7283575517785752e+19
70 1 5.0524576254141124e+20
72 1 2.4944294531532655e+21
74 1 1.1775397463783979e+22
76 1 5.3143944036827315e+22
78 1 2.2965370219004510e+23
80 1 9.5274932860921962e+23
82 1 3.7973023666043818e+24
84 1 1.4528265815672513e+25
86 1 5.3459960631295862e+25
88 1 1.8931497894738814e+26
90 1 6.4403278341070868e+26
92 1 2.1048589015378212e+27
94 1 6.6123388058500240e+27
96 1 1.9963064725884748e+28
98 1 5.7724828489750510e+28
100 1 1.5991189470406117e+29
102 1 4.2375703033897729e+29
104 1 1.0735496029796887e+30
106 1 2.5913817184670497e+30
108 1 5.9512516337321100e+30
110 1 1.2974334590348108e+31
112 1 2.6797963767544279e+31
114 1 5.2247655537831889e+31
116 1 9.5707569839222706e+31
118 1 1.6434283187221140e+32
120 1 2.6278614524025515e+32
122 1 3.8980059704416046e+32
124 1 5.3178662583209857e+32
126 1 6.6289876457040799e+32
128 1 7.4627722530099379e+32
130 1 7.4919939419396251e+32
132 1 6.5972894538986716e+32
134 1 4.9757330310363233e+32
136 1 3.1074992777240196e+32
138 1 1.5185031663261648e+32
140 1 5.2550710620555865e+31
142 1 1.0062470214671861e+31
44 2 3.0136590449220934e+04
46 2 2.7823092301936824e+07
48 2 3.0966773271914062e+09
50 2 1.2643273788287511e+11
52 2 2.7738762478584238e+12
54 2 4.0154955623710742e+13
56 2 4.3372345503194588e+14
58 2 3.8074938350964180e+15
60 2 2.8870873015031152e+16
62 2 1.9593608269177094e+17
64 2 1.2216298569523533e+18
66 2 7.1319021461613650e+18
68 2 3.9162425275671994e+19
70 2 2.0334543365818964e+20
72 2 1.0014373317730679e+21
74 2 4.6993608989748091e+21
76 2 2.1010966869144655e+22
78 2 8.9840486591261881e+22
80 2 3.6814623119630161e+23
82 2 1.4462835814379791e+24
84 2 5.4435280493479421e+24
86 2 1.9703950126729906e+25
88 2 6.8406502228105627e+25
90 2 2.2810091157205247e+26
92 2 7.3025336623302347e+26
94 2 2.2418415546117029e+27
96 2 6.6090563937737991e+27
98 2 1.8643880056819402e+28
100 2 5.0320027334293315e+28
102 2 1.2949375435665289e+29
104 2 3.1820380854688596e+29
106 2 7.4431091656811569e+29
108 2 1.6507313179883068e+30
110 2 3.4691420288777954e+30
112 2 6.8865631678081781e+30
114 2 1.2864600332081553e+31
116 2 2.2511616762748154e+31
118 2 3.6739491385702902e+31
120 2 5.5560844749944048e+31
122 2 7.7386454394861281e+31
124 2 9.8392978454916790e+31
126 2 1.1326284180779414e+32
128 2 1.1647299313536098e+32
130 2 1.0510239779180024e+32
132 2 8.1323289730120597e+31
134 2 5.2206377571424407e+31
136 2 2.6288641207719238e+31
138 2 9.4008934851788144e+30
140 2 1.8792862628054775e+30
48 3 6.7103637469755020e+05
50 3 3.8957545806264013e+08
52 3 3.5330311207726715e+10
54 3 1.2746485412144580e+12
56 3 2.6072864775547562e+13
58 3 3.6050107089755806e+14
60 3 3.7702256099951115e+15
62 3 3.2021434721653128e+16
64 3 2.3334861969308381e+17
66 3 1.5102991136117069e+18
68 3 8.9111554000138025e+18
70 3 4.8669801411716973e+19
72 3 2.4839086149124384e+20
74 3 1.1961009436577487e+21
76 3 5.4407408932044564e+21
78 3 2.3539775578493455e+22
80 3 9.6990941666493707e+22
82 3 3.8151355857866920e+23
84 3 1.4346633324132274e+24
86 3 5.1578238048546735e+24
88 3 1.7765740322490369e+25
90 3 5.8642690835578621e+25
92 3 1.8512483270163836e+26
94 3 5.6005909598402928e+26
96 3 1.6185324568366109e+27
98 3 4.4766304943540099e+27
100 3 1.1823182136655178e+28
102 3 2.9747873217677134e+28
104 3 7.1110414694961993e+28
106 3 1.6160127130919366e+29
108 3 3.4774023586069856e+29
110 3 7.0650501720040935e+29
112 3 1.3507264156284047e+30
114 3 2.4205153950267312e+30
116 3 4.0435279079697472e+30
118 3 6.2724527247093938e+30
120 3 8.9556241570138539e+30
122 3 1.1699431434458313e+31
124 3 1.3834580071664465e+31
126 3 1.4618110363971026e+31
128 3 1.3577827738540171e+31
130 3 1.0832036020707385e+31
132 3 7.1703134318455092e+30
134 3 3.7428609838738950e+30
136 3 1.3913287031601144e+30
138 3 2.9167243581599339e+29
52 4 8.5296257463664934e+06
54 4 3.2401976365809307e+09
56 4 2.3913877690209497e+11
58 4 7.5544575776601973e+12
60 4 1.4306385858636966e+14
62 4 1.8660820907071948e+15
64 4 1.8623292476424588e+16
66 4 1.5241011801074064e+17
68 4 1.0661412989720268e+18
70 4 6.5946308113999596e+18
72 4 3.6941610400332628e+19
74 4 1.9024826012350143e+20
76 4 9.1154738454692993e+20
78 4 4.1039794985467962e+21
80 4 1.7383928129119396e+22
82 4 6.9760727852150021e+22
84 4 2.6618336672230256e+23
86 4 9.6506870955427638e+23
88 4 3.3352360712077106e+24
90 4 1.0991507243902383e+25
92 4 3.4517383808136024e+25
94 4 1.0353452048695038e+26
96 4 2.9563060609899661e+26
98 4 8.0696216399401048e+26
100 4 2.0914006056360774e+27
102 4 5.1584285437259979e+27
104 4 1.2069278242653673e+28
106 4 2.6709962568640038e+28
108 4 5.5833721257723387e+28
110 4 1.0980502230722696e+29
112 4 2.0247055122504211e+29
114 4 3.4821767176986228e+29
116 4 5.5650698603629349e+29
118 4 8.1894785283873712e+29
120 4 1.1025872098101914e+30
122 4 1.3446967862596990e+30
124 4 1.4665249646151289e+30
126 4 1.4102288259457230e+30
128 4 1.1656846932988530e+30
130 4 8.0137844138635011e+29
132 4 4.3534772741165113e+29
134 4 1.6892609982492202e+29
136 4 3.7377052597563566e+28
56 5 6.7488027223075539e+07
58 5 1.7198027700262989e+10
60 5 1.0626226932163801e+12
62 5 2.9568487088164219e+13
64 5 5.0856309467465169e+14
66 5 6.2127877627666690e+15
68 5 5.8957368110088552e+16
70 5 4.5844967036625075e+17
72 5 3.0540662009884815e+18
74 5 1.7966956001869627e+19
76 5 9.5392899202289861e+19
78 5 4.6278862751178641e+20
80 5 2.0827993304881407e+21
82 5 8.7454775930148083e+21
84 5 3.4504689252216735e+22
86 5 1.2825675244078387e+23
88 5 4.5055698382050450e+23
90 5 1.5006741064632436e+24
92 5 4.7481069199082349e+24
94 5 1.4228241897909547e+25
96 5 4.0545317931323877e+25
98 5 1.0964343545508033e+26
100 5 2.8084730387792537e+26
102 5 6.8162170579664332e+26
104 5 1.5645669203025063e+27
106 5 3.3842006545416544e+27
108 5 6.8933333716511659e+27
110 5 1.3131758211318451e+28
112 5 2.3367651206369532e+28
114 5 3.8590601034420495e+28
116 5 5.8743470380496047e+28
118 5 8.1906301597073669e+28
120 5 1.0361068536574431e+29
122 5 1.1720117910275701e+29
124 5 1.1695335718679993e+29
126 5 1.0056164895154835e+29
128 5 7.2092781001881270e+28
130 5 4.1004664163325303e+28
132 5 1.6716912214614065e+28
134 5 3.9291572736673244e+27
60 6 3.5447632120656747e+08
62 6 6.1187710090231140e+10
64 6 3.2032302345419238e+12
66 6 7.8911791455753781e+13
68 6 1.2350105996788888e+15
70 6 1.4023959301492696e+16
72 6 1.2479313564361894e+17
74 6 9.1497612269857971e+17
76 6 5.7617578968141507e+18
78 6 3.1998332223258079e+19
80 6 1.5973642818501037e+20
82 6 7.2778324340193873e+20
84 6 3.0525369025190271e+21
86 6 1.1926251412638793e+22
88 6 4.3506203663179861e+22
90 6 1.4885985399984174e+23
92 6 4.7925611655742576e+23
94 6 1.4524388275187632e+24
96 6 4.1612834558698530e+24
98 6 1.1234379998307811e+25
100 6 2.8609708986716066e+25
102 6 6.8795409649853439e+25
104 6 1.5540403411667378e+26
106 6 3.2946344377342972e+26
108 6 6.5468894285455895e+26
110 6 1.2126290958115351e+27
112 6 2.0839357144845770e+27
114 6 3.2989343425810229e+27
116 6 4.7864807892322144e+27
118 6 6.2950189677961698e+27
120 6 7.4266860822368426e+27
122 6 7.7183580299531345e+27
124 6 6.9419952616453879e+27
126 6 5.2153327406980605e+27
128 6 3.1132907664012862e+27
130 6 1.3376573336234343e+27
132 6 3.3702749461743730e+26
64 7 1.3042291111261191e+09
66 7 1.5074644455627356e+11
68 7 6.6571618287390254e+12
70 7 1.4635379150578819e+14
72 7 2.0896894241457230e+15
74 7 2.1898461836883760e+16
76 7 1.8138342532590835e+17
78 7 1.2431061074348874e+18
80 7 7.3361464739775601e+18
82 7 3.8107609506712052e+19
84 7 1.7802784612621051e+20
86 7 7.5291386905311878e+20
88 7 2.9219544922503622e+21
90 7 1.0493687985876207e+22
92 7 3.5075114856157412e+22
94 7 1.0915184075839007e+23
96 7 3.1816771937578705e+23
98 7 8.6748829279461672e+23
100 7 2.2172083733654019e+24
102 7 5.3115554461383299e+24
104 7 1.1878229301609920e+25
106 7 2.4796046416089270e+25
108 7 4.8195325447137697e+25
110 7 8.6717722197165891e+25
112 7 1.4367398960852680e+26
114 7 2.1791909685778936e+26
116 7 3.0019525810088803e+26
118 7 3.7070215654392165e+26
120 7 4.0384639500750727e+26
122 7 3.8113104668498069e+26
124 7 3.0091577170506937e+26
126 7 1.8972032699276021e+26
128 7 8.6440236546495637e+25
130 7 2.3523019385849856e+25
66 8 1.6686642952229178e+06
68 8 3.3873661230573478e+09
70 8 2.6561589025465070e+11
72 8 9.7694653819604766e+12
74 8 1.9148631506551038e+14
76 8 2.4743132012678885e+15
78 8 2.3892869758791512e+16
80 8 1.8274688798993670e+17
82 8 1.1631982090764480e+18
84 8 6.3669816895379057e+18
86 8 3.0652786294907642e+19
88 8 1.3178924280008960e+20
90 8 5.1231300490881034e+20
92 8 1.8210115011327621e+21
94 8 5.9404791158548086e+21
96 8 1.7909773402933033e+22
98 8 5.0028375203331185e+22
100 8 1.2943892139232585e+23
102 8 3.1170992079191383e+23
104 8 6.9534636960187813e+23
106 8 1.4381979639505201e+24
108 8 2.7401211866638822e+24
110 8 4.8059001315616631e+24
112 8 7.6911376972287907e+24
114 8 1.1145334450888897e+25
116 8 1.4507972228307154e+25
118 8 1.6652941035095972e+25
120 8 1.6598238726360988e+25
122 8 1.3840419787144725e+25
124 8 9.2765844362826435e+24
126 8 4.4947994474853071e+24
128 8 1.3305874653409563e+24
70 9 5.8165925902329367e+06
72 9 6.1793557159805098e+09
74 9 3.4267777314034393e+11
76 9 1.0275946910906812e+13
78 9 1.7696026112264534e+14
80 9 2.0646240650525082e+15
82 9 1.8159383185339780e+16
84 9 1.2741010932413490e+17
86 9 7.4360316590832563e+17
88 9 3.7371203557408205e+18
90 9 1.6408406522427668e+19
92 9 6.4177479035018781e+19
94 9 2.2607824641515048e+20
96 9 7.2227982791734015e+20
98 9 2.1039560589010920e+21
100 9 5.6237737807049654e+21
102 9 1.3781799258055814e+22
104 9 3.0959436872171590e+22
106 9 6.3833258235059503e+22
108 9 1.2015989075732752e+23
110 9 2.0557808125581002e+23
112 9 3.1773556221699477e+23
114 9 4.3990268832616256e+23
116 9 5.3678486461086657e+23
118 9 5.6711118457566823e+23
120 9 5.0282108484381594e+23
122 9 3.6024785370558414e+23
124 9 1.8629472787552085e+23
126 9 6.0764355359243359e+22
74 10 1.2403533154852096e+07
76 10 7.7152217347573042e+09
78 10 3.2281755769856006e+11
80 10 7.7825856245279502e+12
82 10 1.1627114898246916e+14
84 10 1.2092955604788660e+15
86 10 9.5884388760238600e+15
88 10 6.0727279156040880e+16
90 10 3.2075291535861293e+17
92 10 1.4535062529195745e+18
94 10 5.7387845256364155e+18
96 10 2.0126164166884467e+19
98 10 6.2844584521909068e+19
100 10 1.7665931246658483e+20
102 10 4.4863708244479109e+20
104 10 1.0300832486301535e+21
106 10 2.1380453659886963e+21
108 10 4.0045067821026551e+21
110 10 6.7326386485804432e+21
112 10 1.0071452287014231e+22
114 10 1.3230283437939676e+22
116 10 1.5034826485985605e+22
118 10 1.4309543495941516e+22
120 10 1.1028195247828167e+22
122 10 6.1382611549109071e+21
124 10 2.2260934174583890e+21
78 11 1.2707993823009646e+07
80 11 6.4420798989331226e+09
82 11 2.1599882304331189e+11
84 11 4.2250314307108799e+12
86 11 5.3867106819696125e+13
88 11 4.9108694623985269e+14
90 11 3.4458321537018050e+15
92 11 1.9389724592640448e+16
94 11 9.1238713110178624e+16
96 11 3.6489854279876710e+17
98 11 1.2697775418690962e+18
100 11 3.8719114254894720e+18
102 11 1.0436677098380356e+19
104 11 2.4946841472577130e+19
106 11 5.3008507345378771e+19
108 11 9.9780954430484382e+19
110 11 1.6597502127612769e+20
112 11 2.3974954413725100e+20
114 11 2.9887048361655003e+20
116 11 3.0921647533083984e+20
118 11 2.6102589726278143e+20
120 11 1.5783062869278877e+20
122 11 6.4675651293412581e+19
82 12 8.0847936438101083e+06
84 12 3.5061167446419125e+09
86 12 9.8953734593138153e+10
88 12 1.5914644399375242e+12
90 12 1.7111371561647908e+13
92 12 1.3435541417272216e+14
94 12 8.1822090910224275e+14
96 12 4.0247789980766610e+15
98 12 1.6332544240775442e+16
100 12 5.6415265727740808e+16
102 12 1.6605214467533907e+17
104 12 4.2494000543604813e+17
106 12 9.3987871264578714e+17
108 12 1.8061500784639014e+18
110 12 2.9697886470953221e+18
112 12 4.1939262286061338e+18
114 12 4.8400890689948109e+18
116 12 4.5980078586946678e+18
118 12 3.0528264422093169e+18
120 12 1.4491271336881869e+18
86 13 2.7703864788246332e+06
88 13 1.2098476761313949e+09
90 13 2.9543309529314392e+10
92 13 3.9124932820792639e+11
94 13 3.5517667836493257e+12
96 13 2.3361664386521023e+13
98 13 1.2140080857945542e+14
100 13 4.9848375162625312e+14
102 13 1.7061300523167570e+15
104 13 4.8042131920319920e+15
106 13 1.1466801974726428e+16
108 13 2.2644336180855756e+16
110 13 3.8004823149681816e+16
112 13 5.0707526529234624e+16
114 13 5.6019442138973872e+16
116 13 4.1915051572718800e+16
118 13 2.3911397689016704e+16
90 14 6.2852899006963242e+05
92 14 2.5351604199546176e+08
94 14 5.2743842197590923e+09
96 14 5.9359040843001755e+10
98 14 4.3748248425482831e+11
100 14 2.4047872211503110e+12
102 14 9.9156499222223770e+12
104 14 3.3265524261251781e+13
106 14 8.6786930030335984e+13
108 14 1.8826602866648153e+14
110 14 3.0921782299732838e+14
112 14 4.2400867843342244e+14
114 14 3.7255318293692006e+14
116 14 2.6811234887354794e+14
94 15 8.1508991663107459e+04
96 15 2.8536471266411841e+07
98 15 5.3065822021501678e+08
100 15 4.6080935097757645e+09
102 15 2.8526192517371147e+10
104 15 1.1565557937032077e+11
106 15 3.8054337722741608e+11
108 15 8.4860411372966150e+11
110 15 1.6198432357082876e+12
112 15 1.7560204021855396e+12
114 15 1.7480345351902324e+12
98 16 8.5025394529073819e+03
100 16 1.9319729005263497e+06
102 16 2.0153042347455081e+07
104 16 1.6400776353672516e+08
106 16 6.0849139786603427e+08
108 16 2.0986903361774509e+09
110 16 3.0948044100663481e+09
112 16 5.2131364959149122e+09
102 17 9.8924735113922434e+03
104 17 3.6178494903765153e+04
106 17 4.7034082371349563e+05
108 17 8.3730549919615069e+05
110 17 4.0780525017844443e+06
