228 -44 6.5481657369621387e+06
224 -43 2.3356897236441499e+08
226 -43 1.3825248425077047e+09
220 -42 4.5535983218425303e+09
222 -42 4.5087581334065063e+10
224 -42 1.2953563661043604e+11
216 -41 6.0250065139320694e+10
218 -41 8.1395593436644434e+11
220 -41 4.0138161194305288e+12
222 -41 7.4220070223130596e+12
212 -40 5.9764237032416272e+11
214 -40 1.0267534026034367e+13
216 -40 6.8638046051334828e+13
218 -40 2.2158109692757091e+14
220 -40 2.9586017461584412e+14
208 -39 4.8864372550584443e+12
210 -39 9.8906684792866500e+13
212 -39 8.3264990862509688e+14
214 -39 3.6388132116342405e+15
216 -39 8.6185715561688960e+15
218 -39 8.8957619877804090e+15
204 -38 3.4818804922667809e+13
206 -38 7.8787977368168950e+14
208 -38 7.7799860087931690e+15
210 -38 4.2616250844648688e+16
212 -38 1.3733492470351774e+17
214 -38 2.5413578821430099e+17
216 -38 2.1160976442373933e+17
200 -37 2.1896882147608922e+14
202 -37 5.4301049955228280e+15
204 -37 6.0296478670607008e+16
206 -37 3.8705428738781344e+17
208 -37 1.5537722046223485e+18
210 -37 3.9366787118173834e+18
212 -37 5.9337699807523492e+18
214 -37 4.1050238010317133e+18
196 -36 1.2389768305158280e+15
198 -36 3.3093010900372904e+16
200 -36 4.0247362614913331e+17
202 -36 2.9033206981687081e+18
204 -36 1.3678190274084166e+19
206 -36 4.3079838646449644e+19
208 -36 8.9296679834355794e+19
210 -36 1.1300514984964129e+20
212 -36 6.6825263063152943e+19
192 -35 6.3194379482800610e+15
194 -35 1.7923363494727984e+17
196 -35 2.3498460826025569e+18
198 -35 1.8651404945864880e+19
200 -35 9.8989253166582006e+19
202 -35 3.6635801264242642e+20
204 -35 9.4594962804509036e+20
206 -35 1.6514522409479339e+21
208 -35 1.7962054806089084e+21
210 -35 9.2589618898513612e+20
188 -34 2.9205851862748056e+16
190 -34 8.7543109981767885e+17
192 -34 1.2211123017444835e+19
194 -34 1.0472394125077126e+20
196 -34 6.1149762120026069e+20
198 -34 2.5557223124616086e+21
200 -34 7.7535612505976534e+21
202 -34 1.6914815842282814e+22
204 -34 2.5487198450042270e+22
206 -34 2.4240581872606668e+22
208 -34 1.1057999876491777e+22
184 -33 1.2341726926323797e+17
186 -33 3.8626893643262746e+18
188 -33 5.6777835911965745e+19
190 -33 5.1899057922854899e+20
192 -33 3.2819426940326248e+21
194 -33 1.5118123618308362e+22
196 -33 5.1907704011446624e+22
198 -33 1.3322880860779370e+23
200 -33 2.5126462185505679e+23
202 -33 3.3308950501127510e+23
204 -33 2.8197806168108842e+23
206 -33 1.1565776840300836e+23
178 -32 3.8590148628354126e+12
180 -32 4.7639501794941088e+17
182 -32 1.5486980002016432e+19
184 -32 2.3781385375577932e+20
186 -32 2.2939900784593915e+21
188 -32 1.5508565974040405e+22
190 -32 7.7400891904757590e+22
192 -32 2.9363590093829782e+23
194 -32 8.5398943268824248e+23
196 -32 1.8986654672624597e+24
198 -32 3.1567610269356108e+24
200 -32 3.7400240988366288e+24
202 -32 2.8590846739178458e+24
204 -32 1.0666838460751265e+24
174 -31 5.9366274474040422e+13
176 -31 1.6890666607627139e+18
178 -31 5.6380824018043716e+19
180 -31 9.0076140780292853e+20
182 -31 9.1147935583215519e+21
184 -31 6.5195038889951999e+22
186 -31 3.4769932132907513e+23
188 -31 1.4307256194945001e+24
190 -31 4.6111435238596871e+24
192 -31 1.1651923034165771e+25
194 -31 2.2875866143269698e+25
196 -31 3.4032379089197327e+25
198 -31 3.6513494254135110e+25
200 -31 2.5446294599026400e+25
202 -31 8.7450698607524952e+24
170 -30 5.2801056704284619e+14
172 -30 5.4721970792721306e+18
174 -30 1.8788240935400715e+20
176 -30 3.0933137844348770e+21
178 -30 3.2587010049780893e+22
180 -30 2.4411934903599188e+23
182 -30 1.3833025512631510e+24
184 -30 6.0904291849067557e+24
186 -30 2.1336600617733461e+25
188 -30 5.9811722287244877e+25
190 -30 1.3378527759387542e+26
192 -30 2.3545949316623124e+26
194 -30 3.1777587947874021e+26
196 -30 3.1205289703975245e+26
198 -30 2.0062280384093701e+26
200 -30 6.3984976736746318e+25
166 -29 3.3845651412212830e+15
168 -29 1.6254402320731054e+19
170 -29 5.7040172892074417e+20
172 -29 9.6775744196384056e+21
174 -29 1.0521108685113384e+23
176 -29 8.2153317731875409e+23
178 -29 4.8802447192168996e+24
180 -29 2.2852060730046180e+25
182 -29 8.5980822050777723e+25
184 -29 2.6258216677841265e+26
186 -29 6.5228062181304357e+26
188 -29 1.3114495407707003e+27
190 -29 2.0990519394906175e+27
192 -29 2.5994108169430846e+27
194 -29 2.3598963929936074e+27
196 -29 1.4104754207669944e+27
198 -29 4.2113804387103998e+26
162 -28 1.7194227555207212e+16
164 -28 4.4428621407029690e+19
166 -28 1.5830056637042723e+21
168 -28 2.7523462409079958e+22
170 -28 3.0807633933653369e+23
172 -28 2.4910086253413747e+24
174 -28 1.5432728668341937e+25
176 -28 7.5996870657665178e+25
178 -28 3.0392519049870736e+26
180 -28 9.9856046680184360e+26
182 -28 2.7094021169682726e+27
184 -28 6.0648250305496387e+27
186 -28 1.1097650477597723e+28
188 -28 1.6327230529473990e+28
190 -28 1.8725489115612623e+28
192 -28 1.5851680690843161e+28
194 -28 8.8799915138670916e+27
196 -28 2.4986255249271890e+27
158 -27 7.2680763409068880e+16
160 -27 1.1152944739233799e+20
162 -27 4.0154231011613013e+21
164 -27 7.1134601390765029e+22
166 -27 8.1751313778936381e+23
168 -27 6.8124983442413108e+24
170 -27 4.3841337710965420e+25
172 -27 2.2561912210684122e+26
174 -27 9.5175352043734552e+26
176 -27 3.3258635270602156e+27
178 -27 9.7130063552510408e+27
180 -27 2.3767396338033534e+28
182 -27 4.8520523509929126e+28
184 -27 8.1822824452686130e+28
186 -27 1.1172632890522290e+29
188 -27 1.1972784633352926e+29
190 -27 9.5239856441167458e+28
192 -27 5.0362324809162499e+28
194 -27 1.3436622006932057e+28
154 -26 2.6074188060325600e+17
156 -26 2.5696798472951929e+20
158 -26 9.3137481481792573e+21
160 -26 1.6758246993798151e+23
162 -26 1.9647553504336541e+24
164 -26 1.6824802065132513e+25
166 -26 1.1190013702012381e+26
168 -26 5.9892229066028966e+26
170 -26 2.6427424406414648e+27
172 -26 9.7642670197611435e+27
174 -26 3.0398643222826753e+28
176 -26 8.0215407846606568e+28
178 -26 1.7944022752680319e+29
180 -26 3.3807755719186100e+29
182 -26 5.2947090007870177e+29
184 -26 6.7703106006482688e+29
186 -26 6.8213898310397661e+29
188 -26 5.1329518198307416e+29
190 -26 2.5760245217158554e+29
192 -26 6.5536579900986615e+28
150 -25 8.0643517669066470e+17
152 -25 5.4206675890095725e+20
154 -25 1.9711069048639291e+22
156 -25 3.5927100713225227e+23
158 -25 4.2892852013461650e+24
160 -25 3.7583320608486977e+25
162 -25 2.5698395236665170e+26
164 -25 1.4244942662856072e+27
166 -25 6.5437754811316621e+27
168 -25 2.5349859433214494e+28
170 -25 8.3541695857919023e+28
172 -25 2.3566432462403553e+29
174 -25 5.6952732639461365e+29
176 -25 1.1764182781424521e+30
178 -25 2.0617061196090901e+30
180 -25 3.0296491798719674e+30
182 -25 3.6521373848751294e+30
184 -25 3.4852561058475665e+30
186 -25 2.4917385658965282e+30
188 -25 1.1931524848493761e+30
190 -25 2.9046580245285421e+29
146 -24 2.1726381929246835e+18
148 -24 1.0482321449241149e+21
150 -24 3.8075231609086540e+22
152 -24 7.0037992134014724e+23
154 -24 8.4767302134741197e+24
156 -24 7.5802354564241669e+25
158 -24 5.3191626250426337e+26
160 -24 3.0385077733852190e+27
162 -24 1.4481183626561934e+28
164 -24 5.8430224292124343e+28
166 -24 2.0248108815497957e+29
168 -24 6.0527141552058081e+29
170 -24 1.5653178903839463e+30
172 -24 3.5004281928541752e+30
174 -24 6.7495130077615606e+30
176 -24 1.1104610066810986e+31
178 -24 1.5397851379535127e+31
180 -24 1.7586289969273042e+31
182 -24 1.5988910630401384e+31
184 -24 1.0920373187957785e+31
186 -24 5.0147777016407579e+30
188 -24 1.1728115244749873e+30
142 -23 5.1459192448351058e+18
144 -23 1.8578156558284856e+21
146 -23 6.7111223347662450e+22
148 -23 1.2390726789686058e+24
150 -23 1.5203874044002413e+25
152 -23 1.3832262427578211e+26
154 -23 9.9223279242994059e+26
156 -23 5.8216524334673836e+27
158 -23 2.8649669844100439e+28
160 -23 1.2018987478222090e+29
162 -23 4.3467609775539675e+29
164 -23 1.3681343658108322e+30
166 -23 3.7515248929482729e+30
168 -23 8.9960596905497482e+30
170 -23 1.8800418540774077e+31
172 -23 3.4053368895483606e+31
174 -23 5.2938081913917498e+31
176 -23 6.9715149288549035e+31
178 -23 7.5927318422889220e+31
180 -23 6.6048172136354770e+31
182 -23 4.3273215061773973e+31
184 -23 1.9105502524849251e+31
186 -23 4.3112592718298575e+30
138 -22 1.0793419607485053e+19
140 -22 3.0094217593130876e+21
142 -22 1.0743195189753231e+23
144 -22 1.9907274566307302e+24
146 -22 2.4687457811592524e+25
148 -22 2.2790159708963234e+26
150 -22 1.6654904897413815e+27
152 -22 1.0005310956022483e+28
154 -22 5.0680270931145671e+28
156 -22 2.2004848883679748e+29
158 -22 8.2865242022825544e+29
160 -22 2.7272349222740364e+30
162 -22 7.8880028363283720e+30
164 -22 2.0106709053702693e+31
166 -22 4.5070264133904928e+31
168 -22 8.8643144026951110e+31
170 -22 1.5194473921639290e+32
172 -22 2.2461018463445128e+32
174 -22 2.8238334293467743e+32
176 -22 2.9449663356088409e+32
178 -22 2.4609139023383017e+32
180 -22 1.5527949945533796e+32
182 -22 6.6183769946948446e+31
184 -22 1.4455280606679768e+31
132 -21 2.7170952798944419e+14
134 -21 2.0003995044986450e+19
136 -21 4.4443905609770410e+21
138 -21 1.5655189490327704e+23
140 -21 2.9027814148217328e+24
142 -21 3.6260042673664683e+25
144 -21 3.3891763813764298e+26
146 -21 2.5177176418217212e+27
148 -21 1.5450793596667347e+28
150 -21 8.0290755242905843e+28
152 -21 3.5917376158737371e+29
154 -21 1.4022168738707122e+30
156 -21 4.8084436256538837e+30
158 -21 1.4581292488350572e+31
160 -21 3.9205829370236592e+31
162 -21 9.3596379144885840e+31
164 -21 1.9783314174852709e+32
166 -21 3.6854001185062334e+32
168 -21 6.0179654826070564e+32
170 -21 8.5075726756148744e+32
172 -21 1.0253532327607531e+33
174 -21 1.0285901041727552e+33
176 -21 8.2836467518234326e+32
178 -21 5.0509778455689553e+32
180 -21 2.0836386532653526e+32
182 -21 4.4132645539991592e+31
128 -20 1.8451304070754120e+15
130 -20 3.2998577670840418e+19
132 -20 5.9887147866685681e+21
134 -20 2.0660706582831563e+23
136 -20 3.8275076833656995e+24
138 -20 4.8060308781905059e+25
140 -20 4.5389958606782623e+26
142 -20 3.4246802845755023e+27
144 -20 2.1417631926500339e+28
146 -20 1.1380300736579498e+29
148 -20 5.2322127114294957e+29
150 -20 2.1086022102899284e+30
152 -20 7.5054701081107973e+30
154 -20 2.3760078289750165e+31
156 -20 6.7050079112917293e+31
158 -20 1.6907936217581387e+32
160 -20 3.8082717349297375e+32
162 -20 7.6402539247369142e+32
164 -20 1.3574264490182161e+33
166 -20 2.1207300799523739e+33
168 -20 2.8785093825948453e+33
170 -20 3.3397463893823008e+33
172 -20 3.2335894848734694e+33
174 -20 2.5187284138668869e+33
176 -20 1.4873407075914552e+33
178 -20 5.9568994003741927e+32
180 -20 1.2285997604881320e+32
124 -19 6.8467601111245360e+15
126 -19 4.8330938871412826e+19
128 -19 7.3230581272965074e+21
130 -19 2.4762279368858945e+23
132 -19 4.5672618869934854e+24
134 -19 5.7461043720073756e+25
136 -19 5.4721829201779397e+26
138 -19 4.1824257342322119e+27
140 -19 2.6587784342448754e+28
142 -19 1.4413702495915637e+29
144 -19 6.7976233220419504e+29
146 -19 2.8179616548600242e+30
148 -19 1.0374203717062500e+31
150 -19 3.4135043920266104e+31
152 -19 1.0065851692558884e+32
154 -19 2.6684667100030739e+32
156 -19 6.3651555718951083e+32
158 -19 1.3616519990790011e+33
160 -19 2.6063925396337669e+33
162 -19 4.4347819866137215e+33
164 -19 6.6581201311125112e+33
166 -19 8.7072381495192045e+33
168 -19 9.7623980123711512e+33
170 -19 9.1531282497863271e+33
172 -19 6.9146446137938694e+33
174 -19 3.9692502236162563e+33
176 -19 1.5475098832071093e+33
178 -19 3.1131575592626578e+32
120 -18 1.7935116450295304e+16
122 -18 6.3004483380061086e+19
124 -18 8.1123029044552406e+21
126 -18 2.6780150746411581e+23
128 -18 4.9055024717537585e+24
130 -18 6.1827367962498260e+25
132 -18 5.9269415498484074e+26
134 -18 4.5730479867373967e+27
136 -18 2.9508239602653571e+28
138 -18 1.6300936062743644e+29
140 -18 7.8596412301461463e+29
142 -18 3.3456509484430789e+30
144 -18 1.2700119681750961e+31
146 -18 4.3258773358792769e+31
148 -18 1.3289010340270834e+32
150 -18 3.6853509534902634e+32
152 -18 9.2459910137488860e+32
154 -18 2.0962271978716204e+33
156 -18 4.2839255219446772e+33
158 -18 7.8639763850820213e+33
160 -18 1.2877520145638799e+34
162 -18 1.8648763394123610e+34
164 -18 2.3594026138048569e+34
166 -18 2.5636855022737312e+34
168 -18 2.3330455945216055e+34
170 -18 1.7142640979686929e+34
172 -18 9.5835264653172825e+33
174 -18 3.6461510933714347e+33
176 -18 7.1798061038676118e+32
116 -17 3.6312755223509944e+16
118 -17 7.2728574979467510e+19
120 -17 8.1197231041548911e+21
122 -17 2.6105684931705420e+23
124 -17 4.7400651939969343e+24
126 -17 5.9721800932989178e+25
128 -17 5.7474478738062896e+26
130 -17 4.4754740971004406e+27
132 -17 2.9237551403063107e+28
134 -17 1.6432620739987260e+29
136 -17 8.0796036469433352e+29
138 -17 3.5229210012227179e+30
140 -17 1.3749102131274273e+31
142 -17 4.8342783631256491e+31
144 -17 1.5396952961645615e+32
146 -17 4.4511625968812553e+32
148 -17 1.1694103060535154e+33
150 -17 2.7944022309416232e+33
152 -17 6.0591235840416520e+33
154 -17 1.1890783120682475e+34
156 -17 2.1019039229747151e+34
158 -17 3.3240584118990954e+34
160 -17 4.6605092138398706e+34
162 -17 5.7197096668189442e+34
164 -17 6.0380378385676660e+34
166 -17 5.3497194681671432e+34
168 -17 3.8334656194203824e+34
170 -17 2.0913828787867383e+34
172 -17 7.7791616018253905e+33
174 -17 1.5021013821425897e+33
112 -16 5.9304563809694600e+16
114 -16 7.4703967103433146e+19
116 -16 7.3286239578070723e+21
118 -16 2.2887807192691517e+23
120 -16 4.1115226418887406e+24
122 -16 5.1639732446155480e+25
124 -16 4.9891535483499203e+26
126 -16 3.9084757467700246e+27
128 -16 2.5809826610084868e+28
130 -16 1.4716213476458894e+29
132 -16 7.3712035449324703e+29
134 -16 3.2846768903331785e+30
136 -16 1.3137264131582828e+31
138 -16 4.7590970003013182e+31
140 -16 1.5663258422104656e+32
142 -16 4.6998091401408260e+32
144 -16 1.2886881602009678e+33
146 -16 3.2269707324150837e+33
148 -16 7.3856688900791236e+33
150 -16 1.5393547873526448e+34
152 -16 2.9126730213076112e+34
154 -16 4.9763507838773612e+34
156 -16 7.6263739375163765e+34
158 -16 1.0385131624983858e+35
160 -16 1.2394144854858042e+35
162 -16 1.2753979797538806e+35
164 -16 1.1017512168300962e+35
166 -16 7.7133984464809261e+34
168 -16 4.1192903519394146e+34
170 -16 1.5013804467568509e+34
172 -16 2.8467693933093593e+33
108 -15 8.0136940874530288e+16
110 -15 6.8094648378978099e+19
112 -15 5.9365772863803899e+21
114 -15 1.7972576445887950e+23
116 -15 3.1868228765358591e+24
118 -15 3.9877342107548855e+25
120 -15 3.8546257113433903e+26
122 -15 3.0381263127821961e+27
124 -15 2.0251809367636187e+28
126 -15 1.1691459083077856e+29
128 -15 5.9490564662806729e+29
130 -15 2.7037486148756541e+30
132 -15 1.1076204842555842e+31
134 -15 4.1171600063159377e+31
136 -15 1.3966456645685044e+32
138 -15 4.3391568442470944e+32
140 -15 1.2364925561434158e+33
142 -15 3.2342007219421630e+33
144 -15 7.7663830100112307e+33
146 -15 1.7093858439425275e+34
148 -15 3.4369369896167427e+34
150 -15 6.2946323059663720e+34
152 -15 1.0433480865456710e+35
154 -15 1.5544698291574974e+35
156 -15 2.0601034544413182e+35
158 -15 2.3989744727837926e+35
160 -15 2.4093437078092927e+35
162 -15 2.0363711249907564e+35
164 -15 1.3949175893010359e+35
166 -15 7.3017391710823959e+34
168 -15 2.6140117189370727e+34
170 -15 4.8795850224117545e+33
104 -14 9.0536046589258912e+16
106 -14 5.4919379952573284e+19
108 -14 4.3052990157337081e+21
110 -14 1.2596763564167850e+23
112 -14 2.2032670221132793e+24
114 -14 2.7409581456119460e+25
116 -14 2.6465636622286086e+26
118 -14 2.0941153608132241e+27
120 -14 1.4052706018823048e+28
122 -14 8.2052824317370926e+28
124 -14 4.2364157929842870e+29
126 -14 1.9595208445248978e+30
128 -14 8.1970886509837911e+30
130 -14 3.1227017818504609e+31
132 -14 1.0895445094709311e+32
134 -14 3.4939425382908843e+32
136 -14 1.0321048584986794e+33
138 -14 2.8090531113234361e+33
140 -14 7.0489612904554166e+33
142 -14 1.6302278152692743e+34
144 -14 3.4653224723585885e+34
146 -14 6.7508547312067395e+34
148 -14 1.2003294964093096e+35
150 -14 1.9352625834146562e+35
152 -14 2.8084278822420310e+35
154 -14 3.6326840447850427e+35
156 -14 4.1350902515529631e+35
158 -14 4.0645762165546997e+35
160 -14 3.3650809137479071e+35
162 -14 2.2623974818942266e+35
164 -14 1.1631787412977003e+35
166 -14 4.0957169076780634e+34
168 -14 7.5426516484174058e+33
100 -13 8.6493599173445712e+16
102 -13 3.9175416221071786e+19
104 -13 2.7752934105746637e+21
106 -13 7.8612713862720574e+22
108 -13 1.3526606038691466e+24
110 -13 1.6683714434312741e+25
112 -13 1.6069662894448805e+26
114 -13 1.2742143944345265e+27
116 -13 8.6077837985750451e+27
118 -13 5.0714254035784243e+28
120 -13 2.6503073187916965e+29
122 -13 1.2457043618748223e+30
124 -13 5.3133702393026501e+30
126 -13 2.0710101277330373e+31
128 -13 7.4113012080524693e+31
130 -13 2.4462519178575583e+32
132 -13 7.4672892536405500e+32
134 -13 2.1091228290288574e+33
136 -13 5.5151737006195326e+33
138 -13 1.3337826539660708e+34
140 -13 2.9828775617585100e+34
142 -13 6.1473944751473914e+34
144 -13 1.1639239231596876e+35
146 -13 2.0138862335547604e+35
148 -13 3.1683924027722330e+35
150 -13 4.4927728407975302e+35
152 -13 5.6853394306536100e+35
154 -13 6.3358964841123323e+35
156 -13 6.1078827057643864e+35
158 -13 4.9659384512723043e+35
160 -13 3.2793937526724108e+35
162 -13 1.6603010019349732e+35
164 -13 5.7634515243191468e+34
166 -13 1.0485056287646070e+34
96 -12 7.0385771564068552e+16
98 -12 2.4580353988559847e+19
100 -12 1.5865552382652839e+21
102 -12 4.3373704195060999e+22
104 -12 7.3308711853979433e+23
106 -12 8.9639759688122929e+24
108 -12 8.5961843969345860e+25
110 -12 6.8156920062615452e+26
112 -12 4.6275326956138487e+27
114 -12 2.7469678021163246e+28
116 -12 1.4518991065406083e+29
118 -12 6.9196033654611347e+29
120 -12 3.0041245019718506e+30
122 -12 1.1948746784576425e+31
124 -12 4.3803518844064662e+31
126 -12 1.4856143170685566e+32
128 -12 4.6738348459377891e+32
130 -12 1.3654698178317515e+33
132 -12 3.7071595630895467e+33
134 -12 9.3498327688055821e+33
136 -12 2.1897599195453289e+34
138 -12 4.7506639042798879e+34
140 -12 9.5258314764730287e+34
142 -12 1.7573442173101502e+35
144 -12 2.9690526002042780e+35
146 -12 4.5667021620610443e+35
148 -12 6.3419622807211683e+35
150 -12 7.8681288676330995e+35
152 -12 8.6067361926770781e+35
154 -12 8.1523510076436385e+35
156 -12 6.5177400425189596e+35
158 -12 4.2393492683548097e+35
160 -12 2.1156807038946500e+35
162 -12 7.2537018521807901e+34
164 -12 1.3069857888564446e+34
92 -11 4.8693659360124784e+16
94 -11 1.3498565837007231e+19
96 -11 7.9777705822757716e+20
98 -11 2.1083699266758073e+22
100 -11 3.4954858181442444e+23
102 -11 4.2237969749173348e+24
104 -11 4.0337055002955203e+25
106 -11 3.1937318280246625e+26
108 -11 2.1714340521940865e+27
110 -11 1.2975719636434790e+28
112 -11 6.9221882483984131e+28
114 -11 3.3411951684240103e+29
116 -11 1.4736892862657708e+30
118 -11 5.9736729390613733e+30
120 -11 2.2380510309091093e+31
122 -11 7.7816482679722364e+31
124 -11 2.5163538363912588e+32
126 -11 7.5876341103387949e+32
128 -11 2.1343887354760369e+33
130 -11 5.5982337308361447e+33
132 -11 1.3679892305656524e+34
134 -11 3.1112955625947457e+34
136 -11 6.5766609084096909e+34
138 -11 1.2858416254312610e+35
140 -11 2.3183346834385237e+35
142 -11 3.8331743148415202e+35
144 -11 5.7773853322824956e+35
146 -11 7.8756262078254237e+35
148 -11 9.5971146005564592e+35
150 -11 1.0325711783601418e+36
152 -11 9.6272453331734134e+35
154 -11 7.5845606804559249e+35
156 -11 4.8674985962509249e+35
158 -11 2.3992966226257356e+35
160 -11 8.1442816305422354e+34
162 -11 1.4569392726336233e+34
86 -10 1.5395819140846653e+12
88 -10 2.8643165471941968e+16
90 -10 6.4630030447053251e+18
92 -10 3.5178277560262702e+20
94 -10 8.9571612807840336e+21
96 -10 1.4556687632391420e+23
98 -10 1.7381534178930821e+24
100 -10 1.6475903566027894e+25
102 -10 1.3013351258895442e+26
104 -10 8.8517515585713415e+26
106 -10 5.3137386484204336e+27
108 -10 2.8575805357773009e+28
110 -10 1.3943511829664155e+29
112 -10 6.2331876772504027e+29
114 -10 2.5722089601498960e+30
116 -10 9.8317716760124483e+30
118 -10 3.4969234107930845e+31
120 -10 1.1614763434472702e+32
122 -10 3.6040517830311956e+32
124 -10 1.0473423972559559e+33
126 -10 2.8485389435427401e+33
128 -10 7.2440422992324480e+33
130 -10 1.7221692813277720e+34
132 -10 3.8184161499175322e+34
134 -10 7.8761454030206190e+34
136 -10 1.5068979200368776e+35
138 -10 2.6621797762388171e+35
140 -10 4.3181351181493230e+35
142 -10 6.3933587972195112e+35
144 -10 8.5660476853517466e+35
146 -10 1.0279483866605786e+36
148 -10 1.0896567239016456e+36
150 -10 1.0021418828795733e+36
152 -10 7.7961242498504405e+35
154 -10 4.9446181282424618e+35
156 -10 2.4137862351864568e+35
158 -10 8.1251778448017748e+34
160 -10 1.4462880532088203e+34
82 -9 2.0044471724914751e+12
84 -9 1.4288859984547972e+16
86 -9 2.6762239287197522e+18
88 -9 1.3493389128615189e+20
90 -9 3.3122673876402664e+21
92 -9 5.2589013967627633e+22
94 -9 6.1845482506932270e+23
96 -9 5.8165695366041535e+24
98 -9 4.5751275642516017e+25
100 -9 3.1114637197889594e+26
102 -9 1.8725255107612712e+27
104 -9 1.0137275742509455e+28
106 -9 4.9932938845101222e+28
108 -9 2.2605263544397787e+29
110 -9 9.4646546629899484e+29
112 -9 3.6876244480850706e+30
114 -9 1.3410384563143009e+31
116 -9 4.5615030385757425e+31
118 -9 1.4556946551454496e+32
120 -9 4.3588457325093628e+32
122 -9 1.2259443280297343e+33
124 -9 3.2365728994262700e+33
126 -9 8.0162176178051916e+33
128 -9 1.8589008560592972e+34
130 -9 4.0273299126170769e+34
132 -9 8.1405581604035220e+34
134 -9 1.5269285145587580e+35
136 -9 2.6491138293919960e+35
138 -9 4.2261268376217235e+35
140 -9 6.1582506123707050e+35
142 -9 8.1318375983465312e+35
144 -9 9.6215532654878825e+35
146 -9 1.0071676255451310e+36
148 -9 9.1552051765032650e+35
150 -9 7.0462025124724497e+35
152 -9 4.4277264121323978e+35
154 -9 2.1442640505416009e+35
156 -9 7.1730191712379427e+34
158 -9 1.2737836065430354e+34
78 -8 1.8079788166128982e+12
80 -8 6.0294905754189260e+15
82 -8 9.5270357580510387e+17
84 -8 4.4628577141770535e+19
86 -8 1.0549839625576999e+21
88 -8 1.6351255111935738e+22
90 -8 1.8912572602809733e+23
92 -8 1.7573774675323777e+24
94 -8 1.3760792095196260e+25
96 -8 9.3370241611692267e+25
98 -8 5.6288509010385809e+26
100 -8 3.0627269418202057e+27
102 -8 1.5212085710660268e+28
104 -8 6.9644113033771127e+28
106 -8 2.9588727935279698e+29
108 -8 1.1720660944075257e+30
110 -8 4.3465084250768001e+30
112 -8 1.5139155284033121e+31
114 -8 4.9547932172139222e+31
116 -8 1.5268778450606133e+32
118 -8 4.4307289193345859e+32
120 -8 1.2118615676053477e+33
122 -8 3.1182763903260567e+33
124 -8 7.5437293687427223e+33
126 -8 1.7129555733775960e+34
128 -8 3.6396599171192386e+34
130 -8 7.2168957809210984e+34
132 -8 1.3315341271761633e+35
134 -8 2.2730525716459761e+35
136 -8 3.5736968676621828e+35
138 -8 5.1369739703417716e+35
140 -8 6.6976242448164379e+35
142 -8 7.8344068366492451e+35
144 -8 8.1119731543783148e+35
146 -8 7.3042971969613595e+35
148 -8 5.5723271700869148e+35
150 -8 3.4776656028479466e+35
152 -8 1.6738037530120163e+35
154 -8 5.5787801304883131e+34
156 -8 9.9046113969411196e+33
74 -7 1.1140232992038547e+12
76 -7 2.1358444788967938e+15
78 -7 2.8919594327521056e+17
80 -7 1.2600925616211902e+19
82 -7 2.8650758781921690e+20
84 -7 4.3257708553236099e+21
86 -7 4.9115660907046773e+22
88 -7 4.5099624251471247e+23
90 -7 3.5039127980983267e+24
92 -7 2.3699988047059521e+25
94 -7 1.4296497853673325e+26
96 -7 7.7975731783422059e+26
98 -7 3.9029524625026159e+27
100 -7 1.8031184880692232e+28
102 -7 7.7657945090667383e+28
104 -7 3.1253561742572488e+29
106 -7 1.1808258046866335e+30
108 -7 4.2017927556514592e+30
110 -7 1.4092247923275631e+31
112 -7 4.4634618290767015e+31
114 -7 1.3355258446816299e+32
116 -7 3.7748865844100608e+32
118 -7 1.0068568534341167e+33
120 -7 2.5347019763138719e+33
122 -7 6.0085093202425404e+33
124 -7 1.3391051457325786e+34
126 -7 2.7974302694872642e+34
128 -7 5.4614137381500158e+34
130 -7 9.9272988576517926e+34
132 -7 1.6725250173304350e+35
134 -7 2.5976571113564509e+35
136 -7 3.6918076646985052e+35
138 -7 4.7615861419686365e+35
140 -7 5.5158566563770912e+35
142 -7 5.6652552641467668e+35
144 -7 5.0616325818560774e+35
146 -7 3.8377919220972133e+35
148 -7 2.3827679942240780e+35
150 -7 1.1432709388882046e+35
152 -7 3.8062384945945560e+34
154 -7 6.7732702493103113e+33
70 -6 5.1860132852622748e+11
72 -6 6.2909618785256812e+14
74 -6 7.3729899881019984e+16
76 -6 2.9981103863776599e+18
78 -6 6.5446316715032330e+19
80 -6 9.6182348255725578e+20
82 -6 1.0710923067723409e+22
84 -6 9.7059499105437042e+22
86 -6 7.4575907858089061e+23
88 -6 5.0230941413187537e+24
90 -6 3.0263728860169251e+25
92 -6 1.6559724056389101e+26
94 -6 8.3285751110478753e+26
96 -6 3.8862426130520549e+27
98 -6 1.6916463214328902e+28
100 -6 6.9109020738798370e+28
102 -6 2.6603972265754808e+29
104 -6 9.6533516326927199e+29
106 -6 3.3164321897339786e+30
108 -6 1.0781109904815335e+31
110 -6 3.3188406992222186e+31
112 -6 9.6871312429768837e+31
114 -6 2.6747652525194543e+32
116 -6 6.9908390005196571e+32
118 -6 1.7267530436137912e+33
120 -6 4.0257669852695521e+33
122 -6 8.8282503050226057e+33
124 -6 1.8175687619390575e+34
126 -6 3.5026066753604534e+34
128 -6 6.2940139360252825e+34
130 -6 1.0489324764456709e+35
132 -6 1.6115806339262302e+35
134 -6 2.2709139698036174e+35
136 -6 2.9038641856988579e+35
138 -6 3.3414083821687207e+35
140 -6 3.4095450811112512e+35
142 -6 3.0310498919211937e+35
144 -6 2.2890216342480405e+35
146 -6 1.4176571659101968e+35
148 -6 6.7955217035725659e+34
150 -6 2.2647118165843993e+34
152 -6 4.0535422676226718e+33
66 -5 1.8208678866352588e+11
68 -5 1.5180170811947747e+14
70 -5 1.5591655858387462e+16
72 -5 5.9124874906216986e+17
74 -5 1.2374275934418682e+19
76 -5 1.7689347067630361e+20
78 -5 1.9284814474666833e+21
80 -5 1.7179915621706081e+22
82 -5 1.3071217387160339e+23
84 -5 8.7479591475523150e+23
86 -5 5.2538509644944498e+24
88 -5 2.8789015536530538e+25
90 -5 1.4547838224154270e+26
92 -5 6.8471577653176821e+26
94 -5 3.0167775839499101e+27
96 -5 1.2497806521621034e+28
98 -5 4.8909640300438982e+28
100 -5 1.8126314044768349e+29
102 -5 6.3655712162324046e+29
104 -5 2.1214186189468766e+30
106 -5 6.7233425048434050e+30
108 -5 2.0222033460150664e+31
110 -5 5.7737796024245719e+31
112 -5 1.5652213768625155e+32
114 -5 4.0205214003210713e+32
116 -5 9.7799170100809411e+32
118 -5 2.2473908879015531e+33
120 -5 4.8693116238608957e+33
122 -5 9.9128466245766237e+33
124 -5 1.8903121024564594e+34
126 -5 3.3649205152445209e+34
128 -5 5.5606193982400679e+34
130 -5 8.4810355504930031e+34
132 -5 1.1870777338415744e+35
134 -5 1.5099368950749229e+35
136 -5 1.7294669010951708e+35
138 -5 1.7575620742361846e+35
140 -5 1.5575520295463931e+35
142 -5 1.1751855112694766e+35
144 -5 7.2779164896898337e+34
146 -5 3.4945145571962465e+34
148 -5 1.1697419196231458e+34
150 -5 2.1112099339943861e+33
62 -4 4.9145102896462013e+10
64 -4 2.9405473886290188e+13
66 -4 2.6720641007323975e+15
68 -4 9.4824842711768768e+16
70 -4 1.9007822325161710e+18
72 -4 2.6314934259971961e+19
74 -4 2.8035169765084942e+20
76 -4 2.4559759135568345e+21
78 -4 1.8431822082174666e+22
80 -4 1.2232145642038668e+23
82 -4 7.3323098107957177e+23
84 -4 4.0196817330539878e+24
86 -4 2.0419549616800060e+25
88 -4 9.6893650137699207e+25
90 -4 4.3189218086094362e+26
92 -4 1.8146809308027509e+27
94 -4 7.2301220447134870e+27
96 -4 2.7305705181182888e+28
98 -4 9.8141329674507712e+28
100 -4 3.3538851655067513e+29
102 -4 1.0911808590259199e+30
104 -4 3.3837211085226852e+30
106 -4 9.9874159459111988e+30
108 -4 2.8061873123636906e+31
110 -4 7.4924825549579816e+31
112 -4 1.9002068775238652e+32
114 -4 4.5669224312461524e+32
116 -4 1.0379308732320425e+33
118 -4 2.2259344450137527e+33
120 -4 4.4956302209529600e+33
122 -4 8.5071082831280174e+33
124 -4 1.5043770137851783e+34
126 -4 2.4717088319793178e+34
128 -4 3.7540040658451106e+34
130 -4 5.2315934780121951e+34
132 -4 6.6350807299675202e+34
134 -4 7.5841600196861934e+34
136 -4 7.7012465652083241e+34
138 -4 6.8277144160197886e+34
140 -4 5.1559999002790498e+34
142 -4 3.2037614961715702e+34
144 -4 1.5460183671547081e+34
146 -4 5.2151531020685792e+33
148 -4 9.5167461804047803e+32
58 -3 9.9254318511675205e+09
60 -3 4.4721737169914844e+12
62 -3 3.6145753561971588e+14
64 -3 1.2012336220560668e+16
66 -3 2.2987323576921066e+17
68 -3 3.0789239081929631e+18
70 -3 3.1989714339299746e+19
72 -3 2.7464064059480759e+20
74 -3 2.0352594008936321e+21
76 -3 1.3393798406618921e+22
78 -3 7.9936881601601906e+22
80 -3 4.3920159882676044e+23
82 -3 2.2422445049814917e+24
84 -3 1.0737495916628401e+25
86 -3 4.8422413169119765e+25
88 -3 2.0674948148694232e+26
90 -3 8.3805846323068154e+26
92 -3 3.2324329479791178e+27
94 -3 1.1886525142070226e+28
96 -3 4.1687434959135478e+28
98 -3 1.3953721983885983e+29
100 -3 4.4607584193097882e+29
102 -3 1.3610768463020249e+30
104 -3 3.9623975768595414e+30
106 -3 1.0989739007247969e+31
108 -3 2.9031536970005159e+31
110 -3 7.2922860020946509e+31
112 -3 1.7379151261646112e+32
114 -3 3.9221260237096518e+32
116 -3 8.3600022775675460e+32
118 -3 1.6788103507401000e+33
120 -3 3.1648018987827273e+33
122 -3 5.5766317507048105e+33
124 -3 9.1374377715204736e+33
126 -3 1.3848643897080652e+34
128 -3 1.9294029575560342e+34
130 -3 2.4473149453175918e+34
132 -3 2.7990485472520858e+34
134 -3 2.8477250231568268e+34
136 -3 2.5332383671384985e+34
138 -3 1.9220552971681036e+34
140 -3 1.2010294154268231e+34
142 -3 5.8417541848272613e+33
144 -3 1.9930058432789870e+33
146 -3 3.6927708475143886e+32
54 -2 1.4692860933518479e+09
56 -2 5.1224538868486133e+11
58 -2 3.7003781535464430e+13
60 -2 1.1505349807075922e+15
62 -2 2.1058836345473348e+16
64 -2 2.7221141989405907e+17
66 -2 2.7517047400727916e+18
68 -2 2.3131779225588355e+19
70 -2 1.6884601101097543e+20
72 -2 1.1017069435707465e+21
74 -2 6.5585369151371729e+21
76 -2 3.6150616587333418e+22
78 -2 1.8588955235997601e+23
80 -2 9.0095705896080592e+23
82 -2 4.1247476877932430e+24
84 -2 1.7925759420448993e+25
86 -2 7.4207189463331975e+25
88 -2 2.9275262536751607e+26
90 -2 1.1038718154500278e+27
92 -2 3.9815125085538069e+27
94 -2 1.3730672671344656e+28
96 -2 4.5296669780845895e+28
98 -2 1.4295710141869434e+29
100 -2 4.3129263112843014e+29
102 -2 1.2445207091283953e+30
104 -2 3.4266970011701843e+30
106 -2 8.9887649374740751e+30
108 -2 2.2451286362796081e+31
110 -2 5.3312034076932153e+31
112 -2 1.1990644163453744e+32
114 -2 2.5492372322215372e+32
116 -2 5.1103742293484918e+32
118 -2 9.6250835710585069e+32
120 -2 1.6959939495571466e+33
122 -2 2.7815431884976278e+33
124 -2 4.2245365003071753e+33
126 -2 5.8968372645035103e+33
128 -2 7.5077139657788465e+33
130 -2 8.6224513206069517e+33
132 -2 8.8192015396920108e+33
134 -2 7.8945566446825083e+33
136 -2 6.0394601816115185e+33
138 -2 3.8093909441190740e+33
140 -2 1.8760331288825033e+33
142 -2 6.4877868985795971e+32
144 -2 1.2261603420054717e+32
50 -1 1.4958029680128917e+08
52 -1 4.1455449776847717e+10
54 -1 2.6930963208540947e+12
56 -1 7.8386795579903109e+13
58 -1 1.3674251844434285e+15
60 -1 1.7018793102733426e+16
62 -1 1.6708165627174333e+17
64 -1 1.3719465574345124e+18
66 -1 9.8841583616031846e+18
68 -1 6.4125337347243622e+19
70 -1 3.8272392384572660e+20
72 -1 2.1259730269214390e+21
74 -1 1.1088889395739825e+22
76 -1 5.4620063934256289e+22
78 -1 2.5539092780115675e+23
80 -1 1.1364911301183833e+24
82 -1 4.8269470412663135e+24
84 -1 1.9568223193563101e+25
86 -1 7.5948427060242522e+25
88 -1 2.8260068854061355e+26
90 -1 1.0071552514054491e+27
92 -1 3.4406688744550271e+27
94 -1 1.1268256374620930e+28
96 -1 3.5361531695272078e+28
98 -1 1.0615014228576882e+29
100 -1 3.0521823009136385e+29
102 -1 8.3795674953630272e+29
104 -1 2.1951000182257768e+30
106 -1 5.4799013276059704e+30
108 -1 1.2999182886196045e+31
110 -1 2.9287742414408680e+31
112 -1 6.2377995411942770e+31
114 -1 1.2532511312560431e+32
116 -1 2.3677106177741673e+32
118 -1 4.1876626277748606e+32
120 -1 6.8999331606610364e+32
122 -1 1.0537933400933006e+33
124 -1 1.4798230429790266e+33
126 -1 1.8977512528866793e+33
128 -1 2.1968313507412592e+33
130 -1 2.2680813293079853e+33
132 -1 2.0502882204011282e+33
134 -1 1.5866423834153780e+33
136 -1 1.0138936669796030e+33
138 -1 5.0699969520913159e+32
140 -1 1.7865440788383134e+32
142 -1 3.4617162683153101e+31
44 0 5.9632179893034981e+02
46 0 9.3089205481998958e+06
48 0 2.1065508265541480e+09
50 0 1.2360578554388065e+11
52 0 3.3649083200203213e+12
54 0 5.5853157575667977e+13
56 0 6.6823791708894950e+14
58 0 6.3511402369178880e+15
60 0 5.1261511919368416e+16
62 0 3.6601314292945395e+17
64 0 2.3859963233467156e+18
66 0 1.4451641509945881e+19
68 0 8.2092792812301664e+19
70 0 4.4022261388058008e+20
72 0 2.2350902766528050e+21
74 0 1.0793854213893921e+22
76 0 4.9739938320168763e+22
78 0 2.1868329628478379e+23
80 0 9.2067349518927181e+23
82 0 3.7102252524929687e+24
84 0 1.4339512931588979e+25
86 0 5.3116433986773292e+25
88 0 1.8892404166659958e+26
90 0 6.4462048165356161e+26
92 0 2.1126523821403601e+27
94 0 6.6383065502622301e+27
96 0 1.9954686620071225e+28
98 0 5.7490863093871506e+28
100 0 1.5850271976614676e+29
102 0 4.1686425961452424e+29
104 0 1.0445784453431645e+30
106 0 2.4906823326969848e+30
108 0 5.6409214659297858e+30
110 0 1.2095450990616503e+31
112 0 2.4475996828457694e+31
114 0 4.6576580165509427e+31
116 0 8.3056552037252160e+31
118 0 1.3809500038708564e+32
120 0 2.1285123805594183e+32
122 0 3.0193047426632895e+32
124 0 3.9132045668802489e+32
126 0 4.5879610840191011e+32
128 0 4.7987434564671667e+32
130 0 4.3999853162837945e+32
132 0 3.4562754859277006e+32
134 0 2.2471141333579199e+32
136 0 1.1461761258170399e+32
138 0 4.1320179050689999e+31
140 0 8.2437697347286636e+30
40 1 5.3296172844957653e+01
42 1 2.6852041387322702e+05
44 1 5.0348158867380798e+07
46 1 2.6821360907527671e+09
48 1 6.8115583108869911e+10
50 1 1.0759756980223491e+12
52 1 1.2362460034225857e+13
54 1 1.1441467902424062e+14
56 1 9.1929346129195300e+14
58 1 6.7202365538668680e+15
60 1 4.5931104997169360e+16
62 1 2.9550309964114714e+17
64 1 1.7907722618087729e+18
66 1 1.0229574514323046e+19
68 1 5.5251047120765469e+19
70 1 2.8303602866899386e+20
72 1 1.3772285807877811e+21
74 1 6.3987195684829213e+21
76 1 2.8414855283572868e+22
78 1 1.2066881108107503e+23
80 1 4.9104399535441811e+23
82 1 1.9165305404615605e+24
84 1 7.1667976667444249e+24
86 1 2.5742221669684136e+25
88 1 8.8588271146839929e+25
90 1 2.9277433902535697e+26
92 1 9.2789951530138466e+26
94 1 2.8189440396252760e+27
96 1 8.1978868870304003e+27
98 1 2.2803751909422140e+28
100 1 6.0561652253211196e+28
102 1 1.5350567796704317e+29
104 1 3.6979565591343525e+29
106 1 8.4646267667319104e+29
108 1 1.8358640679439642e+30
110 1 3.7614246895276901e+30
112 1 7.2449369167362643e+30
114 1 1.3082378016781542e+31
116 1 2.2037949928718981e+31
118 1 3.4444841647659995e+31
120 1 4.9610544123036710e+31
122 1 6.5287066168771081e+31
124 1 7.7755514419645635e+31
126 1 8.2714969629993060e+31
128 1 7.7306196462773632e+31
130 1 6.1943941694936602e+31
132 1 4.1170209079940712e+31
134 1 2.1519782371603489e+31
136 1 7.9732263786490178e+30
138 1 1.6461650466076488e+30
44 2 3.2902936684432138e+03
46 2 7.8244494060452310e+06
48 2 1.1737725858592334e+09
50 2 5.6031747990206985e+10
52 2 1.3471918684704333e+12
54 2 2.0589851112028055e+13
56 2 2.2969949826774803e+14
58 2 2.0577972494115612e+15
60 2 1.5696237227674262e+16
62 2 1.0661983985805602e+17
64 2 6.6280124082465088e+17
66 2 3.8330437725022162e+18
68 2 2.0792454869398028e+19
70 2 1.0639586677804004e+20
72 2 5.1698327825510007e+20
74 2 2.3829297440303067e+21
76 2 1.0471823312241859e+22
78 2 4.3931003957379468e+22
80 2 1.7605766584220995e+23
82 2 6.7543655691587229e+23
84 2 2.4812326616960319e+24
86 2 8.7309009782172820e+24
88 2 2.9451789844546841e+25
90 2 9.5106624999833112e+25
92 2 2.9429813798025732e+26
94 2 8.7143626349827139e+26
96 2 2.4652465144114750e+27
98 2 6.6605493767717106e+27
100 2 1.7158121377673750e+28
102 2 4.2058950684035892e+28
104 2 9.7839787734429034e+28
106 2 2.1597086349027688e+29
108 2 4.4956548200483479e+29
110 2 8.8178478789630622e+29
112 2 1.6207248630740657e+30
114 2 2.7790516381394866e+30
116 2 4.4258800329777701e+30
118 2 6.4991159484362735e+30
120 2 8.7308926899345139e+30
122 2 1.0613287609911377e+31
124 2 1.1536370949229879e+31
126 2 1.1029110749474683e+31
128 2 9.0611417781701134e+30
130 2 6.1863931367120102e+30
132 2 3.3273649722409201e+30
134 2 1.2737971157803104e+30
136 2 2.7380092608260377e+29
48 3 8.5940386093736262e+04
50 3 1.0685970249179634e+08
52 3 1.2496829336097881e+10
54 3 5.1864978291129785e+11
56 3 1.1576155114648229e+13
58 3 1.6875805586171759e+14
60 3 1.8162299310568972e+15
62 3 1.5701898644669550e+16
64 3 1.1529232083955962e+17
66 3 7.4599748813741837e+17
68 3 4.3690035450314900e+18
70 3 2.3609326573507416e+19
72 3 1.1877313655286812e+20
74 3 5.6172082781085991e+20
76 3 2.5121715244711365e+21
78 3 1.0639235883081245e+22
80 3 4.2820312467797755e+22
82 3 1.6422402992536509e+23
84 3 6.0065035889577052e+23
86 3 2.0989017925447736e+24
88 3 7.0041386171132250e+24
90 3 2.2323472949847379e+25
92 3 6.7977681808072181e+25
94 3 1.9743454012816723e+26
96 3 5.4706700534766079e+26
98 3 1.4436895457402781e+27
100 3 3.6244990053428050e+27
102 3 8.6322407844218812e+27
104 3 1.9472223641360754e+28
106 3 4.1487039543855910e+28
108 3 8.3183636545516896e+28
110 3 1.5649104074451629e+29
112 3 2.7474451290350913e+29
114 3 4.4786619659692998e+29
116 3 6.7360577141070090e+29
118 3 9.2700477071457736e+29
120 3 1.1565193711055053e+30
122 3 1.2916503458315395e+30
124 3 1.2696734807417622e+30
126 3 1.0744098190781848e+30
128 3 7.5604559456433990e+29
130 3 4.2094583011258457e+29
132 3 1.6717274537774947e+29
134 3 3.7709361184309015e+28
52 4 1.2119115859285481e+06
54 4 8.5318607728634548e+08
56 4 7.9705540407802704e+10
58 4 2.8291252155606792e+12
60 4 5.7687369578356016e+13
62 4 7.9089438873180075e+14
64 4 8.1167330593295550e+15
66 4 6.7161288859264912e+16
68 4 4.7194937938785677e+17
70 4 2.9117202176707190e+18
72 4 1.6156649456804831e+19
74 4 8.2112558495710855e+19
76 4 3.8724289132821873e+20
78 4 1.7047797312467194e+21
80 4 7.0594640923484823e+21
82 4 2.7622113909009625e+22
84 4 1.0220373028829595e+23
86 4 3.5935939803700919e+23
88 4 1.2002550281783672e+24
90 4 3.8120844688363555e+24
92 4 1.1514982336844606e+25
94 4 3.3083200122460415e+25
96 4 9.0282512283411197e+25
98 4 2.3406063790412200e+26
100 4 5.7486998625384625e+26
102 4 1.3359877540156791e+27
104 4 2.9290327061458238e+27
106 4 6.0484397083529925e+27
108 4 1.1695889491466028e+28
110 4 2.1135844767240464e+28
112 4 3.5458049778124862e+28
114 4 5.4855264267763004e+28
116 4 7.7734627758359101e+28
118 4 1.0002468708724672e+29
120 4 1.1524995360127234e+29
122 4 1.1703347827923502e+29
124 4 1.0243949812999889e+29
126 4 7.4746727288821039e+28
128 4 4.3283151253474729e+28
130 4 1.7952242118215903e+28
132 4 4.2709124341637975e+27
56 5 1.0222156078833655e+07
58 5 4.3348887722096224e+09
60 5 3.3112390253503021e+11
62 5 1.0134639718387980e+13
64 5 1.8631995636023000e+14
66 5 2.3670656431666685e+15
68 5 2.2922938810341912e+16
70 5 1.8001031789019418e+17
72 5 1.1996330619549061e+18
74 5 7.0156042028120556e+18
76 5 3.6731127677423718e+19
78 5 1.7538818765657611e+20
80 5 7.7191115046899797e+20
82 5 3.1621818382778510e+21
84 5 1.2104680420833931e+22
86 5 4.3555331019235744e+22
88 5 1.4782325958877811e+23
90 5 4.7380680918958157e+23
92 5 1.4351915283510772e+24
94 5 4.1123104468725299e+24
96 5 1.1146211573096634e+25
98 5 2.8545096657976357e+25
100 5 6.8984871909465961e+25
102 5 1.5711006456983340e+26
104 5 3.3577723304704215e+26
106 5 6.7239907574271647e+26
108 5 1.2572041533718399e+27
110 5 2.1824310897428564e+27
112 5 3.4925223075271775e+27
114 5 5.1224892441599167e+27
116 5 6.8272425735345251e+27
118 5 8.1528601268842821e+27
120 5 8.5931832032653218e+27
122 5 7.8181758661937615e+27
124 5 5.9469179154059505e+27
126 5 3.5973758128466255e+27
128 5 1.5636181439861574e+27
130 5 3.9621455785117201e+26
60 6 5.7007397361738563e+07
62 6 1.4460658736891462e+10
64 6 9.2347794291375525e+11
66 6 2.4686692548080301e+13
68 6 4.0717256029178081e+14
70 6 4.7589268113709290e+15
72 6 4.3019347355805600e+16
74 6 3.1779844658012749e+17
76 6 1.9892681753917594e+18
78 6 1.0920347148061528e+19
80 6 5.3585995474363056e+19
82 6 2.3814993405999386e+20
84 6 9.7382155340794338e+20
86 6 3.6781273087157343e+21
88 6 1.2945966878117289e+22
90 6 4.2535643210574499e+22
92 6 1.3110706685070562e+23
94 6 3.7875690810992003e+23
96 6 1.0281840554038964e+24
98 6 2.6217521225876131e+24
100 6 6.2729987887383926e+24
102 6 1.4047623430210611e+25
104 6 2.9419106235351413e+25
106 6 5.7309868614975768e+25
108 6 1.0363140850397140e+26
110 6 1.7286999184984624e+26
112 6 2.6419161351387958e+26
114 6 3.6591660977997506e+26
116 6 4.5532780376196280e+26
118 6 5.0042059660156273e+26
120 6 4.7570640953952953e+26
122 6 3.7849010625819296e+26
124 6 2.4060215646330473e+26
126 6 1.1021465731409426e+26
128 6 2.9977394641596047e+25
64 7 2.1768662267906556e+08
66 7 3.2855165465449600e+10
68 7 1.7555408358130212e+12
70 7 4.1378204594997477e+13
72 7 6.1503174929034475e+14
74 7 6.5858624627844960e+15
76 7 5.5003273975003784e+16
78 7 3.7684603862118835e+17
80 7 2.1978552993291418e+18
82 7 1.1207391121373811e+19
84 7 5.0943503070522098e+19
86 7 2.0948259980201588e+20
88 7 7.8593420141531942e+20
90 7 2.7097775616893208e+21
92 7 8.6432093728141214e+21
94 7 2.5577932139711995e+22
96 7 7.0449538706750269e+22
98 7 1.8086241169222169e+23
100 7 4.3195837578447097e+23
102 7 9.5846628304118944e+23
104 7 1.9716331564338442e+24
106 7 3.7577853074766342e+24
108 7 6.5816921047652517e+24
110 7 1.0542367140821833e+25
112 7 1.5320497936142665e+25
114 7 1.9980713485765361e+25
116 7 2.3025224596613011e+25
118 7 2.2972847216753608e+25
120 7 1.9222886876970303e+25
122 7 1.2903084671251818e+25
124 7 6.2617404730405657e+24
126 7 1.8426248901416734e+24
68 8 5.7603284043027866e+08
70 8 5.3018317687260376e+10
72 8 2.3039158032239756e+12
74 8 4.8149802926875000e+13
76 8 6.4298289811617000e+14
78 8 6.2661594591901540e+15
80 8 4.8021010642914896e+16
82 8 3.0261074268767520e+17
84 8 1.6220595458873093e+18
86 8 7.6028245168819886e+18
88 8 3.1650922090036863e+19
90 8 1.1807051595284128e+20
92 8 4.0099135550386799e+20
94 8 1.2436160781612207e+21
96 8 3.5398493976144826e+21
98 8 9.2653227889686017e+21
100 8 2.2327739649688362e+22
102 8 4.9524231256956570e+22
104 8 1.0091309690971443e+23
106 8 1.8853667765796470e+23
108 8 3.2123240045456888e+23
110 8 4.9438520623398918e+23
112 8 6.8177127428514412e+23
114 8 8.2882060231845041e+23
116 8 8.7541149924532851e+23
118 8 7.7407194657467813e+23
120 8 5.5237674224371498e+23
122 8 2.8533038397531919e+23
124 8 9.1841648116751927e+22
72 9 1.0445860243562795e+09
74 9 6.2584424257450829e+10
76 9 2.1410728485747109e+12
78 9 3.8999717491110375e+13
80 9 4.6620038673094644e+14
82 9 4.1036040636879825e+15
84 9 2.8432203731521620e+16
86 9 1.6276671619519277e+17
88 9 7.9353714855741632e+17
90 9 3.3606079615060495e+18
92 9 1.2571672693177244e+19
94 9 4.2014414677977678e+19
96 9 1.2644132909991474e+20
98 9 3.4468360496751319e+20
100 9 8.5139759823421991e+20
102 9 1.9122259228189223e+21
104 9 3.8976656851883404e+21
106 9 7.1911658636700990e+21
108 9 1.1941197622545782e+22
110 9 1.7668001085565987e+22
112 9 2.2982166131212064e+22
114 9 2.5909795626315902e+22
116 9 2.4489721430272599e+22
118 9 1.8740750144303914e+22
120 9 1.0348030900663979e+22
122 9 3.6820266584255795e+21
74 10 6.1913885964641278e+05
76 10 1.2539115640149093e+09
78 10 5.3685541749333069e+10
80 10 1.4195812250194673e+12
82 10 2.2111050902800992e+13
84 10 2.3228659261405519e+14
86 10 1.8215128386954038e+15
88 10 1.1290925119716624e+16
90 10 5.7881202354673344e+16
92 10 2.5124241837739693e+17
94 10 9.4285062313330086e+17
96 10 3.1026735734436751e+18
98 10 9.0282486720895549e+18
100 10 2.3385577372904362e+19
102 10 5.4152460556342551e+19
104 10 1.1197174318081602e+20
106 10 2.0541934435674063e+20
108 10 3.3403907558555320e+20
110 10 4.7404459401934497e+20
112 10 5.8169918976506580e+20
114 10 5.9392505820899416e+20
116 10 4.9304756509170211e+20
118 10 2.9513009825176361e+20
120 10 1.1732966898042385e+20
78 11 6.3846539697549725e+05
80 11 9.7255962540469503e+08
82 11 3.2482719679322414e+10
84 11 6.6353364417874011e+11
86 11 8.6282493640611494e+12
88 11 7.8341471080387469e+13
90 11 5.3788032981398388e+14
92 11 2.9203304730534170e+15
94 11 1.3060424899831256e+16
96 11 4.9304277274254384e+16
98 11 1.5932305534281827e+17
100 11 4.4498175027360653e+17
102 11 1.0867577765186737e+18
104 11 2.3079816502713743e+18
106 11 4.2885215294539668e+18
108 11 6.8502013312734259e+18
110 11 9.4025481996962038e+18
112 11 1.0623809554004875e+19
114 11 9.8041526280578478e+18
116 11 6.4116224346118410e+18
118 11 2.9147058300093036e+18
82 12 3.8791128683370317e+05
84 12 4.7742501978686810e+08
86 12 1.3072722989051651e+10
88 12 2.1130873726147247e+11
90 12 2.2431520253775176e+12
92 12 1.7242348206728576e+13
94 12 1.0033557316215697e+14
96 12 4.6578817027493019e+14
98 12 1.7567044544315532e+15
100 12 5.5466174709229810e+15
102 12 1.4689564047892444e+16
104 12 3.3122949005704728e+16
106 12 6.2496626604134600e+16
108 12 1.0033303778200923e+17
110 12 1.2959407322254506e+17
112 12 1.3761743340306851e+17
114 12 1.0069579079908730e+17
116 12 5.4243503658451256e+16
86 13 8.4701938572327126e+04
88 13 1.4021636079672369e+08
90 13 3.2896532152268739e+09
92 13 4.2171265376870560e+10
94 13 3.6716223301084393e+11
96 13 2.2847507466041753e+12
98 13 1.1016527583342422e+13
100 13 4.1107144108607586e+13
102 13 1.2553040918491578e+14
104 13 3.0381141541789138e+14
106 13 6.1590797923495725e+14
108 13 9.5978271845179412e+14
110 13 1.2407062334844978e+15
112 13 1.0501214204735406e+15
114 13 6.9978058221491062e+14
90 14 1.1278092791360559e+04
92 14 2.3463480853276301e+07
94 14 4.5354276637332970e+08
96 14 4.7971788810133953e+09
98 14 3.2151505839122517e+10
100 14 1.6240590136018964e+11
102 14 5.8128909755215332e+11
104 14 1.6915270735517190e+12
106 14 3.4743426693922959e+12
108 14 6.0013523404111445e+12
110 14 6.2111324414667256e+12
112 14 5.5754159167337832e+12
96 15 1.6989484220482551e+06
98 15 2.9452357096273549e+07
100 15 2.2503352295704359e+08
102 15 1.2619889020992084e+09
104 15 4.0432218419614940e+09
106 15 1.1271517270164242e+10
108 15 1.5565766368215933e+10
110 15 2.1834872167526047e+10
100 16 3.2167174876213518e+04
102 16 3.5009894894161879e+05
104 16 3.4530733833753685e+06
106 16 7.3227013770733736e+06
108 16 2.5450465638774958e+07
104 17 7.9163270993552874e+00
106 17 2.5932946039443236e+03
