248 -49 2.0010502435916115e+00
250 -49 1.9075897480617880e+02
252 -49 3.5854938696851168e+03
254 -49 2.5696678843675036e+04
256 -49 1.0368383058152569e+05
258 -49 2.5916084457665755e+05
260 -49 3.9135744638109027e+05
262 -49 4.3924142589154991e+05
264 -49 2.5197457346575154e+05
244 -48 4.2028116733287823e+02
246 -48 1.1169133624890306e+04
248 -48 1.6717319945345720e+05
250 -48 1.4142102102473928e+06
252 -48 6.5869415174909066e+06
254 -48 1.9877894782311585e+07
256 -48 3.9177023997121081e+07
258 -48 4.9987242551376633e+07
260 -48 4.6829290521929219e+07
262 -48 2.1389214386703722e+07
240 -47 1.6482243218589716e+04
242 -47 4.0942934593522979e+05
244 -47 4.8875750004015872e+06
246 -47 3.9198028602710813e+07
248 -47 2.0570898320713449e+08
250 -47 6.9815811151479387e+08
252 -47 1.6465077897224128e+09
254 -47 2.6457427174612360e+09
256 -47 2.8809020392405415e+09
258 -47 2.2384068762669396e+09
260 -47 8.1858978377750969e+08
236 -46 3.4035351468149811e+05
238 -46 8.9757946621604078e+06
240 -46 1.0635029521004935e+08
242 -46 7.9990864815142536e+08
244 -46 4.2615897964008565e+09
246 -46 1.6051340118999105e+10
248 -46 4.2508992303574219e+10
250 -46 8.0858905938143341e+10
252 -46 1.0859822745490129e+11
254 -46 1.0172062712683656e+11
256 -46 6.5538769028309502e+10
258 -46 1.9502671120993298e+10
232 -45 5.0798676541456729e+06
234 -45 1.3880562516281843e+08
236 -45 1.7030732842872882e+09
238 -45 1.2946363108348925e+10
240 -45 6.9378566282705414e+10
242 -45 2.7362606024944464e+11
244 -45 7.9820453849276526e+11
246 -45 1.7103752605503635e+12
248 -45 2.7063790912597871e+12
250 -45 3.1035083745049165e+12
252 -45 2.5202031937728115e+12
254 -45 1.3631275642454341e+12
256 -45 3.3890160722365790e+11
226 -44 3.2347844729611957e+01
228 -44 6.1791782017194793e+07
230 -44 1.6892591095087197e+09
232 -44 2.1583489483986988e+10
234 -44 1.6912721322962003e+11
236 -44 9.2749827201181360e+11
238 -44 3.8044429712583125e+12
240 -44 1.1783381982253156e+13
242 -44 2.7867981969306453e+13
244 -44 4.9838270693475508e+13
246 -44 6.7159995668822008e+13
248 -44 6.6826975436975625e+13
250 -44 4.7428914200690703e+13
252 -44 2.2058984599768992e+13
254 -44 4.7225003779457656e+12
222 -43 3.8002118125957040e+03
224 -43 6.2999564413648415e+08
226 -43 1.7362836768390434e+10
228 -43 2.2624569547309982e+11
230 -43 1.8418001551302666e+12
232 -43 1.0471178380221230e+13
234 -43 4.4319715033014273e+13
236 -43 1.4502034601448212e+14
238 -43 3.6996778906937256e+14
240 -43 7.3411896752422988e+14
242 -43 1.1234586489355000e+15
244 -43 1.3174082945616322e+15
246 -43 1.1556086553353542e+15
248 -43 7.2492566975807325e+14
250 -43 2.9710007943486819e+14
252 -43 5.6559598976294562e+13
218 -42 1.6401972438013280e+05
220 -42 5.5189043455735064e+09
222 -42 1.5408681685523941e+11
224 -42 2.0440264859532666e+12
226 -42 1.7161259077676814e+13
228 -42 1.0111890373852511e+14
230 -42 4.4817270142632112e+14
232 -42 1.5388929881528460e+15
234 -42 4.1765643417207825e+15
236 -42 8.9982723525649730e+15
238 -42 1.5350189407702214e+16
240 -42 2.0573561438927372e+16
242 -42 2.1405538426029060e+16
244 -42 1.6823111229069842e+16
246 -42 9.5066942513123480e+15
248 -42 3.5012659818891110e+15
250 -42 6.0737397816149388e+14
214 -41 3.6376190645471495e+06
216 -41 4.2495446322402504e+10
218 -41 1.2007313853068809e+12
220 -41 1.6315586475172234e+13
222 -41 1.4106557863292594e+14
224 -41 8.6351417780253025e+14
226 -41 3.9767004573949080e+15
228 -41 1.4306374909837164e+16
230 -41 4.1106573796878408e+16
232 -41 9.5064691675702912e+16
234 -41 1.7792849133636650e+17
236 -41 2.6698622535049446e+17
238 -41 3.1888826361408422e+17
240 -41 2.9917637021040269e+17
242 -41 2.1379889974755267e+17
244 -41 1.1045427600955989e+17
246 -41 3.7260490768194896e+16
248 -41 5.9881408344437590e+15
210 -40 5.3944081263650797e+07
212 -40 2.9276575414388641e+11
214 -40 8.4395957730721709e+12
216 -40 1.1725255340553878e+14
218 -40 1.0390557754020660e+15
220 -40 6.5772009795996340e+15
222 -40 3.1537588678160560e+16
224 -40 1.1863147838311026e+17
226 -40 3.5901396799848666e+17
228 -40 8.8529517635727027e+17
230 -40 1.7916194688317345e+18
232 -40 2.9566605717400596e+18
234 -40 3.9828570478234143e+18
236 -40 4.3118644595020416e+18
238 -40 3.6996538973091113e+18
240 -40 2.4343591672596613e+18
242 -40 1.1656205907521065e+18
244 -40 3.6480839917383450e+17
246 -40 5.4711125797772312e+16
206 -39 6.2365531985602152e+08
208 -39 1.8473229161460144e+12
210 -39 5.4114130905569594e+13
212 -39 7.6462436267575625e+14
214 -39 6.9588751067752130e+15
216 -39 4.5464158136296368e+16
218 -39 2.2631546279996925e+17
220 -39 8.8931392284825190e+17
222 -39 2.8318048532843428e+18
224 -39 7.3910152508173435e+18
226 -39 1.5997500410330696e+19
228 -39 2.8695375512062026e+19
230 -39 4.2685676116265550e+19
232 -39 5.2269104296578884e+19
234 -39 5.1992892614993453e+19
236 -39 4.1206337356387361e+19
238 -39 2.5257020967419716e+19
240 -39 1.1312390926816350e+19
242 -39 3.3236796040391025e+18
244 -39 4.6913087559081395e+17
202 -38 6.0523408219570923e+09
204 -38 1.0762704255776025e+13
206 -38 3.1849868480887450e+14
208 -38 4.6016774516905570e+15
210 -38 4.2803682162803920e+16
212 -38 2.8767198093101382e+17
214 -38 1.4811883834188296e+18
216 -38 6.0750978138980628e+18
218 -38 2.0224136788839780e+19
220 -38 5.5767147444733534e+19
222 -38 1.2856397059069179e+20
224 -38 2.4819040608014113e+20
226 -38 4.0265033195187261e+20
228 -38 5.4628167795511506e+20
230 -38 6.1555728463673203e+20
232 -38 5.6838323476782986e+20
234 -38 4.2139580516573472e+20
236 -38 2.4241193504892053e+20
238 -38 1.0237865113191080e+20
240 -38 2.8406180634607653e+19
242 -38 3.8087774619525719e+18
198 -37 5.1584404946322227e+10
200 -37 5.8169539639742250e+13
202 -37 1.7449280038018855e+15
204 -37 2.5615790523501708e+16
206 -37 2.4401183912411594e+17
208 -37 1.6846177725161285e+18
210 -37 8.9544933683684198e+18
212 -37 3.8109215125551235e+19
214 -37 1.3269819524856647e+20
216 -37 3.8422350705162119e+20
218 -37 9.3613164380160000e+20
220 -37 1.9294085493518898e+21
222 -37 3.3779620682086398e+21
224 -37 5.0108403077010686e+21
226 -37 6.2745063180049265e+21
228 -37 6.5741478055031844e+21
230 -37 5.6839059345453267e+21
232 -37 3.9689293368664177e+21
234 -37 2.1611386480826167e+21
236 -37 8.6736544011162957e+20
238 -37 2.2890342178426117e+20
240 -37 2.9316359301767209e+19
194 -36 3.8713806500656549e+11
196 -36 2.9367234882294925e+14
198 -36 8.8718710420049680e+15
200 -36 1.3240238063791270e+17
202 -36 1.2916864421305690e+18
204 -36 9.1366759838307430e+18
206 -36 5.0046018683165532e+19
208 -36 2.2021186287268505e+20
210 -36 7.9811308207026982e+20
212 -36 2.4194440185987528e+21
214 -36 6.2137507609259006e+21
216 -36 1.3598833552566679e+22
218 -36 2.5485485333284326e+22
220 -36 4.0969610507902574e+22
222 -36 5.6218714845153249e+22
224 -36 6.5695690492684253e+22
226 -36 6.4581794423566208e+22
228 -36 5.2650754441366903e+22
230 -36 3.4835425789667504e+22
232 -36 1.8075212363153927e+22
234 -36 6.9134193406697779e+21
236 -36 1.7427691927107315e+21
238 -36 2.1406373311355119e+20
190 -35 2.5801645104974043e+12
192 -35 1.3940792285169855e+15
194 -35 4.2339846752227960e+16
196 -35 6.4213707575962624e+17
198 -35 6.3717247920248197e+18
200 -35 4.6175803607327130e+19
202 -35 2.5983393629883505e+20
204 -35 1.1812720811828734e+21
206 -35 4.4419028248516530e+21
208 -35 1.4052810955793319e+22
210 -35 3.7805166166273035e+22
212 -35 8.7395463110369441e+22
214 -35 1.7420297892062752e+23
216 -35 3.0035211633219004e+23
218 -35 4.4746214615336300e+23
220 -35 5.7382739126808221e+23
222 -35 6.3036379703838281e+23
224 -35 5.8678694414433306e+23
226 -35 4.5381074468147588e+23
228 -35 2.8667887103702703e+23
230 -35 1.4197072406004447e+23
232 -35 5.2091962975014670e+22
234 -35 1.2577826878420559e+22
236 -35 1.4877505102826504e+21
184 -34 3.5983434088986076e+07
186 -34 1.5531855297615482e+13
188 -34 6.2312498815202110e+15
190 -34 1.8965396300203866e+17
192 -34 2.9151255482394184e+18
194 -34 2.9428377086635270e+19
196 -34 2.1747599593262753e+20
198 -34 1.2553301449810641e+21
200 -34 5.8776958429964974e+21
202 -34 2.2881232564645786e+22
204 -34 7.5035930154606942e+22
206 -34 2.1155057476915154e+23
208 -34 5.1422379233966817e+23
210 -34 1.0842357578484673e+24
212 -34 1.9917172097975501e+24
214 -34 3.1913066763554636e+24
216 -34 4.4490892913396628e+24
218 -34 5.3791048032120980e+24
220 -34 5.5906232906928298e+24
222 -34 4.9450951215276998e+24
224 -34 3.6534567919180437e+24
226 -34 2.2117808348398285e+24
228 -34 1.0520516185763789e+24
230 -34 3.7055383768683696e+23
232 -34 8.6326947813470423e+22
234 -34 9.8711704330203572e+21
180 -33 1.0568887301411015e+09
182 -33 8.5266784009089281e+13
184 -33 2.6130526336300204e+16
186 -33 7.9982236322953472e+17
188 -33 1.2407158270246132e+19
190 -33 1.2704090129994970e+20
192 -33 9.5871180001250561e+20
194 -33 5.6623616118323738e+21
196 -33 2.7216594061450868e+22
198 -33 1.0920700827415922e+23
200 -33 3.7205384290813498e+23
202 -33 1.0901337406918812e+24
204 -33 2.7707815508966665e+24
206 -33 6.1595953335747227e+24
208 -33 1.2009790310837553e+25
210 -33 2.0548199483350993e+25
212 -33 3.0863294125809270e+25
214 -33 4.0543337623117396e+25
216 -33 4.6432821478816224e+25
218 -33 4.5973792294054136e+25
220 -33 3.8878315027219809e+25
222 -33 2.7567790928638555e+25
224 -33 1.6035925960704831e+25
226 -33 7.3527138768026711e+24
228 -33 2.5005521358624105e+24
230 -33 5.6236221224079561e+23
232 -33 6.2342397174872300e+22
176 -32 1.5727930894862391e+10
178 -32 4.2897645449760556e+14
180 -32 1.0394986642065966e+17
182 -32 3.1675887211896740e+18
184 -32 4.9520581187381428e+19
186 -32 5.1394339400627251e+20
188 -32 3.9465032601261163e+21
190 -32 2.3820716265964179e+22
192 -32 1.1729885240613346e+23
194 -32 4.8431520339037850e+23
196 -32 1.7047100427221705e+24
198 -32 5.1919681572133407e+24
200 -32 1.3764847609419608e+25
202 -32 3.2046325176119134e+25
204 -32 6.5845039417246640e+25
206 -32 1.1965208256748214e+26
208 -32 1.9214823176668151e+26
210 -32 2.7256185109930192e+26
212 -32 3.4027849198110510e+26
214 -32 3.7124772068793776e+26
216 -32 3.5196564719427094e+26
218 -32 2.8588120744584130e+26
220 -32 1.9546241178688663e+26
222 -32 1.0964095104741291e+26
224 -32 4.8579538132489560e+25
226 -32 1.6017019589566401e+25
228 -32 3.4837170361312417e+24
230 -32 3.7508799549654924e+23
172 -31 1.7262376099446216e+11
174 -31 2.0033840028019805e+15
176 -31 3.9000894913722573e+17
178 -31 1.1792807003700933e+19
180 -31 1.8483968792732651e+20
182 -31 1.9420561187198602e+21
184 -31 1.5151510890785710e+22
186 -31 9.3242117014602228e+22
188 -31 4.6971179891676177e+23
190 -31 1.9921353862315805e+24
192 -31 7.2359863686391637e+24
194 -31 2.2820021222497926e+25
196 -31 6.2918170930405114e+25
198 -31 1.5307181772776682e+26
200 -31 3.3037317173754924e+26
202 -31 6.3398249400571497e+26
204 -31 1.0826394182503617e+27
206 -31 1.6444227502705359e+27
208 -31 2.2164456557332565e+27
210 -31 2.6387592838777495e+27
212 -31 2.7616599382965542e+27
214 -31 2.5177966504807084e+27
216 -31 1.9680694666586917e+27
218 -31 1.3004941938013651e+27
220 -31 7.0679124849230742e+26
222 -31 3.0378655266307482e+26
224 -31 9.7085423930671196e+25
226 -31 2.0550645834584165e+25
228 -31 2.1511052521021875e+24
168 -30 1.5303278841961333e+12
170 -30 8.6312100738359170e+15
172 -30 1.3753750627867520e+18
174 -30 4.0998374540682674e+19
176 -30 6.4716331832053190e+20
178 -30 6.8594963053573854e+21
180 -30 5.4234471526052814e+22
182 -30 3.3951744668526705e+23
184 -30 1.7522944317443305e+24
186 -30 7.6052954443152326e+24
188 -30 2.8444117454352267e+25
190 -30 9.2479071715900573e+25
192 -30 2.6469159556712468e+26
194 -30 6.7148083997197486e+26
196 -30 1.5148983050323782e+27
198 -30 3.0583123912590437e+27
200 -30 5.5271367739996364e+27
202 -30 8.9390068054933772e+27
204 -30 1.2928497516809446e+28
206 -30 1.6648738142479962e+28
208 -30 1.9032868222304124e+28
210 -30 1.9164496619533751e+28
212 -30 1.6842561856483459e+28
214 -30 1.2735687000467311e+28
216 -30 8.1512400476107715e+27
218 -30 4.3009700045946011e+27
220 -30 1.7984025624189839e+27
222 -30 5.5949840424058887e+26
224 -30 1.1522315101653009e+26
226 -30 1.1772718181299895e+25
164 -29 1.0977448248117789e+13
166 -29 3.4119154066343128e+16
168 -29 4.5645479201473772e+18
170 -29 1.3371071125929103e+20
172 -29 2.1122482051151590e+21
174 -29 2.2608139397822985e+22
176 -29 1.8087745167499700e+23
178 -29 1.1516031533459418e+24
180 -29 6.0490771000048379e+24
182 -29 2.6898371411074430e+25
184 -29 1.0330492556709362e+26
186 -29 3.4620798352540801e+26
188 -29 1.0249867251763215e+27
190 -29 2.7034946096271447e+27
192 -29 6.3676324088616511e+27
194 -29 1.3471060082208889e+28
196 -29 2.5632679519185801e+28
198 -29 4.3918153384898680e+28
200 -29 6.7652068599274944e+28
202 -29 9.3628797643922794e+28
204 -29 1.1582991200131043e+29
206 -29 1.2751967737914007e+29
208 -29 1.2395348079724902e+29
210 -29 1.0557044503444439e+29
212 -29 7.7415745774761329e+28
214 -29 4.8187191970097487e+28
216 -29 2.4730495088273890e+28
218 -29 1.0080328942909719e+28
220 -29 3.0544993953580453e+27
222 -29 6.1450310816136960e+26
224 -29 6.1253116227309528e+25
160 -28 6.6145112382590828e+13
162 -28 1.2465961881082914e+17
164 -28 1.4209441896597690e+19
166 -28 4.0773665706457661e+20
168 -28 6.4370091260646009e+21
170 -28 6.9304215640842422e+22
172 -28 5.6039725396409124e+23
174 -28 3.6203769739581570e+24
176 -28 1.9362676353005287e+25
178 -28 8.8079583830522528e+25
180 -28 3.4643093113294373e+26
182 -28 1.1957967117228756e+27
184 -28 3.6547274661568803e+27
186 -28 9.9878677370032912e+27
188 -28 2.4481838430740816e+28
190 -28 5.4137900387352788e+28
192 -28 1.0806597613643382e+29
194 -28 1.9535621225341271e+29
196 -28 3.1910576816594472e+29
198 -28 4.7086523663295811e+29
200 -28 6.2643991828134363e+29
202 -28 7.4833762373462848e+29
204 -28 7.9582941006503798e+29
206 -28 7.5044930693676847e+29
208 -28 6.2031951360093362e+29
210 -28 4.4300183895109901e+29
212 -28 2.6865306758780565e+29
214 -28 1.3455208292127844e+29
216 -28 5.3474523472374165e+28
218 -28 1.5832999012527117e+28
220 -28 3.1193561568757299e+27
222 -28 3.0435317340926001e+26
156 -27 3.4399097437307738e+14
158 -27 4.1933323117001536e+17
160 -27 4.1277025033482420e+19
162 -27 1.1623399374561234e+21
164 -27 1.8249692055678868e+22
166 -27 1.9696759676773041e+23
168 -27 1.6093307467888239e+24
170 -27 1.0538290880929696e+25
172 -27 5.7429172580155707e+25
174 -27 2.6611130801866664e+26
176 -27 1.0713297255241840e+27
178 -27 3.7992514203827866e+27
180 -27 1.1983481518837978e+28
182 -27 3.3844197502348804e+28
184 -27 8.6246800199827817e+28
186 -27 1.9856829104419434e+29
188 -27 4.1492317695227890e+29
190 -27 7.8772988069814291e+29
192 -27 1.3589252961701084e+30
194 -27 2.1297769952259090e+30
196 -27 3.0280756425990112e+30
198 -27 3.8847227943601662e+30
200 -27 4.4899299068933657e+30
202 -27 4.6406274148310123e+30
204 -27 4.2522383117148534e+30
206 -27 3.4181052287255246e+30
208 -27 2.3829585163729233e+30
210 -27 1.4102694290622373e+30
212 -27 6.9102870013171095e+29
214 -27 2.6849463283209324e+29
216 -27 7.7863094312042334e+28
218 -27 1.5011301417212131e+28
220 -27 1.4381526649440000e+27
152 -26 1.5512969655213640e+15
154 -26 1.3000889424129498e+18
156 -26 1.1194094213519445e+20
158 -26 3.0717335546070481e+21
160 -26 4.8044265682999597e+22
162 -26 5.1872124197038781e+23
164 -26 4.2782018529445901e+24
166 -26 2.8348241073720791e+25
168 -26 1.5677474206929746e+26
170 -26 7.4136462880414294e+26
172 -26 3.0544059398662933e+27
174 -26 1.1105795070174969e+28
176 -26 3.6024849851986689e+28
178 -26 1.0524482370195051e+29
180 -26 2.7733539730090156e+29
182 -26 6.6444761613104727e+29
184 -26 1.4494349899998879e+30
186 -26 2.8837268963545933e+30
188 -26 5.2295911736469317e+30
190 -26 8.6700682268559561e+30
192 -26 1.3079541579683992e+31
194 -26 1.7973884442910057e+31
196 -26 2.2353678374307149e+31
198 -26 2.5102330231626050e+31
200 -26 2.5233038307284403e+31
202 -26 2.2543357360643110e+31
204 -26 1.7710197753995540e+31
206 -26 1.2068704797928549e+31
208 -26 6.9870624346805090e+30
210 -26 3.3480406847151020e+30
212 -26 1.2757525029461957e+30
214 -26 3.6276819162047858e+29
216 -26 6.8648842070614931e+28
218 -26 6.4610347959280433e+27
148 -25 6.1817884784685900e+15
150 -25 3.6983705186035871e+18
152 -25 2.8202238655569602e+20
154 -25 7.5242020693412738e+21
156 -25 1.1665744186600451e+23
158 -25 1.2639663473634567e+24
160 -25 1.0488494933164917e+25
162 -25 7.0350491794099594e+25
164 -25 3.9439398892058629e+26
166 -25 1.8975849941195023e+27
168 -25 7.9946621829816047e+27
170 -25 2.9761798623220611e+28
172 -25 9.9343140693191466e+28
174 -25 2.9875347679450677e+29
176 -25 8.1479688744858328e+29
178 -25 2.0259134551492662e+30
180 -25 4.6016531804053528e+30
182 -25 9.5582454004040456e+30
184 -25 1.8199075927402332e+31
186 -25 3.1800306772954076e+31
188 -25 5.0797177625409264e+31
190 -25 7.4254255756176739e+31
192 -25 9.8831650918357884e+31
194 -25 1.1956992202997604e+32
196 -25 1.3065208904550080e+32
198 -25 1.2825481217451468e+32
200 -25 1.1194096037708875e+32
202 -25 8.6081312631746938e+31
204 -25 5.7356440973812155e+31
206 -25 3.2575307724434125e+31
208 -25 1.5326006977940676e+31
210 -25 5.7328260842825025e+30
212 -25 1.6007484102040926e+30
214 -25 2.9782694642836920e+29
216 -25 2.7562616709885758e+28
144 -24 2.1742205549648116e+16
146 -24 9.6367628563017093e+18
148 -24 6.5681489301517933e+20
150 -24 1.7062347161340945e+22
152 -24 2.6222495159315900e+23
154 -24 2.8399680897267091e+24
156 -24 2.3657879161019198e+25
158 -24 1.6030479154890717e+26
160 -24 9.1125933001112346e+26
162 -24 4.4606726646573509e+27
164 -24 1.9173420354860066e+28
166 -24 7.3075526481268695e+28
168 -24 2.5031176788905118e+29
170 -24 7.7494037715426149e+29
172 -24 2.1810131315240144e+30
174 -24 5.6166487836393585e+30
176 -24 1.3250398869564697e+31
178 -24 2.8724515737538358e+31
180 -24 5.7259572308430575e+31
182 -24 1.0504588629943369e+32
184 -24 1.7699661585493886e+32
186 -24 2.7413024049749425e+32
188 -24 3.8882827328577378e+32
190 -24 5.0408448429907630e+32
192 -24 5.9455841214475415e+32
194 -24 6.3474951602719321e+32
196 -24 6.0921062739806130e+32
198 -24 5.2108275745063340e+32
200 -24 3.9244497760162911e+32
202 -24 2.5686860093833615e+32
204 -24 1.4315499860481209e+32
206 -24 6.6123735908547339e+31
208 -24 2.4341138735175562e+31
210 -24 6.6877462129938682e+30
212 -24 1.2233074565128981e+30
214 -24 1.1170280432884838e+29
138 -23 8.6123022911977002e+11
140 -23 6.7937361595604784e+16
142 -23 2.2962484208092586e+19
144 -23 1.4104694714263294e+21
146 -23 3.5576053222296854e+22
148 -23 5.4207593032204594e+23
150 -23 5.8583888279215924e+24
152 -23 4.9038148296908840e+25
154 -23 3.3526928045369657e+26
156 -23 1.9285723530373658e+27
158 -23 9.6004847329594516e+27
160 -23 4.1982406268954300e+28
162 -23 1.6402489320996572e+29
164 -23 5.7572402046634396e+29
166 -23 1.8326605665398737e+30
168 -23 5.3291018149085678e+30
170 -23 1.4173059668662282e+31
172 -23 3.4694609498694834e+31
174 -23 7.8243494391950835e+31
176 -23 1.6270278375211369e+32
178 -23 3.1239250489716656e+32
180 -23 5.5399794626595782e+32
182 -23 9.0540543243920565e+32
184 -23 1.3628199530263066e+33
186 -23 1.8838566098788987e+33
188 -23 2.3849427966058040e+33
190 -23 2.7480459068049801e+33
192 -23 2.8740885742388826e+33
194 -23 2.7027817381447217e+33
196 -23 2.2671451341180193e+33
198 -23 1.6772006025914889e+33
200 -23 1.0789001080267097e+33
202 -23 5.9152883695458778e+32
204 -23 2.6897621736130307e+32
206 -23 9.7438545722799454e+31
208 -23 2.6389047657415042e+31
210 -23 4.7605893936516619e+30
212 -23 4.2890894375767621e+29
134 -22 9.2734412116244180e+12
136 -22 1.8796392671784026e+17
138 -22 4.9817426641846280e+19
140 -22 2.7875624958625432e+21
142 -22 6.8128461353190815e+22
144 -22 1.0249044842997672e+24
146 -22 1.1079605686540617e+25
148 -22 9.3141893793966701e+25
150 -22 6.4088666802696094e+26
152 -22 3.7375740635228374e+27
154 -22 1.8879138783502652e+28
156 -22 8.4157059670769262e+28
158 -22 3.3509998538741183e+29
160 -22 1.2053059806169917e+30
162 -22 3.9459185913583325e+30
164 -22 1.1796265107340350e+31
166 -22 3.2438545086841679e+31
168 -22 8.2211415505036217e+31
170 -22 1.9254732890585038e+32
172 -22 4.1690987460564405e+32
174 -22 8.3728362844684837e+32
176 -22 1.5555277843433807e+33
178 -22 2.6747942512828478e+33
180 -22 4.2575954632517264e+33
182 -22 6.2467659979832501e+33
184 -22 8.4333942358595330e+33
186 -22 1.0445680625717782e+34
188 -22 1.1802656669122328e+34
190 -22 1.2098404458308875e+34
192 -22 1.1179670582575154e+34
194 -22 9.2193402599108581e+33
196 -22 6.7124463752828207e+33
198 -22 4.2524583533847091e+33
200 -22 2.2947037401336617e+33
202 -22 1.0288937515675523e+33
204 -22 3.6756616056509966e+32
206 -22 9.8141461880125991e+31
208 -22 1.7483813360230367e+31
210 -22 1.5560607773079261e+30
130 -21 5.9039474039409164e+13
132 -21 4.6293044091573338e+17
134 -21 9.8474760629990375e+19
136 -21 5.0482773511979181e+21
138 -21 1.1941016501815442e+23
140 -21 1.7764213220761127e+24
142 -21 1.9114833041304976e+25
144 -21 1.6142254570672371e+26
146 -21 1.1188114596003273e+27
148 -21 6.5913915154877734e+27
150 -21 3.3793622483368504e+28
152 -21 1.5339259552682811e+29
154 -21 6.2312490878153992e+29
156 -21 2.2946516714345836e+30
158 -21 7.6968359128854931e+30
160 -21 2.3704097672501123e+31
162 -21 6.7195557053150582e+31
164 -21 1.7601985054301061e+32
166 -21 4.2751960205591748e+32
168 -21 9.6259146626842620e+32
170 -21 2.0151067049205361e+33
172 -21 3.9191515568034600e+33
174 -21 7.0744703438244595e+33
176 -21 1.1859315273487383e+34
178 -21 1.8414330943109477e+34
180 -21 2.6429780229774599e+34
182 -21 3.4948642545909066e+34
184 -21 4.2433132493017950e+34
186 -21 4.7082756550126384e+34
188 -21 4.7433056892903689e+34
190 -21 4.3133202403083702e+34
192 -21 3.5036002101156500e+34
194 -21 2.5116633775731693e+34
196 -21 1.5680417748457414e+34
198 -21 8.3560154960673399e+33
200 -21 3.6952460397776438e+33
202 -21 1.3036599965728155e+33
204 -21 3.4394968564788532e+32
206 -21 6.0616869649410574e+31
208 -21 5.3441106417731045e+30
126 -20 2.6568361063809088e+14
128 -20 1.0143749604081594e+18
130 -20 1.7673552022127539e+20
132 -20 8.3525691306548459e+21
134 -20 1.9117829167951291e+23
136 -20 2.8059611209787525e+24
138 -20 3.0071151178468409e+25
140 -20 2.5430667311997803e+26
142 -20 1.7760671185027213e+27
144 -20 1.0576485455817210e+28
146 -20 5.4907563422482060e+28
148 -20 2.5346538828708468e+29
150 -20 1.0505653523243257e+30
152 -20 3.9500416248324698e+30
154 -20 1.3589351775932671e+31
156 -20 4.3034765635522133e+31
158 -20 1.2559967231506804e+32
160 -20 3.3962629740896377e+32
162 -20 8.5375748478055883e+32
164 -20 1.9977820563832232e+33
166 -20 4.3517872934267050e+33
168 -20 8.8381674546829046e+33
170 -20 1.6716943901531212e+34
172 -20 2.9437194902663999e+34
174 -20 4.8169173083139952e+34
176 -20 7.3207636144250704e+34
178 -20 1.0297387452870213e+35
180 -20 1.3375741956645584e+35
182 -20 1.5963280465817160e+35
184 -20 1.7425666563138161e+35
186 -20 1.7275426500535079e+35
188 -20 1.5479701580831851e+35
190 -20 1.2404893340596681e+35
192 -20 8.7814652978080509e+34
194 -20 5.4112900591712693e+34
196 -20 2.8473367924449162e+34
198 -20 1.2449050989861864e+34
200 -20 4.3407828967093320e+33
202 -20 1.1343198453661108e+33
204 -20 1.9769489292171951e+32
206 -20 1.7291634249632999e+31
122 -19 9.2125529113357975e+14
124 -19 1.9729738436818150e+18
126 -19 2.8675675417862380e+20
128 -19 1.2551390675749495e+22
130 -19 2.7857662147376314e+23
132 -19 4.0275394062878057e+24
134 -19 4.3005185540931858e+25
136 -19 3.6378565543635577e+26
138 -19 2.5546875389146966e+27
140 -19 1.5378397901939857e+28
142 -19 8.0925949644766698e+28
144 -19 3.7870492255808705e+29
146 -19 1.5983647790682113e+30
148 -19 6.1506095522667727e+30
150 -19 2.1644250153893359e+31
152 -19 7.0300403001168676e+31
154 -19 2.1111880489391088e+32
156 -19 5.8952810085727259e+32
158 -19 1.5330778127337579e+33
160 -19 3.7148278913025396e+33
162 -19 8.4137438528527155e+33
164 -19 1.7805492906392646e+34
166 -19 3.5220212907161581e+34
168 -19 6.4971901030427159e+34
170 -19 1.1196796556997070e+35
172 -19 1.7946462622782040e+35
174 -19 2.6771671395537794e+35
176 -19 3.7006021886850413e+35
178 -19 4.7242268166651728e+35
180 -19 5.5493135367439508e+35
182 -19 5.9734352856046913e+35
184 -19 5.8454829671940182e+35
186 -19 5.1704703389465072e+35
188 -19 4.0881706750384623e+35
190 -19 2.8603751971326192e+35
192 -19 1.7424943309931359e+35
194 -19 9.0776945751583119e+34
196 -19 3.9242171468544343e+34
198 -19 1.3561867397600515e+34
200 -19 3.5097421039991253e+33
202 -19 6.0671645469078598e+32
204 -19 5.2688202659323363e+31
118 -18 2.5776431929416570e+15
120 -18 3.4045434618945797e+18
122 -18 4.1987492649614613e+20
124 -18 1.7100852765124633e+22
126 -18 3.6789670531070055e+23
128 -18 5.2371146587508964e+24
130 -18 5.5594646224642687e+25
132 -18 4.7067445045156404e+26
134 -18 3.3224738376893876e+27
136 -18 2.0159642032863850e+28
138 -18 1.0746067301638125e+29
140 -18 5.1100976568083893e+29
142 -18 2.1961627666370565e+30
144 -18 8.6042917307206878e+30
146 -18 3.1011664365981402e+31
148 -18 1.0325930084886591e+32
150 -18 3.1869952301845416e+32
152 -18 9.1689552549682851e+32
154 -18 2.4608161169388011e+33
156 -18 6.1801526858978472e+33
158 -18 1.4521754726752674e+34
160 -18 3.1959262454103404e+34
162 -18 6.5939840449621259e+34
164 -18 1.2736558370252092e+35
166 -18 2.3012694339264540e+35
168 -18 3.8883861433789012e+35
170 -18 6.1252951395716175e+35
172 -18 8.9866794168285427e+35
174 -18 1.2227499265436666e+36
176 -18 1.5394061887625258e+36
178 -18 1.7837483225709504e+36
180 -18 1.8946624028597907e+36
182 -18 1.8316865798495770e+36
184 -18 1.6007064572204416e+36
186 -18 1.2529635520876828e+36
188 -18 8.6681938002882140e+35
190 -18 5.2285938005772762e+35
192 -18 2.6980639830100919e+35
194 -18 1.1562569343765603e+35
196 -18 3.9582869893295557e+34
198 -18 1.0169751400415052e+34
200 -18 1.7470622137042809e+33
202 -18 1.5084567924740582e+32
114 -17 5.9167164716889650e+15
116 -17 5.2059801583157064e+18
118 -17 5.5169987027741698e+20
120 -17 2.1053716889202166e+22
122 -17 4.3809077602761415e+23
124 -17 6.1413279117145437e+24
126 -17 6.4705785750229775e+25
128 -17 5.4847763683483375e+26
130 -17 3.8847940445035237e+27
132 -17 2.3787256331548348e+28
134 -17 1.2822163523824772e+29
136 -17 6.1847364599330062e+29
138 -17 2.7056050180820011e+30
140 -17 1.0813884726286434e+31
142 -17 3.9801694534812507e+31
144 -17 1.3577119147637377e+32
146 -17 4.3064626354463911e+32
148 -17 1.2750967887886840e+33
150 -17 3.5317267916612163e+33
152 -17 9.1667775146449256e+33
154 -17 2.2325217159800546e+34
156 -17 5.1050358686184254e+34
158 -17 1.0966945803807581e+35
160 -17 2.2117720862683386e+35
162 -17 4.1839804880181197e+35
164 -17 7.4269475753147073e+35
166 -17 1.2336397778082115e+36
168 -17 1.9119657667121185e+36
170 -17 2.7636709224280464e+36
172 -17 3.7118019500999812e+36
174 -17 4.6119722138186827e+36
176 -17 5.2829163529672962e+36
178 -17 5.5490569544026791e+36
180 -17 5.3075608811064270e+36
182 -17 4.5900118401314730e+36
184 -17 3.5580916250559072e+36
186 -17 2.4402268875481100e+36
188 -17 1.4595299911929648e+36
190 -17 7.4621723260103905e+35
192 -17 3.1723777334742282e+35
194 -17 1.0792194505306615e+35
196 -17 2.7536062970656887e+34
198 -17 4.7039530127688941e+33
200 -17 4.0501357989978697e+32
110 -16 1.1375751864619904e+16
112 -16 7.0347920086122179e+18
114 -16 6.5067715442190031e+20
116 -16 2.3291003364651257e+22
118 -16 4.6983361477489002e+23
120 -16 6.4744722474078809e+24
122 -16 6.7762023930833969e+25
124 -16 5.7278046543049628e+26
126 -16 4.0802376048695826e+27
128 -16 2.5122576124911843e+28
130 -16 1.3705654186076900e+29
132 -16 6.6983009831355438e+29
134 -16 2.9763649745708348e+30
136 -16 1.2123314367459009e+31
138 -16 4.5587881845194815e+31
140 -16 1.5935112010415955e+32
142 -16 5.1871615200126083e+32
144 -16 1.5784057576887916e+33
146 -16 4.5060097326576149e+33
148 -16 1.2080788602075828e+34
150 -16 3.0445312481165312e+34
152 -16 7.2270629093262745e+34
154 -16 1.6133496040252520e+35
156 -16 3.3927293128696552e+35
158 -16 6.7132547062846624e+35
160 -16 1.2493141175521046e+36
162 -16 2.1805974800181977e+36
164 -16 3.5644882220935403e+36
166 -16 5.4535681657805842e+36
168 -16 7.7854966589912536e+36
170 -16 1.0328568990178835e+37
172 -16 1.2691309307020181e+37
174 -16 1.4389866142378906e+37
176 -16 1.4961241333981975e+37
178 -16 1.4186923597504996e+37
180 -16 1.2169167870643238e+37
182 -16 9.3474923486507621e+36
184 -16 6.3620321789257225e+36
186 -16 3.7766658320300073e+36
188 -16 1.9158176225141050e+36
190 -16 8.0960129395104331e+35
192 -16 2.7384330447801440e+35
194 -16 6.9522718811814760e+34
196 -16 1.1834441496309294e+34
198 -16 1.0155007307266816e+33
106 -15 1.8493716197978912e+16
108 -15 8.3967719452274289e+18
110 -15 6.8418610593681729e+20
112 -15 2.3062638083814189e+22
114 -15 4.5064126144224122e+23
116 -15 6.1133729253665307e+24
118 -15 6.3474792330764714e+25
120 -15 5.3568535222914782e+26
122 -15 3.8210895171866312e+27
124 -15 2.3729167766520808e+28
126 -15 1.3048999742656218e+29
128 -15 6.4663754320372114e+29
130 -15 2.9161286826659495e+30
132 -15 1.2104482777538629e+31
134 -15 4.6471245498733628e+31
136 -15 1.6592584754509848e+32
138 -15 5.5384641544642383e+32
140 -15 1.7333686424068881e+33
142 -15 5.0954437900072600e+33
144 -15 1.4086366360483741e+34
146 -15 3.6731483377582472e+34
148 -15 9.0275666481655161e+34
150 -15 2.0942653981090881e+35
152 -15 4.5840833327886165e+35
154 -15 9.4551416307305937e+35
156 -15 1.8410694238759507e+36
158 -15 3.3731651100602766e+36
160 -15 5.8041659502331220e+36
162 -15 9.3773888761151481e+36
164 -15 1.4177718027004330e+37
166 -15 2.0009853260725847e+37
168 -15 2.6292281544958515e+37
170 -15 3.2001243862885278e+37
172 -15 3.5961138706942489e+37
174 -15 3.7074493249943884e+37
176 -15 3.4867091476678655e+37
178 -15 2.9689154713613233e+37
180 -15 2.2658239280162327e+37
182 -15 1.5314212962741604e+37
184 -15 9.0373964826808998e+36
186 -15 4.5604092479918020e+36
188 -15 1.9169423930505948e+36
190 -15 6.4503690586419017e+35
192 -15 1.6325179486224373e+35
194 -15 2.7700927156038318e+34
196 -15 2.3778020349413514e+33
102 -14 2.5549538978386064e+16
104 -14 8.8116791018827612e+18
106 -14 6.4087968319957238e+20
108 -14 2.0327704109191396e+22
110 -14 3.8570423646889553e+23
112 -14 5.1393325954690552e+24
114 -14 5.2912361952993419e+25
116 -14 4.4519080718207170e+26
118 -14 3.1859672844510723e+27
120 -14 1.9881350829541397e+28
122 -14 1.1033979905667155e+29
124 -14 5.5336081945898742e+29
126 -14 2.5343203545334835e+30
128 -14 1.0697872725521239e+31
130 -14 4.1885217959729974e+31
132 -14 1.5303797934399774e+32
134 -14 5.2305977393819237e+32
136 -14 1.6784553072046212e+33
138 -14 5.0741489836895476e+33
140 -14 1.4463847035777582e+34
142 -14 3.8955051739787282e+34
144 -14 9.9162056367580107e+34
146 -14 2.3864557859404845e+35
148 -14 5.4315429186242961e+35
150 -14 1.1680077043249355e+36
152 -14 2.3738656452838807e+36
154 -14 4.5543431304999550e+36
156 -14 8.2358975486668247e+36
158 -14 1.3998200915701546e+37
160 -14 2.2373653825781060e+37
162 -14 3.3492572021330400e+37
164 -14 4.6830523259999526e+37
166 -14 6.1011261371493489e+37
168 -14 7.3677978511628074e+37
170 -14 8.2178207683782074e+37
172 -14 8.4172470381651514e+37
174 -14 7.8672329560333402e+37
176 -14 6.6569254543375499e+37
178 -14 5.0489653199709928e+37
180 -14 3.3944485437385167e+37
182 -14 1.9939517556819666e+37
184 -14 1.0017123697722166e+37
186 -14 4.1942761753321965e+36
188 -14 1.4079413548438793e+36
190 -14 3.5551752830778349e+35
192 -14 6.0291840420948081e+34
194 -14 5.1783030923793262e+33
96 -13 8.6914011409854407e+11
98 -13 2.9915336521133676e+16
100 -13 8.1168708586601103e+18
102 -13 5.3011891897680999e+20
104 -13 1.5925893456375342e+22
106 -13 2.9271039401835177e+23
108 -13 3.8351705552180645e+24
110 -13 3.9096874240312850e+25
112 -13 3.2803036643736326e+26
114 -13 2.3478997095413786e+27
116 -13 1.4717504763765825e+28
118 -13 8.2467616898085956e+28
120 -13 4.1817664859085795e+29
122 -13 1.9420072374263174e+30
124 -13 8.3299920847684224e+30
126 -13 3.3242599142665755e+31
128 -13 1.2393761493637555e+32
130 -13 4.3412204948669391e+32
132 -13 1.4279174728205673e+33
134 -13 4.4350816040354886e+33
136 -13 1.3029738353833183e+34
138 -13 3.6223811859370236e+34
140 -13 9.5310946437980345e+34
142 -13 2.3767106681138577e+35
144 -13 5.6152402055056558e+35
146 -13 1.2576380572586419e+36
148 -13 2.6653517994152695e+36
150 -13 5.3467309645885587e+36
152 -13 1.0134267362732463e+37
154 -13 1.8116104318635720e+37
156 -13 3.0501472056978692e+37
158 -13 4.8302269930349650e+37
160 -13 7.1720114948621179e+37
162 -13 9.9535584490828477e+37
164 -13 1.2866646506314967e+38
166 -13 1.5445107780515294e+38
168 -13 1.7118232195304793e+38
170 -13 1.7438714225970246e+38
172 -13 1.6214639714422679e+38
174 -13 1.3655649600347019e+38
176 -13 1.0318194937896867e+38
178 -13 6.9134753672620360e+37
180 -13 4.0428827305171027e+37
182 -13 2.0263659772801400e+37
184 -13 8.4699782238884560e+36
186 -13 2.8376444351098943e+36
188 -13 7.1611848750762770e+35
190 -13 1.2143050286666782e+35
192 -13 1.0467548369179949e+34
92 -12 3.3175191759697266e+12
94 -12 2.9993447983772776e+16
96 -12 6.5309635408015944e+18
98 -12 3.8622828413482598e+20
100 -12 1.0989695949835443e+22
102 -12 1.9595834825932630e+23
104 -12 2.5227576273106807e+24
106 -12 2.5452322861063946e+25
108 -12 2.1263143470748339e+26
110 -12 1.5222255176673291e+27
112 -12 9.5847767892353958e+27
114 -12 5.4079605263139733e+28
116 -12 2.7723666943935213e+29
118 -12 1.3045130753325535e+30
120 -12 5.6867400815579620e+30
122 -12 2.3116751449377834e+31
124 -12 8.7897400443197263e+31
126 -12 3.1460473742831011e+32
128 -12 1.0616114547531323e+33
130 -12 3.3867226845324107e+33
132 -12 1.0232119772289997e+34
134 -12 2.9341452023575129e+34
136 -12 7.9730953276070534e+34
138 -12 2.0582181001557927e+35
140 -12 5.0469945501537617e+35
142 -12 1.1742331709204648e+36
144 -12 2.5931376885971370e+36
146 -12 5.4271060095754647e+36
148 -12 1.0764427861395640e+37
150 -12 2.0201962096320971e+37
152 -12 3.5806143109043174e+37
154 -12 5.9785899629772434e+37
156 -12 9.4033490822634255e+37
158 -12 1.3862065715764489e+38
160 -12 1.9125222651480229e+38
162 -12 2.4581065290063667e+38
164 -12 2.9362606437835936e+38
166 -12 3.2403179805259395e+38
168 -12 3.2878549591027632e+38
170 -12 3.0454819266943411e+38
172 -12 2.5563957433759712e+38
174 -12 1.9258548883837342e+38
176 -12 1.2870021929107830e+38
178 -12 7.5159567817050989e+37
180 -12 3.7620972561740579e+37
182 -12 1.5704912168190590e+37
184 -12 5.2612207091865965e+36
186 -12 1.3297437756799692e+36
188 -12 2.2607042071759614e+35
190 -12 1.9565367613031779e+34
88 -11 6.5379313353802607e+12
90 -11 2.5506445137038936e+16
92 -11 4.5692065122476621e+18
94 -11 2.4614547729881507e+20
96 -11 6.6536020700406051e+21
98 -11 1.1483774042950889e+23
100 -11 1.4524858773850135e+24
102 -11 1.4493535852045994e+25
104 -11 1.2059204057344388e+26
106 -11 8.6215984509484974e+26
108 -11 5.4480899087570522e+27
110 -11 3.0945688059230273e+28
112 -11 1.6018681394573969e+29
114 -11 7.6418116524746193e+29
116 -11 3.3789724822152767e+30
118 -11 1.3968218189743538e+31
120 -11 5.4164119909755048e+31
122 -11 1.9830639725630466e+32
124 -11 6.8521898921154493e+32
126 -11 2.2428444605328775e+33
128 -11 6.9667979346348019e+33
130 -11 2.0577537151118433e+34
132 -11 5.7748787318162048e+34
134 -11 1.5417991394344546e+35
136 -11 3.9164661553237736e+35
138 -11 9.4655094873567728e+35
140 -11 2.1735693326829270e+36
142 -11 4.7467884005334737e+36
144 -11 9.8394772384801174e+36
146 -11 1.9332261502164736e+37
148 -11 3.6001073380950815e+37
150 -11 6.3329908057616898e+37
152 -11 1.0510457525408825e+38
154 -11 1.6425225068685408e+38
156 -11 2.4097814190744745e+38
158 -11 3.3064226421643748e+38
160 -11 4.2371173396351928e+38
162 -11 5.0432065226830674e+38
164 -11 5.5476540518571634e+38
166 -11 5.6134192040522736e+38
168 -11 5.1880707248957047e+38
170 -11 4.3455771669582512e+38
172 -11 3.2686134979162432e+38
174 -11 2.1834770347862760e+38
176 -11 1.2748278794258297e+38
178 -11 6.3793437251736574e+37
180 -11 2.6650845653554901e+37
182 -11 8.9513202974052734e+36
184 -11 2.2668883190952867e+36
186 -11 3.8715077439019779e+35
188 -11 3.3748653925196258e+34
84 -10 8.8881010652754043e+12
86 -10 1.8462109721294572e+16
88 -10 2.7744363115989709e+18
90 -10 1.3654599756947472e+20
92 -10 3.5057039118874973e+21
94 -10 5.8816842880479102e+22
96 -10 7.2788837891109114e+23
98 -10 7.1890091606877751e+24
100 -10 5.9411754640746098e+25
102 -10 4.2444337259062585e+26
104 -10 2.6848869400361158e+27
106 -10 1.5349051202604109e+28
108 -10 8.0104137392450143e+28
110 -10 3.8677327720540899e+29
112 -10 1.7354798282164501e+30
114 -10 7.2996131549493646e+30
116 -10 2.8849247970043998e+31
118 -10 1.0777831352477426e+32
120 -10 3.8117451379551612e+32
122 -10 1.2800190023475431e+33
124 -10 4.0862582947291348e+33
126 -10 1.2421957008253312e+34
128 -10 3.5941392434814053e+34
130 -10 9.9154471059323228e+34
132 -10 2.6086366329858252e+35
134 -10 6.5364483253987436e+35
136 -10 1.5612331746604101e+36
138 -10 3.5499733220007245e+36
140 -10 7.6802288825068137e+36
142 -10 1.5792499317895050e+37
144 -10 3.0841908674738070e+37
146 -10 5.7015471623693280e+37
148 -10 9.9807901853463824e+37
150 -10 1.6479565276725950e+38
152 -10 2.5654036198900328e+38
154 -10 3.7485229169908459e+38
156 -10 5.1322447662216480e+38
158 -10 6.5574543731298220e+38
160 -10 7.7865274884340931e+38
162 -10 8.5533495439620730e+38
164 -10 8.6428076804127883e+38
166 -10 7.9808594944018527e+38
168 -10 6.6869726153012869e+38
170 -10 5.0294803225817078e+38
172 -10 3.3605649147104778e+38
174 -10 1.9641303864185116e+38
176 -10 9.8482446230010168e+37
178 -10 4.1269215390445369e+37
180 -10 1.3900005425079938e+37
182 -10 3.5372344934446010e+36
184 -10 6.0786430326928065e+35
186 -10 5.3464089289874405e+34
80 -9 9.0027468774015039e+12
82 -9 1.1309910509818342e+16
84 -9 1.4441435936276892e+18
86 -9 6.5335501439150277e+19
88 -9 1.6005014617969509e+21
90 -9 2.6009190278355755e+22
92 -9 3.1525883371106634e+23
94 -9 3.0751872353814424e+24
96 -9 2.5217949128227164e+25
98 -9 1.7975595151801758e+26
100 -9 1.1395426110594396e+27
102 -9 6.5453698832610909e+27
104 -9 3.4443560190975731e+28
106 -9 1.6793131313457769e+29
108 -9 7.6516629243596961e+29
110 -9 3.2669392580759654e+30
112 -9 1.3168177047793778e+31
114 -9 5.0122699034155634e+31
116 -9 1.8142695317950502e+32
118 -9 6.2450740878342302e+32
120 -9 2.0463835374539481e+33
122 -9 6.3970592782131360e+33
124 -9 1.9095909832991910e+34
126 -9 5.4393657423357567e+34
128 -9 1.4793510710917728e+35
130 -9 3.8446725682840237e+35
132 -9 9.5366252702967001e+35
134 -9 2.2559830056318698e+36
136 -9 5.0892502787595592e+36
138 -9 1.0935847787528164e+37
140 -9 2.2343866287584583e+37
142 -9 4.3400349113481571e+37
144 -9 7.9893394350621881e+37
146 -9 1.3931905298244612e+38
148 -9 2.2948299652492840e+38
150 -9 3.5618795322051710e+38
152 -9 5.1961180546154167e+38
154 -9 7.1045469012285874e+38
156 -9 9.0674572241936734e+38
158 -9 1.0759967150264366e+39
160 -9 1.1821030647034106e+39
162 -9 1.1949186123253729e+39
164 -9 1.1043273556675687e+39
166 -9 9.2594269750708968e+38
168 -9 6.9796166980629272e+38
170 -9 4.6719460536513762e+38
172 -9 2.7393444044359374e+38
174 -9 1.3791258966758350e+38
176 -9 5.8018829883157544e+37
178 -9 1.9630410760841287e+37
180 -9 5.0337869540037193e+36
182 -9 8.7165895669023319e+35
184 -9 7.7517453761977164e+34
76 -8 7.0091675581356660e+12
78 -8 5.8423658560842650e+15
80 -8 6.4052990528411942e+17
82 -8 2.6812951304922313e+19
84 -8 6.2516426053977716e+20
86 -8 9.8449980278553413e+21
88 -8 1.1695183127573184e+23
90 -8 1.1230064763286433e+24
92 -8 9.1356244015381168e+24
94 -8 6.4882945539234165e+25
96 -8 4.1204397353796802e+26
98 -8 2.3747321486706768e+27
100 -8 1.2604849946557390e+28
102 -8 6.2092138674596202e+28
104 -8 2.8647491767986385e+29
106 -8 1.2417077961021552e+30
108 -8 5.0910307095199832e+30
110 -8 1.9816018385005110e+31
112 -8 7.3231137154276262e+31
114 -8 2.5821756020356026e+32
116 -8 8.6849182892791877e+32
118 -8 2.7926302453417603e+33
120 -8 8.5805086712928262e+33
122 -8 2.5245125566694299e+34
124 -8 7.0963993938905028e+34
126 -8 1.9089255441300007e+35
128 -8 4.9148825252196963e+35
130 -8 1.2090276430853772e+36
132 -8 2.8411032541203058e+36
134 -8 6.3706737500277678e+36
136 -8 1.3614460853661294e+37
138 -8 2.7714554198504403e+37
140 -8 5.3645577054027986e+37
142 -8 9.8584240281973403e+37
144 -8 1.7149892514371139e+38
146 -8 2.8209721950330011e+38
148 -8 4.3746884681880878e+38
150 -8 6.3818946371190780e+38
152 -8 8.7282080457506790e+38
154 -8 1.1145569408024127e+39
156 -8 1.3245716719495960e+39
158 -8 1.4567320523442897e+39
160 -8 1.4761203204057143e+39
162 -8 1.3676297076059958e+39
164 -8 1.1496735713472602e+39
166 -8 8.6952911241285336e+38
168 -8 5.8453444904452668e+38
170 -8 3.4422915411427969e+38
172 -8 1.7414409397385675e+38
174 -8 7.3740228540813295e+37
176 -8 2.5134677663898940e+37
178 -8 6.5033264828182827e+36
180 -8 1.1380083015322577e+36
182 -8 1.0247866604327151e+35
72 -7 4.2971003288810752e+12
74 -7 2.5154882258123545e+15
76 -7 2.3959642450985002e+17
78 -7 9.3029669650381537e+18
80 -7 2.0665925204692386e+20
82 -7 3.1539941864997577e+21
84 -7 3.6648702618505188e+22
86 -7 3.4696543884423126e+23
88 -7 2.7950883313966265e+24
90 -7 1.9772344493195702e+25
92 -7 1.2548263959747646e+26
94 -7 7.2631024093881093e+26
96 -7 3.8776857514203265e+27
98 -7 1.9280385465721751e+28
100 -7 9.0051420925802036e+28
102 -7 3.9654037096444156e+29
104 -7 1.6554429761684024e+30
106 -7 6.5626243234155278e+30
108 -7 2.4825422066092812e+31
110 -7 8.9594024183396425e+31
112 -7 3.0890786796588184e+32
114 -7 1.0217207706921852e+33
116 -7 3.2331285364939251e+33
118 -7 9.7978409392042080e+33
120 -7 2.8496329833098509e+34
122 -7 7.9347056308614979e+34
124 -7 2.1167878096948964e+35
126 -7 5.4136524647968343e+35
128 -7 1.3235099858405192e+36
130 -7 3.0981360069351292e+36
132 -7 6.9164228140220375e+36
134 -7 1.4743808150281012e+37
136 -7 2.9957160653851827e+37
138 -7 5.7896616896571121e+37
140 -7 1.0625604167643304e+38
142 -7 1.8496064965080990e+38
144 -7 3.0434239990947332e+38
146 -7 4.7242359519777200e+38
148 -7 6.9020597593477565e+38
150 -7 9.4552615001172818e+38
152 -7 1.2103178070354344e+39
154 -7 1.4430192585235937e+39
156 -7 1.5923385383033639e+39
158 -7 1.6190414993580791e+39
160 -7 1.5057045446741660e+39
162 -7 1.2722601031052041e+39
164 -7 9.6716599315317057e+38
166 -7 6.5390707535974363e+38
168 -7 3.8767076690411125e+38
170 -7 1.9752728382227557e+38
172 -7 8.4333602703666355e+37
174 -7 2.9033794295534887e+37
176 -7 7.5902555858875445e+36
178 -7 1.3452667879625421e+36
180 -7 1.2298731781075861e+35
68 -6 2.0689521734675264e+12
70 -6 8.9375020591350888e+14
72 -6 7.5147109481775520e+16
74 -6 2.7002935461243812e+18
76 -6 5.7219544369843110e+19
78 -6 8.4534682129975332e+20
80 -6 9.5887797915619804e+21
82 -6 8.9370587763342452e+22
84 -6 7.1193502101220548e+23
86 -6 5.0115505790166225e+24
88 -6 3.1766162835668494e+25
90 -6 1.8438284274806575e+26
92 -6 9.9100460331838460e+26
94 -6 4.9788614376527823e+27
96 -6 2.3524612222984942e+28
98 -6 1.0510217878041924e+29
100 -6 4.4624708626580491e+29
102 -6 1.8048977063125512e+30
104 -6 6.9743052025192857e+30
106 -6 2.5769876967797583e+31
108 -6 9.1173641746720001e+31
110 -6 3.0955443115738639e+32
112 -6 1.0085963900939097e+33
114 -6 3.1527824717996352e+33
116 -6 9.4644868335433116e+33
118 -6 2.7317070844675545e+34
120 -6 7.5535183519157139e+34
122 -6 2.0040731143501262e+35
124 -6 5.1007445024701739e+35
126 -6 1.2434910544141036e+36
128 -6 2.9025596865175211e+36
130 -6 6.4757284020450341e+36
132 -6 1.3780052802099243e+37
134 -6 2.8010076458757192e+37
136 -6 5.4166513575392601e+37
138 -6 9.9586693019843742e+37
140 -6 1.7349016643220086e+38
142 -6 2.8620843652915437e+38
144 -6 4.4552862291953821e+38
146 -6 6.5324119418276941e+38
148 -6 8.9802178045710210e+38
150 -6 1.1550617838380495e+39
152 -6 1.3820732386563794e+39
154 -6 1.5326425239683689e+39
156 -6 1.5674045681395149e+39
158 -6 1.4668450493320198e+39
160 -6 1.2480827338819136e+39
162 -6 9.5551982201664407e+38
164 -6 6.5131631214638926e+38
166 -6 3.8928516864842606e+38
168 -6 2.0026581433860280e+38
170 -6 8.6390154544343421e+37
172 -6 3.0085959221718834e+37
174 -6 7.9674918787962720e+36
176 -6 1.4341914569959129e+36
178 -6 1.3351139645846039e+35
64 -5 7.8253203497149927e+11
66 -5 2.5905504403254109e+14
68 -5 1.9328559409941296e+16
70 -5 6.4599637617962317e+17
72 -5 1.3024561058707202e+19
74 -5 1.8570215089723094e+20
76 -5 2.0613971364638936e+21
78 -5 1.8886614812095043e+22
80 -5 1.4888802520599536e+23
82 -5 1.0393215956144014e+24
84 -5 6.5818249688864592e+24
86 -5 3.8251849852848322e+25
88 -5 2.0685251611591743e+26
90 -5 1.0489139602336743e+27
92 -5 5.0231340855410798e+27
94 -5 2.2777595128457433e+28
96 -5 9.8392996527915087e+28
98 -5 4.0568522069311473e+29
100 -5 1.6008647962133171e+30
102 -5 6.0577668550083906e+30
104 -5 2.2009285176203729e+31
106 -5 7.6774720757192432e+31
108 -5 2.5744901332387085e+32
110 -5 8.3001051449941515e+32
112 -5 2.5746060758490237e+33
114 -5 7.6819219811980593e+33
116 -5 2.2027464215856232e+34
118 -5 6.0693184973547627e+34
120 -5 1.6056296689714756e+35
122 -5 4.0784306458445743e+35
124 -5 9.9339851795920894e+35
126 -5 2.3182290751396115e+36
128 -5 5.1761113077117408e+36
130 -5 1.1037216126183718e+37
132 -5 2.2484528059880316e+37
134 -5 4.3580921575790573e+37
136 -5 8.0355765925035695e+37
138 -5 1.4061707596553155e+38
140 -5 2.3285081557293740e+38
142 -5 3.6439282158467126e+38
144 -5 5.3694923662662573e+38
146 -5 7.4221167771203957e+38
148 -5 9.6026924707450548e+38
150 -5 1.1568889351537074e+39
152 -5 1.2921760195339523e+39
154 -5 1.3311723030607152e+39
156 -5 1.2565554884050562e+39
158 -5 1.0776619272613245e+39
160 -5 8.3315427829387837e+38
162 -5 5.7337341153771968e+38
164 -5 3.4654316950199373e+38
166 -5 1.8037576794080408e+38
168 -5 7.8821778970591191e+37
170 -5 2.7833478759016902e+37
172 -5 7.4808481649041448e+36
174 -5 1.3705894439670027e+36
176 -5 1.3025714623318650e+35
60 -4 2.2950802604900101e+11
62 -4 6.0022829595805555e+13
64 -4 3.9936839909580565e+15
66 -4 1.2444399889089080e+17
68 -4 2.3953698223454525e+18
70 -4 3.2995953860342448e+19
72 -4 3.5595327973033817e+20
74 -4 3.1961616179655281e+21
76 -4 2.4919400300776608e+22
78 -4 1.7272109792455860e+23
80 -4 1.0902497192408237e+24
82 -4 6.3556745572101787e+24
84 -4 3.4599613241245040e+25
86 -4 1.7716688761246029e+26
88 -4 8.5848134434158625e+26
90 -4 3.9599373210285368e+27
92 -4 1.7403529545374007e+28
94 -4 7.3293705637523833e+28
96 -4 2.9578965917263326e+29
98 -4 1.1458499576507568e+30
100 -4 4.2710459619117332e+30
102 -4 1.5319626104369928e+31
104 -4 5.2929729585668819e+31
106 -4 1.7608005846249876e+32
108 -4 5.6426524037180880e+32
110 -4 1.7428731996557443e+33
112 -4 5.1805435011950711e+33
114 -4 1.4824909992853990e+34
116 -4 4.0790774213213851e+34
118 -4 1.0793910774315514e+35
120 -4 2.7434217245946109e+35
122 -4 6.6936531518445002e+35
124 -4 1.5654633989490605e+36
126 -4 3.5053000973324394e+36
128 -4 7.5058417905620936e+36
130 -4 1.5352040365629427e+37
132 -4 2.9908086666293716e+37
134 -4 5.5440777377354347e+37
136 -4 9.7574311706966482e+37
138 -4 1.6266178230835608e+38
140 -4 2.5621917744026480e+38
142 -4 3.8017510762997552e+38
144 -4 5.2978594175674503e+38
146 -4 6.9129557091883933e+38
148 -4 8.3989293457084901e+38
150 -4 9.4733263625007716e+38
152 -4 9.8507786794904811e+38
154 -4 9.3942331283187209e+38
156 -4 8.1485120404721839e+38
158 -4 6.3695429074158719e+38
160 -4 4.4379233139086671e+38
162 -4 2.7174044805330875e+38
164 -4 1.4346521393188612e+38
166 -4 6.3646080525857878e+37
168 -4 2.2835537785506182e+37
170 -4 6.2509654772544643e+36
172 -4 1.1693260839746508e+36
174 -4 1.1388251129669496e+35
54 -3 5.8905877567700585e+06
56 -3 5.0976975291842102e+10
58 -3 1.0800075425478867e+13
60 -3 6.4331613371102100e+14
62 -3 1.8784637033601416e+16
64 -3 3.4413162220546074e+17
66 -3 4.5674603805023027e+18
68 -3 4.7954612780569240e+19
70 -3 4.2324504435554897e+20
72 -3 3.2461595754829022e+21
74 -3 2.2406368059821350e+22
76 -3 1.4077168717765727e+23
78 -3 8.2363406330441683e+23
80 -3 4.5133934295003842e+24
82 -3 2.3371267012744720e+25
84 -3 1.1498737165833318e+26
86 -3 5.3902795118181873e+26
88 -3 2.4188276200992009e+27
90 -3 1.0402468334895766e+28
92 -3 4.2990614647681361e+28
94 -3 1.7094206426696247e+29
96 -3 6.5469307852636431e+29
98 -3 2.4183475144670858e+30
100 -3 8.6013357708762622e+30
102 -3 2.9551816635225535e+31
104 -3 9.7907007352082327e+31
106 -3 3.1325300339796685e+32
108 -3 9.6591791406563561e+32
110 -3 2.8721727868599214e+33
112 -3 8.2261608317055165e+33
114 -3 2.2681143912180642e+34
116 -3 6.0187408823757555e+34
118 -3 1.5358495181504700e+35
120 -3 3.7650134918202194e+35
122 -3 8.8464449650201901e+35
124 -3 1.9925186959964777e+36
126 -3 4.2917100990215197e+36
128 -3 8.8309187344181116e+36
130 -3 1.7337330673793345e+37
132 -3 3.2386816446264008e+37
134 -3 5.7485585723528192e+37
136 -3 9.6635140013408242e+37
138 -3 1.5369187356477481e+38
140 -3 2.3028540381309212e+38
142 -3 3.2407487088070099e+38
144 -3 4.2714843983224590e+38
146 -3 5.2475992860530499e+38
148 -3 5.9895905225696405e+38
150 -3 6.3044375128490269e+38
152 -3 6.0889215251070537e+38
154 -3 5.3502583998583246e+38
156 -3 4.2413678453097828e+38
158 -3 3.0002345517424665e+38
160 -3 1.8660248429135326e+38
162 -3 1.0013856310272477e+38
164 -3 4.5214964840436379e+37
166 -3 1.6541848328058212e+37
168 -3 4.6210926230578969e+36
170 -3 8.8510791929453425e+35
172 -3 8.8523388876333336e+34
50 -2 2.1858852069282299e+06
52 -2 8.3356774528175583e+09
54 -2 1.4536109617036777e+12
56 -2 7.8056966049381484e+13
58 -2 2.1264223842400098e+15
60 -2 3.7038987932739024e+16
62 -2 4.7418864702180262e+17
64 -2 4.8332436004610488e+18
66 -2 4.1807093490611306e+19
68 -2 3.1670885812604679e+20
70 -2 2.1661600821519495e+21
72 -2 1.3658838531199065e+22
74 -2 8.0352110062078236e+22
76 -2 4.4488387459329173e+23
78 -2 2.3370884324163121e+24
80 -2 1.1679404806762299e+25
82 -2 5.5916574766002987e+25
84 -2 2.5651919868419154e+26
86 -2 1.1318131159737138e+27
88 -2 4.7983416787408707e+27
90 -2 1.9604304638980819e+28
92 -2 7.7341126051918558e+28
94 -2 2.9442777482818647e+29
96 -2 1.0821842214434309e+30
98 -2 3.8452428970316643e+30
100 -2 1.3193847355530446e+31
102 -2 4.3764980878422646e+31
104 -2 1.4015810362255921e+32
106 -2 4.3330882342410474e+32
108 -2 1.2925717480651873e+33
110 -2 3.7190905797857932e+33
112 -2 1.0312771751778379e+34
114 -2 2.7545131835326596e+34
116 -2 7.0709407036558270e+34
118 -2 1.7444654386341081e+35
120 -2 4.1333967793317905e+35
122 -2 9.3869147237490921e+35
124 -2 2.0405916989064288e+36
126 -2 4.2395960980688527e+36
128 -2 8.4062525700679387e+36
130 -2 1.5867683892822401e+37
132 -2 2.8468295578647836e+37
134 -2 4.8421630478397128e+37
136 -2 7.7850878147736087e+37
138 -2 1.1806101597774063e+38
140 -2 1.6835460304632264e+38
142 -2 2.2478098142164865e+38
144 -2 2.8020093303069857e+38
146 -2 3.2406656825467848e+38
148 -2 3.4627657702227306e+38
150 -2 3.3951125465341454e+38
152 -2 3.0304534280300493e+38
154 -2 2.4427166510672578e+38
156 -2 1.7577805457320237e+38
158 -2 1.1132390760487998e+38
160 -2 6.0921363319158121e+37
162 -2 2.8084731719873058e+37
164 -2 1.0499987189663236e+37
166 -2 3.0054805533927363e+36
168 -2 5.9068484243661077e+35
170 -2 6.0944163486479050e+34
46 -1 4.9741826598240191e+05
48 -1 9.4013008522220027e+08
50 -1 1.3659806284561996e+11
52 -1 6.6541573981764766e+12
54 -1 1.6946595324310547e+14
56 -1 2.8084914008577120e+15
58 -1 3.4560821057766360e+16
60 -1 3.4166754362904563e+17
62 -1 2.8913761178853386e+18
64 -1 2.1694545634864017e+19
66 -1 1.4812138371156541e+20
68 -1 9.4049125956883251e+20
70 -1 5.5952357956144983e+21
72 -1 3.1510926698102766e+22
74 -1 1.6889283385829168e+23
76 -1 8.6522949794698894e+23
78 -1 4.2471274264481839e+24
80 -1 2.0037194358339165e+25
82 -1 9.0823124956094585e+25
84 -1 3.9713629977771630e+26
86 -1 1.6759503928882411e+27
88 -1 6.8238249665832621e+27
90 -1 2.6866950158299598e+28
92 -1 1.0245015104986892e+29
94 -1 3.7732143725462348e+29
96 -1 1.3430593172533044e+30
98 -1 4.6301436789811970e+30
100 -1 1.5441561422439127e+31
102 -1 4.9718664568842505e+31
104 -1 1.5488868288362080e+32
106 -1 4.6552639826960613e+32
108 -1 1.3505652313905294e+33
110 -1 3.7771938817516995e+33
112 -1 1.0178590645356303e+34
114 -1 2.6416428546821955e+34
116 -1 6.5865507907537483e+34
118 -1 1.5776237927933323e+35
120 -1 3.6263487595544787e+35
122 -1 7.9787269243957057e+35
124 -1 1.6788022552675885e+36
126 -1 3.3688179807644884e+36
128 -1 6.4498807583795665e+36
130 -1 1.1725372831748333e+37
132 -1 2.0223933532129683e+37
134 -1 3.3001467509265709e+37
136 -1 5.0805467295791979e+37
138 -1 7.3558563653261965e+37
140 -1 9.9796595144305210e+37
142 -1 1.2643242908350811e+38
144 -1 1.4873412017775562e+38
146 -1 1.6168213930187922e+38
148 -1 1.6145816117364492e+38
150 -1 1.4691113243165248e+38
152 -1 1.2074397536752035e+38
154 -1 8.8646297986221667e+37
156 -1 5.7380090218746157e+37
158 -1 3.2100659257119187e+37
160 -1 1.5142326101440143e+37
162 -1 5.8037573285207246e+36
164 -1 1.7067816137634917e+36
166 -1 3.4540255935054859e+35
168 -1 3.6857658583549419e+34
42 0 5.6955030302132836e+04
44 0 6.5368143045514815e+07
46 0 8.0715499920629854e+09
48 0 3.5486790807123230e+11
50 0 8.4510982210311992e+12
52 0 1.3292399234473314e+14
54 0 1.5682854909502810e+15
56 0 1.5053734373854324e+16
58 0 1.2525632083914443e+17
60 0 9.3661625209130291e+17
62 0 6.4778554732652892e+18
64 0 4.1999947642279428e+19
66 0 2.5657940242829089e+20
68 0 1.4931196738134517e+21
70 0 8.2852241954783237e+21
72 0 4.3911613641235043e+22
74 0 2.2331725875076655e+23
76 0 1.0924395633942596e+24
78 0 5.1463488607922134e+24
80 0 2.3341468589922881e+25
82 0 1.0242717747092860e+26
84 0 4.3376015945449310e+26
86 0 1.7773804321259657e+27
88 0 7.0440710759922070e+27
90 0 2.7024090600228684e+28
92 0 1.0047702780789806e+29
94 0 3.6094594728848282e+29
96 0 1.2564601669007965e+30
98 0 4.2304394082827154e+30
100 0 1.3773636159831165e+31
102 0 4.3369927208603383e+31
104 0 1.3195576851783114e+32
106 0 3.8773585788021963e+32
108 0 1.0989821721379861e+33
110 0 3.0016356456175351e+33
112 0 7.8931802101283881e+33
114 0 1.9966228092492454e+34
116 0 4.8546881966958911e+34
118 0 1.1321150066596444e+35
120 0 2.5303128690680899e+35
122 0 5.4066300435873965e+35
124 0 1.1035480814183855e+36
126 0 2.1460091515615905e+36
128 0 3.9715278557116936e+36
130 0 6.9658027822871712e+36
132 0 1.1577256897987530e+37
134 0 1.8159062113854516e+37
136 0 2.6777513399965432e+37
138 0 3.7024952779502139e+37
140 0 4.7817199770712680e+37
142 0 5.7377712537825819e+37
144 0 6.3659788625003611e+37
146 0 6.4915361567317397e+37
148 0 6.0389403882746519e+37
150 0 5.0778726451657225e+37
152 0 3.8172002441995715e+37
154 0 2.5289910832463204e+37
156 0 1.4515249212631488e+37
158 0 7.0335232564861148e+36
160 0 2.7745175081399245e+36
162 0 8.4062871568575547e+35
164 0 1.7581815425224533e+35
166 0 1.9477803382794319e+34
38 1 2.8005281293060707e+03
40 1 2.0992582206990439e+06
42 1 2.2156556202898529e+08
44 1 8.9124096962414055e+09
46 1 1.9717453819968478e+11
48 1 2.9392175742748013e+12
50 1 3.3310447435644719e+13
52 1 3.1383375005064869e+14
54 1 2.6326885503372735e+15
56 1 2.0441402605829540e+16
58 1 1.4962808063483382e+17
60 1 1.0334107175491741e+18
62 1 6.7680738844151132e+18
64 1 4.1974536709682053e+19
66 1 2.4747400916458802e+20
68 1 1.3928215041831999e+21
70 1 7.4906536887427940e+21
72 1 3.8712848353097257e+22
74 1 1.9208587365453092e+23
76 1 9.1878181280612987e+23
78 1 4.2371384405212638e+24
80 1 1.8838593114765444e+25
82 1 8.1002688917928736e+25
84 1 3.3730806562489974e+26
86 1 1.3586054928645246e+27
88 1 5.2907785627052332e+27
90 1 1.9957305780758640e+28
92 1 7.2928326956908215e+28
94 1 2.5795768311310416e+29
96 1 8.8232350200730916e+29
98 1 2.9231732399500406e+30
100 1 9.3545068950988390e+30
102 1 2.8948693677769612e+31
104 1 8.6564407888869808e+31
106 1 2.4957296988412709e+32
108 1 6.9428646482578228e+32
110 1 1.8589417104840987e+33
112 1 4.7936325778244672e+33
114 1 1.1868700328764263e+34
116 1 2.8223963620285844e+34
118 1 6.4284199661714546e+34
120 1 1.4011689801972578e+35
122 1 2.9173748723013692e+35
124 1 5.7894790884623063e+35
126 1 1.0927489620613097e+36
128 1 1.9588016133091058e+36
130 1 3.3237864298519116e+36
132 1 5.3272027267499425e+36
134 1 8.0314272049563160e+36
136 1 1.1354721021399486e+37
138 1 1.5002414952954451e+37
140 1 1.8420991485164489e+37
142 1 2.0936655807644565e+37
144 1 2.1885906083226119e+37
146 1 2.0870133277657125e+37
148 1 1.8004099499510759e+37
150 1 1.3902350000732566e+37
152 1 9.4662910556021713e+36
154 1 5.5904260387737725e+36
156 1 2.7927604987261358e+36
158 1 1.1367623710911988e+36
160 1 3.5639044731344971e+35
162 1 7.7299422186494234e+34
164 1 8.9251511312836411e+33
42 2 1.9439099427454689e+05
44 2 9.7112373182435155e+07
46 2 8.5952191526910114e+09
48 2 3.1407921212877435e+11
50 2 6.5649580075363916e+12
52 2 9.4422740500768703e+13
54 2 1.0442079027275042e+15
56 2 9.5463577375891940e+15
58 2 7.6375835915647504e+16
60 2 5.5299960382281581e+17
62 2 3.7045051908688072e+18
64 2 2.3312118882902774e+19
66 2 1.3878788179689300e+20
68 2 7.8684477844374749e+20
70 2 4.2531105862637899e+21
72 2 2.1999985730596903e+22
74 2 1.0919204094831022e+23
76 2 5.2112916746429096e+23
78 2 2.3937577899829230e+24
80 2 1.0597715802033375e+25
82 2 4.5360865340020376e+25
84 2 1.8739015252425484e+26
86 2 7.4920322860177257e+26
88 2 2.8967949582781367e+27
90 2 1.0836154539664086e+28
92 2 3.9251667315894800e+28
94 2 1.3740109081243847e+29
96 2 4.6582935581250334e+29
98 2 1.5250061265273332e+30
100 2 4.8320261945357918e+30
102 2 1.4763244879693479e+31
104 2 4.3569265539842532e+31
106 2 1.2385685019347554e+32
108 2 3.3970630134287929e+32
110 2 8.9612715600532652e+32
112 2 2.2705624885040657e+33
114 2 5.5272965502242157e+33
116 2 1.2882022086882529e+34
118 2 2.8764754943345616e+34
120 2 6.1332807727107920e+34
122 2 1.2471991400874477e+35
124 2 2.4136189933841347e+35
126 2 4.4334388575789750e+35
128 2 7.7119947341281633e+35
130 2 1.2667878886417753e+36
132 2 1.9605864142746896e+36
134 2 2.8481599526942332e+36
136 2 3.8624526451163174e+36
138 2 4.8757796348470440e+36
140 2 5.6950545118566784e+36
142 2 6.1173264033029211e+36
144 2 6.0049255329030045e+36
146 2 5.3341410320741374e+36
148 2 4.2420836081012746e+36
150 2 2.9817127386632027e+36
152 2 1.8188590988485360e+36
154 2 9.3888891503319437e+35
156 2 3.9640880482876097e+35
158 2 1.2892741442830246e+35
160 2 2.9124236975035311e+34
162 2 3.5215470265901042e+33
46 3 5.9802438235402359e+06
48 3 2.0439349503998191e+09
50 3 1.5187423098160617e+11
52 3 4.9996971609521846e+12
54 3 9.8590112056646094e+13
56 3 1.3618384152753790e+15
58 3 1.4647174216377162e+16
60 3 1.3061024859956381e+17
62 3 1.0129985471584865e+18
64 3 7.0621161625917286e+18
66 3 4.5105604198169297e+19
68 3 2.6967253831184138e+20
70 3 1.5164495760657165e+21
72 3 8.0882383541990211e+21
74 3 4.1156049217381875e+22
76 3 1.9998793385829827e+23
78 3 9.3109302590058299e+23
80 3 4.1695364078269329e+24
82 3 1.7980518938342505e+25
84 3 7.4700732676473052e+25
86 3 2.9931577479196840e+26
88 3 1.1592198204150856e+27
90 3 4.3348979742265188e+27
92 3 1.5664785006262324e+28
94 3 5.4740614751358593e+28
96 3 1.8455052858835797e+29
98 3 6.0172411625874767e+29
100 3 1.8927570391818426e+30
102 3 5.7460804344475995e+30
104 3 1.6805063485085479e+31
106 3 4.7397635441483394e+31
108 3 1.2858037601775008e+32
110 3 3.3481970556464207e+32
112 3 8.3802486428137912e+32
114 3 2.0101916889090623e+33
116 3 4.6147359311773285e+33
118 3 1.0124858415666293e+34
120 3 2.1177347117345047e+34
122 3 4.2160058843778072e+34
124 3 7.9745000407831565e+34
126 3 1.4284051220782022e+35
128 3 2.4188305983255512e+35
130 3 3.8527260158468552e+35
132 3 5.7680228480851309e+35
134 3 8.0665200705045184e+35
136 3 1.0500476606162128e+36
138 3 1.2662728347128917e+36
140 3 1.4041859297572882e+36
142 3 1.4234711793769219e+36
144 3 1.3063934097858878e+36
146 3 1.0754106582451120e+36
148 3 7.8241102669582224e+35
150 3 4.9476307551968056e+35
152 3 2.6532320522633353e+35
154 3 1.1637789040024541e+35
156 3 3.9475083164296794e+34
158 3 9.3328872917528308e+33
160 3 1.1866945209010716e+33
50 4 1.0421968839928004e+08
52 4 2.5610705129116901e+10
54 4 1.6125237511368323e+12
56 4 4.7990053285498375e+13
58 4 8.8578138101955675e+14
60 4 1.1731273087895930e+16
62 4 1.2156897463460040e+17
64 4 1.0527689225118743e+18
66 4 7.9300389147519652e+18
68 4 5.3386453282588008e+19
70 4 3.2913989827993403e+20
72 4 1.8870231511652012e+21
74 4 1.0152638961311761e+22
76 4 5.1540362138513366e+22
78 4 2.4881625077478385e+23
80 4 1.1448727161934168e+24
82 4 5.0459638656269580e+24
84 4 2.1317826037517235e+25
86 4 8.6692286436405653e+25
88 4 3.3940188682713626e+26
90 4 1.2786640243119168e+27
92 4 4.6500094863600144e+27
94 4 1.6283535797986466e+28
96 4 5.5043717567929567e+28
98 4 1.7932767590627800e+29
100 4 5.6383150879920103e+29
102 4 1.7069231870800457e+30
104 4 4.9778954561730105e+30
106 4 1.3948918392071540e+31
108 4 3.7571053175144096e+31
110 4 9.7097001019149964e+31
112 4 2.4095594309390353e+32
114 4 5.7157355828889840e+32
116 4 1.2955087422570141e+33
118 4 2.8010150835535339e+33
120 4 5.7693414547746835e+33
122 4 1.1272400404949686e+34
124 4 2.0863380649928537e+34
126 4 3.6530681092991006e+34
128 4 6.0256374237573915e+34
130 4 9.3317385125376318e+34
132 4 1.3514277578778496e+35
134 4 1.8215430148021673e+35
136 4 2.2752831431888800e+35
138 4 2.6155639370992016e+35
140 4 2.7496340776422644e+35
142 4 2.6205130817357537e+35
144 4 2.2416900599632445e+35
146 4 1.6952676116176949e+35
148 4 1.1153911865299479e+35
150 4 6.2349038481783825e+34
152 4 2.8579239749735391e+34
154 4 1.0146865116617251e+34
156 4 2.5179990575742697e+33
158 4 3.3878579637820345e+32
54 5 1.1828677764682019e+09
56 5 2.1285983081235855e+11
58 5 1.1366167415820676e+13
60 5 3.0882627226547038e+14
62 5 5.3281706758331590e+15
64 5 6.7126922495600392e+16
66 5 6.6998329780649293e+17
68 5 5.6104719288873902e+18
70 5 4.0758629515857035e+19
72 5 2.6556769497356570e+20
74 5 1.5768123184153690e+21
76 5 8.6833273715209368e+21
78 5 4.4625683888674364e+22
80 5 2.1661696235415637e+23
82 5 9.9448694353359667e+23
84 5 4.3529453998705583e+24
86 5 1.8158358329843443e+25
88 5 7.2608489746898057e+25
90 5 2.7825558308177711e+26
92 5 1.0257586287229348e+27
94 5 3.6306225179368938e+27
96 5 1.2388738618799498e+28
98 5 4.0597716596609719e+28
100 5 1.2801509701959830e+29
102 5 3.8831832539340138e+29
104 5 1.1327948534452371e+30
106 5 3.1698148180719280e+30
108 5 8.5078801429758973e+30
110 5 2.1894018027355661e+31
112 5 5.3906236834850466e+31
114 5 1.2692008410829826e+32
116 5 2.8490455307254238e+32
118 5 6.0891471699517781e+32
120 5 1.2358229991082617e+33
122 5 2.3766834919417878e+33
124 5 4.3214832585901961e+33
126 5 7.4014187652583900e+33
128 5 1.1910727732520551e+34
130 5 1.7943812906635405e+34
132 5 2.5149199905957011e+34
134 5 3.2699775329794658e+34
136 5 3.9124618333091122e+34
138 5 4.2849167407936893e+34
140 5 4.2552746809559871e+34
142 5 3.7955165148075343e+34
144 5 2.9997134390687771e+34
146 5 2.0643136499545802e+34
148 5 1.2082013333703372e+34
150 5 5.8044855791172788e+33
152 5 2.1680213170467310e+33
154 5 5.6735425613244754e+32
156 5 8.1131523235189669e+31
56 6 1.6539054370156704e+06
58 6 9.1208980773582535e+09
60 6 1.2346517783583789e+12
62 6 5.6795738154130797e+13
64 6 1.3971092278099082e+15
66 6 2.2530635439214260e+16
68 6 2.6988352055718384e+17
70 6 2.5803345018801213e+18
72 6 2.0769102458993103e+19
74 6 1.4548972486365417e+20
76 6 9.1223047656815513e+20
78 6 5.2122234830652042e+21
80 6 2.7433957144109217e+22
82 6 1.3496549553201276e+23
84 6 6.2322976262973115e+23
86 6 2.7238779803877202e+24
88 6 1.1290995930167457e+25
90 6 4.4623547554206254e+25
92 6 1.6841162881602226e+26
94 6 6.0900805403343677e+26
96 6 2.1058498967222552e+27
98 6 6.9877968440809305e+27
100 6 2.2230947515624271e+28
102 6 6.7794717344254069e+28
104 6 1.9855794592586682e+29
106 6 5.5687846541583016e+29
108 6 1.4961750391851421e+30
110 6 3.8407246947843682e+30
112 6 9.4318175061876138e+30
114 6 2.2066157976514687e+31
116 6 4.9191156955294332e+31
118 6 1.0410703915312439e+32
120 6 2.0877968591129205e+32
122 6 3.9597214272279951e+32
124 6 7.0763194078619193e+32
126 6 1.1881588048462198e+33
128 6 1.8671737675705630e+33
130 6 2.7362971827914230e+33
132 6 3.7158536393418806e+33
134 6 4.6503307578561320e+33
136 6 5.3240064162450530e+33
138 6 5.5380556969068087e+33
140 6 5.1732853170973219e+33
142 6 4.2889990544258377e+33
144 6 3.0988900059311345e+33
146 6 1.9061841763827968e+33
148 6 9.6544079967288480e+32
150 6 3.8076059086018572e+32
152 6 1.0563327855701826e+32
154 6 1.6168722328812720e+31
60 7 3.1431601232193921e+07
62 7 4.9676130788234528e+10
64 7 5.2147250168195703e+12
66 7 2.0617841569623300e+14
68 7 4.5978474510196230e+15
70 7 6.9283131876640024e+16
72 7 7.8512970765856986e+17
74 7 7.1642953521244549e+18
76 7 5.5127838122741178e+19
78 7 3.7048064314282384e+20
80 7 2.2278524229273848e+21
82 7 1.2169898496955586e+22
84 7 6.1220299802994771e+22
86 7 2.8716602938585317e+23
88 7 1.2607173458696149e+24
90 7 5.2168105206276662e+24
92 7 2.0457924176093834e+25
94 7 7.6167542385176737e+25
96 7 2.7013657941673799e+26
98 7 9.1470092257337306e+26
100 7 2.9541633328152021e+27
102 7 9.1258562859291348e+27
104 7 2.6947178464139169e+28
106 7 7.5966614182899287e+28
108 7 2.0476351747234712e+29
110 7 5.2651405521954667e+29
112 7 1.2908466811703226e+30
114 7 3.0094278099413843e+30
116 7 6.6693004264195069e+30
118 7 1.4010471323487559e+31
120 7 2.7823485906325742e+31
122 7 5.2097196869689073e+31
124 7 9.1632076804330233e+31
126 7 1.5099312652042448e+32
128 7 2.3196344825201706e+32
130 7 3.3031390486373543e+32
132 7 4.3411781726766546e+32
134 7 5.2233953180007647e+32
136 7 5.7138773619607768e+32
138 7 5.6169584694349449e+32
140 7 4.9015270242436024e+32
142 7 3.7365546729790763e+32
144 7 2.4285451792585191e+32
146 7 1.3021715771083723e+32
148 7 5.4510837956928349e+31
150 7 1.6108154681951191e+31
152 7 2.6534160796970422e+30
64 8 2.5375180303682983e+08
66 8 1.9345067367667313e+11
68 8 1.6244233019258645e+13
70 8 5.5471887317324212e+14
72 8 1.1234072202499362e+16
74 8 1.5704250150127731e+17
76 8 1.6818372685030738e+18
78 8 1.4550693489037421e+19
80 8 1.0688243990724275e+20
82 8 6.8511634337698991e+20
84 8 3.9288375906147993e+21
86 8 2.0430137748337457e+22
88 8 9.7733150494472299e+22
90 8 4.3367134315595104e+23
92 8 1.8026560214006017e+24
94 8 7.0309514531261877e+24
96 8 2.5946850714196144e+25
98 8 9.0543807349121955e+25
100 8 2.9966757949248304e+26
102 8 9.4392487955871326e+26
104 8 2.8281994984898057e+27
106 8 8.0629540056566093e+27
108 8 2.1894889580630000e+28
110 8 5.6578248344990714e+28
112 8 1.3884463225525588e+29
114 8 3.2357838692441920e+29
116 8 7.1421048174807076e+29
118 8 1.4912774826560600e+30
120 8 2.9352008549763421e+30
122 8 5.4340556643125918e+30
124 8 9.4105470719393054e+30
126 8 1.5207216908874913e+31
128 8 2.2822847689705251e+31
130 8 3.1581509021049034e+31
132 8 4.0093656433879058e+31
134 8 4.6317652071614484e+31
136 8 4.8092193754291985e+31
138 8 4.4387246054981366e+31
140 8 3.5816720995414177e+31
142 8 2.4703445635113278e+31
144 8 1.4086082902453868e+31
146 8 6.2884734421417630e+30
148 8 1.9908840697127655e+30
150 8 3.5545894398408336e+29
68 9 1.3252722352281518e+09
70 9 5.4672926512976465e+11
72 9 3.7572989796817539e+13
74 9 1.1210624512676124e+15
76 9 2.0602743289585136e+16
78 9 2.6719929687388800e+17
80 9 2.6782275806015058e+18
82 9 2.1910051729531957e+19
84 9 1.5229670625023063e+20
86 9 9.2704254214596670e+20
88 9 5.0345476449403929e+21
90 9 2.4803675570485456e+22
92 9 1.1210692545367782e+23
94 9 4.6901294625405192e+23
96 9 1.8283599939338901e+24
98 9 6.6768943701453144e+24
100 9 2.2982111963269478e+25
102 9 7.4590015232798813e+25
104 9 2.2874432097856794e+26
106 9 6.6427650794096414e+26
108 9 1.8265773136816528e+27
110 9 4.7597949835435793e+27
112 9 1.1757444038720627e+28
114 9 2.7482834323411726e+28
116 9 6.0568401629729557e+28
118 9 1.2590108199853115e+29
120 9 2.4573449829754056e+29
122 9 4.4933628430131153e+29
124 9 7.6698961693439248e+29
126 9 1.2155212501274309e+30
128 9 1.7806420557180129e+30
130 9 2.3900217382439701e+30
132 9 2.9184285085951233e+30
134 9 3.2168899235380501e+30
136 9 3.1536533854835001e+30
138 9 2.7049748110383105e+30
140 9 1.9910015918896289e+30
142 9 1.2101579686435357e+30
144 9 5.7952139898053300e+29
146 9 1.9731217338744316e+29
148 9 3.8474831421771523e+28
72 10 4.6085293198231983e+09
74 10 1.1415898372112424e+12
76 10 6.5204842214057375e+13
78 10 1.7130588553637452e+15
80 10 2.8424881513196388e+16
82 10 3.4055163049010003e+17
84 10 3.1830895092297989e+18
86 10 2.4469895738834117e+19
88 10 1.6014443456564950e+20
90 10 9.1852150359990573e+20
92 10 4.6946480866709130e+21
94 10 2.1728485542170926e+22
96 10 9.2100912983003045e+22
98 10 3.6023099167777488e+23
100 10 1.3088355272403051e+24
102 10 4.4426641986015510e+24
104 10 1.4118539042237804e+25
106 10 4.2215995594764314e+25
108 10 1.1861208042341167e+26
110 10 3.1373750276493047e+26
112 10 7.8285099728277813e+26
114 10 1.8366407808725729e+27
116 10 4.0584142321147807e+27
118 10 8.4103505703645881e+27
120 10 1.6322463599740130e+28
122 10 2.9489907577679076e+28
124 10 4.9622603570122774e+28
126 10 7.7104589749004593e+28
128 10 1.0987821502816298e+29
130 10 1.4273144706141359e+29
132 10 1.6722463655121834e+29
134 10 1.7472530182075212e+29
136 10 1.5982191068980434e+29
138 10 1.2577694666682504e+29
140 10 8.1983486291052430e+28
142 10 4.2251644750215593e+28
144 10 1.5550337395853748e+28
146 10 3.3350519805513965e+27
76 11 1.1656846492240553e+10
78 11 1.7701056007045205e+12
80 11 8.4698540663623781e+13
82 11 1.9702404031508782e+15
84 11 2.9575979194523812e+16
86 11 3.2649345847584794e+17
88 11 2.8307162558602030e+18
90 11 2.0314494917066031e+19
92 11 1.2404588567794375e+20
94 11 6.6512265162169123e+20
96 11 3.1797394735621042e+21
98 11 1.3709457619438329e+22
100 11 5.3933106253485652e+22
102 11 1.9534679032466256e+23
104 11 6.5429830106114321e+23
106 11 2.0403695553496464e+24
108 11 5.9330298050304927e+24
110 11 1.6100117744460996e+25
112 11 4.0847555794916547e+25
114 11 9.7075557236081049e+25
116 11 2.1546257384643632e+26
118 11 4.4694082813476131e+26
120 11 8.6166800577405463e+26
122 11 1.5450632186921546e+27
124 11 2.5510547709190009e+27
126 11 3.8766481911402573e+27
128 11 5.3680986625237193e+27
130 11 6.7145037188371046e+27
132 11 7.4954945702566810e+27
134 11 7.3544882746634126e+27
136 11 6.1984463296335674e+27
138 11 4.3467144139077097e+27
140 11 2.4204048626884641e+27
142 11 9.6716369702476680e+26
144 11 2.2999931603156652e+26
80 12 2.1040362545957905e+10
82 12 2.0817135329439338e+12
84 12 8.2492572580392609e+13
86 12 1.7025298107789995e+15
88 12 2.3098983188522788e+16
90 12 2.3322556755309165e+17
92 12 1.8658138034047793e+18
94 12 1.2394861830345249e+19
96 12 7.0357001843627434e+19
98 12 3.4931904707292987e+20
100 12 1.5395919584007039e+21
102 12 6.1201939005034295e+21
104 12 2.2130921091001857e+22
106 12 7.3303911037150303e+22
108 12 2.2387514178866442e+23
110 12 6.3230716162674859e+23
112 12 1.6509439811951699e+24
114 12 4.0003779158545644e+24
116 12 9.0032217450646391e+24
118 12 1.8764047907253870e+25
120 12 3.6136052967675992e+25
122 12 6.4131386337003906e+25
124 12 1.0429955278921231e+26
126 12 1.5461964919943808e+26
128 12 2.0707723336955508e+26
130 12 2.4810934284800018e+26
132 12 2.6117423434449386e+26
134 12 2.3706926796925165e+26
136 12 1.7932046020303740e+26
138 12 1.0837637247620102e+26
140 12 4.7207617299087315e+25
142 12 1.2548664071750803e+25
84 13 2.7666996094617500e+10
86 13 1.8691501781368765e+12
88 13 6.0629745718078008e+13
90 13 1.1001202206120250e+15
92 13 1.3473912929109720e+16
94 13 1.2361231982400158e+17
96 13 9.0592139455089331e+17
98 13 5.5064844488831662e+18
100 13 2.8702334767765676e+19
102 13 1.3075684791536475e+20
104 13 5.2665387121809555e+20
106 13 1.9032201173444348e+21
108 13 6.2421065810420034e+21
110 13 1.8592224071618629e+22
112 13 5.0805482416712945e+22
114 13 1.2726134463208294e+23
116 13 2.9185619473306578e+23
118 13 6.1582364207367133e+23
120 13 1.1906191845539053e+24
122 13 2.1005503061912740e+24
124 13 3.3702831976328973e+24
126 13 4.8657029884259697e+24
128 13 6.2866926701479865e+24
130 13 7.1369728123475686e+24
132 13 7.0118586532849473e+24
134 13 5.7442493493534496e+24
136 13 3.7856902675662009e+24
138 13 1.7948852543796310e+24
140 13 5.3743145975063749e+23
88 14 2.6043290513625706e+10
90 14 1.2851893456533752e+12
92 14 3.3592862782695391e+13
94 14 5.3040670336565631e+14
96 14 5.7785686270916240e+15
98 14 4.7881807547907248e+16
100 14 3.1817473988101216e+17
102 14 1.7527112893576540e+18
104 14 8.2692063404204790e+18
106 14 3.3960212498549256e+19
108 14 1.2345721289339196e+20
110 14 3.9964412674737104e+20
112 14 1.1609616063551805e+21
114 14 3.0525796276498973e+21
116 14 7.2629524562223762e+21
118 14 1.5698340467071336e+22
120 14 3.0630135244597401e+22
122 14 5.3935449313012418e+22
124 14 8.5202692070352276e+22
126 14 1.2000501273825347e+23
128 14 1.4804979713244450e+23
130 14 1.5826525632294826e+23
132 14 1.4109216694695552e+23
134 14 1.0204626838894634e+23
136 14 5.2917426857744613e+22
138 14 1.8116620920403524e+22
90 15 1.3019267606621562e+07
92 15 1.7058879730076117e+10
94 15 6.5042306891358508e+11
96 15 1.3846437017921314e+13
98 15 1.8717870097039503e+14
100 15 1.8022384485187380e+15
102 15 1.3223426592168532e+16
104 15 7.8673770455868064e+16
106 15 3.8742755088521005e+17
108 15 1.6295087473945508e+18
110 15 5.9235242140671549e+18
112 15 1.8969134576448688e+19
114 15 5.3597673070549025e+19
116 15 1.3457556906253253e+20
118 15 3.0103031125002269e+20
120 15 6.0094484153876690e+20
122 15 1.0633593403864674e+21
124 15 1.6697357097449352e+21
126 15 2.2730964660880178e+21
128 15 2.6871933758220785e+21
130 15 2.6296231535309871e+21
132 15 2.1043158423587033e+21
134 15 1.1948512809400051e+21
136 15 4.7324573440130305e+20
94 16 7.1769293191684801e+06
96 16 7.5944352524790659e+09
98 16 2.3712367951642880e+11
100 16 4.0974372983787007e+12
102 16 4.7323751010823070e+13
104 16 3.9274978163779675e+14
106 16 2.5359722665837255e+15
108 16 1.3160748799121184e+16
110 16 5.7037300837458440e+16
112 16 2.0737841403586106e+17
114 16 6.5452402338237606e+17
116 16 1.7757905830293048e+18
118 16 4.2384814949714949e+18
120 16 8.7321179639929897e+18
122 16 1.5802958706015330e+19
124 16 2.4398340930675270e+19
126 16 3.2683752976526410e+19
128 16 3.5558489139655057e+19
130 16 3.2315286622052012e+19
132 16 2.0264843315660485e+19
134 16 9.4592341866844590e+18
98 17 3.6880479970814721e+06
100 17 2.1906709654500618e+09
102 17 5.7468676710438492e+10
104 17 8.3952571732988403e+11
106 17 8.0568872266778008e+12
108 17 5.7787098766913031e+13
110 17 3.1595455434639312e+14
112 17 1.4144666857445075e+15
114 17 5.1295085016999160e+15
116 17 1.5871059433502472e+16
118 17 4.0646357948340808e+16
120 17 9.0421423492320112e+16
122 17 1.6583755093851280e+17
124 17 2.6260173180633894e+17
126 17 3.2739151084437184e+17
128 17 3.4854694131402298e+17
130 17 2.4494093061908624e+17
132 17 1.3869246150396038e+17
102 18 4.8487760302996298e+05
104 18 3.7654171666761017e+08
106 18 8.8071700228907776e+09
108 18 1.0420631761169945e+11
110 18 8.6699700085615063e+11
112 18 5.0395733202527754e+12
114 18 2.3580784820852641e+13
116 18 8.4202675525311969e+13
118 18 2.5472253956139975e+14
120 18 5.9259820900349400e+14
122 18 1.2024156790978555e+15
124 18 1.8118097246398830e+15
126 18 2.3845362556920140e+15
128 18 1.9280793454186005e+15
130 18 1.3904203750049332e+15
106 19 5.9757952016701805e+04
108 19 3.5208106632029586e+07
110 19 6.8844351425749743e+08
112 19 7.5395837755357342e+09
114 19 4.7397176679765221e+10
116 19 2.4151591966132956e+11
118 19 8.1798149195370166e+11
120 19 2.4483979069590884e+12
122 19 4.7775000808191064e+12
124 19 8.6905037889863311e+12
126 19 8.3969318321132080e+12
128 19 8.4684559528172998e+12
112 20 1.1309091182751723e+06
114 20 2.9680136237594415e+07
116 20 1.9334109155749333e+08
118 20 1.2716054796934340e+09
120 20 3.6490818167483845e+09
122 20 1.1745447482308683e+10
124 20 1.4354146694292141e+10
126 20 2.4204393615852280e+10
116 21 8.6110036184295837e+04
118 21 2.2821324023822293e+05
120 21 2.8077426579413759e+06
122 21 4.0390227292892518e+06
124 21 1.9412100048875093e+07
