116 -16 1.9934763670535420e+16
112 -15 3.3588491693187536e+16
114 -15 4.1055209267060717e+17
108 -14 3.8918777895148040e+16
110 -14 6.6649041400862566e+17
112 -14 3.7240538259566961e+18
104 -13 3.3072851179150448e+16
106 -13 7.1143344209495002e+17
108 -13 5.7665270366447944e+18
110 -13 1.9825700199821750e+19
100 -12 2.2549248233183396e+16
102 -12 5.5024348475173914e+17
104 -12 5.6294641386101105e+18
106 -12 2.8881364357626954e+19
108 -12 6.9407640988946760e+19
96 -11 1.2492616584111076e+16
98 -11 3.3658324498437862e+17
100 -11 3.9364524896375485e+18
102 -11 2.5628522624573649e+19
104 -11 9.3905987924523549e+19
106 -11 1.6970178660807669e+20
92 -10 5.7778971779429850e+15
94 -10 1.6557142635692170e+17
96 -10 2.1437117362682074e+18
98 -10 1.6052948639132316e+19
100 -10 7.5136240282833846e+19
102 -10 2.1053293583244267e+20
104 -10 3.0004138058182007e+20
88 -9 2.2273008047185925e+15
90 -9 6.7240143691147608e+16
92 -9 9.3013484639822131e+17
94 -9 7.7284034569116017e+18
96 -9 4.1788766186744758e+19
98 -9 1.5037353678892322e+20
100 -9 3.3693628261235006e+20
102 -9 3.9257975384084434e+20
84 -8 7.1862986311846850e+14
86 -8 2.2523003038098420e+16
88 -8 3.2799360949584230e+17
90 -8 2.9236375683222083e+18
92 -8 1.7581369681387891e+19
94 -8 7.3416904213816558e+19
96 -8 2.1234952680704718e+20
98 -8 3.9381680174476191e+20
100 -8 3.8564877049652091e+20
80 -7 1.9407708658076684e+14
82 -7 6.2406088736136660e+15
84 -7 9.4298143348795952e+16
86 -7 8.8650102012813568e+17
88 -7 5.7305005555882189e+18
90 -7 2.6673829530960855e+19
92 -7 8.9950682882767716e+19
94 -7 2.1611128910462694e+20
96 -7 3.3996354467645764e+20
98 -7 2.8619586611087216e+20
76 -6 4.3509557696701211e+13
78 -6 1.4191744574658102e+15
80 -6 2.2076266767938580e+16
82 -6 2.1547563373242970e+17
84 -6 1.4709687096974922e+18
86 -6 7.3844307964302254e+18
88 -6 2.7790741234272346e+19
90 -6 7.8125569014735274e+19
92 -6 1.5991262265658743e+20
94 -6 2.1805223072946271e+20
96 -6 1.6113532336122862e+20
72 -5 8.0106541819082920e+12
74 -5 2.6414333883537069e+14
76 -5 4.1681794004625125e+15
78 -5 4.1852977979102264e+16
80 -5 2.9708717210508314e+17
82 -5 1.5756458535266260e+18
84 -5 6.4085070281426555e+18
86 -5 2.0150920315751961e+19
88 -5 4.8452000135476699e+19
90 -5 8.6266076786769396e+19
92 -5 1.0389495805565646e+20
94 -5 6.8557450860930056e+19
66 -4 1.1442667695926988e+08
68 -4 1.1886901276746438e+12
70 -4 3.9356753859879961e+13
72 -4 6.2823813163866738e+14
74 -4 6.4049667158631340e+15
76 -4 4.6800136532227128e+16
78 -4 2.5820200271697395e+17
80 -4 1.1119085074449142e+18
82 -4 3.7850133100283587e+18
84 -4 1.0194374572477151e+19
86 -4 2.1404410131744719e+19
88 -4 3.3814899897524359e+19
90 -4 3.6593868713345282e+19
92 -4 2.1929294865456267e+19
62 -3 3.1680535370335974e+07
64 -3 1.3947849989187869e+11
66 -3 4.5894826166536885e+12
68 -3 7.3479689177874500e+13
70 -3 7.5822976081867300e+14
72 -3 5.6277913937026620e+15
74 -3 3.1967871993093244e+16
76 -3 1.4333127033556454e+17
78 -3 5.1707722367421779e+17
80 -3 1.5127450416884869e+18
82 -3 3.5717912908587418e+18
84 -3 6.6756989464062423e+18
86 -3 9.5227661900802888e+18
88 -3 9.4198940979593748e+18
90 -3 5.2223850487207363e+18
58 -2 5.6741387477977695e+06
60 -2 1.2389027210034069e+10
62 -2 4.0373291043817688e+11
64 -2 6.4440785642786914e+12
66 -2 6.6611530627257461e+13
68 -2 5.0017883693916125e+14
70 -2 2.8900171629128935e+15
72 -2 1.3344642479187782e+16
74 -2 5.0269359532942096e+16
76 -2 1.5619003023047757e+17
78 -2 4.0204486896365709e+17
80 -2 8.4974303044127590e+17
82 -2 1.4450309105328707e+18
84 -2 1.8976473504484370e+18
86 -2 1.7471510175339464e+18
88 -2 9.1395214557588454e+17
54 -1 6.0116159844060335e+05
56 -1 7.8110696213940644e+08
58 -1 2.5121466138387947e+10
60 -1 3.9764686419857117e+11
62 -1 4.1041330724589453e+12
64 -1 3.0846266167718078e+13
66 -1 1.8024479410637800e+14
68 -1 8.4859255322362700e+14
70 -1 3.2990918167776095e+15
72 -1 1.0771107653171548e+16
74 -1 2.9650861140360928e+16
76 -1 6.8924977252015120e+16
78 -1 1.3371676260360043e+17
80 -1 2.1150791526916067e+17
82 -1 2.6161697950106656e+17
84 -1 2.2948332318236826e+17
86 -1 1.1612567861567429e+17
50 0 3.7179308160116023e+04
52 0 3.1456265066931486e+07
54 0 9.8643545132693791e+08
56 0 1.5397482345903589e+10
58 0 1.5726804800060736e+11
60 0 1.1787692549756572e+12
62 0 6.9067859858279980e+12
64 0 3.2978920646529426e+13
66 0 1.3205385936158864e+14
68 0 4.5004120110272862e+14
70 0 1.3221863139918555e+15
72 0 3.3474856257775080e+15
74 0 7.2867974754379430e+15
76 0 1.3415914645625896e+16
78 0 2.0403982104172236e+16
80 0 2.4439006296952520e+16
82 0 2.0954631358627392e+16
84 0 1.0576128619086014e+16
46 1 1.0175518106378964e+03
48 1 5.9944000650470087e+05
50 1 1.8381259543448579e+07
52 1 2.8045995161622012e+08
54 1 2.8190808929418178e+09
56 1 2.0936929988282936e+10
58 1 1.2342839540558348e+11
60 1 6.0302948693166650e+11
62 1 2.5170589188682603e+12
64 1 9.1917583840565820e+12
66 1 2.9586660342870320e+13
68 1 8.3882668993141938e+13
70 1 2.0855133492341497e+14
72 1 4.5009848192954525e+14
74 1 8.2693063621580225e+14
76 1 1.2573936735416548e+15
78 1 1.5184930196459845e+15
80 1 1.3162758127415658e+15
82 1 6.8624925588945812e+14
50 2 2.3033913828805526e+03
52 2 2.1495985657411497e+06
54 2 5.7407193091731794e+07
56 2 7.5227825215246677e+08
58 2 6.3702010239181137e+09
60 2 3.9437605487214218e+10
62 2 1.8959526317788663e+11
64 2 7.3947814783171777e+11
66 2 2.4016410248541924e+12
68 2 6.5822623300358145e+12
70 2 1.5327643945268877e+13
72 2 3.0013078218508859e+13
74 2 4.8201303531155594e+13
76 2 6.1306447756026531e+13
78 2 5.5893043215047953e+13
80 2 3.1302799190496637e+13
54 3 1.8275558511094671e+03
56 3 2.4784725417258884e+06
58 3 5.6140011932168871e+07
60 3 6.1238098554110765e+08
62 3 4.2732475659396143e+09
64 3 2.1239108460286892e+10
66 3 8.0389541204874985e+10
68 3 2.3763143941246472e+11
70 3 5.5948160243780078e+11
72 3 1.0392076102631023e+12
74 3 1.4964563188516523e+12
76 3 1.5108984052256694e+12
78 3 9.5434249921384497e+11
58 4 7.8212528726600533e+02
60 4 1.1244955798245464e+06
62 4 2.0813327664665230e+07
64 4 1.8024672100549200e+08
66 4 9.6349852653934407e+08
68 4 3.5403342123094807e+09
70 4 9.2631018810172443e+09
72 4 1.7567144307070110e+10
74 4 2.1982126486011780e+10
76 4 1.7372556395649471e+10
62 5 1.9396738692140116e+02
64 5 1.9599417321271860e+05
66 5 2.7078130564237898e+06
68 5 1.6394955183499672e+07
70 5 5.8120620992710456e+07
72 5 1.1485633520692807e+08
74 5 1.4026150489572111e+08
66 6 2.4318271600035843e+01
68 6 1.0525360481752672e+04
70 6 7.4378758800232739e+04
72 6 2.3792155855520628e+05
70 7 2.5822490632177118e+01
