164 -28 5.2378671673286720e+16
160 -27 3.6567107077438592e+17
162 -27 3.6553653499255757e+18
156 -26 1.5842126018568287e+18
158 -26 2.4857401746526863e+19
160 -26 1.1678856261360666e+20
152 -25 5.0687407840546365e+18
154 -25 1.0210585728289517e+20
156 -25 7.6802610061975211e+20
158 -25 2.2926956318298276e+21
148 -24 1.2979830660821416e+19
150 -24 3.0682983811824602e+20
152 -24 2.9875118782134092e+21
154 -24 1.4479982691381307e+22
156 -24 3.1007382015154594e+22
144 -23 2.7636519167775670e+19
146 -23 7.3447287187674222e+20
148 -23 8.4414633619576156e+21
150 -23 5.3145315906275110e+22
152 -23 1.8670633311424576e+23
154 -23 3.0707690573995245e+23
140 -22 5.0181283076537246e+19
142 -22 1.4528032373086062e+21
144 -22 1.8780788360746432e+22
146 -22 1.4027576701273598e+23
148 -22 6.4563399771568945e+23
150 -22 1.7613613476367547e+24
152 -22 2.3334380289276944e+24
136 -21 7.8556861425638130e+19
138 -21 2.4334240980348174e+21
140 -21 3.4481366484020766e+22
142 -21 2.9003142285513685e+23
144 -21 1.5868884360975564e+24
146 -21 5.6969261174658592e+24
148 -21 1.2657247886202941e+25
150 -21 1.3987476560369618e+25
132 -20 1.0752189762188578e+20
134 -20 3.5054988302588901e+21
136 -20 5.3166141242334079e+22
138 -20 4.9063862742170392e+23
140 -20 3.0390796466603506e+24
142 -20 1.3019601743135633e+25
144 -20 3.8233739867787436e+25
146 -20 7.1303756042391299e+25
148 -20 6.7593486748521860e+25
128 -19 1.2903063162427238e+20
130 -19 4.3817768733634991e+21
132 -19 7.0162661156707216e+22
134 -19 6.9575699167546461e+23
136 -19 4.7305340585932704e+24
138 -19 2.3040740560918876e+25
140 -19 8.1059551494055296e+25
142 -19 2.0065243715142406e+26
144 -19 3.2202646867773054e+26
146 -19 2.6657590555049615e+26
124 -18 1.3653595614283050e+20
126 -18 4.7913046844688344e+21
128 -18 8.0082335185423808e+22
130 -18 8.3963448334021566e+23
132 -18 6.1403189439681289e+24
134 -18 3.2951033874614295e+25
136 -18 1.3191559967166920e+26
138 -18 3.9236494807850967e+26
140 -18 8.4050307890261824e+26
142 -18 1.1836479173265454e+27
144 -18 8.6908735924177085e+26
120 -17 1.2747341168411833e+20
122 -17 4.5930901908731021e+21
124 -17 7.9544081785683540e+22
126 -17 8.7186154365863809e+23
128 -17 6.7627677044592283e+24
130 -17 3.9082826927208325e+25
132 -17 1.7255896987193492e+26
134 -17 5.8612838626667911e+26
136 -17 1.5120946835023488e+27
138 -17 2.8528868109171416e+27
140 -17 3.5830923572780450e+27
142 -17 2.3672052696797589e+27
114 -16 5.4232127840900500e+15
116 -16 1.0552589927623292e+20
118 -16 3.8777588750024458e+21
120 -16 6.8864452140274471e+22
122 -16 7.8270764153415671e+23
124 -16 6.3654381693326877e+24
126 -16 3.9028586771554311e+25
128 -16 1.8617693523276561e+26
130 -16 6.9925105427121187e+26
132 -16 2.0659516953851082e+27
134 -16 4.7073471881914405e+27
136 -16 7.9403136353382276e+27
138 -16 9.0115241913753519e+27
140 -16 5.4173258428329764e+27
110 -15 1.1413487326336458e+16
112 -15 7.7238507802730627e+19
114 -15 2.8792044895546706e+21
116 -15 5.2181597494958086e+22
118 -15 6.1108690921104341e+23
120 -15 5.1550311617984115e+24
122 -15 3.3203162022841434e+25
124 -15 1.6837021248928644e+26
126 -15 6.8469547305979635e+26
128 -15 2.2385391567076878e+27
130 -15 5.8488240037537533e+27
132 -15 1.1949633061675058e+28
134 -15 1.8272219480797610e+28
136 -15 1.8932923456235993e+28
138 -15 1.0459070546379000e+28
106 -14 1.6109475925588682e+16
108 -14 5.0149076579194282e+19
110 -14 1.8850023800594005e+21
112 -14 3.4727051651491446e+22
114 -14 4.1556737123681900e+23
116 -14 3.6117545392499781e+24
118 -14 2.4186923418842705e+25
120 -14 1.2904570182858722e+26
122 -14 5.5825940080463040e+26
124 -14 1.9783062935333984e+27
126 -14 5.7350513135806042e+27
128 -14 1.3465713602864738e+28
130 -14 2.4974868472928736e+28
132 -14 3.4976108209233657e+28
134 -14 3.3418393444018260e+28
136 -14 1.7093599681611495e+28
102 -13 1.6603091518179012e+16
104 -13 2.8761455278131470e+19
106 -13 1.0860738277537001e+21
108 -13 2.0192716776800969e+22
110 -13 2.4639248471001601e+23
112 -13 2.1909695119277073e+24
114 -13 1.5135119162911846e+25
116 -13 8.4059775108610038e+25
118 -13 3.8320840604320062e+26
120 -13 1.4472372571635362e+27
122 -13 4.5560943460047680e+27
124 -13 1.1891822797505746e+28
126 -13 2.5401125309657593e+28
128 -13 4.3265520747461262e+28
130 -13 5.5965349189202915e+28
132 -13 4.9681238127905997e+28
134 -13 2.3708019610059105e+28
98 -12 1.3553605816443836e+16
100 -12 1.4569130671200188e+19
102 -12 5.4851365912134405e+20
104 -12 1.0287663697272550e+22
106 -12 1.2690961102184627e+23
108 -12 1.1502531270813298e+24
110 -12 8.1414150038676277e+24
112 -12 4.6737109928344102e+25
114 -12 2.2204774396096158e+26
116 -12 8.8500199512665285e+26
118 -12 2.9775068544499633e+27
120 -12 8.4519382315128896e+27
122 -12 2.0098201215329734e+28
124 -12 3.9495122877325299e+28
126 -12 6.2223043480305749e+28
128 -12 7.4958115836743299e+28
130 -12 6.2230476105256107e+28
132 -12 2.7891358380940022e+28
94 -11 8.9493830902017840e+15
96 -11 6.4908852232070021e+18
98 -11 2.4243510697518134e+20
100 -11 4.5643154566833850e+21
102 -11 5.6728572508884672e+22
104 -11 5.2128894092327293e+23
106 -11 3.7678606262028432e+24
108 -11 2.2212185843442284e+25
110 -11 1.0918675210905181e+26
112 -11 4.5447457897438764e+26
114 -11 1.6122028792846071e+27
116 -11 4.9020169023545770e+27
118 -11 1.2695375478971676e+28
120 -11 2.7817304084891802e+28
122 -11 5.0680270844763806e+28
124 -11 7.4522608557270699e+28
126 -11 8.4138454512904924e+28
128 -11 6.5752551680661031e+28
130 -11 2.7830836873098097e+28
90 -10 4.9064844713462540e+15
92 -10 2.5362432931302789e+18
94 -10 9.3486159350957818e+19
96 -10 1.7580810754293236e+21
98 -10 2.1937867222414178e+22
100 -10 2.0380838173842151e+23
102 -10 1.4940305328415451e+24
104 -10 8.9971006265868413e+24
106 -10 4.5458382040004745e+25
108 -10 1.9611649745122126e+26
110 -10 7.2806010839756218e+26
112 -10 2.3359706063621990e+27
114 -10 6.4924736054701377e+27
116 -10 1.5522655448310111e+28
118 -10 3.1591651031131504e+28
120 -10 5.3788014726442467e+28
122 -10 7.4249016128051102e+28
124 -10 7.9111660435256394e+28
126 -10 5.8487216210168537e+28
128 -10 2.3524202473277231e+28
86 -9 2.2265714007697625e+15
88 -9 8.6399022804327232e+17
90 -9 3.1297050294781518e+19
92 -9 5.8425224960351968e+20
94 -9 7.2997888796007816e+21
96 -9 6.8196943340975654e+22
98 -9 5.0602385735677806e+23
100 -9 3.0944661710574515e+24
102 -9 1.6000889530856148e+25
104 -9 7.1019566772297340e+25
106 -9 2.7368585790337442e+26
108 -9 9.2067870889236844e+26
110 -9 2.7055418958466359e+27
112 -9 6.9443778351095685e+27
114 -9 1.5445615186551606e+28
116 -9 2.9450643777030114e+28
118 -9 4.7197686948777927e+28
120 -9 6.1592061702552178e+28
122 -9 6.2183776663931480e+28
124 -9 4.3737316816739453e+28
126 -9 1.6803802408274962e+28
82 -8 8.4213392926740700e+14
84 -8 2.5402389854950851e+17
86 -8 9.0150882338051994e+18
88 -8 1.6646464203014855e+20
90 -8 2.0778162545286974e+21
92 -8 1.9448338565640122e+22
94 -8 1.4529809184019206e+23
96 -8 8.9861289929929484e+23
98 -8 4.7331206856203336e+24
100 -8 2.1520470051385029e+25
102 -8 8.5451741743210241e+25
104 -8 2.9880447506580709e+26
106 -8 9.2135363633290468e+26
108 -8 2.5059540155703099e+27
110 -8 5.9953763715375537e+27
112 -8 1.2502046576156266e+28
114 -8 2.2490241249399782e+28
116 -8 3.4114615390618834e+28
118 -8 4.2318201604455636e+28
120 -8 4.0734931591633307e+28
122 -8 2.7369433476142014e+28
124 -8 1.0101362110682952e+28
78 -7 2.6582407222527791e+14
80 -7 6.3989580267019184e+16
82 -7 2.2142339034319378e+18
84 -7 4.0431721506751980e+19
86 -7 5.0044593070574017e+20
88 -7 4.6845564446590365e+21
90 -7 3.5119157443416633e+22
92 -7 2.1933187382126492e+23
94 -7 1.1695066069253652e+24
96 -7 5.4164141815850546e+24
98 -7 2.2053970533604490e+25
100 -7 7.9594170033718206e+25
102 -7 2.5541836300472660e+26
104 -7 7.3018988230662448e+26
106 -7 1.8551838190863264e+27
108 -7 4.1694701156899075e+27
110 -7 8.2195945970815736e+27
112 -7 1.4009933285305832e+28
114 -7 2.0245255403218824e+28
116 -7 2.3985819542400130e+28
118 -7 2.2108913833667656e+28
120 -7 1.4294086413204819e+28
122 -7 5.0866065327431701e+27
74 -6 6.9261772268079734e+13
76 -6 1.3667364083201294e+16
78 -6 4.5865394833266400e+17
80 -6 8.2486407064497521e+18
82 -6 1.0121244667395935e+20
84 -6 9.4113608737113584e+20
86 -6 7.0644489149805117e+21
88 -6 4.4331798372050039e+22
90 -6 2.3847988275115709e+23
92 -6 1.1209394159870790e+24
94 -6 4.6593175296679163e+24
96 -6 1.7271979206041577e+25
98 -6 5.7311054900254868e+25
100 -6 1.7086411097694426e+26
102 -6 4.5716157734341499e+26
104 -6 1.0931499130803225e+27
106 -6 2.3243482567133122e+27
108 -6 4.3572408807553805e+27
110 -6 7.0848463298632393e+27
112 -6 9.8093577615128616e+27
114 -6 1.1161764008948091e+28
116 -6 9.9074566661294830e+27
118 -6 6.1870292360961336e+27
120 -6 2.1377199976905518e+27
68 -5 6.2913030993926513e+08
70 -5 1.4767599023135070e+13
72 -5 2.4297287988327175e+15
74 -5 7.9114090220925920e+16
76 -5 1.3952474933084787e+18
78 -5 1.6874025596137527e+19
80 -5 1.5586544212012116e+20
82 -5 1.1644459039186547e+21
84 -5 7.3117400388458103e+21
86 -5 3.9602113833312211e+22
88 -5 1.8824388075091524e+23
90 -5 7.9500637898916230e+23
92 -5 3.0154986719811946e+24
94 -5 1.0304093594385085e+25
96 -5 3.1831623379229457e+25
98 -5 8.8896717871707514e+25
100 -5 2.2440561419681818e+26
102 -5 5.0917042513789731e+26
104 -5 1.0326851988962003e+27
106 -5 1.8526538685741540e+27
108 -5 2.8911360063368229e+27
110 -5 3.8537957543440547e+27
112 -5 4.2326936454879978e+27
114 -5 3.6383346648035313e+27
116 -5 2.2093935117954449e+27
118 -5 7.4502607767867460e+26
64 -4 3.4650583311397642e+08
66 -4 2.5171826712725352e+12
68 -4 3.5418666288785681e+14
70 -4 1.1094383466319544e+16
72 -4 1.9138616007412736e+17
74 -4 2.2801072199758208e+18
76 -4 2.0796316337575711e+19
78 -4 1.5435072205952267e+20
80 -4 9.6794517917474580e+20
82 -4 5.2553267247553131e+21
84 -4 2.5189405809316408e+22
86 -4 1.0782933821537258e+23
88 -4 4.1648766530576746e+23
90 -4 1.4588473975185624e+24
92 -4 4.6497590443214761e+24
94 -4 1.3516626922847218e+25
96 -4 3.5719649388665912e+25
98 -4 8.5751590329522680e+25
100 -4 1.8606045226273382e+26
102 -4 3.6212084489556094e+26
104 -4 6.2539289733795689e+26
106 -4 9.4353888928932655e+26
108 -4 1.2161564386893122e+27
110 -4 1.2976242761215151e+27
112 -4 1.0872480586291478e+27
114 -4 6.4537736092600348e+26
116 -4 2.1411710348940024e+26
60 -3 9.7014096046410233e+07
62 -3 3.3717661837080902e+11
64 -3 4.0958219685054680e+13
66 -3 1.2306475738946862e+15
68 -3 2.0734679442071040e+16
70 -3 2.4255557688211472e+17
72 -3 2.1803458537766953e+18
74 -3 1.6006283155750834e+19
76 -3 9.9778477324226888e+19
78 -3 5.4189362885568961e+20
80 -3 2.6117451874330676e+21
82 -3 1.1321804191667497e+22
84 -3 4.4448790566346206e+22
86 -3 1.5916278032936723e+23
88 -3 5.2164777311250719e+23
90 -3 1.5697669809266710e+24
92 -3 4.3336509986500906e+24
94 -3 1.0947050095845661e+25
96 -3 2.5233450584644174e+25
98 -3 5.2691877816329199e+25
100 -3 9.9128277839508427e+25
102 -3 1.6597359910336397e+26
104 -3 2.4327170740751984e+26
106 -3 3.0593723031155122e+26
108 -3 3.1912436793534767e+26
110 -3 2.6208719122175949e+26
112 -3 1.5300144981578307e+26
114 -3 5.0330826966829262e+25
56 -2 1.7308992174194481e+07
58 -2 3.4118149727491737e+10
60 -2 3.6148107705604282e+12
62 -2 1.0424771821297331e+14
64 -2 1.7009868921447218e+15
66 -2 1.9457662174738768e+16
68 -2 1.7190615966100272e+17
70 -2 1.2473373145229161e+18
72 -2 7.7255589361770947e+18
74 -2 4.1831294061361816e+19
76 -2 2.0254596211277382e+20
78 -2 8.8496481325792192e+20
80 -2 3.5361900126150805e+21
82 -2 1.2950882693766126e+22
84 -2 4.3641333710859165e+22
86 -2 1.3588293518979103e+23
88 -2 3.9054392213680397e+23
90 -2 1.0348439312964108e+24
92 -2 2.5224480097630941e+24
94 -2 5.6260038559197154e+24
96 -2 1.1418662294382804e+25
98 -2 2.0937057127184106e+25
100 -2 3.4236890251204401e+25
102 -2 4.9154759267249714e+25
104 -2 6.0650370121721749e+25
106 -2 6.2301026698010858e+25
108 -2 5.0468539292789407e+25
110 -2 2.9221893605516093e+25
112 -2 9.5948817941205046e+24
52 -1 1.9619559907881683e+06
54 -1 2.4329857880239491e+09
56 -1 2.2796530221595401e+11
58 -1 6.2808628248475576e+12
60 -1 9.9347392068821953e+13
62 -1 1.1062588926696182e+15
64 -1 9.5712701058810040e+15
66 -1 6.8420648126452112e+16
68 -1 4.1990414788793600e+17
70 -1 2.2743929907671821e+18
72 -1 1.1059751399555377e+19
74 -1 4.9006153141973295e+19
76 -1 1.9927285047186267e+20
78 -1 7.4900353864202741e+20
80 -1 2.6032840235916455e+21
82 -1 8.4072815302469359e+21
84 -1 2.5213278905434741e+22
86 -1 7.0219353372858476e+22
88 -1 1.8072526504750083e+23
90 -1 4.2961159388426905e+23
92 -1 9.3733491717011092e+23
94 -1 1.8648055440769137e+24
96 -1 3.3606731982215013e+24
98 -1 5.4141720029892526e+24
100 -1 7.6784640267799096e+24
102 -1 9.3839398168584655e+24
104 -1 9.5507717636413548e+24
106 -1 7.7102545586542091e+24
108 -1 4.4596403929933515e+24
110 -1 1.4789002271269580e+24
48 0 1.2920131616908030e+05
50 0 1.0985439446017852e+08
52 0 9.1582843601924362e+09
54 0 2.4054618835377454e+11
56 0 3.6611341981103892e+12
58 0 3.9633245546277828e+13
60 0 3.3507622273910862e+14
62 0 2.3536626589786455e+15
64 0 1.4362588576148654e+16
66 0 7.8124201472298176e+16
68 0 3.8672289297185830e+17
70 0 1.7534038466794020e+18
72 0 7.3490737120538245e+18
74 0 2.8661704577482019e+19
76 0 1.0381910015696309e+20
78 0 3.5065028358772661e+20
80 0 1.1075232096738307e+21
82 0 3.2590075651057543e+21
84 0 8.9128707010051892e+21
86 0 2.2651645950787351e+22
88 0 5.3200155962112211e+22
90 0 1.1477971202655121e+23
92 0 2.2669908636471242e+23
94 0 4.0556462298462290e+23
96 0 6.4952508937080431e+23
98 0 9.1845427616594983e+23
100 0 1.1209153266152568e+24
102 0 1.1430825433293564e+24
104 0 9.2681059459944688e+23
106 0 5.4074312205951007e+23
108 0 1.8249563919957382e+23
44 1 3.8199770895978486e+03
46 1 2.3397925155649041e+06
48 1 1.7543181677544248e+08
50 1 4.3690641159620752e+09
52 1 6.4145937962726158e+10
54 1 6.7086036249079663e+11
56 1 5.5384911451001680e+12
58 1 3.8741500544119469e+13
60 1 2.4044686916460412e+14
62 1 1.3599637762259448e+15
64 1 7.1004355961932120e+15
66 1 3.4263565529170716e+16
68 1 1.5393318579136918e+17
70 1 6.4283601906838323e+17
72 1 2.4943401047271608e+18
74 1 9.0514745058230569e+18
76 1 3.0625053060721263e+19
78 1 9.6944596063377850e+19
80 1 2.8566069984479868e+20
82 1 7.8347167981090085e+20
84 1 1.9948519263809621e+21
86 1 4.6992109343078393e+21
88 1 1.0197081862295354e+22
90 1 2.0235405233018311e+22
92 1 3.6379357051608405e+22
94 1 5.8650848290712165e+22
96 1 8.3435632253082410e+22
98 1 1.0278450766610512e+23
100 1 1.0594533531308403e+23
102 1 8.7094966476169869e+22
104 1 5.1709531367874962e+22
106 1 1.8002767160304577e+22
48 2 4.7212468919088511e+04
50 2 2.1016187430139467e+07
52 2 1.5486529144957027e+09
54 2 3.6705869380776619e+10
56 2 5.0706344776258472e+11
58 2 4.9613310576297578e+12
60 2 3.7997273550681992e+13
62 2 2.4233233239264416e+14
64 2 1.3412431430935340e+15
66 2 6.6332814352379770e+15
68 2 2.9777102346419220e+16
70 2 1.2320037149082222e+17
72 2 4.6966146638802022e+17
74 2 1.6594418665858693e+18
76 2 5.4339237993900646e+18
78 2 1.6545167259327189e+19
80 2 4.6601972860379906e+19
82 2 1.2167430638269199e+20
84 2 2.9316438177938067e+20
86 2 6.4848399030859491e+20
88 2 1.3130862617502178e+21
90 2 2.4045969895243776e+21
92 2 3.9487517138413929e+21
94 2 5.7227811214802540e+21
96 2 7.1876853084896824e+21
98 2 7.5665881316511606e+21
100 2 6.3681090304134873e+21
102 2 3.8831311125143644e+21
104 2 1.4132376564527184e+21
52 3 3.8151901494382083e+05
54 3 7.9609998355013371e+07
56 3 5.3380742527411871e+09
58 3 1.1842140343408420e+11
60 3 1.5259287309773027e+12
62 3 1.3841819765183422e+13
64 3 9.8045245466557000e+13
66 3 5.7127412548819988e+14
68 3 2.8562226192243205e+15
70 3 1.2624657739010172e+16
72 3 5.0015039366716488e+16
74 3 1.8007653404844096e+17
76 3 5.9183761798395008e+17
78 3 1.7822998850358630e+18
80 3 4.9349182277293537e+18
82 3 1.2475383680716253e+19
84 3 2.8860734720774562e+19
86 3 6.0664371502794260e+19
88 3 1.1511270901150242e+20
90 3 1.9545608223428080e+20
92 3 2.9288795315884383e+20
94 3 3.7986079473240998e+20
96 3 4.1341802588497661e+20
98 3 3.6062428490460384e+20
100 3 2.2855408964367332e+20
102 3 8.8169413830158221e+19
56 4 1.9584570474371295e+06
58 4 1.7908282205970383e+08
60 4 9.6417817919655075e+09
62 4 1.9367281370731824e+11
64 4 2.2818000203997656e+12
66 4 1.9012162808758359e+13
68 4 1.2256949909902608e+14
70 4 6.4614440739186788e+14
72 4 2.8934100910661940e+15
74 4 1.1285695223523868e+16
76 4 3.9018230541592416e+16
78 4 1.2065328467363701e+17
80 4 3.3615462731372346e+17
82 4 8.4432650530899840e+17
84 4 1.9056540588582825e+18
86 4 3.8578179898976645e+18
88 4 6.9397787005373819e+18
90 4 1.0951609881763406e+19
92 4 1.4927629080285131e+19
94 4 1.7058752949327272e+19
96 4 1.5635370604453093e+19
98 4 1.0403257207791768e+19
100 4 4.3116873243705370e+18
60 5 5.6648980062987646e+06
62 5 2.8019822359103596e+08
64 5 1.0430709996846512e+10
66 5 1.7997919942290646e+11
68 5 1.8806510996023413e+12
70 5 1.4000720119580477e+13
72 5 8.0040742421811281e+13
74 5 3.7362786416957588e+14
76 5 1.4581657221581708e+15
78 5 4.9148050299221090e+15
80 5 1.4383734039158658e+16
82 5 3.7018235838166688e+16
84 5 8.3548918624255792e+16
86 5 1.6556520311528502e+17
88 5 2.8400724542347488e+17
90 5 4.1815668671463021e+17
92 5 5.1232079640323098e+17
94 5 5.0562769257591610e+17
96 5 3.6020036927403923e+17
98 5 1.6336207770661600e+17
62 6 4.7623567216783312e+02
64 6 8.7623678385648765e+06
66 6 2.9674248220688933e+08
68 6 7.2336804140641680e+09
70 6 9.9711737786864075e+10
72 6 8.8610344425661902e+11
74 6 5.6632676826066797e+12
76 6 2.7888554209028805e+13
78 6 1.1039088778379812e+14
80 6 3.6210678156224706e+14
82 6 9.9781504773874725e+14
84 6 2.3353880714640895e+15
86 6 4.6331035074198180e+15
88 6 7.7401100450101260e+15
90 6 1.0584203615193320e+16
92 6 1.1582374504028004e+16
94 6 9.0668685035090080e+15
96 6 4.6557321096057930e+15
66 7 2.8992253265075675e+02
68 7 6.9867555288135530e+06
70 7 1.8436243315204975e+08
72 7 3.0712574244055715e+09
74 7 3.2649909076984303e+10
76 7 2.3340488071780093e+11
78 7 1.2228147335056589e+12
80 7 4.8846670561465156e+12
82 7 1.5485791213556203e+13
84 7 3.9356719889974977e+13
86 7 8.1108585587353531e+13
88 7 1.3242505247817091e+14
90 7 1.7097243404040125e+14
92 7 1.5252418839807291e+14
94 7 9.3149499144632094e+13
70 8 1.1818926475485712e+02
72 8 2.8612354398165126e+06
74 8 6.0434215655896731e+07
76 8 7.3187189131317759e+08
78 8 5.7355265396355610e+09
80 8 3.1507683553386421e+10
82 8 1.2330912916258516e+11
84 8 3.6673038372675647e+11
86 8 8.0038442739576074e+11
88 8 1.3507436430197661e+12
90 8 1.4810079231056201e+12
92 8 1.1634802094954268e+12
76 9 5.4739761266827420e+05
78 9 9.3548539412175473e+06
80 9 7.9569240937233701e+07
82 9 4.4718745677413327e+08
84 9 1.6017264372338018e+09
86 9 4.2032732934734750e+09
88 9 6.4354750707314291e+09
90 9 7.3884030925284996e+09
80 10 3.7675215853703136e+04
82 10 4.1210593234740000e+05
84 10 2.5663113138909540e+06
86 10 6.8234560388476299e+06
88 10 1.5771326010388331e+07
86 11 2.5876109617306593e+03
