260 -49 1.6050710544423418e+04
262 -49 1.3689159996504991e+05
264 -49 3.8530944652365550e+05
266 -49 6.5021551826543780e+05
268 -49 9.3839859715302894e+05
270 -49 8.1604129922792059e+05
272 -49 5.5364376049390156e+05
274 -49 3.4494624475966406e+05
276 -49 7.7277096305815852e+04
248 -48 3.6198190331083714e+02
250 -48 1.1613197931869123e+04
252 -48 1.1194678795485584e+05
254 -48 5.8557344864193967e+05
256 -48 2.5611422665603878e+06
258 -48 9.5859416518757418e+06
260 -48 2.6734721135352205e+07
262 -48 5.0594672428385824e+07
264 -48 6.8883384642507434e+07
266 -48 7.4434105956691548e+07
268 -48 5.5311240793970034e+07
270 -48 3.2671485561684869e+07
272 -48 1.4403717205133392e+07
274 -48 2.3600610458386592e+06
240 -47 8.9986483694718785e+01
242 -47 3.4814496163406761e+03
244 -47 6.1905290554267565e+04
246 -47 7.3253388037467678e+05
248 -47 5.8758475566058485e+06
250 -47 3.1029375625897691e+07
252 -47 1.1864788448139295e+08
254 -47 3.7798181618744934e+08
256 -47 9.6424914123163402e+08
258 -47 1.8809516931514900e+09
260 -47 2.7788422680549607e+09
262 -47 3.1090510965390973e+09
264 -47 2.7177938494767127e+09
266 -47 1.7567973952684898e+09
268 -47 8.6570301355202520e+08
270 -47 2.8383041328161216e+08
272 -47 3.5719495758904994e+07
236 -46 4.0578126247824921e+03
238 -46 1.5143977535950279e+05
240 -46 2.3756598536892217e+06
242 -46 2.3817199190834068e+07
244 -46 1.6802387379535240e+08
246 -46 8.5562507421647656e+08
248 -46 3.2535601840726175e+09
250 -46 9.7992212395543995e+09
252 -46 2.4091974028960693e+10
254 -46 4.7563071468000069e+10
256 -46 7.3446154949903595e+10
258 -46 8.9548448048483490e+10
260 -46 8.4670030775730865e+10
262 -46 6.2598307329479568e+10
264 -46 3.4940199274333435e+10
266 -46 1.4418340829783592e+10
268 -46 3.8037495016016855e+09
270 -46 4.0839895194540691e+08
232 -45 9.8768791309148248e+04
234 -45 3.4708583082880815e+06
236 -45 5.3050583407719128e+07
238 -45 4.9572323147665298e+08
240 -45 3.3104810266215453e+09
242 -45 1.6452575208199360e+10
244 -45 6.2727773241045296e+10
246 -45 1.8820992906889691e+11
248 -45 4.5904713362246851e+11
250 -45 9.1423532491945813e+11
252 -45 1.4774273322758066e+12
254 -45 1.9177826277266196e+12
256 -45 1.9902133855886814e+12
258 -45 1.6273269760167197e+12
260 -45 1.0493890234177054e+12
262 -45 5.1453147078772900e+11
264 -45 1.8326577591302512e+11
266 -45 4.2137325496531158e+10
268 -45 4.1752791287392159e+09
226 -44 4.8798843937082680e+01
228 -44 1.7314615308564329e+06
230 -44 5.6156054243870452e+07
232 -44 8.4039543695336485e+08
234 -44 7.7309796674919281e+09
236 -44 5.0039687179881721e+10
238 -44 2.4593714718210849e+11
240 -44 9.3949590108959070e+11
242 -44 2.8525443694930605e+12
244 -44 7.0385176349079736e+12
246 -44 1.4327959014969744e+13
248 -44 2.4014133436189547e+13
250 -44 3.3062681502006488e+13
252 -44 3.7069438630696312e+13
254 -44 3.3615133635630887e+13
256 -44 2.4441106983019172e+13
258 -44 1.4065640523164539e+13
260 -44 6.2059457349098340e+12
262 -44 1.9997954619967422e+12
264 -44 4.2098382166198364e+11
266 -44 3.9338202589073822e+10
222 -43 2.6820099360838631e+03
224 -43 2.3682595551434513e+07
226 -43 7.1965046139589345e+08
228 -43 1.0464123418411221e+10
230 -43 9.5475467888681274e+10
232 -43 6.1645774167705762e+11
234 -43 3.0167736254100098e+12
236 -43 1.1586776343755980e+13
238 -43 3.5747247489038492e+13
240 -43 9.0175825466632625e+13
242 -43 1.8859325922177650e+14
244 -43 3.2899564653675569e+14
246 -43 4.7757346333987925e+14
248 -43 5.7536064610539788e+14
250 -43 5.7144079605078438e+14
252 -43 4.6512856093013350e+14
254 -43 3.0724704588345694e+14
256 -43 1.6172770941811200e+14
258 -43 6.5773690140120672e+13
260 -43 1.9730863166597953e+13
262 -43 3.8813565271612617e+12
264 -43 3.4248153461529395e+11
218 -42 9.0331526068743566e+04
220 -42 2.6336484776064688e+08
222 -42 7.7259467388046427e+09
224 -42 1.0919908883463344e+11
226 -42 9.9191831997300171e+11
228 -42 6.3983381419737607e+12
230 -42 3.1420618050373203e+13
232 -42 1.2219297300901828e+14
234 -42 3.8436199353304806e+14
236 -42 9.9409269957921162e+14
238 -42 2.1472614745766625e+15
240 -42 3.8945583413236700e+15
242 -42 5.9513508574169620e+15
244 -42 7.6654607296815840e+15
246 -42 8.2875726151113100e+15
248 -42 7.4553608088080210e+15
250 -42 5.5788241177014740e+15
252 -42 3.3989099376138115e+15
254 -42 1.6737927685299825e+15
256 -42 6.3886454975195700e+14
258 -42 1.8076361923851688e+14
260 -42 3.3432323640734824e+13
262 -42 2.8273120640485889e+12
214 -41 1.7614820853745730e+06
216 -41 2.4655779064480181e+09
218 -41 7.0889985367615753e+10
220 -41 9.8731179523682275e+11
222 -41 8.9144007929404707e+12
224 -41 5.7661040854210172e+13
226 -41 2.8565709804362519e+14
228 -41 1.1260002215883062e+15
230 -41 3.6095184578088845e+15
232 -41 9.6240957092752300e+15
234 -41 2.1490760390005116e+16
236 -41 4.0674095423197344e+16
238 -41 6.5352703868507384e+16
240 -41 8.9411505957338000e+16
242 -41 1.0420534067426590e+17
244 -41 1.0307191269246805e+17
246 -41 8.5863754043372400e+16
248 -41 5.9827923552994464e+16
250 -41 3.4342638238843008e+16
252 -41 1.5955564785440444e+16
254 -41 5.7978358520910570e+15
256 -41 1.5564010179611192e+15
258 -41 2.7449176585604747e+14
260 -41 2.2410254109492508e+13
208 -40 4.1392539854117061e+00
210 -40 2.4339111792678673e+07
212 -40 1.9951916838955383e+10
214 -40 5.6844712522398279e+11
216 -40 7.8799326651481846e+12
218 -40 7.0803794317866172e+13
220 -40 4.6059670793329112e+14
222 -40 2.3065063253062140e+15
224 -40 9.2547067356122160e+15
226 -40 3.0388482901563036e+16
228 -40 8.3093821261661248e+16
230 -40 1.9249784492471155e+17
232 -40 3.7923327627731776e+17
234 -40 6.4195385491745395e+17
236 -40 9.3209866998765402e+17
238 -40 1.1651867449652718e+18
240 -40 1.2524657628263206e+18
242 -40 1.1498009160324673e+18
244 -40 8.9887076886619686e+17
246 -40 5.9112591692680768e+17
248 -40 3.2196320942379718e+17
250 -40 1.4250838784192997e+17
252 -40 4.9592678660310368e+16
254 -40 1.2736567291624074e+16
256 -40 2.1600081036165092e+15
258 -40 1.6972086590968228e+14
204 -39 6.9963928145483078e+02
206 -39 2.7009329428849816e+08
208 -39 1.4481424172207870e+11
210 -39 4.0425531939754810e+12
212 -39 5.6082607538056195e+13
214 -39 5.0592634872447512e+14
216 -39 3.3160283057043860e+15
218 -39 1.6814804813796426e+16
220 -39 6.8690862763769840e+16
222 -39 2.3102145511690989e+17
224 -39 6.5132000058471654e+17
226 -39 1.5618448206711680e+18
228 -39 3.2096764771599191e+18
230 -39 5.6872065973837640e+18
232 -39 8.7545672991701596e+18
234 -39 1.1692776113647317e+19
236 -39 1.3538753288945261e+19
238 -39 1.3607825591208493e+19
240 -39 1.1771443843847107e+19
242 -39 8.6932529964544655e+18
244 -39 5.4435587271785984e+18
246 -39 2.8415665230777011e+18
248 -39 1.2071693489660027e+18
250 -39 4.0385562874844320e+17
252 -39 9.9980447763234736e+16
254 -39 1.6311959501634130e+16
256 -39 1.2447591972740655e+15
200 -38 2.6496695765730052e+04
202 -38 2.5388346643239007e+09
204 -38 9.4694463133364368e+11
206 -38 2.6135186704408645e+13
208 -38 3.6236218373504050e+14
210 -38 3.2818909285037920e+15
212 -38 2.1752863222221084e+16
214 -38 1.1196394342927899e+17
216 -38 4.6600391562479046e+17
218 -38 1.6068072774937382e+18
220 -38 4.6673952846907802e+18
222 -38 1.1582379022074759e+19
224 -38 2.4794832956285153e+19
226 -38 4.6128726723427107e+19
228 -38 7.4930996582382551e+19
230 -38 1.0634645482268254e+20
232 -38 1.3225757000322823e+20
234 -38 1.4366476061880867e+20
236 -38 1.3614846672691701e+20
238 -38 1.1173720329846836e+20
240 -38 7.8914998780186313e+19
242 -38 4.7331579188825285e+19
244 -38 2.3731949082615243e+19
246 -38 9.7216633856100086e+18
248 -38 3.1443053623930900e+18
250 -38 7.5373449849119296e+17
252 -38 1.1871687014955640e+17
254 -38 8.8247559657424420e+15
196 -37 5.5286243559120945e+05
198 -37 2.0530289264155365e+10
200 -37 5.6693693733191270e+12
202 -37 1.5491934672615175e+14
204 -37 2.1521261663164808e+15
206 -37 1.9600541399752160e+16
208 -37 1.3141284405914922e+17
210 -37 6.8734611617474483e+17
212 -37 2.9186239978327050e+18
214 -37 1.0306152538213427e+19
216 -37 3.0856901051641430e+19
218 -37 7.9291940645787206e+19
220 -37 1.7651966616157294e+20
222 -37 3.4384440442482629e+20
224 -37 5.8798960264642612e+20
226 -37 8.8434557369465464e+20
228 -37 1.1714745686466463e+21
230 -37 1.3700265843360137e+21
232 -37 1.4094663328643159e+21
234 -37 1.2708439249148416e+21
236 -37 9.9785069487124591e+20
238 -37 6.7608483023207871e+20
240 -37 3.9077436331854057e+20
242 -37 1.8944257640935552e+20
244 -37 7.5187961217167950e+19
246 -37 2.3487713611392737e+19
248 -37 5.4627340956624497e+18
250 -37 8.3500756496739277e+17
252 -37 6.0574751939762560e+16
192 -36 1.0339821326630956e+07
194 -36 1.4678518918111353e+11
196 -36 3.1368786508065180e+13
198 -36 8.4712615689699350e+14
200 -36 1.1792234585207640e+16
202 -36 1.0850713304122310e+17
204 -36 7.3631942513650368e+17
206 -36 3.9209586773897651e+18
208 -36 1.6971152733820275e+19
210 -36 6.1435546295705698e+19
212 -36 1.8941043109743768e+20
214 -36 5.0302441767463132e+20
216 -36 1.1644543835065654e+21
218 -36 2.3657849809666635e+21
220 -36 4.2435548956120989e+21
222 -36 6.7390373112983616e+21
224 -36 9.5139724841574371e+21
226 -36 1.1888183375874639e+22
228 -36 1.3193013325746565e+22
230 -36 1.2931899702626939e+22
232 -36 1.1163779103190159e+22
234 -36 8.4223162090657321e+21
236 -36 5.5044565097149083e+21
238 -36 3.0759774921216172e+21
240 -36 1.4447990067392078e+21
242 -36 5.5775520870501941e+20
244 -36 1.6940897025573392e+20
246 -36 3.8223858364580807e+19
248 -36 5.6865055585692815e+18
250 -36 4.0333886319761050e+17
188 -35 1.5505380155297655e+08
190 -35 9.4648990812016211e+11
192 -35 1.6221061855776481e+14
194 -35 4.3247659013825235e+15
196 -35 6.0321432506451960e+16
198 -35 5.6016347902007546e+17
200 -35 3.8538923277524844e+18
202 -35 2.0831203921476035e+19
204 -35 9.2086645226219061e+19
206 -35 3.4180106396715883e+20
208 -35 1.0822633912263614e+21
210 -35 2.9724288369509663e+21
212 -35 7.1370908493643503e+21
214 -35 1.5129609050496755e+22
216 -35 2.8416710497834109e+22
218 -35 4.7496833556798184e+22
220 -35 7.0812182247465294e+22
222 -35 9.4237028431497764e+22
224 -35 1.1199690678230682e+23
226 -35 1.1871644658027132e+23
228 -35 1.1155249607713638e+23
230 -35 9.2673342556501419e+22
232 -35 6.7540370308187103e+22
234 -35 4.2724734765818570e+22
236 -35 2.3176534596842426e+22
238 -35 1.0584611741895162e+22
240 -35 3.9688014881177144e+21
242 -35 1.1752493747067799e+21
244 -35 2.5856258823617420e+20
246 -35 3.7467371773991150e+19
248 -35 2.5995230399073833e+18
184 -34 1.7489527391732886e+09
186 -34 5.5811774074167324e+12
188 -34 7.8662268856227775e+14
190 -34 2.0688218468372836e+16
192 -34 2.8886642918413459e+17
194 -34 2.7065160196931256e+18
196 -34 1.8838305654720184e+19
198 -34 1.0365073648843932e+20
200 -34 4.6754467096296633e+20
202 -34 1.7780778843501489e+21
204 -34 5.7923452097697247e+21
206 -34 1.6410150113194187e+22
208 -34 4.0782415329549699e+22
210 -34 8.9795114618734841e+22
212 -34 1.7612184580342048e+23
214 -34 3.0890141034503289e+23
216 -34 4.8602112705453640e+23
218 -34 6.8600272561332432e+23
220 -34 8.6956515564180594e+23
222 -34 9.8769125341167453e+23
224 -34 1.0041504262814988e+24
226 -34 9.0966921791970372e+23
228 -34 7.2920653080178673e+23
230 -34 5.1528178365616148e+23
232 -34 3.1619858304499319e+23
234 -34 1.6685531674660588e+23
236 -34 7.4253971583496448e+22
238 -34 2.7195876734626884e+22
240 -34 7.8739343177336383e+21
242 -34 1.6894646603510946e+21
244 -34 2.3904432826834282e+20
246 -34 1.6250023596884390e+19
180 -33 1.5715584743428741e+10
182 -33 3.0518057437454266e+13
184 -33 3.6030593338076480e+15
186 -33 9.3125698952451008e+16
188 -33 1.3017255497690972e+18
190 -33 1.2283891362197320e+19
192 -33 8.6634719191597875e+19
194 -33 4.8431363736197739e+20
196 -33 2.2278166020521942e+21
198 -33 8.6678347672806018e+21
200 -33 2.8967213924554304e+22
202 -33 8.4521941640292489e+22
204 -33 2.1763514044495097e+23
206 -33 4.9747862015056649e+23
208 -33 1.0171289653792861e+24
210 -33 1.8656320436411665e+24
212 -33 3.0823924453319400e+24
214 -33 4.5947635676836254e+24
216 -33 6.1750729046165333e+24
218 -33 7.4946229053876177e+24
220 -33 8.1780017998684134e+24
222 -33 8.0155058167797416e+24
224 -33 7.0177360929017610e+24
226 -33 5.4628904377382549e+24
228 -33 3.7475005733950414e+24
230 -33 2.2412265556388462e+24
232 -33 1.1540083092560980e+24
234 -33 5.0188881311618752e+23
236 -33 1.7937312037370135e+23
238 -33 5.0752205677023547e+22
240 -33 1.0645210287534674e+22
242 -33 1.4750458567184506e+21
244 -33 9.8525070258832441e+19
176 -32 1.2048657650620944e+11
178 -32 1.5399717689922994e+14
180 -32 1.5543601858692528e+16
182 -32 3.9579720772098944e+17
184 -32 5.5168335198929172e+18
186 -32 5.2438738717892436e+19
188 -32 3.7419274893652545e+20
190 -32 2.1231770910039356e+21
192 -32 9.9615053434528675e+21
194 -32 3.9606470842268948e+22
196 -32 1.3581598729011465e+23
198 -32 4.0745697221559038e+23
200 -32 1.0826239401980290e+24
202 -32 2.5656917292101532e+24
204 -32 5.4549545947720651e+24
206 -32 1.0446045635605705e+25
208 -32 1.8098274230201828e+25
210 -32 2.8369112136811005e+25
212 -32 4.0350097284473268e+25
214 -32 5.1981280564219794e+25
216 -32 6.0653544115924696e+25
218 -32 6.3840346171861212e+25
220 -32 6.0585615823771632e+25
222 -32 5.1494271882066810e+25
224 -32 3.8959050718723686e+25
226 -32 2.6069301424679558e+25
228 -32 1.5205394377348760e+25
230 -32 7.6565028084409914e+24
232 -32 3.2541470760423782e+24
234 -32 1.1386455378676411e+24
236 -32 3.1582182091346374e+23
238 -32 6.4954936775501410e+22
240 -32 8.8048844206886135e+21
242 -32 5.7917908050697762e+20
172 -31 8.2080164032708154e+11
174 -31 7.2346295382597488e+14
176 -31 6.3477130228366296e+16
178 -31 1.5838407817837156e+18
180 -31 2.2089756747185213e+19
182 -31 2.1106868963642848e+20
184 -31 1.5204285252521395e+21
186 -31 8.7577695450860135e+21
188 -31 4.1770008490160398e+22
190 -31 1.6962003210166153e+23
192 -31 5.9607437727857185e+23
194 -31 1.8380037397336438e+24
196 -31 5.0337688242643912e+24
198 -31 1.2338423405634280e+25
200 -31 2.7245452567901589e+25
202 -31 5.4284673669149651e+25
204 -31 9.8417938833322377e+25
206 -31 1.6179094008145590e+26
208 -31 2.4259716309444493e+26
210 -31 3.3058402745046266e+26
212 -31 4.1023799244353195e+26
214 -31 4.6185384708010210e+26
216 -31 4.7090866699850873e+26
218 -31 4.3417674980402693e+26
220 -31 3.5920788195100651e+26
222 -31 2.6510591274728775e+26
224 -31 1.7298768438029648e+26
226 -31 9.8909808322746522e+25
228 -31 4.8647262626195060e+25
230 -31 2.0279345144181074e+25
232 -31 6.9640870103887357e+24
234 -31 1.8931047100542354e+24
236 -31 3.8240227081991833e+23
238 -31 5.0757983881874509e+22
240 -31 3.2842336125319281e+21
168 -30 5.0303246520295547e+12
170 -30 3.1775209594352585e+15
172 -30 2.4424879712784515e+17
174 -30 5.9759543923850824e+18
176 -30 8.3027859361015071e+19
178 -30 7.9586331375409627e+20
180 -30 5.7989434676827275e+21
182 -30 3.3872865684924161e+22
184 -30 1.6426386486090468e+23
186 -30 6.8017040508449074e+23
188 -30 2.4454759659304281e+24
190 -30 7.7489199778598948e+24
192 -30 2.1850606978553814e+25
194 -30 5.5334081653040629e+25
196 -30 1.2661725844666687e+26
198 -30 2.6246599205340171e+26
200 -30 4.9541681596969302e+26
202 -30 8.5269922808269906e+26
204 -30 1.3424110769727770e+27
206 -30 1.9307358812174673e+27
208 -30 2.5371942570161494e+27
210 -30 3.0437259202983095e+27
212 -30 3.3225818952122115e+27
214 -30 3.2951416816533678e+27
216 -30 2.9570291015935196e+27
218 -30 2.3842206213852430e+27
220 -30 1.7203650034391287e+27
222 -30 1.0996482518569761e+27
224 -30 6.1532248860414292e+26
226 -30 2.9735711438283047e+26
228 -30 1.2141099255243692e+26
230 -30 4.0950201559074760e+25
232 -30 1.0941335733503111e+25
234 -30 2.1681459921119124e+24
236 -30 2.8277173266774974e+23
238 -30 1.8022006042069528e+22
162 -29 1.2613944756944562e+08
164 -29 2.7775410889609500e+13
166 -29 1.3046864729310116e+16
168 -29 8.9035076385493491e+17
170 -29 2.1203065702925099e+19
172 -29 2.9389483156334599e+20
174 -29 2.8244280267025794e+21
176 -29 2.0718838964062318e+22
178 -29 1.2240484248104744e+23
180 -29 6.0414312487371133e+23
182 -29 2.5492478693659123e+24
184 -29 9.3716382944505434e+24
186 -29 3.0488136079878793e+25
188 -29 8.8416005969848251e+25
190 -29 2.3100848403767846e+26
192 -29 5.4637627377919968e+26
194 -29 1.1760230213686965e+27
196 -29 2.3099699901996963e+27
198 -29 4.1534094680101364e+27
200 -29 6.8535109975277710e+27
202 -29 1.0357009975470829e+28
204 -29 1.4363396768941055e+28
206 -29 1.8274680205885118e+28
208 -29 2.1246352582456273e+28
210 -29 2.2567731536875471e+28
212 -29 2.1819142585950988e+28
214 -29 1.9114111310571094e+28
216 -29 1.5087912174629607e+28
218 -29 1.0651261759363573e+28
220 -29 6.6745316172081711e+27
222 -29 3.6665829366374786e+27
224 -29 1.7387196753005252e+27
226 -29 6.9857080747156205e+26
228 -29 2.3157839416650068e+26
230 -29 6.0793845071792629e+25
232 -29 1.1843237693864128e+25
234 -29 1.5227060516407867e+24
236 -29 9.5624823811734772e+22
158 -28 3.0509141788792095e+09
160 -28 1.3906645353304019e+14
162 -28 4.9928624555903928e+16
164 -28 3.0577357627960259e+18
166 -28 7.0807477379242033e+19
168 -28 9.7407624245070070e+20
170 -28 9.3848851341162179e+21
172 -28 6.9392195217293377e+22
174 -28 4.1459178740552610e+23
176 -28 2.0779621860019410e+24
178 -28 8.9315977887356314e+24
180 -28 3.3567241207367831e+25
182 -28 1.1180491508887992e+26
184 -28 3.3321785825985066e+26
186 -28 8.9716292693690382e+26
188 -28 2.1905230984706566e+27
190 -28 4.8872220640589483e+27
192 -28 9.9691300342815806e+27
194 -28 1.8705570490803392e+28
196 -28 3.2193965642567748e+28
198 -28 5.1042942551645389e+28
200 -28 7.4550874018823087e+28
202 -28 1.0011510764480197e+29
204 -28 1.2361546597505208e+29
206 -28 1.4014445143726802e+29
208 -28 1.4504304778762563e+29
210 -28 1.3711136974207308e+29
212 -28 1.1748986689088174e+29
214 -28 9.0879233750431619e+28
216 -28 6.2983193179879551e+28
218 -28 3.8773962643152228e+28
220 -28 2.0903777140142797e+28
222 -28 9.7505990701313780e+27
224 -28 3.8596826668214390e+27
226 -28 1.2589253155294325e+27
228 -28 3.2541908203227724e+26
230 -28 6.2406786735097551e+25
232 -28 7.8989594931081367e+24
234 -28 4.8998527972512564e+23
154 -27 4.0884793246133636e+10
156 -27 6.3474162140179725e+14
158 -27 1.7765730959616378e+17
160 -27 9.8358696766988882e+18
162 -27 2.2199567562826410e+20
164 -27 3.0195598548285684e+21
166 -27 2.9147849851290874e+22
168 -27 2.1687402847140118e+23
170 -27 1.3106288657053467e+24
172 -27 6.6653888813635267e+24
174 -27 2.9153545400362439e+25
176 -27 1.1186902724227986e+26
178 -27 3.8106402705356235e+26
180 -27 1.1664542336878726e+27
182 -27 3.2291051144273462e+27
184 -27 8.1453344618606249e+27
186 -27 1.8788484586564492e+28
188 -27 3.9784566767332395e+28
190 -27 7.7519949370215190e+28
192 -27 1.3932756184165757e+29
194 -27 2.3113856386122945e+29
196 -27 3.5440281490062805e+29
198 -27 5.0186655345217933e+29
200 -27 6.5500099200885338e+29
202 -27 7.8846461113309842e+29
204 -27 8.7103429429978419e+29
206 -27 8.8335111941685260e+29
208 -27 8.1714538207774321e+29
210 -27 6.8580037773666647e+29
212 -27 5.2110062457097506e+29
214 -27 3.5497689648035722e+29
216 -27 2.1460321195201476e+29
218 -27 1.1407730133660106e+29
220 -27 5.2414980007499217e+28
222 -27 2.0435357192647317e+28
224 -27 6.5634702557327407e+27
226 -27 1.6714147865791549e+27
228 -27 3.1628513365918518e+26
230 -27 3.9483622160834339e+25
232 -27 2.4193154943504127e+24
150 -26 3.8256911006449542e+11
152 -26 2.6356778956726835e+15
154 -26 5.8751019894052250e+17
156 -26 2.9523298024832188e+19
158 -26 6.4855605351503050e+20
160 -26 8.7528636497130475e+21
162 -26 8.4337506505930563e+22
164 -26 6.3136590119247781e+23
166 -26 3.8565281021111336e+24
168 -26 1.9865059236375304e+25
170 -26 8.8427697434534639e+25
172 -26 3.4571834996318284e+26
174 -26 1.2054631120128380e+27
176 -26 3.7844910178244700e+27
178 -26 1.0776530308638919e+28
180 -26 2.7988481841066472e+28
182 -26 6.6762300635726955e+28
184 -26 1.4641619726702806e+29
186 -26 2.9636512994785259e+29
188 -26 5.5480689958707638e+29
190 -26 9.6169396371270553e+29
192 -26 1.5439258990633961e+30
194 -26 2.2953783531124670e+30
196 -26 3.1629432254274900e+30
198 -26 4.0247934088113664e+30
200 -26 4.7316679547810476e+30
202 -26 5.1167621158897002e+30
204 -26 5.0800545837610062e+30
206 -26 4.6123305779420565e+30
208 -26 3.8053078541564147e+30
210 -26 2.8427804305302060e+30
212 -26 1.9048459403340237e+30
214 -26 1.1346427085369584e+30
216 -26 5.9374019884110956e+29
218 -26 2.6916855734121348e+29
220 -26 1.0354176579458139e+29
222 -26 3.2856141577985212e+28
224 -26 8.2635514998842161e+27
226 -26 1.5417497533457483e+27
228 -26 1.8984172478984546e+26
230 -26 1.1504606995522496e+25
146 -25 2.7411817193491646e+12
148 -25 9.9495707817403140e+15
150 -25 1.7934165298060012e+18
152 -25 8.2681337092949246e+19
154 -25 1.7661191361292809e+21
156 -25 2.3581564186481928e+22
158 -25 2.2699074892062899e+23
160 -25 1.7076615809973637e+24
162 -25 1.0529968581129125e+25
164 -25 5.4944344303038995e+25
166 -25 2.4839668726730688e+26
168 -25 9.9040989496915563e+26
170 -25 3.5301271692967407e+27
172 -25 1.1351203353836533e+28
174 -25 3.3183451756877349e+28
176 -25 8.8790913322059648e+28
178 -25 2.1862863923189642e+29
180 -25 4.9606593353335024e+29
182 -25 1.0417113879595627e+30
184 -25 2.0281926413193498e+30
186 -25 3.6643854545342548e+30
188 -25 6.1524469460947178e+30
190 -25 9.6008913107584702e+30
192 -25 1.3909885556720024e+31
194 -25 1.8671910408086631e+31
196 -25 2.3239238192730448e+31
198 -25 2.6755436427876332e+31
200 -25 2.8385567680338290e+31
202 -25 2.7659007211415133e+31
204 -25 2.4683900677099044e+31
206 -25 2.0051479354052679e+31
208 -25 1.4743713291321387e+31
210 -25 9.7402189759060943e+30
212 -25 5.7190627911131174e+30
214 -25 2.9579256662414938e+30
216 -25 1.3230989665673157e+30
218 -25 5.0193881884771380e+29
220 -25 1.5744656037224179e+29
222 -25 3.9103462666868026e+28
224 -25 7.2076329061924012e+27
226 -25 8.7739581466431848e+26
228 -25 5.2576203689422879e+25
142 -24 1.6232563479490418e+13
144 -24 3.4119132932421240e+16
146 -24 5.0593719412865864e+18
148 -24 2.1568349521636154e+20
150 -24 4.4603548593513688e+21
152 -24 5.8810755822335124e+22
154 -24 5.6615939732879497e+23
156 -24 4.2773768947297711e+24
158 -24 2.6600392254855115e+25
160 -24 1.4050235062831380e+26
162 -24 6.4551087483969908e+26
164 -24 2.6203537992309238e+27
166 -24 9.5319235108965821e+27
168 -24 3.1415369075962260e+28
170 -24 9.4237083213235444e+28
172 -24 2.5948720582082674e+29
174 -24 6.5826724439686270e+29
176 -24 1.5441224021167457e+30
178 -24 3.3622136091538742e+30
180 -24 6.7958038337778395e+30
182 -24 1.2789863906308583e+31
184 -24 2.2410277255219253e+31
186 -24 3.6543057742201254e+31
188 -24 5.5611452440285752e+31
190 -24 7.8660171403069488e+31
192 -24 1.0335502252779475e+32
194 -24 1.2605846785622497e+32
196 -24 1.4239441317946914e+32
198 -24 1.4843777601250061e+32
200 -24 1.4238529764199549e+32
202 -24 1.2513230786560460e+32
204 -24 1.0018767461867294e+32
206 -24 7.2668450191653459e+31
208 -24 4.7350636311259268e+31
210 -24 2.7483144563639204e+31
212 -24 1.4030194149228838e+31
214 -24 6.2004865171372160e+30
216 -24 2.3281257413477389e+30
218 -24 7.2180924010891134e+29
220 -24 1.7710446405755906e+29
222 -24 3.2288213908086556e+28
224 -24 3.8888510579062024e+27
226 -24 2.3068367218024356e+26
138 -23 7.9703274389721609e+13
140 -23 1.0550493687075954e+17
142 -23 1.3172311281001681e+19
144 -23 5.2023117622245229e+20
146 -23 1.0422933643142990e+22
148 -23 1.3586427689233704e+23
150 -23 1.3057940447425060e+24
152 -23 9.8862084173287580e+24
154 -23 6.1918424719925807e+25
156 -23 3.3133243998971618e+26
158 -23 1.5458902062303294e+27
160 -23 6.3883031092948634e+27
162 -23 2.3738645313576188e+28
164 -23 7.9891227293715206e+28
166 -23 2.4618721153395363e+29
168 -23 6.9586551009162763e+29
170 -23 1.8200460023610930e+30
172 -23 4.4127005051247266e+30
174 -23 9.9275239884852662e+30
176 -23 2.0827458503083623e+31
178 -23 4.0721565296763533e+31
180 -23 7.4342240981918883e+31
182 -23 1.2685763890378013e+32
184 -23 2.0207896139244258e+32
186 -23 3.0006654893987599e+32
188 -23 4.1635385641662072e+32
190 -23 5.3615290207470576e+32
192 -23 6.4230374495811524e+32
194 -23 7.1367947086351865e+32
196 -23 7.3252306687609996e+32
198 -23 6.9252172231355684e+32
200 -23 6.0016278259293573e+32
202 -23 4.7475756843915761e+32
204 -23 3.4011490008963365e+32
206 -23 2.1898217676359281e+32
208 -23 1.2558337980358808e+32
210 -23 6.3372416302428844e+31
212 -23 2.7709961072437002e+31
214 -23 1.0295399002065984e+31
216 -23 3.1570602873470617e+30
218 -23 7.6743202057721536e+29
220 -23 1.3862625378708567e+29
222 -23 1.6528666693738446e+28
224 -23 9.7262916951213078e+26
134 -22 3.3487517536139281e+14
136 -22 2.9539617011383987e+17
138 -22 3.1474003359509369e+19
140 -22 1.1569362586143988e+21
142 -22 2.2490044369254360e+22
144 -22 2.8899568457692883e+23
146 -22 2.7672073303313448e+24
148 -22 2.1026197738553606e+25
150 -22 1.3282005769723917e+26
152 -22 7.1756372449449349e+26
154 -22 3.3992881229196037e+27
156 -22 1.4282115373811080e+28
158 -22 5.4150853963640274e+28
160 -22 1.8651753671674352e+29
162 -22 5.8881854610418058e+29
164 -22 1.7109602171202226e+30
166 -22 4.6032622373577357e+30
168 -22 1.1517402612589223e+31
170 -22 2.6808399356088114e+31
172 -22 5.8218533187296810e+31
174 -22 1.1821599214982115e+32
176 -22 2.2473625247319150e+32
178 -22 4.0006575425642994e+32
180 -22 6.6578345650482507e+32
182 -22 1.0376025753240576e+33
184 -22 1.5107206233476519e+33
186 -22 2.0564113685569931e+33
188 -22 2.6045229356553116e+33
190 -22 3.0741058549684235e+33
192 -22 3.3657377405234442e+33
194 -22 3.4059273222650705e+33
196 -22 3.1785866899471600e+33
198 -22 2.7215919113938432e+33
200 -22 2.1266187983007033e+33
202 -22 1.5071135575023171e+33
204 -22 9.5995062077632844e+32
206 -22 5.4451076512019237e+32
208 -22 2.7218490206550325e+32
210 -22 1.1796645290861113e+32
212 -22 4.3383200208128722e+31
214 -22 1.3186150251290451e+31
216 -22 3.1749130575082682e+30
218 -22 5.6817616771289540e+29
220 -22 6.7185858562244919e+28
222 -22 3.9265740598861884e+27
130 -21 1.2121163196614792e+15
132 -21 7.4607643628514790e+17
134 -21 6.8917257897937371e+19
136 -21 2.3583963771477054e+21
138 -21 4.4466623738318206e+22
140 -21 5.6399028803004246e+23
142 -21 5.3737491092685346e+24
144 -21 4.0941885743536302e+25
146 -21 2.6056441151797452e+26
148 -21 1.4239517535106779e+27
150 -21 6.8276974391068188e+27
152 -21 2.9255582133388943e+28
154 -21 1.1292717878421606e+29
156 -21 3.9783483636794480e+29
158 -21 1.2862763936712998e+30
160 -21 3.8372133721863418e+30
162 -21 1.0625507103036529e+31
164 -21 2.7387075717061098e+31
166 -21 6.5867112753301118e+31
168 -21 1.4819598624822404e+32
170 -21 3.1217774596100522e+32
172 -21 6.1676114773690175e+32
174 -21 1.1427024359854447e+33
176 -21 1.9872594390974417e+33
178 -21 3.2392314081391588e+33
180 -21 4.9534425914342487e+33
182 -21 7.0894928230627773e+33
184 -21 9.4910336568862152e+33
186 -21 1.1853797770884378e+34
188 -21 1.3786124558444645e+34
190 -21 1.4903840854601525e+34
192 -21 1.4906483350284458e+34
194 -21 1.3758621330420442e+34
196 -21 1.1639003750674431e+34
198 -21 9.0071988298136741e+33
200 -21 6.3159288550466811e+33
202 -21 3.9851068920694160e+33
204 -21 2.2407325281122059e+33
206 -21 1.1100986607955527e+33
208 -21 4.7669764872266492e+32
210 -21 1.7399414761085598e+32
212 -21 5.2330815624421989e+31
214 -21 1.2513772934688536e+31
216 -21 2.2233956650327870e+30
218 -21 2.6105494140807237e+29
220 -21 1.5169599038295396e+28
126 -20 3.7762227317789980e+15
128 -20 1.6978687731342497e+18
130 -20 1.3672255549186340e+20
132 -20 4.3907214075102584e+21
134 -20 8.0380844590054974e+22
136 -20 1.0064181796229136e+24
138 -20 9.5349635987397582e+24
140 -20 7.2805629919213786e+25
142 -20 4.6648080368654747e+26
144 -20 2.5747360681711171e+27
146 -20 1.2533267985015261e+28
148 -20 5.4503173714568277e+28
150 -20 2.1463130927712473e+29
152 -20 7.7234202703862996e+29
154 -20 2.5556019356880935e+30
156 -20 7.8284698280614615e+30
158 -20 2.2269617690526330e+31
160 -20 5.9188978003545163e+31
162 -20 1.4695477579889586e+32
164 -20 3.4190375246376385e+32
166 -20 7.4659319930524934e+32
168 -20 1.5328577841059940e+33
170 -20 2.9535380551824383e+33
172 -20 5.3534730924971356e+33
174 -20 9.1240210423717945e+33
176 -20 1.4619592122726125e+34
178 -20 2.1993416447832530e+34
180 -20 3.0989419802524320e+34
182 -20 4.0894775412448275e+34
184 -20 5.0436945470388459e+34
186 -20 5.7957101207882048e+34
188 -20 6.1910489759229944e+34
190 -20 6.1313622022361098e+34
192 -20 5.5970496513214102e+34
194 -20 4.6979582984816142e+34
196 -20 3.5965913942014368e+34
198 -20 2.5005815370775563e+34
200 -20 1.5649413812611459e+34
202 -20 8.7290980436868113e+33
204 -20 4.2906890006692534e+33
206 -20 1.8282287979375691e+33
208 -20 6.6182151592192758e+32
210 -20 1.9787614672826579e+32
212 -20 4.6926773807507716e+31
214 -20 8.2847541171284568e+30
216 -20 9.6583163157042130e+29
218 -20 5.5932390508627172e+28
120 -19 1.4275057609652606e+11
122 -19 1.0241617857467130e+16
124 -19 3.4748807853787228e+18
126 -19 2.4689401223226848e+20
128 -19 7.4588832912840180e+21
130 -19 1.3257767839396707e+23
132 -19 1.6331466667986199e+24
134 -19 1.5411452772423175e+25
136 -19 1.1777623260975064e+26
138 -19 7.5903317154658381e+26
140 -19 4.2353655467754423e+27
142 -19 2.0875758399614369e+28
144 -19 9.2305025540934382e+28
146 -19 3.7024269469223721e+29
148 -19 1.3603039306495451e+30
150 -19 4.6091426472776946e+30
152 -19 1.4478492588044202e+31
154 -19 4.2349409607581377e+31
156 -19 1.1569070191568951e+32
158 -19 2.9658770217240472e+32
160 -19 7.1347160607021452e+32
162 -19 1.6135769396619277e+33
164 -19 3.4325264830867950e+33
166 -19 6.8820373922826409e+33
168 -19 1.2993522425029277e+34
170 -19 2.3119024378330498e+34
172 -19 3.8747259707590190e+34
174 -19 6.1117676184096122e+34
176 -19 9.0532091920912632e+34
178 -19 1.2594781340917939e+35
180 -19 1.6436449015588680e+35
182 -19 2.0039148724133923e+35
184 -19 2.2776405827333305e+35
186 -19 2.4106897031009898e+35
188 -19 2.3644395697659308e+35
190 -19 2.1402078793982829e+35
192 -19 1.7810511216830012e+35
194 -19 1.3533155252095620e+35
196 -19 9.3389864986899294e+34
198 -19 5.8030466314844148e+34
200 -19 3.2136100212470540e+34
202 -19 1.5684369284452281e+34
204 -19 6.6386939971085827e+33
206 -19 2.3878685480527875e+33
208 -19 7.0949497374376471e+32
210 -19 1.6726411942435575e+32
212 -19 2.9351468203404695e+31
214 -19 3.4051460382710823e+30
216 -19 1.9634726904322012e+29
116 -18 1.4973278174729402e+12
118 -18 2.4089376204156024e+16
120 -18 6.3528081562553180e+18
122 -18 4.0302789645606774e+20
124 -18 1.1482717484125256e+22
126 -18 1.9787539982873945e+23
128 -18 2.4104770534110769e+24
130 -18 2.2590258379345773e+25
132 -18 1.7283420475425924e+26
134 -18 1.1179351801929800e+27
136 -18 6.3033482392157930e+27
138 -18 3.1471658720763703e+28
140 -18 1.4141962739862225e+29
142 -18 5.7724900509800902e+29
144 -18 2.1646905946580281e+30
146 -18 7.5073153082094997e+30
148 -18 2.4165405077040124e+31
150 -18 7.2565374208504589e+31
152 -18 2.0413827950166739e+32
154 -18 5.3943929886216728e+32
156 -18 1.3396815311371688e+33
158 -18 3.1344586662409469e+33
160 -18 6.9148319253272912e+33
162 -18 1.4400262694789251e+34
164 -18 2.8321641933318510e+34
166 -18 5.2551215027251700e+34
168 -18 9.2025164293554629e+34
170 -18 1.5200198706901976e+35
172 -18 2.3641134392208951e+35
174 -18 3.4628262248075726e+35
176 -18 4.7632652612733006e+35
178 -18 6.1452898936311529e+35
180 -18 7.4228596465435621e+35
182 -18 8.3650133319210640e+35
184 -18 8.7798950749162443e+35
186 -18 8.5402996877988016e+35
188 -18 7.6729815336134950e+35
190 -18 6.3392777530091070e+35
192 -18 4.7855578939759040e+35
194 -18 3.2801422304811583e+35
196 -18 2.0257064555031839e+35
198 -18 1.1148864041953007e+35
200 -18 5.4071895457821971e+34
202 -18 2.2760372124009781e+34
204 -18 8.1410533489693251e+33
206 -18 2.4082205789306359e+33
208 -18 5.6508825880465071e+32
210 -18 9.8663807947637587e+31
212 -18 1.1406380584942530e+31
214 -18 6.5658544183573038e+29
112 -17 8.0200442197745723e+12
114 -17 4.9384058550148184e+16
116 -17 1.0370947500993581e+19
118 -17 5.9108401097405930e+20
120 -17 1.5965882025453399e+22
122 -17 2.6724731957853290e+23
124 -17 3.2045600624039766e+24
126 -17 2.9897961843997226e+25
128 -17 2.2864514575090133e+26
130 -17 1.4894989622601737e+27
132 -17 8.4602268842057000e+27
134 -17 4.2762671560315753e+28
136 -17 1.9502007223728870e+29
138 -17 8.1039148079955583e+29
140 -17 3.1022860566392041e+30
142 -17 1.0995920468556274e+31
144 -17 3.6239554071968157e+31
146 -17 1.1184224036149954e+32
148 -17 3.2371200722247007e+32
150 -17 8.8137990960676750e+32
152 -17 2.2582879458161349e+33
154 -17 5.4632455197591069e+33
156 -17 1.2495296894551052e+34
158 -17 2.7011790262720246e+34
160 -17 5.5189390413792121e+34
162 -17 1.0666235398217008e+35
164 -17 1.9509139638743146e+35
166 -17 3.3701472083786869e+35
168 -17 5.4995647955895939e+35
170 -17 8.4550090810999833e+35
172 -17 1.2252566016682201e+36
174 -17 1.6704162481380793e+36
176 -17 2.1357968931753272e+36
178 -17 2.5575208951142863e+36
180 -17 2.8626828283544469e+36
182 -17 2.9824625290964087e+36
184 -17 2.8807026293320977e+36
186 -17 2.5718432764182869e+36
188 -17 2.1128214080749031e+36
190 -17 1.5845182349968770e+36
192 -17 1.0809047125169011e+36
194 -17 6.6363825925964461e+35
196 -17 3.6377472756570548e+35
198 -17 1.7558246756993969e+35
200 -17 7.3558097178499166e+34
202 -17 2.6195094065377740e+34
204 -17 7.7140749196081081e+33
206 -17 1.8033722883144901e+33
208 -17 3.1410715426613421e+32
210 -17 3.6232480753936614e+31
212 -17 2.0799465961702090e+30
108 -16 2.9289838535495648e+13
110 -16 8.7908463933294944e+16
112 -16 1.5080798818131241e+19
114 -16 7.7799377569562283e+20
116 -16 1.9936667535699469e+22
118 -16 3.2446059439615170e+23
120 -16 3.8338284423742251e+24
122 -16 3.5518570362898919e+25
124 -16 2.7181802117417850e+26
126 -16 1.7791086769310725e+27
128 -16 1.0200494418070605e+28
130 -16 5.2126198936142803e+28
132 -16 2.4137644380774827e+29
134 -16 1.0212159369228611e+30
136 -16 3.9810291567369670e+30
138 -16 1.4410221307485041e+31
140 -16 4.8705329482260363e+31
142 -16 1.5421866719711290e+32
144 -16 4.5869021017675491e+32
146 -16 1.2858645461962108e+33
148 -16 3.4027328740729190e+33
150 -16 8.5028349995188890e+33
152 -16 2.0130052147830781e+34
154 -16 4.5112782228036787e+34
156 -16 9.5865289209418792e+34
158 -16 1.9285931639860311e+35
160 -16 3.6775810508902722e+35
162 -16 6.6325015608623923e+35
164 -16 1.1333958732568837e+36
166 -16 1.8295956835517812e+36
168 -16 2.7889755907791661e+36
170 -16 4.0057753864245318e+36
172 -16 5.4142200494060522e+36
174 -16 6.8744643894270164e+36
176 -16 8.1798963727708558e+36
178 -16 9.0954860880370877e+36
180 -16 9.4204664367229156e+36
182 -16 9.0548802193468797e+36
184 -16 8.0460939612338782e+36
186 -16 6.5746043437565220e+36
188 -16 4.9123043603927633e+36
190 -16 3.3335937268239472e+36
192 -16 2.0393616579383292e+36
194 -16 1.1130363103874169e+36
196 -16 5.3552814789987828e+35
198 -16 2.2368816280078310e+35
200 -16 7.9377827582502549e+34
202 -16 2.3315722662700599e+34
204 -16 5.4316013915199097e+33
206 -16 9.4381060784505026e+32
208 -16 1.0878351424182179e+32
210 -16 6.2514350831659405e+30
104 -15 8.0314647370554141e+13
106 -15 1.3632820515090886e+17
108 -15 1.9441363847369441e+19
110 -15 9.1335610909876552e+20
112 -15 2.2298967225528037e+22
114 -15 3.5285043731151839e+23
116 -15 4.0980880346949567e+24
118 -15 3.7761530675591408e+25
120 -15 2.8917485124199324e+26
122 -15 1.8977252330172511e+27
124 -15 1.0964353181376246e+28
126 -15 5.6772643000527412e+28
128 -15 2.6640701374453210e+29
130 -15 1.1460637984069369e+30
132 -15 4.5576339562743119e+30
134 -15 1.6861760784058686e+31
136 -15 5.8299460283996687e+31
138 -15 1.8913787439708228e+32
140 -15 5.7862011126769982e+32
142 -15 1.6675510065982965e+33
144 -15 4.5518832956683941e+33
146 -15 1.1760371139659754e+34
148 -15 2.8803177152560556e+34
150 -15 6.6895937833647474e+34
152 -15 1.4752586574613055e+35
154 -15 3.0892207941040041e+35
156 -15 6.1326329752643302e+35
158 -15 1.1556203386284152e+36
160 -15 2.0646118413871432e+36
162 -15 3.4923004843404424e+36
164 -15 5.5896203664731174e+36
166 -15 8.4545368653380308e+36
168 -15 1.2064125998721345e+37
170 -15 1.6208064611428894e+37
172 -15 2.0473647378099483e+37
174 -15 2.4232204173279553e+37
176 -15 2.6792252566655300e+37
178 -15 2.7641041405474366e+37
180 -15 2.6448619332162709e+37
182 -15 2.3409296183029721e+37
184 -15 1.9071008633566045e+37
186 -15 1.4196364862789402e+37
188 -15 9.6102779117674263e+36
190 -15 5.8584107382431845e+36
192 -15 3.1896351481180079e+36
194 -15 1.5304555019093415e+36
196 -15 6.3756124393450972e+35
198 -15 2.2581836367411681e+35
200 -15 6.6178042337790167e+34
202 -15 1.5415068918575532e+34
204 -15 2.6751098186047098e+33
206 -15 3.0838602315809824e+32
208 -15 1.7761088775456229e+31
100 -14 1.7284088291814294e+14
102 -14 1.8310401911743648e+17
104 -14 2.2073406144413024e+19
106 -14 9.5098855575226076e+20
108 -14 2.2148072838891894e+22
110 -14 3.4113134790835779e+23
112 -14 3.9123469773700245e+24
114 -14 3.5762516035820864e+25
116 -14 2.7338847426250874e+26
118 -14 1.8034691066362723e+27
120 -14 1.0488754511921522e+28
122 -14 5.4908644216656051e+28
124 -14 2.6109561711716790e+29
126 -14 1.1424028122315423e+30
128 -14 4.6295693939705235e+30
130 -14 1.7473676136159821e+31
132 -14 6.1847114495013861e+31
134 -14 2.0579883835786795e+32
136 -14 6.4556927815568601e+32
138 -14 1.9166156843812713e+33
140 -14 5.3875401072037044e+33
142 -14 1.4373305070253241e+34
144 -14 3.6409080095762338e+34
146 -14 8.7634592139471122e+34
148 -14 2.0054525168155785e+35
150 -14 4.3623904249067084e+35
152 -14 9.0232771501922862e+35
154 -14 1.7733467121154014e+36
156 -14 3.3086654204072569e+36
158 -14 5.8610439685280843e+36
160 -14 9.8423201116859539e+36
162 -14 1.5648929607745258e+37
164 -14 2.3521519734225207e+37
166 -14 3.3390381157749977e+37
168 -14 4.4629456624163275e+37
170 -14 5.6131342769545918e+37
172 -14 6.6179231552405131e+37
174 -14 7.2992472716715126e+37
176 -14 7.5017661538835201e+37
178 -14 7.1593160360068217e+37
180 -14 6.3192477431745667e+37
182 -14 5.1336149283502182e+37
184 -14 3.8141893150650575e+37
186 -14 2.5771036668353384e+37
188 -14 1.5690320612311696e+37
190 -14 8.5244836057390822e+36
192 -14 4.0874355069906894e+36
194 -14 1.7006416282073612e+36
196 -14 6.0145122959540992e+35
198 -14 1.7625349273830692e+35
200 -14 4.1057254168295114e+34
202 -14 7.1372709960095220e+33
204 -14 8.2427722302203636e+32
206 -14 4.7605641370412385e+31
96 -13 2.9975813200885238e+14
98 -13 2.1317080049531878e+17
100 -13 2.2032178152072528e+19
102 -13 8.7619086819260577e+20
104 -13 1.9497320783307023e+22
106 -13 2.9235370624481141e+23
108 -13 3.3016479141249234e+24
110 -13 2.9977456964087503e+25
112 -13 2.2863337052496956e+26
114 -13 1.5120559810665931e+27
116 -13 8.8684926890575348e+27
118 -13 4.6872638266833282e+28
120 -13 2.2601138333635732e+29
122 -13 1.0037695566887486e+30
124 -13 4.1425197803513675e+30
126 -13 1.5965002944733480e+31
128 -13 5.7791260535245606e+31
130 -13 1.9709060459535146e+32
132 -13 6.3467445336692660e+32
134 -13 1.9376863856764518e+33
136 -13 5.6143618998662582e+33
138 -13 1.5453986648870542e+34
140 -13 4.0446498618032685e+34
142 -13 1.0085291581782531e+35
144 -13 2.3927389514004281e+35
146 -13 5.4082747156279604e+35
148 -13 1.1630319039221943e+36
150 -13 2.3823704068388994e+36
152 -13 4.6415072174153211e+36
154 -13 8.6011206318975667e+36
156 -13 1.5136935227831057e+37
158 -13 2.5276687712312624e+37
160 -13 3.9988721270173391e+37
162 -13 5.9883394146303384e+37
164 -13 8.4642413380887851e+37
166 -13 1.1282081949843118e+38
168 -13 1.4145416964356158e+38
170 -13 1.6635888794619287e+38
172 -13 1.8304554706874260e+38
174 -13 1.8782038943484566e+38
176 -13 1.7891079771359973e+38
178 -13 1.5770747689258837e+38
180 -13 1.2801443267896606e+38
182 -13 9.5038199147067324e+37
184 -13 6.4125831445976426e+37
186 -13 3.9015593736417341e+37
188 -13 2.1203198622709279e+37
190 -13 1.0162232035245658e+37
192 -13 4.2259315666688355e+36
194 -13 1.4965272509788419e+36
196 -13 4.3876544277115570e+35
198 -13 1.0237851896772186e+35
200 -13 1.7846454562556726e+34
202 -13 2.0688228994411418e+33
204 -13 1.1997922589083826e+32
92 -12 4.2397338448080375e+14
94 -12 2.1467818084924800e+17
96 -12 1.9228092600872792e+19
98 -12 7.0857003720859661e+20
100 -12 1.5094797014474584e+22
102 -12 2.2061694158697886e+23
104 -12 2.4545514829255538e+24
106 -12 2.2090066460243360e+25
108 -12 1.6821794188136714e+26
110 -12 1.1150752782859431e+27
112 -12 6.5832873474376508e+27
114 -12 3.5147370190416044e+28
116 -12 1.7161713438353051e+29
118 -12 7.7392373113823073e+29
120 -12 3.2492863480375272e+30
122 -12 1.2789474080889516e+31
124 -12 4.7303462721827350e+31
126 -12 1.6525682828093363e+32
128 -12 5.4627848470157386e+32
130 -12 1.7141048471426705e+33
132 -12 5.1124467026358739e+33
134 -12 1.4513897944789446e+34
136 -12 3.9268417460899746e+34
138 -12 1.0130124529155673e+35
140 -12 2.4918910301964677e+35
142 -12 5.8442394660546316e+35
144 -12 1.3076845887162263e+36
146 -12 2.7901866792509065e+36
148 -12 5.6711108195633228e+36
150 -12 1.0986499460410535e+37
152 -12 2.0233377400126859e+37
154 -12 3.5452247970197723e+37
156 -12 5.8984896508398492e+37
158 -12 9.2999593052274407e+37
160 -12 1.3889668829791918e+38
162 -12 1.9583916121876233e+38
164 -12 2.6050446207883672e+38
166 -12 3.2613387575188628e+38
168 -12 3.8313750533301998e+38
170 -12 4.2150298953625695e+38
172 -12 4.3169856400713170e+38
174 -12 4.1135278915117266e+38
176 -12 3.6277046590113127e+38
178 -12 2.9431398200204632e+38
180 -12 2.1864977794364870e+38
182 -12 1.4758236468902639e+38
184 -12 8.9845514586378212e+37
186 -12 4.8868693225496262e+37
188 -12 2.3445087898403841e+37
190 -12 9.7699142457355717e+36
192 -12 3.4671947840465126e+36
194 -12 1.0197702581566008e+36
196 -12 2.3834143645637247e+35
198 -12 4.1713071746633891e+34
200 -12 4.8587376202648555e+33
202 -12 2.8395037635851130e+32
88 -11 4.9414884342938875e+14
90 -11 1.8601842288788106e+17
92 -11 1.4603618850613326e+19
94 -11 5.0098996712938360e+20
96 -11 1.0220618799081293e+22
98 -11 1.4561397866147978e+23
100 -11 1.5946383614931724e+24
102 -11 1.4255713485855751e+25
104 -11 1.0814499363173790e+26
106 -11 7.1836076592660811e+26
108 -11 4.2611697056223916e+27
110 -11 2.2950088466819921e+28
112 -11 1.1344127157652392e+29
114 -11 5.1952295940154142e+29
116 -11 2.2211891098877837e+30
118 -11 8.9063118492694995e+30
120 -11 3.3685921028630096e+31
122 -11 1.2047128885032268e+32
124 -11 4.0848049406745647e+32
126 -11 1.3174339981478250e+33
128 -11 4.0462483771983001e+33
130 -11 1.1834836877637632e+34
132 -11 3.3073296108508514e+34
134 -11 8.8247478585688609e+34
136 -11 2.2476510716900274e+35
138 -11 5.4752435570744437e+35
140 -11 1.2735507704845461e+36
142 -11 2.8275914306263851e+36
144 -11 5.9951916347196879e+36
146 -11 1.2124306614602091e+37
148 -11 2.3373239577075730e+37
150 -11 4.2924636347560571e+37
152 -11 7.4960899167484103e+37
154 -11 1.2445612280892935e+38
156 -11 1.9595076731006238e+38
158 -11 2.9214601308544358e+38
160 -11 4.1165114591999758e+38
162 -11 5.4762051727091202e+38
164 -11 6.8545149640950857e+38
166 -11 8.0538988882540486e+38
168 -11 8.8588466626481375e+38
170 -11 9.0898245124298990e+38
172 -11 8.6681440473852873e+38
174 -11 7.6501910584259319e+38
176 -11 6.2166151002810048e+38
178 -11 4.6257036352858854e+38
180 -11 3.1282720499098387e+38
182 -11 1.9090444854873763e+38
184 -11 1.0404788766695549e+38
186 -11 5.0058822055844079e+37
188 -11 2.0934705493075968e+37
190 -11 7.4494362674607589e+36
192 -11 2.1993184592131294e+36
194 -11 5.1666580061443971e+35
196 -11 9.0878911987691005e+34
198 -11 1.0665857387015649e+34
200 -11 6.2835483616155439e+32
84 -10 4.7718118703478025e+14
86 -10 1.3790258443209478e+17
88 -10 9.5808024739124408e+18
90 -10 3.0753812127221645e+20
92 -10 6.0158557901284767e+21
94 -10 8.3468216931816489e+22
96 -10 8.9881731813372619e+23
98 -10 7.9657956678646296e+24
100 -10 6.0271146497103707e+25
102 -10 4.0095471293178544e+26
104 -10 2.3929959797283383e+27
106 -10 1.2988338341873236e+28
108 -10 6.4925867896402967e+28
110 -10 3.0169533207136746e+29
112 -10 1.3107015264241542e+30
114 -10 5.3569674706194498e+30
116 -10 2.0694288021947193e+31
118 -10 7.5793026263909146e+31
120 -10 2.6355619599877284e+32
122 -10 8.7368214705920180e+32
124 -10 2.7586630401072058e+33
126 -10 8.3222135698887725e+33
128 -10 2.4004714120677213e+34
130 -10 6.6273784818028757e+34
132 -10 1.7478282693827026e+35
134 -10 4.4115422401325873e+35
136 -10 1.0662388578895637e+36
138 -10 2.4645107541237547e+36
140 -10 5.4430384452409033e+36
142 -10 1.1490693229118889e+37
144 -10 2.3167673155166902e+37
146 -10 4.4568253587901041e+37
148 -10 8.1680907856759463e+37
150 -10 1.4255478571710680e+38
152 -10 2.3640433009689034e+38
154 -10 3.7202489261338996e+38
156 -10 5.5497072212956371e+38
158 -10 7.8288090030621822e+38
160 -10 1.0428099785074248e+39
162 -10 1.3065881576000972e+39
164 -10 1.5376640936634244e+39
166 -10 1.6948721291959610e+39
168 -10 1.7431197800393199e+39
170 -10 1.6666051002856904e+39
172 -10 1.4743701841459529e+39
174 -10 1.2017308791614727e+39
176 -10 8.9674543251249518e+38
178 -10 6.0869640539578508e+38
180 -10 3.7261495622366871e+38
182 -10 2.0398898816215213e+38
184 -10 9.8504918266236090e+37
186 -10 4.1358349571148450e+37
188 -10 1.4804706215214089e+37
190 -10 4.3940221772623795e+36
192 -10 1.0388998990672857e+36
194 -10 1.8406421537209871e+35
196 -10 2.1790968702783560e+34
198 -10 1.2974170870860255e+33
78 -9 2.9665636610630760e+10
80 -9 3.7998465280187794e+14
82 -9 8.6981237213778640e+16
84 -9 5.3946827221663918e+18
86 -9 1.6251650075180538e+20
88 -9 3.0500753055699179e+21
90 -9 4.1237005853897597e+22
92 -9 4.3694009290907729e+23
94 -9 3.8292462308918797e+24
96 -9 2.8899306624241720e+25
98 -9 1.9222898286425054e+26
100 -9 1.1520788833928160e+27
102 -9 6.3072309459735886e+27
104 -9 3.1886459903333953e+28
106 -9 1.5011739212110139e+29
108 -9 6.6293163750926021e+29
110 -9 2.7595572247480569e+30
112 -9 1.0884987852788233e+31
114 -9 4.0772849606514741e+31
116 -9 1.4541218458310519e+32
118 -9 4.9472490874658803e+32
120 -9 1.6084792742414595e+33
122 -9 4.9994327528203050e+33
124 -9 1.4883899845041083e+34
126 -9 4.2426349357210492e+34
128 -9 1.1594191379718319e+35
130 -9 3.0361146993643636e+35
132 -9 7.6186917702371090e+35
134 -9 1.8307765229865494e+36
136 -9 4.2141354430065215e+36
138 -9 9.2837718301596321e+36
140 -9 1.9559284815063985e+37
142 -9 3.9375604529400534e+37
144 -9 7.5718039582453782e+37
146 -9 1.3875917740877444e+38
148 -9 2.4222973771734000e+38
150 -9 4.0229686102362281e+38
152 -9 6.3415211780128658e+38
154 -9 9.4824564762720894e+38
156 -9 1.3403448493930846e+39
158 -9 1.7888320727540165e+39
160 -9 2.2493135143773672e+39
162 -9 2.6563889985387416e+39
164 -9 2.9369182641792914e+39
166 -9 3.0307990497824745e+39
168 -9 2.9081366456533467e+39
170 -9 2.5852871976462634e+39
172 -9 2.1164614915625827e+39
174 -9 1.5865444359339708e+39
176 -9 1.0822147798036489e+39
178 -9 6.6588787924523393e+38
180 -9 3.6639661814432935e+38
182 -9 1.7797509443758510e+38
184 -9 7.5178428172560145e+37
186 -9 2.7088919373551469e+37
188 -9 8.0998599453788884e+36
190 -9 1.9310907576871038e+36
192 -9 3.4517305441768135e+35
194 -9 4.1311939994448558e+34
196 -9 2.4893647327706232e+33
74 -8 5.1595912795345612e+10
76 -8 2.4974236771460522e+14
78 -8 4.6207394888522944e+16
80 -8 2.5891931688400005e+18
82 -8 7.3112255179966333e+19
84 -8 1.3200506247324201e+21
86 -8 1.7379543553656305e+22
88 -8 1.8105390224776851e+23
90 -8 1.5705406006879092e+24
92 -8 1.1785508289577543e+25
94 -8 7.8399165805809567e+25
96 -8 4.7186324312059991e+26
98 -8 2.6009401554408473e+27
100 -8 1.3291993788593276e+28
102 -8 6.3402874188732532e+28
104 -8 2.8459903901552803e+29
106 -8 1.2071217867620355e+30
108 -8 4.8575849540019354e+30
110 -8 1.8608777059478028e+31
112 -8 6.8040151949809306e+31
114 -8 2.3751978516589239e+32
116 -8 7.9389678106760444e+32
118 -8 2.5433835258353386e+33
120 -8 7.8158849523005989e+33
122 -8 2.3026456548217742e+34
124 -8 6.5113384491830370e+34
126 -8 1.7673659732245867e+35
128 -8 4.6046094592164865e+35
130 -8 1.1505663524906573e+36
132 -8 2.7584290067310795e+36
134 -8 6.3371965532072919e+36
136 -8 1.3947853876674011e+37
138 -8 2.9381845891280839e+37
140 -8 5.9187138586942643e+37
142 -8 1.1391685279745726e+38
144 -8 2.0931322868657967e+38
146 -8 3.6615759206996950e+38
148 -8 6.0986194041120849e+38
150 -8 9.6402749106537690e+38
152 -8 1.4465405195510147e+39
154 -8 2.0537705970447437e+39
156 -8 2.7522400962534021e+39
158 -8 3.4753069462017717e+39
160 -8 4.1226917794512377e+39
162 -8 4.5824580166357627e+39
164 -8 4.7544003360896496e+39
166 -8 4.5890346026928269e+39
168 -8 4.1009905678220517e+39
170 -8 3.3780437469920007e+39
172 -8 2.5481316878920775e+39
174 -8 1.7493979973282570e+39
176 -8 1.0840345569150715e+39
178 -8 6.0061770665634913e+38
180 -8 2.9398952210902525e+38
182 -8 1.2520971506554609e+38
184 -8 4.5484468200566791e+37
186 -8 1.3720115213020593e+37
188 -8 3.3047489401286727e+36
190 -8 5.9709102062596929e+35
192 -8 7.2308507838009154e+34
194 -8 4.4205450035723563e+33
70 -7 5.9671091132879807e+10
72 -7 1.3474430751243142e+14
74 -7 2.0560678150305184e+16
76 -7 1.0464713583981192e+18
78 -7 2.7801319200116335e+19
80 -7 4.8239494846744304e+20
82 -7 6.1733332771475890e+21
84 -7 6.3137414480807976e+22
86 -7 5.4245624806300212e+23
88 -7 4.0427530143817360e+24
90 -7 2.6875785264615492e+25
92 -7 1.6223217987739049e+26
94 -7 9.0041989936666771e+26
96 -7 4.6486761285570838e+27
98 -7 2.2475202952717532e+28
100 -7 1.0251962505904912e+29
102 -7 4.4274739636511887e+29
104 -7 1.8181235268293561e+30
106 -7 7.1229806146375378e+30
108 -7 2.6679894832621224e+31
110 -7 9.5648848063825631e+31
112 -7 3.2888167982429378e+32
114 -7 1.0844471590907754e+33
116 -7 3.4360703538182154e+33
118 -7 1.0468621111846369e+34
120 -7 3.0635026653058009e+34
122 -7 8.6218169117233088e+34
124 -7 2.3309347747944955e+35
126 -7 6.0572371074913948e+35
128 -7 1.5109891363165437e+36
130 -7 3.6200844182663143e+36
132 -7 8.3211448986297141e+36
134 -7 1.8348913450127948e+37
136 -7 3.8714337824656182e+37
138 -7 7.8203701816361413e+37
140 -7 1.5097028415690729e+38
142 -7 2.7840324489371036e+38
144 -7 4.8889103704119221e+38
146 -7 8.1795711015567732e+38
148 -7 1.2997828684917282e+39
150 -7 1.9602727540635366e+39
152 -7 2.7984995587351518e+39
154 -7 3.7724272641036337e+39
156 -7 4.7922452153013685e+39
158 -7 5.7226871536214580e+39
160 -7 6.4039523101702499e+39
162 -7 6.6906024542998545e+39
164 -7 6.5038353725201795e+39
166 -7 5.8554466897489710e+39
168 -7 4.8601079218797645e+39
170 -7 3.6946755886228933e+39
172 -7 2.5582460769444033e+39
174 -7 1.5991257494348806e+39
176 -7 8.9370706522445186e+38
178 -7 4.4163437929314889e+38
180 -7 1.8994962646614811e+38
182 -7 6.9754025776916410e+37
184 -7 2.1295817584997220e+37
186 -7 5.1883995503259435e+36
188 -7 9.5050945070370135e+35
190 -7 1.1672434211981410e+35
192 -7 7.2577290659183146e+33
66 -6 4.5116279816277008e+10
68 -6 5.8983843871514508e+13
70 -6 7.5913739494780890e+15
72 -6 3.5103892744557574e+17
74 -6 8.8019853542600550e+18
76 -6 1.4657559564507500e+20
78 -6 1.8274941006602694e+21
80 -6 1.8340795637371637e+22
82 -6 1.5561367302135315e+23
84 -6 1.1523339665537751e+24
86 -6 7.6466687266134265e+24
88 -6 4.6252472552197715e+25
90 -6 2.5847522594846279e+26
92 -6 1.3472095016892091e+27
94 -6 6.6036306091557618e+27
96 -6 3.0550897447166726e+28
98 -6 1.3451672956637490e+29
100 -6 5.6339922225606212e+29
102 -6 2.2581156648246705e+30
104 -6 8.6613946701320729e+30
106 -6 3.1890540739272441e+31
108 -6 1.1270170973808633e+32
110 -6 3.8293459100825286e+32
112 -6 1.2525055530123262e+33
114 -6 3.9412675331254216e+33
116 -6 1.1942963192256004e+34
118 -6 3.4813055762721897e+34
120 -6 9.7752522905150181e+34
122 -6 2.6412303711106059e+35
124 -6 6.8591012662037610e+35
126 -6 1.7135302473527393e+36
128 -6 4.1139523086776931e+36
130 -6 9.4810249922193040e+36
132 -6 2.0958534793200626e+37
134 -6 4.4425991368786970e+37
136 -6 9.0084476637339434e+37
138 -6 1.7477160768820068e+38
140 -6 3.2396746052767365e+38
142 -6 5.7262777360404603e+38
144 -6 9.6410382095467263e+38
146 -6 1.5427712649849774e+39
148 -6 2.3427510267940922e+39
150 -6 3.3685181594391259e+39
152 -6 4.5764700730231476e+39
154 -6 5.8609142992014641e+39
156 -6 7.0560204206392877e+39
158 -6 7.9624128379873177e+39
160 -6 8.3920363774649008e+39
162 -6 8.2344850505981285e+39
164 -6 7.4825876902626448e+39
166 -6 6.2670772389054047e+39
168 -6 4.8132779524950339e+39
170 -6 3.3653604316074154e+39
172 -6 2.1260373014997522e+39
174 -6 1.2018729407205736e+39
176 -6 6.0054713497368948e+38
178 -6 2.6154184805246767e+38
180 -6 9.7301572508123939e+37
182 -6 3.0063031838032011e+37
184 -6 7.4375052416424504e+36
186 -6 1.3826592937457641e+36
188 -6 1.7275139342334794e+35
190 -6 1.0955474726602313e+34
62 -5 2.5020925295294876e+10
64 -5 2.0748946233841332e+13
66 -5 2.2837303499369990e+15
68 -5 9.6655658434837776e+16
70 -5 2.2854522653127491e+18
72 -5 3.6574263499533263e+19
74 -5 4.4292655667604318e+20
76 -5 4.3539461989849230e+21
78 -5 3.6431694036596272e+22
80 -5 2.6803050433075204e+23
82 -5 1.7740683629539211e+24
84 -5 1.0757947481686615e+25
86 -5 6.0469708091124339e+25
88 -5 3.1857359935922049e+26
90 -5 1.5810666187191721e+27
92 -5 7.4373978311397168e+27
94 -5 3.3284130092255568e+28
96 -5 1.4257783408664220e+29
98 -5 5.8412740829436972e+29
100 -5 2.2981651219315244e+30
102 -5 8.6870480433417877e+30
104 -5 3.1584341066022013e+31
106 -5 1.1062222586809611e+32
108 -5 3.7314141654476656e+32
110 -5 1.2134408900764330e+33
112 -5 3.8051059054444591e+33
114 -5 1.1507664219459575e+34
116 -5 3.3545685474775484e+34
118 -5 9.4185256484963379e+34
120 -5 2.5494495653015395e+35
122 -5 6.6391584523675807e+35
124 -5 1.6629809419485608e+36
126 -5 4.0115492066248985e+36
128 -5 9.2855660071570692e+36
130 -5 2.0640671649150831e+37
132 -5 4.4005537785150349e+37
134 -5 8.9880187971098449e+37
136 -5 1.7552905536113131e+38
138 -5 3.2774046075021214e+38
140 -5 5.8373137378570491e+38
142 -5 9.9070197855562712e+38
144 -5 1.5994357781245419e+39
146 -5 2.4506060682044954e+39
148 -5 3.5572562337789257e+39
150 -5 4.8802560020135643e+39
152 -5 6.3120293724472728e+39
154 -5 7.6788934356156808e+39
156 -5 8.7548961556698855e+39
158 -5 9.3262607832181682e+39
160 -5 9.2521396982421630e+39
162 -5 8.5038337540312316e+39
164 -5 7.2059393798697933e+39
166 -5 5.5995584339645115e+39
168 -5 3.9638085214695333e+39
170 -5 2.5363143820494368e+39
172 -5 1.4523391171279629e+39
174 -5 7.3583030372789822e+38
176 -5 3.2481160860641162e+38
178 -5 1.2260697891140268e+38
180 -5 3.8519567864159141e+37
182 -5 9.6826212320443943e+36
184 -5 1.8335896996430919e+36
186 -5 2.3359133481792576e+35
188 -5 1.5133669602846999e+34
58 -4 1.0067672635693329e+10
60 -4 5.7799389531965889e+12
62 -4 5.4969612350717731e+14
64 -4 2.1305256509133328e+16
66 -4 4.7491604163616883e+17
68 -4 7.3065378120098406e+18
70 -4 8.5842394490498646e+19
72 -4 8.2682584489657552e+20
74 -4 6.8152834381636761e+21
76 -4 4.9780174426601012e+22
78 -4 3.2851060471653526e+23
80 -4 1.9959839640806068e+24
82 -4 1.1299220097858123e+25
84 -4 6.0115195142801541e+25
86 -4 3.0261475199497920e+26
88 -4 1.4471129035611273e+27
90 -4 6.6083633907067187e+27
92 -4 2.8898990211979619e+28
94 -4 1.2128551337790597e+29
96 -4 4.8917366151249848e+29
98 -4 1.8991149093693150e+30
100 -4 7.1132756153066676e+30
102 -4 2.5678377503860161e+31
104 -4 8.9436520988772877e+31
106 -4 3.0094475526995576e+32
108 -4 9.7686921077116742e+32
110 -4 3.0648642634865899e+33
112 -4 9.2726690506022714e+33
114 -4 2.7097194570751355e+34
116 -4 7.6386422589703374e+34
118 -4 2.0744561347562056e+35
120 -4 5.4327333712963503e+35
122 -4 1.3688520529459770e+36
124 -4 3.3225361060259448e+36
126 -4 7.7458609022323815e+36
128 -4 1.7349407917084460e+37
130 -4 3.7312207405451440e+37
132 -4 7.6887862040037220e+37
134 -4 1.5154514800402347e+38
136 -4 2.8562509342909579e+38
138 -4 5.1389515039766968e+38
140 -4 8.8139963429724597e+38
142 -4 1.4383325976816007e+39
144 -4 2.2278560278355738e+39
146 -4 3.2682415191528328e+39
148 -4 4.5382822434792836e+39
150 -4 5.9423785658876761e+39
152 -4 7.3160384008718271e+39
154 -4 8.4489023579356599e+39
156 -4 9.1152337664254544e+39
158 -4 9.1606659844701307e+39
160 -4 8.5324074067161605e+39
162 -4 7.3329079875662305e+39
164 -4 5.7803297344533901e+39
166 -4 4.1506807501465516e+39
168 -4 2.6954027194890645e+39
170 -4 1.5679438172659382e+39
172 -4 8.0706950725184230e+38
174 -4 3.6221575898086916e+38
176 -4 1.3905864484119752e+38
178 -4 4.4494530754207918e+37
180 -4 1.1408213067200600e+37
182 -4 2.2041764424779461e+36
184 -4 2.8714568121964827e+35
186 -4 1.9097047067878290e+34
54 -3 2.9582419777942686e+09
56 -3 1.2409723481460574e+12
58 -3 1.0257107422732470e+14
60 -3 3.6555265966775330e+15
62 -3 7.7134240130500112e+16
64 -3 1.1349717414254432e+18
66 -3 1.2948748699302470e+19
68 -3 1.2177233500832329e+20
70 -3 9.8963889146553251e+20
72 -3 7.1591346859840876e+21
74 -3 4.7250663458671274e+22
76 -3 2.8755868424752333e+23
78 -3 1.6421766264525035e+24
80 -3 8.8407936950650188e+24
82 -3 4.5185789015796657e+25
84 -3 2.2016877394300422e+26
86 -3 1.0265285325232002e+27
88 -3 4.5909888135900075e+27
90 -3 1.9756227838588862e+28
92 -3 8.1897302382139296e+28
94 -3 3.2732932804989733e+29
96 -3 1.2625711394989670e+30
98 -3 4.7053260663449767e+30
100 -3 1.6951776569288479e+31
102 -3 5.9003287590784677e+31
104 -3 1.9855002993219812e+32
106 -3 6.4639459560680286e+32
108 -3 2.0338772305949165e+33
110 -3 6.1887847570081296e+33
112 -3 1.8164486888969983e+34
114 -3 5.1524691538110241e+34
116 -3 1.4104016676161084e+35
118 -3 3.7208128630354163e+35
120 -3 9.4534353664161330e+35
122 -3 2.3141441613891725e+36
124 -3 5.4511202425671221e+36
126 -3 1.2332460541958155e+37
128 -3 2.6804094846685898e+37
130 -3 5.5842410152609783e+37
132 -3 1.1138771921689838e+38
134 -3 2.1244662684419346e+38
136 -3 3.8705201874298640e+38
138 -3 6.7154264741960348e+38
140 -3 1.1104074670073761e+39
142 -3 1.7431116770818735e+39
144 -3 2.5948577962236530e+39
146 -3 3.6506763310429252e+39
148 -3 4.8475958520190362e+39
150 -3 6.0551485146572225e+39
152 -3 7.0985242082623470e+39
154 -3 7.7751957853140501e+39
156 -3 7.9350564457594313e+39
158 -3 7.5083627504902879e+39
160 -3 6.5558003698074175e+39
162 -3 5.2556944522318549e+39
164 -3 3.8391150052410158e+39
166 -3 2.5369889270377588e+39
168 -3 1.5018955428371146e+39
170 -3 7.8770190764579543e+38
172 -3 3.6038662569215669e+38
174 -3 1.4110785713153906e+38
176 -3 4.6093620328782824e+37
178 -3 1.2084655953404242e+37
180 -3 2.3903725982964001e+36
182 -3 3.1926060005126391e+35
184 -3 2.1827163934173409e+34
50 -2 6.2057848291623378e+08
52 -2 1.9657773574552338e+11
54 -2 1.4245911438291465e+13
56 -2 4.6868855502798262e+14
58 -2 9.3301664007019640e+15
60 -2 1.3165282074667125e+17
62 -2 1.4555082352890614e+18
64 -2 1.3378172956962726e+19
66 -2 1.0701427765279975e+20
68 -2 7.6930335370718596e+20
70 -2 5.0672807228243811e+21
72 -2 3.1148172612177232e+22
74 -2 1.7944542260455906e+23
76 -2 9.8128674977785794e+23
78 -2 5.1002503737631710e+24
80 -2 2.5400620060595031e+25
82 -2 1.2132019516688379e+26
84 -2 5.5742762641659540e+26
86 -2 2.4614349154079892e+27
88 -2 1.0503733896616017e+28
90 -2 4.3298227758895586e+28
92 -2 1.7251415152114923e+29
94 -2 6.6512199250368882e+29
96 -2 2.4830772505623765e+30
98 -2 8.9559191424194479e+30
100 -2 3.1286755566979050e+31
102 -2 1.0585227988522688e+32
104 -2 3.4651574019681953e+32
106 -2 1.0978107467042257e+33
108 -2 3.3669206115893561e+33
110 -2 9.9727427908157732e+33
112 -2 2.8570318921182320e+34
114 -2 7.8953516555933922e+34
116 -2 2.1054081682870794e+35
118 -2 5.4131559492449797e+35
120 -2 1.3415628537005741e+36
122 -2 3.1983604642921391e+36
124 -2 7.3294296294904023e+36
126 -2 1.6138571428578069e+37
128 -2 3.4078106496379180e+37
130 -2 6.8906476143702367e+37
132 -2 1.3344275571003453e+38
134 -2 2.4667376888952917e+38
136 -2 4.3464770792541652e+38
138 -2 7.2955525447777511e+38
140 -2 1.1634046128412336e+39
142 -2 1.7597317442592784e+39
144 -2 2.5170951132649144e+39
146 -2 3.3993876142410076e+39
148 -2 4.3197417977303393e+39
150 -2 5.1490303153241377e+39
152 -2 5.7447966937795266e+39
154 -2 5.9671389137715102e+39
156 -2 5.7511561907460827e+39
158 -2 5.1174134932705002e+39
160 -2 4.1797801779240764e+39
162 -2 3.1151262291295054e+39
164 -2 2.0990888980638248e+39
166 -2 1.2689077338367026e+39
168 -2 6.7973093921480798e+38
170 -2 3.1771115252421359e+38
172 -2 1.2732618569286648e+38
174 -2 4.2556727588387555e+37
176 -2 1.1437936067259659e+37
178 -2 2.3234177430626846e+36
180 -2 3.1944979471356063e+35
182 -2 2.2521404433356303e+34
46 -1 8.7686027544984147e+07
48 -1 2.1679589481149441e+10
50 -1 1.3872556328656533e+12
52 -1 4.2134976729983594e+13
54 -1 7.9023194267322638e+14
56 -1 1.0687107985592590e+16
58 -1 1.1398479307839458e+17
60 -1 1.0246108875767675e+18
62 -1 8.0983271628712817e+18
64 -1 5.8046495889019388e+19
66 -1 3.8486967181711101e+20
68 -1 2.3869244996739594e+21
70 -1 1.4045986966376167e+22
72 -1 7.8318857335639506e+22
74 -1 4.1727885127612001e+23
76 -1 2.1341472093652577e+24
78 -1 1.0498304541214646e+25
80 -1 4.9658749523449617e+25
82 -1 2.2705384165771914e+26
84 -1 9.9948796679222244e+26
86 -1 4.2684363030807324e+27
88 -1 1.7629793116703946e+28
90 -1 7.0485657059593671e+28
92 -1 2.7288532352944132e+29
94 -1 1.0244444890797138e+30
96 -1 3.7252245135748359e+30
98 -1 1.3140268863954295e+31
100 -1 4.4866100623244329e+31
102 -1 1.4841306048582225e+32
104 -1 4.7554760887992543e+32
106 -1 1.4736814866115569e+33
108 -1 4.4215630688545699e+33
110 -1 1.2816715707780737e+34
112 -1 3.5925946546440564e+34
114 -1 9.7188874575656255e+34
116 -1 2.5344737352386475e+35
118 -1 6.3777030710331933e+35
120 -1 1.5440742335137669e+36
122 -1 3.5946829910775837e+36
124 -1 8.0438127661594782e+36
126 -1 1.7269112454663692e+37
128 -1 3.5523809588200714e+37
130 -1 6.9949944556358903e+37
132 -1 1.3156469584632865e+38
134 -1 2.3606764785060417e+38
136 -1 4.0362816292786810e+38
138 -1 6.5564058689385041e+38
140 -1 1.0104055618656393e+39
142 -1 1.4734502526014376e+39
144 -1 2.0286301269552920e+39
146 -1 2.6292823466035300e+39
148 -1 3.1986352081086122e+39
150 -1 3.6402510987033771e+39
152 -1 3.8626533307600200e+39
154 -1 3.8015398442582196e+39
156 -1 3.4571327463206003e+39
158 -1 2.8867741109882191e+39
160 -1 2.1992005142013804e+39
162 -1 1.5160481989383588e+39
164 -1 9.3828369591338373e+38
166 -1 5.1454372869328916e+38
168 -1 2.4661241082905548e+38
170 -1 1.0138550299947167e+38
172 -1 3.4828188680370257e+37
174 -1 9.6195582435547245e+36
176 -1 2.0137153945868055e+36
178 -1 2.8556238584601817e+35
180 -1 2.0850542153277954e+34
40 0 7.7483715005581792e+02
42 0 7.4243004018111881e+06
44 0 1.4741598128228083e+09
46 0 8.3981454423474960e+10
48 0 2.3554842792236162e+12
50 0 4.1645404733549906e+13
52 0 5.3743540395983906e+14
54 0 5.5480081787552360e+15
56 0 4.8791605883769984e+16
58 0 3.8441746289180326e+17
60 0 2.7804921490710999e+18
62 0 1.8777130565770965e+19
64 0 1.2005016199040839e+20
66 0 7.2873152935452331e+20
68 0 4.2117512867842417e+21
70 0 2.3319169532754244e+22
72 0 1.2361279449483990e+23
74 0 6.3143140973262802e+23
76 0 3.1080661243643216e+24
78 0 1.4767016125203578e+25
80 0 6.7828904477440993e+25
82 0 3.0125227774908301e+26
84 0 1.2950547010777542e+27
86 0 5.4010783611384274e+27
88 0 2.1814048659019705e+28
90 0 8.5458930558713053e+28
92 0 3.2489732949930454e+29
94 0 1.1972433973638387e+30
96 0 4.2786466863969316e+30
98 0 1.4811898652629352e+31
100 0 4.9781824378922687e+31
102 0 1.6199360450241617e+32
104 0 5.1023525663633577e+32
106 0 1.5557650568348132e+33
108 0 4.5875730769961980e+33
110 0 1.3074471896151838e+34
112 0 3.6011187603944681e+34
114 0 9.5692737217035451e+34
116 0 2.4527043784975243e+35
118 0 6.0474041388637595e+35
120 0 1.4365302372830763e+36
122 0 3.2778448095523951e+36
124 0 7.1715018655165472e+36
126 0 1.5048527909245261e+37
128 0 3.0260321650933762e+37
130 0 5.8097748200792840e+37
132 0 1.0643720230649545e+38
134 0 1.8585776431522753e+38
136 0 3.0852947979497762e+38
138 0 4.8596345420287155e+38
140 0 7.2471426342116104e+38
142 0 1.0204000894853715e+39
144 0 1.3532511147570471e+39
146 0 1.6839693245161380e+39
148 0 1.9624842389128856e+39
150 0 2.1315597087826162e+39
152 0 2.1489826234076578e+39
154 0 2.0021256359860706e+39
156 0 1.7141527072890468e+39
158 0 1.3395994969387463e+39
160 0 9.4824158101920873e+38
162 0 6.0236134142828260e+38
164 0 3.3963437455175854e+38
166 0 1.6735344587303972e+38
168 0 7.0820105194644778e+37
170 0 2.5059026557990351e+37
172 0 7.1424575787760705e+36
174 0 1.5446859617897470e+36
176 0 2.2680976327123500e+35
178 0 1.7224923849032379e+34
36 1 9.1750905528450971e+01
38 1 2.8914200373433129e+05
40 1 4.6661749902131215e+07
42 1 2.3737123237395148e+09
44 1 6.1298716302499100e+10
46 1 1.0199571946346577e+12
48 1 1.2569114437799609e+13
50 1 1.2643334429469183e+14
52 1 1.1154001283574635e+15
54 1 9.0490186511413240e+15
56 1 6.9305613775392392e+16
58 1 5.0102831670547027e+17
60 1 3.4261344716854144e+18
62 1 2.2218212628076229e+19
64 1 1.3677998335299977e+20
66 1 8.0412127642524031e+20
68 1 4.5283677107320196e+21
70 1 2.4458198056666990e+22
72 1 1.2730634911702411e+23
74 1 6.3711960989568376e+23
76 1 3.0819047125949519e+24
78 1 1.4425206873148011e+25
80 1 6.5183379202124903e+25
82 1 2.8592180968468462e+26
84 1 1.2148920401428381e+27
86 1 4.9980299225714681e+27
88 1 1.9961477746575285e+28
90 1 7.7304935596162081e+28
92 1 2.9046613341817929e+29
94 1 1.0590324914817401e+30
96 1 3.7432890231709581e+30
98 1 1.2829633299748969e+31
100 1 4.2625695406166165e+31
102 1 1.3707313147569119e+32
104 1 4.2721117685854303e+32
106 1 1.2870114449348929e+33
108 1 3.7499564347877802e+33
110 1 1.0548409827900608e+34
112 1 2.8646186162072372e+34
114 1 7.5088862586117236e+34
116 1 1.8946367610021219e+35
118 1 4.6023629384100230e+35
120 1 1.0743509130254672e+36
122 1 2.4090136242909224e+36
124 1 5.1771959752237805e+36
126 1 1.0653849761514330e+37
128 1 2.0965319694300427e+37
130 1 3.9376418375087612e+37
132 1 7.0434140604193407e+37
134 1 1.1985410797684246e+38
136 1 1.9363866863360352e+38
138 1 2.9615979444295942e+38
140 1 4.2766234086004146e+38
142 1 5.8200191983316338e+38
144 1 7.4369634597757740e+38
146 1 8.9007989112052192e+38
148 1 9.9295746991991156e+38
150 1 1.0292871102591638e+39
152 1 9.8587703354405835e+38
154 1 8.6811490425851753e+38
156 1 6.9803301980120582e+38
158 1 5.0905654487890807e+38
160 1 3.3300643337100046e+38
162 1 1.9363349452106776e+38
164 1 9.8462069791749518e+37
166 1 4.3024584873945804e+37
168 1 1.5737607210600110e+37
170 1 4.6437792417978888e+36
172 1 1.0416234855889231e+36
174 1 1.5909389794813935e+35
176 1 1.2609354551135957e+34
40 2 1.1770705366592543e+04
42 2 1.8264623085856758e+07
44 2 2.3405659718585558e+09
46 2 1.0531757270082513e+11
48 2 2.5490843790238696e+12
50 2 4.0825215398526711e+13
52 2 4.8958170235224094e+14
54 2 4.8079527042230100e+15
56 2 4.0654509061736032e+16
58 2 3.0984246627758246e+17
60 2 2.1880002465315141e+18
62 2 1.4477309715606252e+19
64 2 9.0341600347450049e+19
66 2 5.3711628468471025e+20
68 2 3.0542196935790984e+21
70 2 1.6569807431942726e+22
72 2 8.6403046990943598e+22
74 2 4.3408148539952514e+23
76 2 2.1004701463754727e+24
78 2 9.8273895455261851e+24
80 2 4.4416981171421895e+25
82 2 1.9427929209829539e+26
84 2 8.2334648243269452e+26
86 2 3.3822880957400922e+27
88 2 1.3451678280680859e+28
90 2 5.1979029763527478e+28
92 2 1.9454154336013465e+29
94 2 7.0656935837170540e+29
96 2 2.4869399559284747e+30
98 2 8.4808055437832757e+30
100 2 2.8012989036452726e+31
102 2 8.9582073612456357e+31
104 2 2.7721422080101376e+32
106 2 8.2951212702203772e+32
108 2 2.3965186184398690e+33
110 2 6.6872841877791660e+33
112 2 1.7993201897265463e+34
114 2 4.6689659106560749e+34
116 2 1.1652842979756741e+35
118 2 2.7945254562630859e+35
120 2 6.4423918894523733e+35
122 2 1.4226770132799474e+36
124 2 3.0119039525075614e+36
126 2 6.0940249615913398e+36
128 2 1.1773434962201105e+37
130 2 2.1675831721863396e+37
132 2 3.7941101105903434e+37
134 2 6.3070695808997678e+37
136 2 9.9354911134832422e+37
138 2 1.4773698104841520e+38
140 2 2.0716054170009694e+38
142 2 2.7262623769153660e+38
144 2 3.3619349646038156e+38
146 2 3.8677145558701490e+38
148 2 4.1335387603093634e+38
150 2 4.0865379459233394e+38
152 2 3.7139277281479423e+38
154 2 3.0828706576475794e+38
156 2 2.3216745904318751e+38
158 2 1.5711165589944015e+38
160 2 9.4518369714265155e+37
162 2 4.9772826474864338e+37
164 2 2.2547166002769108e+37
166 2 8.5557145361750431e+36
168 2 2.6246630657793271e+36
170 2 6.1255044957829208e+35
172 2 9.7739925567749769e+34
174 2 8.1293684026742298e+33
44 3 6.0308518027249421e+05
46 3 5.1335799982382947e+08
48 3 5.3276242688739700e+10
50 3 2.1434398160603442e+12
52 3 4.8433247216392172e+13
54 3 7.4212008709887475e+14
56 3 8.6616220865398290e+15
58 3 8.2863264554821360e+16
60 3 6.8525490449909184e+17
62 3 5.0604278676900526e+18
64 3 3.4262301746820170e+19
66 3 2.1613512337291798e+20
68 3 1.2804237600906402e+21
70 3 7.2184525315800427e+21
72 3 3.8802354845966781e+22
74 3 1.9944857290566112e+23
76 3 9.8342709527470903e+23
78 3 4.6738382182118926e+24
80 3 2.1384502942510527e+25
82 3 9.4570179473393182e+25
84 3 4.0423558956491953e+26
86 3 1.6701944625846916e+27
88 3 6.6951890282545641e+27
90 3 2.5951929421218841e+28
92 3 9.7477986720716720e+28
94 3 3.5478672742476122e+29
96 3 1.2502165671581335e+30
98 3 4.2634140243835459e+30
100 3 1.4094907618314810e+31
102 3 4.5028849325275279e+31
104 3 1.3914528723280098e+32
106 3 4.1478563752070705e+32
108 3 1.1951182547694132e+33
110 3 3.3201874227108735e+33
112 3 8.8932676987100258e+33
114 3 2.2915238644342404e+34
116 3 5.6762198540003193e+34
118 3 1.3503403107376256e+35
120 3 3.0830633728622306e+35
122 3 6.7329457991704449e+35
124 3 1.4066154949219976e+36
126 3 2.8084414906808110e+36
128 3 5.3398885037586874e+36
130 3 9.6634754844138169e+36
132 3 1.6595412035259317e+37
134 3 2.7003343589118732e+37
136 3 4.1521450280265923e+37
138 3 6.0175087426246940e+37
140 3 8.1959636983170522e+37
142 3 1.0455345970087719e+38
144 3 1.2451829059764871e+38
146 3 1.3777701402429190e+38
148 3 1.4094585160816770e+38
150 3 1.3275242385192644e+38
152 3 1.1418057914839860e+38
154 3 8.9210281831563148e+37
156 3 6.2666544630944530e+37
158 3 3.9133278479288832e+37
160 3 2.1416500210783547e+37
162 3 1.0095031022522962e+37
164 3 3.9940090007169434e+36
166 3 1.2773727809532058e+36
168 3 3.1189851287249021e+35
170 3 5.2141965245963928e+34
172 3 4.5670373225184167e+33
48 4 1.6571425967061276e+07
50 4 8.6009328221380215e+09
52 4 7.3292940800325403e+11
54 4 2.6444719831451344e+13
56 4 5.5706184295191756e+14
58 4 8.1639359164599990e+15
60 4 9.2277848294302336e+16
62 4 8.5989631622542669e+17
64 4 6.9147960656088361e+18
66 4 4.9680157242035102e+19
68 4 3.2573301459903853e+20
70 4 1.9825514144542111e+21
72 4 1.1322269648288188e+22
74 4 6.1192524265620710e+22
76 4 3.1444343761460806e+23
78 4 1.5431846679370530e+24
80 4 7.2654997711096725e+24
82 4 3.2871894339571654e+25
84 4 1.4347625293852806e+26
86 4 6.0317635616806630e+26
88 4 2.4483783793840856e+27
90 4 9.6016410169137715e+27
92 4 3.6433423526919203e+28
94 4 1.3376821783750532e+29
96 4 4.7498941793984792e+29
98 4 1.6311734125444381e+30
100 4 5.4116763245179760e+30
102 4 1.7365071024497865e+31
104 4 5.3803032227479217e+31
106 4 1.6086384098030386e+32
108 4 4.6400222040240280e+32
110 4 1.2878377358819581e+33
112 4 3.4440577134851115e+33
114 4 8.8523275209645478e+33
116 4 2.1855782368900715e+34
118 4 5.1716515011875915e+34
120 4 1.1727201566656638e+35
122 4 2.5416538782580732e+35
124 4 5.2644738861142117e+35
126 4 1.0385124392911870e+36
128 4 1.9495642847441351e+36
130 4 3.4764353593479951e+36
132 4 5.8723449518837863e+36
134 4 9.3771985034202681e+36
136 4 1.4105495063648118e+37
138 4 1.9948279818283895e+37
140 4 2.6442592452382431e+37
142 4 3.2716030547239554e+37
144 4 3.7630154070045635e+37
146 4 4.0019343298890143e+37
148 4 3.9208763104454399e+37
150 4 3.5103881724886622e+37
152 4 2.8555829029319950e+37
154 4 2.0908237432298111e+37
156 4 1.3609977343659134e+37
158 4 7.7753130251541187e+36
160 4 3.8311282950129551e+36
162 4 1.5848285074945270e+36
164 4 5.3097214329567489e+35
166 4 1.3609578901927855e+35
168 4 2.3952545619021295e+34
170 4 2.2217458822720730e+33
52 5 2.7856798205616719e+08
54 5 9.5810669452537659e+10
56 5 6.7918405432037559e+12
58 5 2.2005876333830228e+14
60 5 4.3325934039808445e+15
62 5 6.0476190464029544e+16
64 5 6.6060121107180595e+17
66 5 5.9623982106163528e+18
68 5 4.6677955065859375e+19
70 5 3.2539848404541276e+20
72 5 2.0701427169153689e+21
74 5 1.2199764907467039e+22
76 5 6.7300354851367350e+22
78 5 3.4970186206874355e+23
80 5 1.7248449042785159e+24
82 5 8.1179046681193922e+24
84 5 3.6603690194100833e+25
86 5 1.5821293424847292e+26
88 5 6.5853459436767490e+26
90 5 2.6366218563394505e+27
92 5 1.0173020140618448e+28
94 5 3.7934348782837356e+28
96 5 1.3646924677625022e+29
98 5 4.7410174445004842e+29
100 5 1.5894149371977107e+30
102 5 5.1397230648578551e+30
104 5 1.6046489668599466e+31
106 5 4.8222030659385724e+31
108 5 1.3974020667393536e+32
110 5 3.8949363426237781e+32
112 5 1.0437120533248977e+33
114 5 2.6863423071201776e+33
116 5 6.6247049500062384e+33
118 5 1.5661068843499863e+34
120 5 3.5389580600899259e+34
122 5 7.6404943975615694e+34
124 5 1.5722325064866494e+35
126 5 3.0754163496530373e+35
128 5 5.7146906289675977e+35
130 5 1.0064646025805847e+36
132 5 1.6750339087146241e+36
134 5 2.6294213479996785e+36
136 5 3.8823594145532726e+36
138 5 5.3678406768736864e+36
140 5 6.9313908591203253e+36
142 5 8.3206811061091948e+36
144 5 9.2512252241966265e+36
146 5 9.4647384781211891e+36
148 5 8.8550374428088368e+36
150 5 7.5320888705667340e+36
152 5 5.7672583100355638e+36
154 5 3.9346311151056766e+36
156 5 2.3560962422244349e+36
158 5 1.2170913267421118e+36
160 5 5.2901161792994316e+35
162 5 1.8663203989221973e+35
164 5 5.0443855901204203e+34
166 5 9.3898707913510559e+33
168 5 9.2775578311173100e+32
56 6 3.1443434341807480e+09
58 6 7.4845884642504163e+11
60 6 4.4884807079722328e+13
62 6 1.3064860377913702e+15
64 6 2.4049001605617268e+16
66 6 3.2017548706161926e+17
68 6 3.3584213365915873e+18
70 6 2.9348490989625287e+19
72 6 2.2243611353300812e+20
74 6 1.5045019342798927e+21
76 6 9.2813150176335196e+21
78 6 5.2830695014978395e+22
80 6 2.8067419471518627e+23
82 6 1.4062682982165646e+24
84 6 6.6578217163114955e+24
86 6 3.0108997682918038e+25
88 6 1.2963604991684010e+26
90 6 5.3525594851283664e+26
92 6 2.1202542693549400e+27
94 6 8.0806449965638572e+27
96 6 2.9629166121890336e+28
98 6 1.0468722285589402e+29
100 6 3.5646195183165029e+29
102 6 1.1679915742236039e+30
104 6 3.6833244867551962e+30
106 6 1.1177786040176421e+31
108 6 3.2688018086643974e+31
110 6 9.1711013491853219e+31
112 6 2.4720310351017332e+32
114 6 6.3908082265400935e+32
116 6 1.5817861570922657e+33
118 6 3.7422274618852925e+33
120 6 8.4658817235450801e+33
122 6 1.8234524653018865e+34
124 6 3.7378075554055557e+34
126 6 7.2746161997508225e+34
128 6 1.3425441779219258e+35
130 6 2.3407252983403995e+35
132 6 3.8503822610576743e+35
134 6 5.9541168112227072e+35
136 6 8.6284823698911903e+35
138 6 1.1685903307987152e+36
140 6 1.4710514617792410e+36
142 6 1.7147842852664567e+36
144 6 1.8406095024198367e+36
146 6 1.8102402814964617e+36
148 6 1.6168095788918005e+36
150 6 1.3013851900182424e+36
152 6 9.3331637388967138e+35
154 6 5.8838950996523866e+35
156 6 3.2028337966051272e+35
158 6 1.4700736894458060e+35
160 6 5.4799780056097161e+34
162 6 1.5709354398171823e+34
164 6 3.1081150919859415e+33
166 6 3.2855383957813732e+32
60 7 2.4732125588876137e+10
62 7 4.2761388801163970e+12
64 7 2.1866259500846491e+14
66 7 5.7426660239215080e+15
68 7 9.8677396445039088e+16
70 7 1.2432958493861809e+18
72 7 1.2521416307908153e+19
74 7 1.0557363537953994e+20
76 7 7.7464822004548842e+20
78 7 5.0687130531905311e+21
80 7 3.0119789883454338e+22
82 7 1.6524953107951197e+23
84 7 8.4577468174851572e+23
86 7 4.0662306179327013e+24
88 7 1.8476288800566476e+25
90 7 7.9790369332200336e+25
92 7 3.2866321976003950e+26
94 7 1.2914442672568141e+27
96 7 4.8707519765715845e+27
98 7 1.7602484680182695e+28
100 7 6.1151365273662786e+28
102 7 2.0408126442802419e+29
104 7 6.5382099984133950e+29
106 7 2.0132547095084595e+30
108 7 5.9444946107825632e+30
110 7 1.6864321915759084e+31
112 7 4.5821022257903173e+31
114 7 1.1926840677224285e+32
116 7 2.9709947102607517e+32
118 7 7.0652084416125929e+32
120 7 1.6007677064390953e+33
122 7 3.4531294532706665e+33
124 7 7.0752720239318143e+33
126 7 1.3734411608393923e+34
128 7 2.5212188127749822e+34
130 7 4.3654695350736534e+34
132 7 7.1101400244185883e+34
134 7 1.0843811594594106e+35
136 7 1.5465008055532338e+35
138 7 2.0505947985387009e+35
140 7 2.5216059120252472e+35
142 7 2.8534754288307434e+35
144 7 2.9590601887888562e+35
146 7 2.7889533189705862e+35
148 7 2.3699355258726316e+35
150 7 1.7969394772555847e+35
152 7 1.1977438113370397e+35
154 7 6.9010380393227744e+34
156 7 3.3606992829075638e+34
158 7 1.3312949978722620e+34
160 7 4.0664106269863958e+33
162 7 8.5968297329513992e+32
164 7 9.7864795231741945e+31
64 8 1.4021213481328931e+11
66 8 1.8169820788880086e+13
68 8 7.9906807188482425e+14
70 8 1.9087673309770380e+16
72 8 3.0483857766574707e+17
74 8 3.6438096074518093e+18
76 8 3.5027164452585878e+19
78 8 2.8342435157121057e+20
80 8 2.0038675108929106e+21
82 8 1.2605961692055981e+22
84 8 7.2241496502115286e+22
86 8 3.8086555589843568e+23
88 8 1.8678790869014977e+24
90 8 8.5949989650216164e+24
92 8 3.7385183319395802e+25
94 8 1.5375652731959566e+26
96 8 6.0178226296948877e+26
98 8 2.2476626837393760e+27
100 8 8.0222349023859383e+27
102 8 2.7408230188543395e+28
104 8 8.9593178946515734e+28
106 8 2.8095200740347233e+29
108 8 8.4364097741133999e+29
110 8 2.4224222345669891e+30
112 8 6.6646463184124359e+30
114 8 1.7523925859903682e+31
116 8 4.4033986361380077e+31
118 8 1.0531586616172631e+32
120 8 2.3979870588993419e+32
122 8 5.1909805339426358e+32
124 8 1.0655687085469400e+33
126 8 2.0659349654898442e+33
128 8 3.7812347907350058e+33
130 8 6.5129548034808807e+33
132 8 1.0511634695790669e+34
134 8 1.5840935080400377e+34
136 8 2.2266596220683285e+34
138 8 2.8970857866247966e+34
140 8 3.4760693371437757e+34
142 8 3.8180657477783056e+34
144 8 3.8160007081431306e+34
146 8 3.4387719529263021e+34
148 8 2.7681347345173865e+34
150 8 1.9613867716980681e+34
152 8 1.2031794963287583e+34
154 8 6.2368040091600361e+33
156 8 2.6381306247472464e+33
158 8 8.6277511938540357e+32
160 8 1.9612632724987003e+32
162 8 2.4224525954408570e+31
66 9 3.1416386819174528e+08
68 9 5.7760778184895312e+11
70 9 5.8218178635146000e+13
72 9 2.2287316287243655e+15
74 9 4.8393622341045920e+16
76 9 7.1868836620371917e+17
78 9 8.1311635403327898e+18
80 9 7.4317224368182067e+19
82 9 5.7526507733348077e+20
84 9 3.8907712427388468e+21
86 9 2.3538591816405142e+22
88 9 1.2896406564845249e+23
90 9 6.5074982711511480e+23
92 9 3.0499745353175324e+24
94 9 1.3388534209935017e+25
96 9 5.5320055011959694e+25
98 9 2.1606128419296647e+26
100 9 8.0071201037908708e+26
102 9 2.8251142571858942e+27
104 9 9.4962179629075915e+27
106 9 3.0439478859088226e+28
108 9 9.3278262368539804e+28
110 9 2.7261350602379778e+29
112 9 7.6103266033331976e+29
114 9 2.0270278297330465e+30
116 9 5.1409818889832966e+30
118 9 1.2415656296151962e+31
120 9 2.8494724022718661e+31
122 9 6.1993277384945664e+31
124 9 1.2744525331914524e+32
126 9 2.4763194855417463e+32
128 9 4.5245148619346481e+32
130 9 7.7535508446189581e+32
132 9 1.2418762664955949e+33
134 9 1.8552619631358070e+33
136 9 2.5672965471839352e+33
138 9 3.2773846767279000e+33
140 9 3.8363259690363356e+33
142 9 4.0856177402325265e+33
144 9 3.9233997558446803e+33
146 9 3.3677446423095555e+33
148 9 2.5510638388634472e+33
150 9 1.6735138724285856e+33
152 9 9.2917003567746935e+32
154 9 4.2194321484937347e+32
156 9 1.4843408884675339e+32
158 9 3.6481276151197619e+31
160 9 4.9241341706934431e+30
70 10 2.0053936486122451e+09
72 10 1.8030257484873704e+12
74 10 1.4219641667046628e+14
76 10 4.7718142880558790e+15
78 10 9.4376415938923312e+16
80 10 1.3050591291890284e+18
82 10 1.3905001427636384e+19
84 10 1.2050832786466903e+20
86 10 8.8883071386205540e+20
88 10 5.7320399780900902e+21
90 10 3.2974460699535804e+22
92 10 1.7251904970410222e+23
94 10 8.2826302904365701e+23
96 10 3.6934857740763668e+24
98 10 1.5376817351991233e+25
100 10 6.0010672390110609e+25
102 10 2.2121070323389589e+26
104 10 7.7210033028952865e+26
106 10 2.5551405705700057e+27
108 10 8.0369955339009987e+27
110 10 2.4011839586506472e+28
112 10 6.8345629735482095e+28
114 10 1.8479213302701246e+29
116 10 4.7559691673441457e+29
118 10 1.1607841344044856e+30
120 10 2.6870050154306536e+30
122 10 5.8798206915539153e+30
124 10 1.2145183015493464e+31
126 10 2.3639829795454184e+31
128 10 4.3187294289016313e+31
130 10 7.3764712218536884e+31
132 10 1.1762383934492727e+32
134 10 1.7358593301251628e+32
136 10 2.3672931489154442e+32
138 10 2.9616552408335213e+32
140 10 3.3751913042674520e+32
142 10 3.4757243319883888e+32
144 10 3.1992786405103849e+32
146 10 2.6003862324852589e+32
148 10 1.8354040956984624e+32
150 10 1.0953257979470960e+32
152 10 5.3716906116146835e+31
154 10 2.0441474658587501e+31
156 10 5.4555366816576379e+30
158 10 8.1001544616774923e+29
74 11 1.0045617020069330e+10
76 11 4.2115940912164922e+12
78 11 2.6799208656663475e+14
80 11 7.8870194191000230e+15
82 11 1.4222850201757762e+17
84 11 1.8235208466264438e+18
86 11 1.8201173323362922e+19
88 11 1.4928871746673666e+20
90 11 1.0426437287275346e+21
92 11 6.3750556598674402e+21
94 11 3.4839404455425842e+22
96 11 1.7283212348705862e+23
98 11 7.8500066053545451e+23
100 11 3.3024448958148255e+24
102 11 1.2959916044697620e+25
104 11 4.7566614994628740e+25
106 11 1.6424496785350985e+26
108 11 5.3572254764033788e+26
110 11 1.6502119671853564e+27
112 11 4.8122541558780598e+27
114 11 1.3283899733794773e+28
116 11 3.4764308809936682e+28
118 11 8.6014201148229866e+28
120 11 2.0115073176919836e+29
122 11 4.4420258515261032e+29
124 11 9.2307216087381483e+29
126 11 1.8032703435356426e+30
128 11 3.2930154667419743e+30
130 11 5.6117579923123719e+30
132 11 8.8707217519930012e+30
134 11 1.2958201816070473e+31
136 11 1.7398299049718257e+31
138 11 2.1282029750409130e+31
140 11 2.3584412769882905e+31
142 11 2.3386773374879974e+31
144 11 2.0480956786917852e+31
146 11 1.5603465694563054e+31
148 11 1.0090092233643889e+31
150 11 5.3621946897875259e+30
152 11 2.2229638295850571e+30
154 11 6.4817647829332002e+29
156 11 1.0679554032310006e+29
78 12 2.8494965421922447e+10
80 12 7.5819557144175801e+12
82 12 3.8961288730090288e+14
84 12 1.0049827064461824e+16
86 12 1.6542363650412634e+17
88 12 1.9674471266613873e+18
90 12 1.8325650590313865e+19
92 12 1.4120629485892593e+20
94 12 9.3011465532668667e+20
96 12 5.3671905047446647e+21
98 12 2.7657506157126364e+22
100 12 1.2898599019043222e+23
102 12 5.5097662114130338e+23
104 12 2.1746467456067831e+24
106 12 7.9609560737158515e+24
108 12 2.7295793781955885e+25
110 12 8.7557832664326750e+25
112 12 2.6416070442702593e+26
114 12 7.5017133962792518e+26
116 12 2.0047663867775594e+27
118 12 5.0547053413248171e+27
120 12 1.1971978172200955e+28
122 12 2.6737594601794825e+28
124 12 5.5926613613965855e+28
126 12 1.0964700992047848e+29
128 12 2.0049858947656197e+29
130 12 3.4013234888538764e+29
132 12 5.3439419400930399e+29
134 12 7.7223447452013049e+29
136 12 1.0177481012336893e+30
138 12 1.2158920335738719e+30
140 12 1.3026142909538028e+30
142 12 1.2357528861353737e+30
144 12 1.0202631226501477e+30
146 12 7.1727862717834949e+29
148 12 4.1450973003925581e+29
150 12 1.8804898294335915e+29
152 12 6.0353658340024366e+28
154 12 1.1113144993439649e+28
82 13 5.8737701195989891e+10
84 13 1.0368391195122424e+13
86 13 4.3930425305724312e+14
88 13 9.9625246766499800e+15
90 13 1.4838159738895190e+17
92 13 1.6284719255576822e+18
94 13 1.4120608958664901e+19
96 13 1.0166027523711554e+20
98 13 6.2648498969749068e+20
100 13 3.3822735553593774e+21
102 13 1.6308170811546836e+22
104 13 7.1048158674674659e+22
106 13 2.8377175928574583e+23
108 13 1.0395846907562963e+24
110 13 3.5324990602032167e+24
112 13 1.1158944151984167e+25
114 13 3.2884616136691583e+25
116 13 9.0697907479980515e+25
118 13 2.3399766980830206e+26
120 13 5.6603592069206471e+26
122 13 1.2784953641867294e+27
124 13 2.7047459940255534e+27
126 13 5.3254691763838056e+27
128 13 9.7457280640732173e+27
130 13 1.6480510679375633e+28
132 13 2.5658661735207919e+28
134 13 3.6576542834816553e+28
136 13 4.7240932113240006e+28
138 13 5.4774648065191408e+28
140 13 5.6405783552449950e+28
142 13 5.0662147210887312e+28
144 13 3.8843962440139566e+28
146 13 2.4616220940693014e+28
148 13 1.2265272636388086e+28
150 13 4.3365816727873850e+27
152 13 9.0345385374720947e+26
86 14 8.1080905262572800e+10
88 14 1.0761259128912307e+13
90 14 3.8129490870255419e+14
92 14 7.6067046001439490e+15
94 14 1.0235329695338779e+17
96 14 1.0309576756636819e+18
98 14 8.2624170852389734e+18
100 14 5.5141250056632459e+19
102 14 3.1592734911545357e+20
104 14 1.5866913645618319e+21
106 14 7.0989950119240679e+21
108 14 2.8634766867535128e+22
110 14 1.0552868507252653e+23
112 14 3.5512155106670612e+23
114 14 1.1057133204529782e+24
116 14 3.1785768293329726e+24
118 14 8.4896616351755387e+24
120 14 2.1059959134557281e+25
122 14 4.8524058322280818e+25
124 14 1.0385088428626322e+26
126 14 2.0616164463776567e+26
128 14 3.7793264307302050e+26
130 14 6.3758568438337858e+26
132 14 9.8318226881343868e+26
134 14 1.3760022417796693e+27
136 14 1.7320617404558832e+27
138 14 1.9392779032739286e+27
140 14 1.8980684595656243e+27
142 14 1.5947229694667535e+27
144 14 1.1067456306778190e+27
146 14 6.0990114893204851e+26
148 14 2.3921144287251622e+26
150 14 5.6568995425860358e+25
90 15 8.1147650804861084e+10
92 15 8.3811297981045801e+12
94 15 2.5301745677365066e+14
96 15 4.4426776310650835e+15
98 15 5.3886262168323760e+16
100 15 4.9498350130933920e+17
102 15 3.6389764692071598e+18
104 15 2.2353526437528371e+19
106 15 1.1774967427991813e+20
108 15 5.4315998568334872e+20
110 15 2.2344159088457364e+21
112 15 8.2512477341393910e+21
114 15 2.7629888525046068e+22
116 15 8.4461232231909268e+22
118 15 2.3643048567658241e+23
120 15 6.0914051012453189e+23
122 15 1.4445188078908992e+24
124 15 3.1560568625833951e+24
126 15 6.3316444945709271e+24
128 15 1.1643960225069045e+25
130 15 1.9521130801698810e+25
132 15 2.9796042258478077e+25
134 15 4.0894215634363104e+25
136 15 4.9958401284554983e+25
138 15 5.3430721547540037e+25
140 15 4.9143770657913490e+25
142 15 3.7570426760709861e+25
144 15 2.2954625551056806e+25
146 15 9.9919764762214935e+24
148 15 2.7154071772487131e+24
94 16 6.2777057771346977e+10
96 16 4.8409661639907773e+12
98 16 1.2671508170403564e+14
100 16 1.9651275636185765e+15
102 16 2.1363406712137188e+16
104 16 1.7728808389431635e+17
106 16 1.1873436848124378e+18
108 16 6.6385116422619587e+18
110 16 3.1886836904356024e+19
112 16 1.3360604288437399e+20
114 16 4.9634133319441003e+20
116 16 1.6525771710174779e+21
118 16 4.9541997461712866e+21
120 16 1.3442851340507993e+22
122 16 3.3201879976759983e+22
124 16 7.4593135853882028e+22
126 16 1.5233880337790203e+23
128 16 2.8271880164893634e+23
130 16 4.7491533941012714e+23
132 16 7.1398680811025709e+23
134 16 9.5801121936019512e+23
136 16 1.1225783794952274e+24
138 16 1.1383941253828966e+24
140 16 9.5571347719210217e+23
142 16 6.4892013597354693e+23
144 16 3.1406408520284213e+23
146 16 9.8803205610973025e+22
96 17 2.5797817392225769e+08
98 17 3.5297299299958969e+10
100 17 2.0903637688967224e+12
102 17 4.6986695607573922e+13
104 17 6.4239981173155612e+14
106 17 6.2159549722214230e+15
108 17 4.6419527096393176e+16
110 17 2.7842135523593971e+17
112 17 1.4035750653336143e+18
114 17 6.0368337402077645e+18
116 17 2.2621954510046458e+19
118 17 7.4585850397375775e+19
120 17 2.1885078408702850e+20
122 17 5.7305915331621618e+20
124 17 1.3503656466035861e+21
126 17 2.8368028793606321e+21
128 17 5.3510632017342455e+21
130 17 8.9610426632881748e+21
132 17 1.3368639499015276e+22
134 17 1.7334992113566568e+22
136 17 1.9493848126283011e+22
138 17 1.8095037002479108e+22
140 17 1.3749071338822762e+22
142 17 7.3790160107032344e+21
144 17 2.7238831691412993e+21
100 18 2.2703805122085956e+08
102 18 1.6945325754121464e+10
104 18 6.6423993743228784e+11
106 18 1.2808038964683637e+13
108 18 1.5096588278009975e+14
110 18 1.3019155151540960e+15
112 18 8.5378179148245380e+15
114 18 4.5697876365107504e+16
116 18 2.0252835359988154e+17
118 18 7.7037484027764698e+17
120 18 2.5080137486546596e+18
122 18 7.1766100601552620e+18
124 18 1.7919748897010508e+19
126 18 3.9595046601465184e+19
128 18 7.6277026722310980e+19
130 18 1.2992674428265159e+20
132 18 1.8975650998044905e+20
134 18 2.4003633577558583e+20
136 18 2.4873471730570638e+20
138 18 2.1433614146066432e+20
140 18 1.2801513365979742e+20
142 18 5.6376929434825884e+19
104 19 1.3988411477723581e+08
106 19 5.6140762982807741e+09
108 19 1.6398952820720432e+11
110 19 2.4320622371791045e+12
112 19 2.5218655013143848e+13
114 19 1.8435271811776562e+14
116 19 1.0704256587395772e+15
118 19 4.9042894518682140e+15
120 19 1.8971956151271192e+16
122 19 6.0466690342067176e+16
124 19 1.6789597701191696e+17
126 19 3.9126997898257357e+17
128 19 8.0020099001865958e+17
130 19 1.3595061720547372e+18
132 19 2.0191274312130652e+18
134 19 2.3748309853325819e+18
136 19 2.3769061553620623e+18
138 19 1.5870728391365655e+18
140 19 8.4904727021934170e+17
108 20 3.9677190295008615e+07
110 20 1.4821395774166713e+09
112 20 2.6161511763000259e+10
114 20 3.3385635946776996e+11
116 20 2.6982550101189868e+12
118 20 1.7301163810133330e+13
120 20 8.1439970751245953e+13
122 20 3.2214784209994375e+14
124 20 9.9176286856876012e+14
126 20 2.6488571026397490e+15
128 20 5.5432836069657710e+15
130 20 1.0271428108047708e+16
132 20 1.4156725411873972e+16
134 20 1.7365239189706084e+16
136 20 1.3123255344009492e+16
138 20 8.9371662576711490e+15
112 21 8.2806164703006577e+06
114 21 1.8681499512622276e+08
116 21 2.9318384441800194e+09
118 21 2.5305724171610428e+10
120 21 1.8260785235320340e+11
122 21 8.5094938624381763e+11
124 21 3.5097824385900000e+12
126 21 9.8784926931588047e+12
128 21 2.5660704269160863e+13
130 21 4.3983817080574125e+13
132 21 7.2170385690054672e+13
134 21 6.3623079795169844e+13
136 21 5.9194480605678891e+13
116 22 5.3561300742005394e+05
118 22 1.3347527974802401e+07
120 22 1.2251174829908681e+08
122 22 1.0849304831100509e+09
124 22 4.6520525995374928e+09
126 22 2.1170825647573956e+10
128 22 4.8699916656607536e+10
130 22 1.2743952037589615e+11
132 22 1.3611257831502426e+11
134 22 2.0048552566827722e+11
124 23 1.8141063269181773e+06
126 23 6.0626301342885094e+06
128 23 4.7870531681649849e+07
130 23 6.3699090131579913e+07
132 23 2.1697415987134358e+08
