140 -23 3.1821295804702252e+01
134 -22 1.9953455452882810e+02
136 -22 2.5559645207741814e+03
138 -22 5.1013916759590563e+02
140 -22 1.8043853794989620e+04
128 -21 4.8734911317915737e+02
130 -21 1.5526980793154962e+04
132 -21 7.4942409370979673e+04
134 -21 1.8445317398548708e+05
136 -21 6.1137989314567391e+05
138 -21 2.2802040002158724e+05
140 -21 9.3509246219751821e+05
122 -20 5.8718907330841876e+02
124 -20 3.8367567278656265e+04
126 -20 4.3862427354488015e+05
128 -20 1.8710835290464044e+06
130 -20 5.7335111766385818e+06
132 -20 1.1928231104217440e+07
134 -20 1.6500897065279996e+07
136 -20 2.5180689270402614e+07
138 -20 1.2108747206446800e+07
140 -20 1.8952171915962480e+07
116 -19 3.4695883454982675e+02
118 -19 4.7801010724500331e+04
120 -19 1.2076805247322330e+06
122 -19 8.3062733469398897e+06
124 -19 3.4295927790641420e+07
126 -19 9.6825139122985616e+07
128 -19 2.0920450250190592e+08
130 -19 3.5128165925540310e+08
132 -19 4.8433903701008493e+08
134 -19 5.1795256666409373e+08
136 -19 5.2940032126832247e+08
138 -19 2.6655819967287654e+08
140 -19 2.5695465620594221e+08
110 -18 7.8901296145916874e+01
112 -18 3.1800959352214300e+04
114 -18 1.7321544347478831e+06
116 -18 2.0141120406103354e+07
118 -18 1.1552377458114126e+08
120 -18 4.4095835878776687e+08
122 -18 1.2445975493948143e+09
124 -18 2.7804022381929731e+09
126 -18 5.0244548724096928e+09
128 -18 7.6889268085628424e+09
130 -18 9.8035729508357944e+09
132 -18 1.0741424906902735e+10
134 -18 9.7098548408573895e+09
136 -18 7.9405641516265736e+09
138 -18 3.9001537268703489e+09
140 -18 2.7189672557193475e+09
106 -17 1.0254402481329000e+04
108 -17 1.2679568841150522e+06
110 -17 2.7525937215089392e+07
112 -17 2.3586789999010676e+08
114 -17 1.2253038077489860e+09
116 -17 4.5140613574533596e+09
118 -17 1.2850058500865187e+10
120 -17 2.9590796561304306e+10
122 -17 5.7050911226925316e+10
124 -17 9.4303844951451202e+10
126 -17 1.3453373493089822e+11
128 -17 1.6812211007369568e+11
130 -17 1.8143375331172446e+11
132 -17 1.7146646398001801e+11
134 -17 1.3625963543028973e+11
136 -17 9.5066809493848145e+10
138 -17 4.4229233120055122e+10
140 -17 2.4055781266045856e+10
100 -16 1.1478187999934817e+03
102 -16 4.4295305575609009e+05
104 -16 2.0479446756859004e+07
106 -16 2.9412886541931862e+08
108 -16 2.1664206664175944e+09
110 -16 1.0604915178929903e+10
112 -16 3.8334885658997910e+10
114 -16 1.1060880882206303e+11
116 -16 2.6499740736464294e+11
118 -16 5.3960218461955627e+11
120 -16 9.5390514071739307e+11
122 -16 1.4818543356836807e+12
124 -16 2.0470992258040320e+12
126 -16 2.5019094139684575e+12
128 -16 2.7198734794067271e+12
130 -16 2.5988753603560874e+12
132 -16 2.1784963447346875e+12
134 -16 1.5569372402134316e+12
136 -16 9.5994842583620056e+11
138 -16 4.1907247461319800e+11
140 -16 1.8571243388984662e+11
96 -15 6.0571567053616513e+04
98 -15 7.6706425157722523e+06
100 -15 2.1198043627316108e+08
102 -15 2.4309969750310102e+09
104 -15 1.6368109428596310e+10
106 -15 7.7060825291710632e+10
108 -15 2.7921014135596088e+11
110 -15 8.2056263195497705e+11
112 -15 2.0326177170415740e+12
114 -15 4.3655625539845288e+12
116 -15 8.2072743599958467e+12
118 -15 1.3773517068728389e+13
120 -15 2.0611962980714480e+13
122 -15 2.7758395144251648e+13
124 -15 3.3668431877969895e+13
126 -15 3.6657473096127266e+13
128 -15 3.5657955485647508e+13
130 -15 3.0797391079236551e+13
132 -15 2.3351718855417656e+13
134 -15 1.5273235819721934e+13
136 -15 8.4721628112691035e+12
138 -15 3.4592912730882144e+12
140 -15 1.2776611368681096e+12
90 -14 1.7705903563646677e+03
92 -14 1.1858027114599473e+06
94 -14 8.1940845033090338e+07
96 -14 1.6761925493100748e+09
98 -14 1.6667401641605637e+10
100 -14 1.0536732112350635e+11
102 -14 4.8602727264050079e+11
104 -14 1.7730417148559954e+12
106 -14 5.3374927425218438e+12
108 -14 1.3722396095617607e+13
110 -14 3.0830821675653125e+13
112 -14 6.1457971831678289e+13
114 -14 1.1016033616502986e+14
116 -14 1.7738793619030250e+14
118 -14 2.5909755811527612e+14
120 -14 3.4358186259298962e+14
122 -14 4.1422591380178781e+14
124 -14 4.5330739323948050e+14
126 -14 4.4790364193054944e+14
128 -14 3.9770567466464362e+14
130 -14 3.1472808959611275e+14
132 -14 2.1953757444014838e+14
134 -14 1.3212546141233677e+14
136 -14 6.6700157228300734e+13
138 -14 2.5346383590717148e+13
140 -14 8.0107288758486396e+12
86 -13 5.0289886201027941e+04
88 -13 1.4000410607332477e+07
90 -13 6.4427582715350771e+08
92 -13 1.0822922114370293e+10
94 -13 9.7742214321815231e+10
96 -13 5.9301964602665540e+11
98 -13 2.7209488144838188e+12
100 -13 9.9910660439385762e+12
102 -13 3.0755107937868719e+13
104 -13 8.2066631082708312e+13
106 -13 1.9307097679045347e+14
108 -13 4.0532551387112862e+14
110 -13 7.6847185928592012e+14
112 -13 1.3234754728639705e+15
114 -13 2.0776046962054505e+15
116 -13 2.9851142140218185e+15
118 -13 3.9177535114011465e+15
120 -13 4.7187358234962480e+15
122 -13 5.2012280265743250e+15
124 -13 5.2125571930111680e+15
126 -13 4.7528992135446110e+15
128 -13 3.9042402029721975e+15
130 -13 2.8640649665829045e+15
132 -13 1.8478152057514160e+15
134 -13 1.0264064601878818e+15
136 -13 4.7713469767383094e+14
138 -13 1.6851378160872841e+14
140 -13 4.6129801902177375e+13
80 -12 1.4687464601926439e+02
82 -12 7.5165558868127246e+05
84 -12 1.1870714306676732e+08
86 -12 4.1117359691180687e+09
88 -12 5.9285442386031670e+10
90 -12 4.9940637739290253e+11
92 -12 2.9388875723067178e+12
94 -12 1.3441628512673520e+13
96 -12 4.9927291950873477e+13
98 -12 1.5830943635643962e+14
100 -12 4.3747223014697062e+14
102 -12 1.0740355534125262e+15
104 -12 2.3664508784984710e+15
106 -12 4.7360779246745020e+15
108 -12 8.6547871573733900e+15
110 -12 1.4535811971403504e+16
112 -12 2.2416434917365912e+16
114 -12 3.1834339581396848e+16
116 -12 4.1665103382438160e+16
118 -12 5.0298598351913744e+16
120 -12 5.5863601835902328e+16
122 -12 5.6907036142638624e+16
124 -12 5.3021016644498752e+16
126 -12 4.5012887522075472e+16
128 -12 3.4411119857242656e+16
130 -12 2.3534337941460188e+16
132 -12 1.4130576326154168e+16
134 -12 7.3113938217702320e+15
136 -12 3.1445606783409375e+15
138 -12 1.0282632313869621e+15
140 -12 2.4740624826312706e+14
76 -11 4.2025626130406827e+03
78 -11 7.6955959915344585e+06
80 -11 7.8610833187928379e+08
82 -11 2.1768883275979099e+10
84 -11 2.7997892583330096e+11
86 -11 2.2144375085705635e+12
88 -11 1.2834500767026938e+13
90 -11 5.8692722693975016e+13
92 -11 2.2191754650533453e+14
94 -11 7.2207628822005500e+14
96 -11 2.0692147951063842e+15
98 -11 5.2885956979105640e+15
100 -11 1.2236318223497872e+16
102 -11 2.5853728223951088e+16
104 -11 4.9992119488493904e+16
106 -11 8.9236084177505392e+16
108 -11 1.4686427857590208e+17
110 -11 2.2390640888239933e+17
112 -11 3.1693195697678240e+17
114 -11 4.1485169023327251e+17
116 -11 5.0307879327085011e+17
118 -11 5.6404994163004762e+17
120 -11 5.8466810179850125e+17
122 -11 5.5700360302514765e+17
124 -11 4.8502683977820365e+17
126 -11 3.8476290140135834e+17
128 -11 2.7562511234673786e+17
130 -11 1.7654335588182893e+17
132 -11 9.9399041853064368e+16
134 -11 4.8045404241167584e+16
136 -11 1.9207635807681384e+16
138 -11 5.8264741552645310e+15
140 -11 1.2423034935850208e+15
72 -10 6.7984774822063046e+04
74 -10 5.9413993784290321e+07
76 -10 4.2710626533910952e+09
78 -10 9.7097784256022980e+10
80 -10 1.1260752715073062e+12
82 -10 8.5827861006346484e+12
84 -10 4.8922427667861516e+13
86 -10 2.2384294196836975e+14
88 -10 8.6551939393711600e+14
90 -10 2.8884396268712810e+15
92 -10 8.5884555373948260e+15
94 -10 2.2901908621461832e+16
96 -10 5.5638736464015280e+16
98 -10 1.2382988518185522e+17
100 -10 2.5339595310535427e+17
102 -10 4.8022840501245830e+17
104 -10 8.4284977036689984e+17
106 -10 1.3756711839389348e+18
108 -10 2.0870983114167634e+18
110 -10 2.9456030092591995e+18
112 -10 3.8701536194901176e+18
114 -10 4.7384338986507377e+18
116 -10 5.3727589067770655e+18
118 -10 5.6533165502799626e+18
120 -10 5.4963778678564106e+18
122 -10 4.9215713388332124e+18
124 -10 4.0416336378094561e+18
126 -10 3.0172803523599022e+18
128 -10 2.0373446116508024e+18
130 -10 1.2290670409476293e+18
132 -10 6.4824505287366848e+17
134 -10 2.9345028454783693e+17
136 -10 1.0950693213515618e+17
138 -10 3.0786285302451296e+16
140 -10 5.8655346263219670e+15
68 -9 9.1209115608759935e+05
70 -9 3.5376114517485380e+08
72 -9 1.8611322574092903e+10
74 -9 3.5953008229289148e+11
76 -9 3.8445674904896367e+12
78 -9 2.8297300961424316e+13
80 -9 1.5951872611953100e+14
82 -9 7.3772285186441588e+14
84 -9 2.9111406863820495e+15
86 -9 1.0056448364439304e+16
88 -9 3.1023477877617684e+16
90 -9 8.6538331978572672e+16
92 -9 2.2087574257046982e+17
94 -9 5.1709431440080442e+17
96 -9 1.1189241424182534e+18
98 -9 2.2513495275704223e+18
100 -9 4.2020536125962240e+18
102 -9 7.3156892542220626e+18
104 -9 1.1895991205598228e+19
106 -9 1.8054624426254301e+19
108 -9 2.5599778924789932e+19
110 -9 3.3899327602703282e+19
112 -9 4.1908025675699175e+19
114 -9 4.8199514597927764e+19
116 -9 5.1615362782158856e+19
118 -9 5.1264026651679613e+19
120 -9 4.7124278772513071e+19
122 -9 3.9962296285877363e+19
124 -9 3.1020921971631149e+19
126 -9 2.1907339688751309e+19
128 -9 1.3981819776584884e+19
130 -9 7.9423347141453025e+18
132 -9 3.9502837066541814e+18
134 -9 1.6788623984998858e+18
136 -9 5.8390366551956634e+17
138 -9 1.5331519514009069e+17
140 -9 2.6165381849719404e+16
64 -8 7.4982950075391913e+06
66 -8 1.6096777288862147e+09
68 -8 6.4899040766131882e+10
70 -8 1.0874370941492443e+12
72 -8 1.0900615471234994e+13
74 -8 7.8058887811322062e+13
76 -8 4.3928753136871831e+14
78 -8 2.0567876053671262e+15
80 -8 8.3238575339423440e+15
82 -8 2.9791513508165932e+16
84 -8 9.5594314938596960e+16
86 -8 2.7947733564566810e+17
88 -8 7.4856011101593011e+17
90 -8 1.8510024612030008e+18
92 -8 4.2497989006610883e+18
94 -8 9.0755999087535524e+18
96 -8 1.8044071481578791e+19
98 -8 3.3537484339874181e+19
100 -8 5.8344886639840207e+19
102 -8 9.5087723306512105e+19
104 -8 1.4527245789314597e+20
106 -8 2.0747080848878364e+20
108 -8 2.7728450079551930e+20
110 -8 3.4753737972930511e+20
112 -8 4.0654008690805998e+20
114 -8 4.4393606717731714e+20
116 -8 4.5142941277854754e+20
118 -8 4.2603076285338550e+20
120 -8 3.7173141030869985e+20
122 -8 2.9910669360386592e+20
124 -8 2.2065937028401925e+20
126 -8 1.4784671700209864e+20
128 -8 8.9214089995974410e+19
130 -8 4.8009295963661492e+19
132 -8 2.2541837773031612e+19
134 -8 9.0297461880523162e+18
136 -8 2.9383795083557786e+18
138 -8 7.1919177355875443e+17
140 -8 1.1056011609835493e+17
60 -7 4.1852788739101268e+07
62 -7 5.5295974723690481e+09
64 -7 1.7632720072843976e+11
66 -7 2.6362871775014263e+12
68 -7 2.5150360816137363e+13
70 -7 1.7670151286717750e+14
72 -7 9.9691497199348338e+14
74 -7 4.7582242443439510e+15
76 -7 1.9841246073086224e+16
78 -7 7.3506064810653920e+16
80 -7 2.4686328712712515e+17
82 -7 7.5724050232511450e+17
84 -7 2.1407774765278216e+18
86 -7 5.6092075941198561e+18
88 -7 1.3636754392130875e+19
90 -7 3.0990214582132580e+19
92 -7 6.5865974556282167e+19
94 -7 1.3089920684743069e+20
96 -7 2.4382581390225274e+20
98 -7 4.2681087418334898e+20
100 -7 7.0039978319116186e+20
102 -7 1.0801162923968692e+21
104 -7 1.5632181398152982e+21
106 -7 2.1204079335463101e+21
108 -7 2.7033506080787173e+21
110 -7 3.2205740883358075e+21
112 -7 3.5914892307746222e+21
114 -7 3.7404914263357134e+21
116 -7 3.6245963595515193e+21
118 -7 3.2571532340471446e+21
120 -7 2.7141450639060936e+21
122 -7 2.0801098434547650e+21
124 -7 1.4602851151226499e+21
126 -7 9.3138063136139497e+20
128 -7 5.3420317094533451e+20
130 -7 2.7267871201610465e+20
132 -7 1.2089843885692315e+20
134 -7 4.5581382186973405e+19
136 -7 1.3941872468150024e+19
138 -7 3.1743121908997038e+18
140 -7 4.4332645302821971e+17
54 -6 5.6041438200632940e+04
56 -6 1.5824563585092673e+08
58 -6 1.3999562489053072e+10
60 -6 3.6795233379752008e+11
62 -6 5.0196782761318340e+12
64 -6 4.5947420186324109e+13
66 -6 3.2031453344904794e+14
68 -6 1.8193379267700755e+15
70 -6 8.8782893390151360e+15
72 -6 3.8246508969555440e+16
74 -6 1.4797554101079382e+17
76 -6 5.2116546118899642e+17
78 -6 1.6866974665353702e+18
80 -6 5.0448261107048325e+18
82 -6 1.4015218265445706e+19
84 -6 3.6325300737460785e+19
86 -6 8.8129361382779027e+19
88 -6 1.9995784288209574e+20
90 -6 4.2679880941210108e+20
92 -6 8.5317055211164402e+20
94 -6 1.6060096552407849e+21
96 -6 2.8423162894349485e+21
98 -6 4.7310116736941456e+21
100 -6 7.4115927694195693e+21
102 -6 1.0887538497901931e+22
104 -6 1.5084301747150733e+22
106 -6 1.9578660531614557e+22
108 -6 2.3838320692515349e+22
110 -6 2.7211738528341513e+22
112 -6 2.9087202145611761e+22
114 -6 2.8954733442923946e+22
116 -6 2.6853618671254183e+22
118 -6 2.3131169589153807e+22
120 -6 1.8408507394095330e+22
122 -6 1.3470447748856246e+22
124 -6 9.0262569907283485e+21
126 -6 5.4888775658334071e+21
128 -6 3.0018983279282849e+21
130 -6 1.4500841621162248e+21
132 -6 6.1087663768552958e+20
134 -6 2.1724796723277038e+20
136 -6 6.2480205235061113e+19
138 -6 1.3268186614611333e+19
140 -6 1.6932044291927263e+18
50 -5 5.1202720562000334e+05
52 -5 4.0493803461076868e+08
54 -5 2.5642535308038872e+10
56 -5 5.7669943034903442e+11
58 -5 7.3081484527250820e+12
60 -5 6.4701600605623742e+13
62 -5 4.4753584338372294e+14
64 -5 2.5928620405257690e+15
66 -5 1.2992506887668764e+16
68 -5 5.8190057452324096e+16
70 -5 2.3573611053208701e+17
72 -5 8.7441254094144294e+17
74 -5 2.9950628145488573e+18
76 -5 9.5059119499461140e+18
78 -5 2.8233739029726732e+19
80 -5 7.8230383162566181e+19
82 -5 2.0306221935366868e+20
84 -5 4.9548494174963637e+20
86 -5 1.1355209272694644e+21
88 -5 2.4530694849179225e+21
90 -5 4.9736022681503557e+21
92 -5 9.5200377823383184e+21
94 -5 1.7144757723727076e+22
96 -5 2.9115454103498133e+22
98 -5 4.6493949167459522e+22
100 -5 6.9866433570380538e+22
102 -5 9.8856629658913677e+22
104 -5 1.3156043530366761e+23
106 -5 1.6403512305104876e+23
108 -5 1.9230495166687356e+23
110 -5 2.1124003853341116e+23
112 -5 2.1637975657744687e+23
114 -5 2.0744701173232357e+23
116 -5 1.8470556189998774e+23
118 -5 1.5253103293648282e+23
120 -5 1.1631164516041428e+23
122 -5 8.1493219921552258e+22
124 -5 5.2250178986270836e+22
126 -5 3.0359434852231310e+22
128 -5 1.5800096653941209e+22
130 -5 7.2718796339890555e+21
132 -5 2.9070133279446663e+21
134 -5 9.7846532906397296e+20
136 -5 2.6419276979413942e+20
138 -5 5.2457393811524346e+19
140 -5 6.1311029970868142e+18
46 -4 1.9961296044508887e+06
48 -4 6.9852471057895613e+08
50 -4 3.3460274549624653e+10
52 -4 6.5834660097444336e+11
54 -4 7.8681724040347344e+12
56 -4 6.8068714247607414e+13
58 -4 4.7209461165728081e+14
60 -4 2.7809193157426645e+15
62 -4 1.4435859225566358e+16
64 -4 6.7425592893055736e+16
66 -4 2.8731338270959056e+17
68 -4 1.1267069883796111e+18
70 -4 4.1051091357410304e+18
72 -4 1.3944438607385889e+19
74 -4 4.4294203418877190e+19
76 -4 1.3160893247034109e+20
78 -4 3.6937737918418544e+20
80 -4 9.7289428422830431e+20
82 -4 2.4076353240740140e+21
84 -4 5.6221112344793590e+21
86 -4 1.2380490684907859e+22
88 -4 2.5663123005913864e+22
90 -4 5.0229425777779726e+22
92 -4 9.2736745906107427e+22
94 -4 1.6116258768653390e+23
96 -4 2.6459870433514142e+23
98 -4 4.0861399944733205e+23
100 -4 5.9369755676703675e+23
102 -4 8.1047102713166490e+23
104 -4 1.0430422862136691e+24
106 -4 1.2573608413724241e+24
108 -4 1.4209455805972199e+24
110 -4 1.5040875107916669e+24
112 -4 1.4886572877260507e+24
114 -4 1.3724703318347999e+24
116 -4 1.1772063989252845e+24
118 -4 9.3552234340657485e+23
120 -4 6.8589941054384426e+23
122 -4 4.6117889624475891e+23
124 -4 2.8299350418661180e+23
126 -4 1.5727370567938805e+23
128 -4 7.8328313480934574e+22
130 -4 3.4351392312906477e+22
132 -4 1.3029030791231341e+22
134 -4 4.1550904643554797e+21
136 -4 1.0582310251640248e+21
138 -4 1.9637954736895866e+20
140 -4 2.1117697622398689e+19
42 -3 4.0250778592613577e+06
44 -3 7.8750491081305146e+08
46 -3 3.0239052006821449e+10
48 -3 5.3386236733673853e+11
50 -3 6.0383410260653564e+12
52 -3 5.1378354945516266e+13
54 -3 3.5840558780345994e+14
56 -3 2.1650815779688785e+15
58 -3 1.1662862549518788e+16
60 -3 5.7125479355224496e+16
62 -3 2.5695387099362797e+17
64 -3 1.0752538825202252e+18
66 -3 4.1888968905479946e+18
68 -3 1.5284237504727257e+19
70 -3 5.2212297521908072e+19
72 -3 1.6810043288446091e+20
74 -3 5.1019383870886406e+20
76 -3 1.4588222860386917e+21
78 -3 3.9302480655040905e+21
80 -3 9.9851890037512104e+21
82 -3 2.3947664570548889e+22
84 -3 5.4236531691560817e+22
86 -3 1.1586409760498165e+23
88 -3 2.3377574255859807e+23
90 -3 4.4468781495550751e+23
92 -3 7.9791844485639230e+23
94 -3 1.3498627935498369e+24
96 -3 2.1467537176503057e+24
98 -3 3.2228707151774846e+24
100 -3 4.5500745222153413e+24
102 -3 6.0455367159166315e+24
104 -3 7.5280326202066457e+24
106 -3 8.8162162159377910e+24
108 -3 9.6528152390003108e+24
110 -3 9.8881722702452721e+24
112 -3 9.4634458147374729e+24
114 -3 8.4381121295838109e+24
116 -3 6.9767122277040860e+24
118 -3 5.3424234002063674e+24
120 -3 3.7685102330169846e+24
122 -3 2.4346852316485475e+24
124 -3 1.4362742635753566e+24
126 -3 7.6416281302712961e+23
128 -3 3.6357077877704775e+23
130 -3 1.5233693759118116e+23
132 -3 5.5078674862954552e+22
134 -3 1.6643365490966334e+22
136 -3 3.9982081588984891e+21
138 -3 6.9682016004133906e+20
140 -3 6.9090896115325428e+19
38 -2 4.5834513626158563e+06
40 -2 5.7033549682701778e+08
42 -2 1.8018677119403862e+10
44 -2 2.8987265258557916e+11
46 -2 3.1491171312590381e+12
48 -2 2.6484943081139098e+13
50 -2 1.8661093548814947e+14
52 -2 1.1577891029411325e+15
54 -2 6.5111756717222100e+15
56 -2 3.3679059162761016e+16
58 -2 1.6155395505607386e+17
60 -2 7.2230031661681037e+17
62 -2 3.0255269958390820e+18
64 -2 1.1963324476111430e+19
66 -2 4.4383966965708095e+19
68 -2 1.5519307999668018e+20
70 -2 5.1344523958605853e+20
72 -2 1.6053908691020819e+21
74 -2 4.7336571512440257e+21
76 -2 1.3206566562901619e+22
78 -2 3.4745079349881113e+22
80 -2 8.6324292650676662e+22
82 -2 2.0275968592424440e+23
84 -2 4.5000736083608994e+23
86 -2 9.4270639102171070e+23
88 -2 1.8573415762783520e+24
90 -2 3.4653699247642303e+24
92 -2 6.0797525293338095e+24
94 -2 1.0054907930021711e+25
96 -2 1.5654273541185156e+25
98 -2 2.2967406630174312e+25
100 -2 3.1604663542725153e+25
102 -2 4.0895336853320880e+25
104 -2 4.9689898104324673e+25
106 -2 5.6519935064328723e+25
108 -2 6.0195219810411622e+25
110 -2 5.9937601256917539e+25
112 -2 5.5540194720245992e+25
114 -2 4.7911999360282378e+25
116 -2 3.8350507158640605e+25
118 -2 2.8381211248927913e+25
120 -2 1.9281956208451060e+25
122 -2 1.2025118256993803e+25
124 -2 6.8060383382945216e+24
126 -2 3.4796422480376949e+24
128 -2 1.5845129805641657e+24
130 -2 6.3453126615742983e+23
132 -2 2.1852881937007852e+23
134 -2 6.2777628881957245e+22
136 -2 1.4270958222690472e+22
138 -2 2.3323467121562359e+21
140 -2 2.1489827950387885e+20
34 -1 2.9088377418937488e+06
36 -1 2.5119378023735058e+08
38 -1 6.7167120890825853e+09
40 -1 9.9395892917087692e+10
42 -1 1.0338262288660911e+12
44 -1 8.6102692363155781e+12
46 -1 6.1820503327148219e+13
48 -1 3.9838246939811025e+14
50 -1 2.3539811021729685e+15
52 -1 1.2952153879365904e+16
54 -1 6.6718642693878816e+16
56 -1 3.2194882391319443e+17
58 -1 1.4659458696804923e+18
60 -1 6.2982790194165064e+18
62 -1 2.5571211773865615e+19
64 -1 9.8117292243620626e+19
66 -1 3.5649660808470286e+20
68 -1 1.2270836581526560e+21
70 -1 3.9942857255177515e+21
72 -1 1.2319240456724575e+22
74 -1 3.5891686654842862e+22
76 -1 9.8864999993500705e+22
78 -1 2.5755590759429929e+23
80 -1 6.3326256682213135e+23
82 -1 1.4696946305134949e+24
84 -1 3.2215384496405934e+24
86 -1 6.6598901764052470e+24
88 -1 1.2979144988406935e+25
90 -1 2.3817182720928983e+25
92 -1 4.1190599328946242e+25
94 -1 6.7047988572926926e+25
96 -1 1.0243750686174708e+26
98 -1 1.4726038966923023e+26
100 -1 1.9881201666649494e+26
102 -1 2.5184560163128841e+26
104 -1 2.9878982691877762e+26
106 -1 3.3194533924985659e+26
108 -1 3.4459187777519204e+26
110 -1 3.3350227045953700e+26
112 -1 3.0065224463745304e+26
114 -1 2.5157850264734503e+26
116 -1 1.9511066123907221e+26
118 -1 1.3968075728374640e+26
120 -1 9.1866398396116684e+25
122 -1 5.5163624556911468e+25
124 -1 3.0138733975606713e+25
126 -1 1.4794001600509550e+25
128 -1 6.4594944129639522e+24
130 -1 2.4791039380287847e+24
132 -1 8.1466408697548480e+23
134 -1 2.2291197009319580e+23
136 -1 4.8000101118670168e+22
138 -1 7.3923949490199666e+21
140 -1 6.3231161960178673e+20
28 0 7.8827320998115704e+02
30 0 9.3950534149908484e+05
32 0 5.9640925801463768e+07
34 0 1.3878032471379409e+09
36 0 1.8924718572088306e+10
38 0 1.8943221319978687e+11
40 0 1.5695857683630378e+12
42 0 1.1579694107130068e+13
44 0 7.8618697179376344e+13
46 0 4.9926943919528950e+14
48 0 2.9700711552341965e+15
50 0 1.6644290993080738e+16
52 0 8.7846952870032704e+16
54 0 4.3827609374018400e+17
56 0 2.0701910314710502e+18
58 0 9.2864575146411950e+18
60 0 3.9452025947776139e+19
62 0 1.5929605606159385e+20
64 0 6.1019266054094455e+20
66 0 2.2148217967426376e+21
68 0 7.6153204974966968e+21
70 0 2.4837295351178786e+22
72 0 7.6657112517299199e+22
74 0 2.2362516033597018e+23
76 0 6.1599499770817827e+23
78 0 1.6034135257712170e+24
80 0 3.9385407943940853e+24
82 0 9.1272613872927692e+24
84 0 1.9928955356376821e+25
86 0 4.0989056657610952e+25
88 0 7.9295381610370514e+25
90 0 1.4432572671386523e+26
92 0 2.4721661678822904e+26
94 0 3.9747246169158171e+26
96 0 6.0002001377863466e+26
98 0 8.5055139265601140e+26
100 0 1.1288001702671008e+27
102 0 1.4033238795212869e+27
104 0 1.6337670172473054e+27
106 0 1.7745472421035143e+27
108 0 1.8001865802099766e+27
110 0 1.7019230081941463e+27
112 0 1.4939044671828091e+27
114 0 1.2172778785434557e+27
116 0 9.1714442214850428e+26
118 0 6.3610455257962020e+26
120 0 4.0497753245443695e+26
122 0 2.3529778155365877e+26
124 0 1.2391878735619736e+26
126 0 5.8624962219277321e+25
128 0 2.4637835274300672e+25
130 0 9.0488458479179157e+24
132 0 2.8437668038242828e+24
134 0 7.4128179242236306e+23
136 0 1.5177945930530252e+23
138 0 2.2045769183911135e+22
140 0 1.7597270437166029e+21
24 1 2.9294638487144135e+02
26 1 1.1735048372960200e+05
28 1 5.8295772929671183e+06
30 1 1.1792108135982662e+08
32 1 1.4910985325036039e+09
34 1 1.4436749608339458e+10
36 1 1.2214809391016252e+11
38 1 9.7201138784187830e+11
40 1 7.3414797316858984e+12
42 1 5.2263934461542797e+13
44 1 3.4881717077566462e+14
46 1 2.1843083831709135e+15
48 1 1.2928648015038570e+16
50 1 7.2434420614396576e+16
52 1 3.8383745516619475e+17
54 1 1.9308806207285294e+18
56 1 9.2211473364598927e+18
58 1 4.1872846328511619e+19
60 1 1.8092054453606859e+20
62 1 7.4090984237640437e+20
64 1 2.8806023634474259e+21
66 1 1.0616162705526669e+22
68 1 3.7183442759096344e+22
70 1 1.2302213665295366e+23
72 1 3.8524015501947908e+23
74 1 1.1382288793942741e+24
76 1 3.1753611646933868e+24
78 1 8.3530520378042613e+24
80 1 2.0688962977013466e+25
82 1 4.8235915649208295e+25
84 1 1.0575707060718641e+26
86 1 2.1823330190807391e+26
88 1 4.2257113800852517e+26
90 1 7.6717143631808283e+26
92 1 1.3086991459935600e+27
94 1 2.0917287999395045e+27
96 1 3.1304394371163966e+27
98 1 4.3893637678805490e+27
100 1 5.7532501168853864e+27
102 1 7.0538565656147568e+27
104 1 8.0746977245470726e+27
106 1 8.6161696589525530e+27
108 1 8.5773590121897005e+27
110 1 7.9295089768786158e+27
112 1 6.8072091771805670e+27
114 1 5.4062745045865174e+27
116 1 3.9636994327656696e+27
118 1 2.6742348579062275e+27
120 1 1.6530438625385779e+27
122 1 9.2998400669507499e+26
124 1 4.7328021721253593e+26
126 1 2.1599632155642230e+26
128 1 8.7367939348269059e+25
130 1 3.0837416459991419e+25
132 1 9.2931623167206256e+24
134 1 2.3111241695127898e+24
136 1 4.5009963253776005e+23
138 1 6.1918361453460556e+22
140 1 4.6219101297225902e+21
28 2 9.2815248297076498e+04
30 2 2.0296144756343175e+07
32 2 8.2004080720951807e+08
34 2 1.5373045819675520e+10
36 2 1.9063454679352368e+11
38 2 1.8442034323058406e+12
40 2 1.5350690235336176e+13
42 2 1.1609414806694452e+14
44 2 8.1702667714344250e+14
46 2 5.3915758406552630e+15
48 2 3.3420767709591724e+16
50 2 1.9589537834280464e+17
52 2 1.0826493221478308e+18
54 2 5.6810390986838241e+18
56 2 2.8259860159621145e+19
58 2 1.3354070545203205e+20
60 2 5.9714338668852635e+20
62 2 2.5377585181008556e+21
64 2 1.0208299788016432e+22
66 2 3.8993189367013433e+22
68 2 1.4058476922832504e+23
70 2 4.7892537465553091e+23
72 2 1.5412806270060398e+24
74 2 4.6740074938857702e+24
76 2 1.3344943452377526e+25
78 2 3.5882351764046071e+25
80 2 9.0595773568888263e+25
82 2 2.1472460598015345e+26
84 2 4.7715049345021545e+26
86 2 9.9513299340813983e+26
88 2 1.9432555886400361e+27
90 2 3.5447445875862391e+27
92 2 6.0560049195213110e+27
94 2 9.6764838573218915e+27
96 2 1.4445589131212190e+28
98 2 2.0148345601116006e+28
100 2 2.6212624465729727e+28
102 2 3.1797491135906593e+28
104 2 3.5941612139214952e+28
106 2 3.7815125760908693e+28
108 2 3.6990663504857750e+28
110 2 3.3599568955034512e+28
112 2 2.8261600479502909e+28
114 2 2.1958769527808896e+28
116 2 1.5721019459279352e+28
118 2 1.0328849300083661e+28
120 2 6.2020614404349164e+27
122 2 3.3894830293572852e+27
124 2 1.6714391941561839e+27
126 2 7.3761700237858367e+26
128 2 2.8761262692613851e+26
130 2 9.7767593393882282e+25
132 2 2.8299282832494104e+25
134 2 6.7298965472212341e+24
136 2 1.2497064751210256e+24
138 2 1.6308411741638253e+23
140 2 1.1437859591165795e+22
32 3 1.1506091587660626e+07
34 3 1.5894702071495326e+09
36 3 5.4261732969181198e+10
38 3 9.5569959626816675e+11
40 3 1.1629083141774107e+13
42 3 1.1247097654089623e+14
44 3 9.4100736405878438e+14
46 3 7.0651458436078370e+15
48 3 4.8884019571785248e+16
50 3 3.1533359656886842e+17
52 3 1.9013105599731674e+18
54 3 1.0749213595034022e+19
56 3 5.7408657686361915e+19
58 3 2.8981598975950055e+20
60 3 1.3806581955102216e+21
62 3 6.2174039602177633e+21
64 3 2.6419092228324895e+22
66 3 1.0604197879858284e+23
68 3 4.0153115793092700e+23
70 3 1.4334394565904260e+24
72 3 4.8122227894980931e+24
74 3 1.5196253906159152e+25
76 3 4.5013809557545366e+25
78 3 1.2501212844743414e+26
80 3 3.2534715169059366e+26
82 3 7.9231170431198247e+26
84 3 1.8038796144438345e+27
86 3 3.8303205027331491e+27
88 3 7.6046691406381668e+27
90 3 1.4077083484941693e+28
92 3 2.4263712482319995e+28
94 3 3.9033086515327444e+28
96 3 5.8445698379273329e+28
98 3 8.1510655478042725e+28
100 3 1.0571863120770834e+29
102 3 1.2757859182562816e+29
104 3 1.4324495840291843e+29
106 3 1.4915562943584826e+29
108 3 1.4402523065349315e+29
110 3 1.2880956656321175e+29
112 3 1.0653573155378068e+29
114 3 8.1220391454097079e+28
116 3 5.6876051439129585e+28
118 3 3.6530208591161863e+28
120 3 2.1397249238467690e+28
122 3 1.1362172276393045e+28
124 3 5.4452376637916850e+27
126 3 2.3281639239175068e+27
128 3 8.7722379652504095e+26
130 3 2.8785806413838685e+26
132 3 8.0079215744120867e+25
134 3 1.8276201582840833e+25
136 3 3.2406225156786670e+24
138 3 4.0177132242600928e+23
140 3 2.6613459291389563e+22
36 4 8.0270900040710342e+08
38 4 7.6550453040330872e+10
40 4 2.2609606226342422e+12
42 4 3.7778545071037148e+13
44 4 4.5201501397259119e+14
46 4 4.3873261256236555e+15
48 4 3.6883226057042496e+16
50 4 2.7798092758547910e+17
52 4 1.9183455350668831e+18
54 4 1.2274598835742405e+19
56 4 7.3005998847990268e+19
58 4 4.0653069950238117e+20
60 4 2.1233594407745597e+21
62 4 1.0409895736605321e+22
64 4 4.7871941299639052e+22
66 4 2.0645102134764146e+23
68 4 8.3750774475840068e+23
70 4 3.1874304871926459e+24
72 4 1.1364102632114833e+25
74 4 3.7923376092195923e+25
76 4 1.1832658129472849e+26
78 4 3.4472537008267596e+26
80 4 9.3647114459316625e+26
82 4 2.3723074435079931e+27
84 4 5.5957378981320774e+27
86 4 1.2260021924668268e+28
88 4 2.4986026188517035e+28
90 4 4.7257922563679395e+28
92 4 8.3061351502574298e+28
94 4 1.3549696238986397e+29
96 4 2.0513724847746749e+29
98 4 2.8788156837556057e+29
100 4 3.7498514192922770e+29
102 4 4.5260747766623175e+29
104 4 5.0663549394677087e+29
106 4 5.2437599240628857e+29
108 4 5.0216454304183166e+29
110 4 4.4401778720773747e+29
112 4 3.6212164160853361e+29
114 4 2.7167239945742350e+29
116 4 1.8686996285365032e+29
118 4 1.1756957456841093e+29
120 4 6.7359616916893489e+28
122 4 3.4895116887822240e+28
124 4 1.6269565133100603e+28
126 4 6.7585327566673191e+27
128 4 2.4748233855633081e+27
130 4 7.8357133183593113e+26
132 4 2.1013311687418097e+26
134 4 4.6133165749036161e+25
136 4 7.8394550815551872e+24
138 4 9.2578487543074635e+23
140 4 5.7993942631024045e+22
40 5 3.7101788896415749e+10
42 5 2.5288043592994365e+12
44 5 6.6868316265740484e+13
46 5 1.0640768165446028e+15
48 5 1.2592156052717890e+16
50 5 1.2241171132044147e+17
52 5 1.0341969974454848e+18
54 5 7.8407092374933637e+18
56 5 5.4175669754526892e+19
58 5 3.4544268850964110e+20
60 5 2.0398190994327779e+21
62 5 1.1228845541840405e+22
64 5 5.7464704080100213e+22
66 5 2.7432283552269812e+23
68 5 1.2205673437864242e+24
70 5 5.0598985836521204e+24
72 5 1.9541214413546001e+25
74 5 7.0343829145828208e+25
76 5 2.3516573394218652e+26
78 5 7.3102937926573788e+26
80 5 2.1069975025023311e+27
82 5 5.6358872664575487e+27
84 5 1.3935518876248839e+28
86 5 3.1901510025520747e+28
88 5 6.7615384388749049e+28
90 5 1.3223180548102160e+29
92 5 2.3905806799695534e+29
94 5 3.9914209407607063e+29
96 5 6.1615321572863176e+29
98 5 8.7794249857435393e+29
100 5 1.1555367591640825e+30
102 5 1.4050169357897207e+30
104 5 1.5761259814690715e+30
106 5 1.6321065897434238e+30
108 5 1.5578757171161259e+30
110 5 1.3682253150045159e+30
112 5 1.1044757601129763e+30
114 5 8.1908402372709684e+29
116 5 5.5500400881136840e+29
118 5 3.4335417761690762e+29
120 5 1.9296126065026393e+29
122 5 9.7874327840182519e+28
124 5 4.4511670671895814e+28
126 5 1.8023438642668089e+28
128 5 6.4040085635186026e+27
130 5 1.9662005079512716e+27
132 5 5.1027422880717602e+26
134 5 1.0794970049459085e+26
136 5 1.7595713459215080e+25
138 5 1.9875244070566931e+24
140 5 1.1835006387999682e+23
42 6 2.7582776759771843e+09
44 6 1.1462746086457695e+12
46 6 6.2744837946208797e+13
48 6 1.4954341405654230e+15
50 6 2.2916718505097720e+16
52 6 2.6748241609881008e+17
54 6 2.5976131475531704e+18
56 6 2.2051709731644936e+19
58 6 1.6782711820520092e+20
60 6 1.1628385461812700e+21
62 6 7.4185666984804855e+21
64 6 4.3503573261755705e+22
66 6 2.3598016999033073e+23
68 6 1.1829807055339533e+24
70 6 5.4879015940895925e+24
72 6 2.3510391504497765e+25
74 6 9.3268068133548636e+25
76 6 3.4163152183270875e+26
78 6 1.1531816545808540e+27
80 6 3.5957236111792269e+27
82 6 1.0320434151953982e+28
84 6 2.7235303523223893e+28
86 6 6.6153804643216559e+28
88 6 1.4764551548671456e+29
90 6 3.0267851325216794e+29
92 6 5.6951693755782166e+29
94 6 9.8468135612207972e+29
96 6 1.5637361971585211e+30
98 6 2.2826119643110477e+30
100 6 3.0630854766034831e+30
102 6 3.7759139948415920e+30
104 6 4.2787798897796527e+30
106 6 4.4520468211085707e+30
108 6 4.2605699496417870e+30
110 6 3.7391009927303526e+30
112 6 3.0040393309085551e+30
114 6 2.2092771444319419e+30
116 6 1.4822757315996487e+30
118 6 9.0535464000846081e+29
120 6 5.0004601673837025e+29
122 6 2.4920955242615646e+29
124 6 1.1099180952248524e+29
126 6 4.3862490202118359e+28
128 6 1.5194933046598345e+28
130 6 4.5387110610549600e+27
132 6 1.1405464896266330e+27
134 6 2.3333864546448616e+26
136 6 3.6614485405569210e+25
138 6 3.9652597647099235e+24
140 6 2.2492922879401660e+23
46 7 1.1580864519872809e+11
48 7 2.7316523214262895e+13
50 7 1.1985145485375298e+15
52 7 2.6445396953648252e+16
54 7 3.9035499988678144e+17
56 7 4.5064415375802092e+18
58 7 4.3672630328718303e+19
60 7 3.7203445517764382e+20
62 7 2.8414073629751048e+21
64 7 1.9708662018714737e+22
66 7 1.2502751243178355e+23
68 7 7.2725480494911870e+23
70 7 3.8725096058705075e+24
72 7 1.8916356184759172e+25
74 7 8.4835804488388017e+25
76 7 3.4795083192642700e+26
78 7 1.3074807059440995e+27
80 7 4.5004795440271843e+27
82 7 1.4152918928646868e+28
84 7 4.0640295931240553e+28
86 7 1.0643389242857540e+29
88 7 2.5448276820413800e+29
90 7 5.5495686181445503e+29
92 7 1.1025849243665665e+30
94 7 1.9990471440381033e+30
96 7 3.3077192653836220e+30
98 7 4.9967654451885325e+30
100 7 6.8952416337933801e+30
102 7 8.6997675254689804e+30
104 7 1.0029754919470815e+31
106 7 1.0584307310630930e+31
108 7 1.0203640005465794e+31
110 7 8.9929578289405502e+30
112 7 7.2413269054511617e+30
114 7 5.3074547109342938e+30
116 7 3.5408169968512871e+30
118 7 2.1417979388049342e+30
120 7 1.1691866814400823e+30
122 7 5.7346856712319223e+29
124 7 2.5120368384774419e+29
126 7 9.7288674827428902e+28
128 7 3.2932786799402499e+28
130 7 9.5765717263192128e+27
132 7 2.3409809574607859e+27
134 7 4.6436688452863912e+26
136 7 7.0252213377920110e+25
138 7 7.3277004878360844e+24
140 7 3.9756674863543992e+23
50 8 3.6854343238266177e+12
52 8 4.9119416430541206e+14
54 8 1.8571194030759708e+16
56 8 3.7810013729663706e+17
58 8 5.4267867320432374e+18
60 8 6.1747994446500692e+19
62 8 5.9909042891099918e+20
64 8 5.1058095372794237e+21
66 8 3.9060574988724249e+22
68 8 2.7046973438832943e+23
70 8 1.7016998663370746e+24
72 8 9.7300449125548163e+24
74 8 5.0616746633690518e+25
76 8 2.3908399294207276e+26
78 8 1.0250114859296428e+27
80 8 3.9841912148035595e+27
82 8 1.4036142144674555e+28
84 8 4.4827274112763305e+28
86 8 1.2937449779476309e+29
88 8 3.3763555216711048e+29
90 8 7.9667786296372801e+29
92 8 1.7001270122296123e+30
94 8 3.2811329096963952e+30
96 8 5.7337687981306690e+30
98 8 9.0777159368308622e+30
100 8 1.3029877796381699e+31
102 8 1.6996336742790230e+31
104 8 2.0127113602967858e+31
106 8 2.1679643753864745e+31
108 8 2.1238103064135338e+31
110 8 1.8931797157059594e+31
112 8 1.5344222713441285e+31
114 8 1.1277570891418408e+31
116 8 7.5106110947822103e+30
118 8 4.5232324759799239e+30
120 8 2.4514955733553430e+30
122 8 1.1891852661796975e+30
124 8 5.1332147973259377e+29
126 8 1.9556143791215927e+29
128 8 6.4856442971535430e+28
130 8 1.8468354840603348e+28
132 8 4.3943173920082499e+27
134 8 8.4600110611883403e+26
136 8 1.2435987924579025e+26
138 8 1.2490002135007684e+25
140 8 6.5114044940733504e+23
54 9 7.4111663008811562e+13
56 9 7.2201437801679180e+15
58 9 2.3370975462805174e+17
60 9 4.4758584599033984e+18
62 9 6.2351773849746956e+19
64 9 7.0529460390735630e+20
66 9 6.8101347306954859e+21
68 9 5.8126944391550787e+22
70 9 4.4377918521899817e+23
72 9 3.0516744744754146e+24
74 9 1.8915654323963011e+25
76 9 1.0566782635895263e+26
78 9 5.3129189370272908e+26
80 9 2.3993531857600726e+27
82 9 9.7170806980652919e+27
84 9 3.5320634322680339e+28
86 9 1.1504074699845592e+29
88 9 3.3514246975506279e+29
90 9 8.7385288883279787e+29
92 9 2.0408238248549507e+30
94 9 4.2715489386650435e+30
96 9 8.0056121011841540e+30
98 9 1.3472646055967744e+31
100 9 2.0388759891883280e+31
102 9 2.7791542969187581e+31
104 9 3.4158650120226503e+31
106 9 3.7928998727481532e+31
108 9 3.8083704467980785e+31
110 9 3.4583284709065792e+31
112 9 2.8381239452869856e+31
114 9 2.1046027220109960e+31
116 9 1.4084572761915161e+31
118 9 8.4771217935925542e+30
120 9 4.5798851644478578e+30
122 9 2.2074977321220517e+30
124 9 9.4357271966605049e+29
126 9 3.5464097360287151e+29
128 9 1.1580944078761086e+29
130 9 3.2313645267311070e+28
132 9 7.5245950249827910e+27
134 9 1.4123847054531033e+27
136 9 2.0161729751388893e+26
138 9 1.9605369341380788e+25
140 9 9.8323036272154838e+23
58 10 1.2364946946394330e+15
60 10 8.5577832500384368e+16
62 10 2.4635240308534697e+18
64 10 4.4552724176358662e+19
66 10 6.0840285745446466e+20
68 10 6.7924810279662807e+21
70 10 6.5538148814656486e+22
72 10 5.5659822478460535e+23
74 10 4.2261455137543802e+24
76 10 2.8679185166370145e+25
78 10 1.7382825995863414e+26
80 10 9.3787659398253432e+26
82 10 4.5031964533653158e+27
84 10 1.9164748738672933e+28
86 10 7.2210642479147791e+28
88 10 2.4105065843769200e+29
90 10 7.1188680975526955e+29
92 10 1.8606725630946812e+30
94 10 4.3036992849219753e+30
96 10 8.8258992059326182e+30
98 10 1.6068334707985938e+31
100 10 2.6025445785933437e+31
102 10 3.7599248471976329e+31
104 10 4.8550156469668127e+31
106 10 5.6144687852019336e+31
108 10 5.8259142984391013e+31
110 10 5.4318830614471528e+31
112 10 4.5558726302717466e+31
114 10 3.4301222772229376e+31
116 10 2.3178654616529771e+31
118 10 1.4035297691574424e+31
120 10 7.5969865005223641e+30
122 10 3.6545203158468463e+30
124 10 1.5526682281003492e+30
126 10 5.7836803887456663e+29
128 10 1.8648031852147711e+29
130 10 5.1217888223258783e+28
132 10 1.1708170776037850e+28
134 10 2.1494733807752315e+27
136 10 2.9911427376887585e+26
138 10 2.8213971231565882e+25
140 10 1.3689621062505769e+24
60 11 3.6443437748007312e+13
62 11 1.5647124975184626e+16
64 11 8.4445399687296410e+17
66 11 2.1898218425178964e+19
68 11 3.8023028266958029e+20
70 11 5.0456700496419823e+21
72 11 5.6084097342163040e+22
74 11 5.3763847012159997e+23
76 11 4.5470666971053916e+24
78 11 3.4103740820672143e+25
80 11 2.2617197010964806e+26
82 11 1.3226540611943036e+27
84 11 6.8093281412528065e+27
86 11 3.0677688449306715e+28
88 11 1.2083574913744361e+29
90 11 4.1562053627642777e+29
92 11 1.2480805672588204e+30
94 11 3.2745392429365878e+30
96 11 7.5111794118145577e+30
98 11 1.5089736407896282e+31
100 11 2.6645620477849202e+31
102 11 4.1437835478128110e+31
104 11 5.6968811369458894e+31
106 11 6.9501694776288562e+31
108 11 7.5403086454976057e+31
110 11 7.2901753504393917e+31
112 11 6.2891975574798807e+31
114 11 4.8456892039623560e+31
116 11 3.3320789716603374e+31
118 11 2.0411847036157273e+31
120 11 1.1124924966452088e+31
122 11 5.3645719050836821e+30
124 11 2.2777321909482325e+30
126 11 8.4403974504128233e+29
128 11 2.6967837839641315e+29
130 11 7.3229515941547582e+28
132 11 1.6483879961144382e+28
134 11 2.9718611606731743e+27
136 11 4.0398965729753203e+26
138 11 3.7140168576291621e+25
140 11 1.7449683028376288e+24
64 12 8.9024856663015875e+14
66 12 1.5641046006171462e+17
68 12 6.9843739576462817e+18
70 12 1.6857634775803566e+20
72 12 2.7729776458599970e+21
74 12 3.6391491239974319e+22
76 12 3.9903698803577521e+23
78 12 3.8113985086195925e+24
80 12 3.1856981236616035e+25
82 12 2.3390285048212132e+26
84 12 1.4972205455802548e+27
86 12 8.3382847000076170e+27
88 12 4.0155695168187199e+28
90 12 1.6621899612158832e+29
92 12 5.9244459161458101e+29
94 12 1.8156598451910770e+30
96 12 4.7937241483194530e+30
98 12 1.0895466728131527e+31
100 12 2.1437561696126091e+31
102 12 3.6591788880115522e+31
104 12 5.4523694027824428e+31
106 12 7.1131387451702639e+31
108 12 8.1662570729320535e+31
110 12 8.2777706397353813e+31
112 12 7.4225992612012877e+31
114 12 5.8985791261719399e+31
116 12 4.1539910795547250e+31
118 12 2.5921190111378782e+31
120 12 1.4305278831277405e+31
122 12 6.9578791181872640e+30
124 12 2.9634338019100768e+30
126 12 1.0979499972389506e+30
128 12 3.4931060388389510e+29
130 12 9.4026001525222204e+28
132 12 2.0911289131153786e+28
134 12 3.7135608531682627e+27
136 12 4.9506567586666512e+26
138 12 4.4515632849232417e+25
140 12 2.0377170558817067e+24
68 13 1.1139772874861980e+16
70 13 1.2824676073974075e+18
72 13 5.0562820410630709e+19
74 13 1.0994391015506460e+21
76 13 1.7719426415931630e+22
78 13 2.2731725402841648e+23
80 13 2.4876578485925544e+24
82 13 2.3454378515013018e+25
84 13 1.9259184781606370e+26
86 13 1.3654609534881404e+27
88 13 8.3148887854121436e+27
90 13 4.3042358200136673e+28
92 13 1.8918034106217642e+29
94 13 7.0227126777178853e+29
96 13 2.2033593806360474e+30
98 13 5.8594921314987667e+30
100 13 1.3200105572093018e+31
102 13 2.5361561002203071e+31
104 13 4.1804339062149871e+31
106 13 5.9351029676803744e+31
108 13 7.3185326220826749e+31
110 13 7.8710053703080026e+31
112 13 7.4193235552046787e+31
114 13 6.1365537424266444e+31
116 13 4.4675392072910322e+31
118 13 2.8599049573627661e+31
120 13 1.6091637477600134e+31
122 13 7.9283108217220706e+30
124 13 3.4075549400380441e+30
126 13 1.2677861242818713e+30
128 13 4.0310364121997159e+29
130 13 1.0808796698119773e+29
132 13 2.3852709622104557e+28
134 13 4.1822296634490772e+27
136 13 5.4945427692443019e+26
138 13 4.8411904930296832e+25
140 13 2.1626653219772540e+24
72 14 1.0072529543035958e+17
74 14 9.4809286312313098e+18
76 14 3.0301017616457885e+20
78 14 6.3744756078274937e+21
80 14 9.8776091354772185e+22
82 14 1.2598135642365140e+24
84 14 1.3576569420315300e+25
86 14 1.2611471731151459e+26
88 14 1.0020918445175691e+27
90 14 6.7513354629136549e+27
92 14 3.8016772489371369e+28
94 14 1.7855978251974155e+29
96 14 6.9505856301172787e+29
98 14 2.2423783296774574e+30
100 14 6.0085713382081034e+30
102 14 1.3398099348558966e+31
104 14 2.5065293801721034e+31
106 14 3.9672281870488648e+31
108 14 5.3537575490493786e+31
110 14 6.2100301944250131e+31
112 14 6.2275641532234550e+31
114 14 5.4248140385007869e+31
116 14 4.1152913051880013e+31
118 14 2.7245645475187535e+31
120 14 1.5737910750009004e+31
122 14 7.9119682925369642e+30
124 14 3.4465437710034691e+30
126 14 1.2936561595954798e+30
128 14 4.1360272804119134e+29
130 14 1.1082867894159463e+29
132 14 2.4343619731443481e+28
134 14 4.2354636657313422e+27
136 14 5.4981860826151818e+26
138 14 4.7649092566944195e+25
140 14 2.0852742882068246e+24
76 15 9.3718393204944550e+17
78 15 5.4125392019689775e+19
80 15 1.6336064787154495e+21
82 15 3.2145984233836632e+22
84 15 4.9090105570110342e+23
86 15 6.1397122380810851e+24
88 15 6.5576766913268404e+25
90 15 5.9013367503793779e+26
92 15 4.4563920360565067e+27
94 15 2.7681591238400770e+28
96 15 1.4046188409411488e+29
98 15 5.7715574709581572e+29
100 15 1.9216054915455579e+30
102 15 5.1912953493889161e+30
104 15 1.1432774416705779e+31
106 15 2.0752393302510920e+31
108 15 3.1398296860755681e+31
110 15 4.0017877840411826e+31
112 15 4.3406409673884856e+31
114 15 4.0303422256919833e+31
116 15 3.2254017951196822e+31
118 15 2.2286824675426359e+31
120 15 1.3320080438723557e+31
122 15 6.8747351119433408e+30
124 15 3.0580488442177504e+30
126 15 1.1640169652747186e+30
128 15 3.7505689665592610e+29
130 15 1.0096982469213937e+29
132 15 2.2196095827721071e+28
134 15 3.8419361068887350e+27
136 15 4.9423896485668674e+26
138 15 4.2320704443637458e+25
140 15 1.8190814217979449e+24
78 16 3.1016889901323688e+16
80 16 5.4621492620035604e+18
82 16 2.8203907305888118e+20
84 16 7.6567242526768622e+21
86 16 1.4576573577103767e+23
88 16 2.1654859267235892e+24
90 16 2.6936149056198317e+25
92 16 2.7827171312849731e+26
94 16 2.3954438164234019e+27
96 16 1.6614566861508643e+28
98 16 9.2072779511303990e+28
100 16 4.0292405456579793e+29
102 16 1.3913418936303562e+30
104 16 3.7883808645816162e+30
106 16 8.2147164748834578e+30
108 16 1.4390230594029818e+31
110 16 2.0702350949742509e+31
112 16 2.4761015362359490e+31
114 16 2.4945663020871305e+31
116 16 2.1306854272584529e+31
118 16 1.5544167600127075e+31
120 16 9.6964990213931761e+30
122 16 5.1804776013143345e+30
124 16 2.3669754605769336e+30
126 16 9.1890464975991895e+29
128 16 3.0048684884866769e+29
130 16 8.1595154086672856e+28
132 16 1.7992537242378583e+28
134 16 3.1114506473391662e+27
136 16 3.9825806523828503e+26
138 16 3.3784606172467393e+25
140 16 1.4329701281817372e+24
82 17 2.2188977957963005e+17
84 17 2.9034733895038706e+19
86 17 1.2732967260994113e+21
88 17 3.2215301190480409e+22
90 17 5.8478205443826379e+23
92 17 8.7045344601923630e+24
94 17 1.0470403198465015e+26
96 17 1.0430288793438093e+27
98 17 8.2061890864349299e+27
100 17 5.0440062646021881e+28
102 17 2.3718432205537944e+29
104 17 8.5311423773279395e+29
106 17 2.3430585219740614e+30
108 17 4.9775241800808174e+30
110 17 8.3761203393784845e+30
112 17 1.1358397690167155e+31
114 17 1.2661251938022176e+31
116 17 1.1751719194695088e+31
118 17 9.1583014651145279e+30
120 17 6.0320931705233522e+30
122 17 3.3670111147072783e+30
124 17 1.5917508930198945e+30
126 17 6.3402036648784102e+29
128 17 2.1156542454195923e+29
130 17 5.8227723530356081e+28
132 17 1.2944853109372532e+28
134 17 2.2459432354005054e+27
136 17 2.8725982972014529e+26
138 17 2.4210241416334483e+25
140 17 1.0156844260064573e+24
86 18 1.3323824307496704e+18
88 18 1.3640720560376929e+20
90 18 5.1158482338018807e+21
92 18 1.1883191899829617e+23
94 18 2.1825073299521685e+24
96 18 3.1029893942175364e+25
98 18 3.6584916742673211e+26
100 18 3.3236580606117504e+27
102 18 2.3012670570553722e+28
104 18 1.1767168570027578e+29
106 18 4.4442659649526831e+29
108 18 1.2292377190452967e+30
110 18 2.5464403953552860e+30
112 18 4.0785020164978055e+30
114 18 5.1770953907773522e+30
116 18 5.3315786102094058e+30
118 18 4.5161328622420952e+30
120 18 3.1833714644614680e+30
122 18 1.8751816310306176e+30
124 18 9.2547723492000433e+29
126 18 3.8150942583377292e+29
128 18 1.3053580548702181e+29
130 18 3.6627824569861436e+28
132 18 8.2508692926389333e+27
134 18 1.4417967274523635e+27
136 18 1.8478038930884359e+26
138 18 1.5537510289445264e+25
140 18 6.4742656425696131e+23
90 19 7.9915919530491259e+18
92 19 5.4687469789763115e+20
94 19 1.7602407422055208e+22
96 19 4.1987937594941220e+23
98 19 7.1697524901024448e+24
100 19 1.0239102930716668e+26
102 19 1.0966397748214526e+27
104 19 8.7330251719812387e+27
106 19 4.9301362773129068e+28
108 19 1.9674618523498022e+29
110 19 5.4652112442411137e+29
112 19 1.0958076147262918e+30
114 19 1.6570271050243029e+30
116 19 1.9530450018104655e+30
118 19 1.8393898697646793e+30
120 19 1.4099006429777514e+30
122 19 8.8875422253074666e+29
124 19 4.6250170763536533e+29
126 19 1.9889398349285317e+29
128 19 7.0325726909016821e+28
130 19 2.0232555360766420e+28
132 19 4.6444972721527395e+27
134 19 8.2049895635895334e+26
136 19 1.0580269435547413e+26
138 19 8.9011635781263443e+24
140 19 3.6965093813583304e+23
92 20 1.6531989451519251e+17
94 20 3.5060283778210492e+19
96 20 1.7876776505210980e+21
98 20 6.0770948394309122e+22
100 20 1.2738749819673187e+24
102 20 2.2579838126033490e+25
104 20 2.9254815996431557e+26
106 20 2.7456116042886480e+27
108 20 1.7397787001349220e+28
110 20 7.4225454617955148e+28
112 20 2.0628603869693488e+29
114 20 3.9687039131656513e+29
116 20 5.6004702275058791e+29
118 20 6.0624285130494761e+29
120 20 5.1726453723828051e+29
122 20 3.5442649977612564e+29
124 20 1.9725161552665314e+29
126 20 8.9423574728775567e+28
128 20 3.2981746635906230e+28
130 20 9.7864510973938303e+27
132 20 2.2985544497565768e+27
134 20 4.1301559738792230e+26
136 20 5.3772959873295409e+25
138 20 4.5372365614667796e+24
140 20 1.8869175710971250e+23
96 21 1.0041696835637106e+18
98 21 1.1093603196476513e+20
100 21 6.3847012593314835e+21
102 21 1.6938751292724591e+23
104 21 3.8724545912349692e+24
106 21 6.2088838188683319e+25
108 21 7.0956188778071172e+26
110 21 5.1413842627538090e+27
112 21 2.3867791503819845e+28
114 21 6.5982497727274486e+28
116 21 1.2026808664500557e+29
118 21 1.5693669204706184e+29
120 21 1.5406948048546040e+29
122 21 1.1753524890709429e+29
124 21 7.1124606294329949e+28
126 21 3.4421901749688088e+28
128 21 1.3350072169441814e+28
130 21 4.1266100929144754e+27
132 21 9.9754998339195926e+26
134 21 1.8338530756644845e+26
136 21 2.4241300260688293e+25
138 21 2.0634583561574182e+24
140 21 8.6052286865931361e+22
100 22 3.1751007890197724e+18
102 22 4.5890126716345031e+20
104 22 1.6340028703176051e+22
106 22 5.0898520122741904e+23
108 22 1.0331133107952237e+25
110 22 1.4882679594688008e+26
112 22 1.2744187252174227e+27
114 22 6.5336746532549323e+27
116 22 1.7806196467906724e+28
118 22 3.0380225365812477e+28
120 22 3.6126170313704672e+28
122 22 3.1707129271347291e+28
124 22 2.1349977832040531e+28
126 22 1.1225914635374006e+28
128 22 4.6442975909097856e+27
130 22 1.5076734778204811e+27
132 22 3.7901040728402279e+26
134 22 7.1629399881188521e+25
136 22 9.6671913391422202e+24
138 22 8.3451848557136732e+23
140 22 3.4963380350305421e+22
104 23 2.0047778243236434e+19
106 23 1.0768106056486067e+21
108 23 4.9599332190358637e+22
110 23 1.3271306262665481e+24
112 23 2.5159637353456019e+25
114 23 2.6089294823026480e+26
116 23 1.5211057867807914e+27
118 23 4.0312870851215447e+27
120 23 6.3448307309286447e+27
122 23 6.7668839864449670e+27
124 23 5.2468110214005168e+27
126 23 3.0666939970785235e+27
128 23 1.3761219318489842e+27
130 23 4.7558974615002211e+26
132 23 1.2525110017286976e+26
134 23 2.4559188229890860e+25
136 23 3.4054632305551696e+24
138 23 2.9870376266602389e+23
140 23 1.2649463024549706e+22
106 24 4.0084363549950720e+17
108 24 4.3510935526500762e+19
110 24 3.4706463145065038e+21
112 24 1.2694030455600243e+23
114 24 3.3519214402319296e+24
116 24 4.3987841904835637e+25
118 24 3.0054499278466038e+26
120 24 7.6173899731222903e+26
122 24 1.0850549040888533e+27
124 24 1.0227301778486762e+27
126 24 6.8783025200037018e+26
128 24 3.4266406844739091e+26
130 24 1.2795977672748352e+26
132 24 3.5790624261354339e+25
134 24 7.3433476913695740e+24
136 24 1.0507768386957653e+24
138 24 9.4709844278878499e+22
140 24 4.0714583612313835e+21
110 25 8.1285517197282918e+17
112 25 1.6332188336887762e+20
114 25 8.6560260657100169e+21
116 25 3.4490372179591663e+23
118 25 6.0059322142233243e+24
120 25 5.0219309246823619e+25
122 25 1.1880679075743723e+26
124 25 1.5048493026345342e+26
126 25 1.2299995591527930e+26
128 25 7.0300144776173214e+25
130 25 2.9081319766531428e+25
132 25 8.7778592740295622e+24
134 25 1.9074028575944987e+24
136 25 2.8487906811368845e+23
138 25 2.6410880443515578e+22
140 25 1.1607485190397318e+21
114 26 4.6440288254491034e+18
116 26 3.9616010731535499e+20
118 26 2.6548866194417474e+22
120 26 6.5351057637033802e+23
122 26 7.0262233372609333e+24
124 26 1.5128982465406728e+25
126 26 1.6657898331263811e+25
128 26 1.1552211253671446e+25
130 26 5.4725397006400012e+24
132 26 1.8238674543410488e+24
134 26 4.2625237332291467e+23
136 26 6.7360978367728996e+22
138 26 6.5006220779296454e+21
140 26 2.9291570924259577e+20
116 27 5.9928621063740032e+16
118 27 1.0738928534164912e+19
120 27 1.4660355988874857e+21
122 27 5.5204921515656329e+22
124 27 8.1320774708747555e+23
126 27 1.5477273425403609e+24
128 27 1.4451934264067994e+24
130 27 8.2904741681701562e+23
132 27 3.1525636460516604e+23
134 27 8.0989559112363059e+22
136 27 1.3709504699171919e+22
138 27 1.3944596981234587e+21
140 27 6.5080422059718050e+19
120 28 1.2784640072252939e+17
122 28 5.4070397138510160e+19
124 28 3.5172205355285479e+21
126 28 7.6519986702623871e+22
128 28 1.2446325488196581e+23
130 28 9.5867160772841967e+22
132 28 4.3985840708707622e+22
134 28 1.2872997995569641e+22
136 28 2.3815034098217999e+21
138 28 2.5871564554522152e+20
140 28 1.2681763522904261e+19
124 29 1.1842343610992128e+18
126 29 1.6184272459477441e+20
128 29 5.7018385418719110e+21
130 29 7.6734772680943678e+21
132 29 4.7124509277538898e+21
134 29 1.6532834793792636e+21
136 29 3.4654698361327478e+20
138 29 4.1085781614093779e+19
140 29 2.1412538098306662e+18
126 30 1.1225116040005140e+16
128 30 5.0249932333927905e+18
130 30 3.2689089936023500e+20
132 30 3.4979340833068646e+20
134 30 1.6330215310281307e+20
136 30 4.0884014953672442e+19
138 30 5.4562801738274355e+18
140 30 3.1006338378918861e+17
130 31 9.2170202526988544e+16
132 31 1.3813688451906955e+19
134 31 1.1205264735415892e+19
136 31 3.7123298593364895e+18
138 31 5.8894355208097472e+17
140 31 3.7420222062088656e+16
132 32 7.4776170572902025e+14
134 32 4.0501575600087744e+17
136 32 2.3330980153283200e+17
138 32 4.8735246230603136e+16
140 32 3.6464301945663190e+15
136 33 7.4959716261728510e+15
138 33 2.7247302081540410e+15
140 33 2.6815794575890947e+14
138 34 7.4042985681427875e+13
140 34 1.2795324182759268e+13
140 35 2.6193504924857202e+11
