250 -49 3.0320712425394888e+01
252 -49 1.4080295962167659e+03
254 -49 1.6398855037373483e+04
256 -49 8.4355567024206364e+04
258 -49 2.6882276882715430e+05
260 -49 5.4270964280378981e+05
262 -49 6.8561682070063520e+05
264 -49 6.7614055517253722e+05
266 -49 3.3401857219040632e+05
244 -48 2.4236365788986126e+02
246 -48 6.3086639400574895e+03
248 -48 8.4451008641949084e+04
250 -48 8.1409577348303550e+05
252 -48 4.8957015489142658e+06
254 -48 1.7606754167058218e+07
256 -48 4.2284425611366883e+07
258 -48 6.8913802041475892e+07
260 -48 7.5257192272404760e+07
262 -48 6.1976545447264865e+07
264 -48 2.3947656366082203e+07
240 -47 9.3858106980603570e+03
242 -47 2.5552974733583862e+05
244 -47 3.1046839945832300e+06
246 -47 2.4701986212970279e+07
248 -47 1.4329630206364071e+08
250 -47 5.6952174892884779e+08
252 -47 1.5302247964679658e+09
254 -47 2.9822294113196073e+09
256 -47 4.0137796439888425e+09
258 -47 3.7952213295832968e+09
260 -47 2.5576513792711382e+09
262 -47 7.7912647960882461e+08
236 -46 1.9843038214391290e+05
238 -46 5.6791195044578929e+06
240 -46 7.0590551546349809e+07
242 -46 5.4822771561526418e+08
244 -46 3.0062375291364698e+09
246 -46 1.2309713599544395e+10
248 -46 3.6747851383162018e+10
250 -46 7.8908931808020309e+10
252 -46 1.2544819401247183e+11
254 -46 1.4348241338777075e+11
256 -46 1.1722281177588257e+11
258 -46 6.5005766741658531e+10
260 -46 1.6286570623202843e+10
232 -45 3.1546186575116566e+06
234 -45 8.8360564266927466e+07
236 -45 1.1500197089623613e+09
238 -45 9.0685876681728230e+09
240 -45 5.0233505707487480e+10
242 -45 2.0710214309276715e+11
244 -45 6.4871572928279248e+11
246 -45 1.5479793920542239e+12
248 -45 2.7543959327921357e+12
250 -45 3.6978273254886694e+12
252 -45 3.6242227380503179e+12
254 -45 2.5509306423390054e+12
256 -45 1.1920651010117046e+12
258 -45 2.5123534281940710e+11
226 -44 8.1605574047293288e+01
228 -44 3.9955455530465998e+07
230 -44 1.1160254357136261e+09
232 -44 1.4659413611247400e+10
234 -44 1.1859978798351845e+11
236 -44 6.7293419151032422e+11
238 -44 2.8679549837511030e+12
240 -44 9.3058045252219043e+12
242 -44 2.3635762296963676e+13
244 -44 4.6301231423542328e+13
246 -44 7.0180589767223555e+13
248 -44 8.0892061529983922e+13
250 -44 6.9478254319105344e+13
252 -44 4.2823530109642836e+13
254 -44 1.7310173485809988e+13
256 -44 3.2125468941367910e+12
222 -43 6.8715631995983103e+03
224 -43 4.1818632983562112e+08
226 -43 1.1666101015780386e+10
228 -43 1.5477319257279257e+11
230 -43 1.2917624893855398e+12
232 -43 7.5688623420586445e+12
234 -43 3.3234383573188488e+13
236 -43 1.1205424999120284e+14
238 -43 3.0242816613726088e+14
240 -43 6.3649195032807975e+14
242 -43 1.0727121507208700e+15
244 -43 1.4078028364419215e+15
246 -43 1.4229028917084865e+15
248 -43 1.0892029350207235e+15
250 -43 5.9751486668971100e+14
252 -43 2.1487400475477203e+14
254 -43 3.5694017541577984e+13
218 -42 2.2204941600395337e+05
220 -42 3.7175215587659111e+09
222 -42 1.0512089968802228e+11
224 -42 1.4178853739733643e+12
226 -42 1.2113622734909814e+13
228 -42 7.3018158494181141e+13
230 -42 3.3073199393418825e+14
232 -42 1.1704133342990060e+15
234 -42 3.3020050886909365e+15
236 -42 7.4992400684936130e+15
238 -42 1.3617600244122050e+16
240 -42 2.0096469373364736e+16
242 -42 2.3206774813230860e+16
244 -42 2.1030193615504024e+16
246 -42 1.4465348790625030e+16
248 -42 7.2264897350187500e+15
250 -42 2.3471294838719550e+15
252 -42 3.6016727033230600e+14
214 -41 4.3448104511854276e+06
216 -41 2.8972945222135288e+10
218 -41 8.3185141246630481e+11
220 -41 1.1353911303329402e+13
222 -41 9.9196866611957000e+13
224 -41 6.2041841467187438e+14
226 -41 2.9216053550791875e+15
228 -41 1.0691444597515142e+16
230 -41 3.1652841768070972e+16
232 -41 7.6278928245196000e+16
234 -41 1.5014857150615338e+17
236 -41 2.4118728858515520e+17
238 -41 3.1490787722835059e+17
240 -41 3.2792841531774733e+17
242 -41 2.6897393319119370e+17
244 -41 1.6975548434212240e+17
246 -41 7.8217131814242880e+16
248 -41 2.3438604386652432e+16
250 -41 3.3552086389984540e+15
210 -40 5.8508076670462310e+07
212 -40 2.0433850981954987e+11
214 -40 5.9335072431104619e+12
216 -40 8.2286075625625141e+13
218 -40 7.3564407553259875e+14
220 -40 4.7018914008720170e+15
222 -40 2.2849445517630352e+16
224 -40 8.7764594919074560e+16
226 -40 2.7070952648620221e+17
228 -40 6.9153146076111808e+17
230 -40 1.4544853298080806e+18
232 -40 2.5298462950343004e+18
234 -40 3.6220466139388826e+18
236 -40 4.2679049979580554e+18
238 -40 4.0723204901576832e+18
240 -40 3.0976565954044339e+18
242 -40 1.8175367818595000e+18
244 -40 7.7948633377709299e+17
246 -40 2.1958812697045974e+17
248 -40 2.9260748631549992e+16
206 -39 6.4529510762577081e+08
208 -39 1.2956239611076025e+12
210 -39 3.8201686492893234e+13
212 -39 5.3938142697443912e+14
214 -39 4.9670458800205190e+15
216 -39 3.2524021114668036e+16
218 -39 1.6312706261950576e+17
220 -39 6.4837684179479296e+17
222 -39 2.0966370507978478e+18
224 -39 5.6017887203238687e+18
226 -39 1.2552144715381635e+19
228 -39 2.3475655103033983e+19
230 -39 3.6670365817457091e+19
232 -39 4.7859358680742748e+19
234 -39 5.1912095133688488e+19
236 -39 4.5767171507388776e+19
238 -39 3.2444976129324913e+19
240 -39 1.7841233614421369e+19
242 -39 7.1886894171411589e+18
244 -39 1.9146689182379215e+18
246 -39 2.4305057725980954e+17
202 -38 6.1936589235536356e+09
204 -38 7.6055291557183779e+12
206 -38 2.2546185440443591e+14
208 -38 3.2749822179866390e+15
210 -38 3.0623599267836864e+16
212 -38 2.0605748357745754e+17
214 -38 1.0675814965786405e+18
216 -38 4.3895381474960589e+18
218 -38 1.4812948811423498e+19
220 -38 4.1725904169156624e+19
222 -38 9.8093254049965179e+19
224 -38 1.9548363330131608e+20
226 -38 3.3060423679242633e+20
228 -38 4.7096473856902850e+20
230 -38 5.6757185586961056e+20
232 -38 5.7052326687122712e+20
234 -38 4.7061467176019106e+20
236 -38 3.1456202835062509e+20
238 -38 1.6310347323853865e+20
240 -38 6.2086605570654749e+19
242 -38 1.5737699052483416e+19
244 -38 1.9088098142687404e+18
198 -37 5.0626092518887520e+10
200 -37 4.1557037683950398e+13
202 -37 1.2495147210469642e+15
204 -37 1.8293288217603084e+16
206 -37 1.7388147421535622e+17
208 -37 1.2092681484126561e+18
210 -37 6.4173152731738614e+18
212 -37 2.7287840617619554e+19
214 -37 9.5884908481015022e+19
216 -37 2.8252389748964118e+20
218 -37 6.9977419408863868e+20
220 -37 1.4774605620219782e+21
222 -37 2.6702452836285415e+21
224 -37 4.1338253289315102e+21
226 -37 5.4465580423784966e+21
228 -37 6.1228274564468069e+21
230 -37 5.7602952692646701e+21
232 -37 4.5025276612654116e+21
234 -37 2.8338335084089096e+21
236 -37 1.4000937377773938e+21
238 -37 5.1078549876037956e+20
240 -37 1.2305141888922429e+20
242 -37 1.4274763990408813e+19
194 -36 3.6629691646133063e+11
196 -36 2.1229860993362956e+14
198 -36 6.4105816487046090e+15
200 -36 9.5033213974514816e+16
202 -36 9.2243637276069734e+17
204 -36 6.5351455117960909e+18
206 -36 3.5653116363581743e+19
208 -36 1.5706993698209163e+20
210 -36 5.6993737610009176e+20
212 -36 1.7493262738108179e+21
214 -36 4.5710665758416086e+21
216 -36 1.0189381157761592e+22
218 -36 1.9568572622591693e+22
220 -36 3.2462442896401531e+22
222 -36 4.6536410650240507e+22
224 -36 5.7533549282834426e+22
226 -36 6.0612985071431953e+22
228 -36 5.3848659870272398e+22
230 -36 3.9838403353523394e+22
232 -36 2.3995435104687121e+22
234 -36 1.1308263269554018e+22
236 -36 3.9575493873627635e+21
238 -36 9.1363944981323488e+20
240 -36 1.0187393065873118e+20
188 -35 4.7535197418255983e+06
190 -35 2.3985865442201650e+12
192 -35 1.0230262881944611e+15
194 -35 3.0756744003875244e+16
196 -35 4.6186312941091802e+17
198 -35 4.5670736077828055e+18
200 -35 3.2991873394368586e+19
202 -35 1.8540730669106974e+20
204 -35 8.4188464279966437e+20
206 -35 3.1604243320428356e+21
208 -35 1.0096769752552152e+22
210 -35 2.7423678488308919e+22
212 -35 6.4500225158507248e+22
214 -35 1.3138967526912736e+23
216 -35 2.3259324694793629e+23
218 -35 3.5705065663440534e+23
220 -35 4.7876716218335730e+23
222 -35 5.5721135935033780e+23
224 -35 5.5372260113014473e+23
226 -35 4.6813554907431609e+23
228 -35 3.3031914546173522e+23
230 -35 1.9026759464273245e+23
232 -35 8.6272674949175985e+22
234 -35 2.8938888158376379e+22
236 -35 6.4164099720456910e+21
238 -35 6.9431031807614399e+20
184 -34 1.5688233660158885e+08
186 -34 1.4430915557302307e+13
188 -34 4.6334474736698540e+15
190 -34 1.3915706075177830e+17
192 -34 2.1047332949745869e+18
194 -34 2.1161253704020906e+19
196 -34 1.5561345053981858e+20
198 -34 8.9636665003703337e+20
200 -34 4.1901042330978107e+21
202 -34 1.6223186756607555e+22
204 -34 5.3664840542200047e+22
206 -34 1.5226248146872971e+23
208 -34 3.7368893872859813e+23
210 -34 8.0415310688791746e+23
212 -34 1.5055096012557398e+24
214 -34 2.4800609984747382e+24
216 -34 3.5721666647971567e+24
218 -34 4.5322402823706445e+24
220 -34 4.9880380029415198e+24
222 -34 4.7294914046948149e+24
224 -34 3.8087392470354453e+24
226 -34 2.5797119055945102e+24
228 -34 1.4256890604142669e+24
230 -34 6.2180015990004929e+23
232 -34 2.0173345415335172e+23
234 -34 4.3365245638882493e+22
236 -34 4.5281548774677068e+21
180 -33 2.4539763856129389e+09
182 -33 7.8606506114730328e+13
184 -33 1.9605837659181980e+16
186 -33 5.9080688510258701e+17
188 -33 9.0094297495910676e+18
190 -33 9.1845080789191082e+19
192 -33 6.8977130759124615e+20
194 -33 4.0464536390650466e+21
196 -33 1.9382761855611778e+22
198 -33 7.7695979795397883e+22
200 -33 2.6524377402938030e+23
202 -33 7.7828963396378957e+23
204 -33 2.0063087707572307e+24
206 -33 4.5071809585314046e+24
208 -33 8.9379233485342912e+24
210 -33 1.5645827940211956e+25
212 -33 2.4191113912115259e+25
214 -33 3.2800137571911440e+25
216 -33 3.9452610374923031e+25
218 -33 4.1260435374258381e+25
220 -33 3.7492699878314661e+25
222 -33 2.9058243860667094e+25
224 -33 1.8974072992217347e+25
226 -33 1.0101009806335760e+25
228 -33 4.2591258570612077e+24
230 -33 1.3364926474044432e+24
232 -33 2.7763856779439420e+23
234 -33 2.8314097311520234e+22
176 -32 2.9668485890954388e+10
178 -32 3.9069581534327475e+14
180 -32 7.9571797430978240e+16
182 -32 2.3468729620674109e+18
184 -32 3.6309545568590623e+19
186 -32 3.7494762781910211e+20
188 -32 2.8457681591201720e+21
190 -32 1.7074679108951465e+22
192 -32 8.3986597747962348e+22
194 -32 3.4501353562743049e+23
196 -32 1.2151157975681948e+24
198 -32 3.7020188908684312e+24
200 -32 9.8972309170603751e+24
202 -32 2.3266557982988345e+25
204 -32 4.8515752530751156e+25
206 -32 8.9625326647071695e+25
208 -32 1.4755155047139546e+26
210 -32 2.1571370901554094e+26
212 -32 2.7916047370436602e+26
214 -32 3.1873830245930246e+26
216 -32 3.1926816510852656e+26
218 -32 2.7763144953110023e+26
220 -32 2.0829504351260045e+26
222 -32 1.3117958112622957e+26
224 -32 6.7629655912999209e+25
226 -32 2.7733246791088990e+25
228 -32 8.4294385257384234e+24
230 -32 1.6968640939477143e+24
232 -32 1.6858179850942571e+23
172 -31 2.9527529446682513e+11
174 -31 1.8267194685150352e+15
176 -31 3.0158957590087846e+17
178 -31 8.8794744388789125e+18
180 -31 1.3763339412661181e+20
182 -31 1.4237715972770892e+21
184 -31 1.1049093087944327e+22
186 -31 6.7108432777047118e+22
188 -31 3.3771927783048955e+23
190 -31 1.4262100391771515e+24
192 -31 5.1477968835357712e+24
194 -31 1.6300082064516522e+25
196 -31 4.5357196259518138e+25
198 -31 1.1061501684947777e+26
200 -31 2.4195891132808061e+26
202 -31 4.7109128021557200e+26
204 -31 8.2239465794397143e+26
206 -31 1.2739896648568164e+27
208 -31 1.7682301447758567e+27
210 -31 2.1869729332993463e+27
212 -31 2.3856947158933521e+27
214 -31 2.3091621721002389e+27
216 -31 1.9430671804960791e+27
218 -31 1.4019912003256376e+27
220 -31 8.5832155337881777e+26
222 -31 4.3059331695976006e+26
224 -31 1.7112988953437729e+26
226 -31 5.0777258789916801e+25
228 -31 9.8896496868620679e+24
230 -31 9.5782815110085421e+23
168 -30 2.3291520408606309e+12
170 -30 7.7757187524148360e+15
172 -30 1.0793371347675049e+18
174 -30 3.1290618669757882e+19
176 -30 4.8687416028144842e+20
178 -30 5.1000223984154229e+21
180 -30 3.9878207941273392e+22
182 -30 2.4643123034212549e+23
184 -30 1.2631810904944673e+24
186 -30 5.4692670167674768e+24
188 -30 2.0309809027867005e+25
190 -30 6.6343384145488444e+25
192 -30 1.9071852578753203e+26
194 -30 4.8648940547250517e+26
196 -30 1.1040333102640886e+27
198 -30 2.2537079931635866e+27
200 -30 4.1394423557096053e+27
202 -30 6.8370053707226157e+27
204 -30 1.0096015059246515e+28
206 -30 1.3412675673914536e+28
208 -30 1.5887740064566306e+28
210 -30 1.6779519908888385e+28
212 -30 1.5607395836806067e+28
214 -30 1.2735207419708470e+28
216 -30 8.9321797441970275e+27
218 -30 5.3085585139965309e+27
220 -30 2.5893248375234758e+27
222 -30 1.0050374542605772e+27
224 -30 2.9077631362877179e+26
226 -30 5.5413128699620943e+25
228 -30 5.2207658620622190e+24
164 -29 1.5046852187275586e+13
166 -29 3.0800227683591204e+16
168 -29 3.6224562127131525e+18
170 -29 1.0356917312189121e+20
172 -29 1.6056584157702780e+21
174 -29 1.6857293824513811e+22
176 -29 1.3422447561330191e+23
178 -29 8.4053098134293799e+23
180 -29 4.3971771703188995e+24
182 -29 1.9405112673241083e+25
184 -29 7.4390320593253684e+25
186 -29 2.4938521770803100e+26
188 -29 7.3926549951037710e+26
190 -29 1.9568983448406480e+27
192 -29 4.6382490699994126e+27
194 -29 9.9100917692072493e+27
196 -29 1.9113586422579413e+28
198 -29 3.3113533536513646e+28
200 -29 5.2137879534545124e+28
202 -29 7.3966719352507157e+28
204 -29 9.4318188289802604e+28
206 -29 1.0778465106357544e+29
208 -29 1.0999842128622074e+29
210 -29 9.9335944560495918e+28
212 -29 7.8620559563119149e+28
214 -29 5.3623715500228108e+28
216 -29 3.1046364364316080e+28
218 -29 1.4771902890740865e+28
220 -29 5.6083684103556329e+27
222 -29 1.5790849774380944e+27
224 -29 2.9527684707798427e+26
226 -29 2.7263603342046338e+25
160 -28 8.5635580134702406e+13
162 -28 1.1348319111028515e+17
164 -28 1.1456190739414768e+19
166 -28 3.1964386829514526e+20
168 -28 4.9364778201347512e+21
170 -28 5.2200059531608933e+22
172 -28 4.1791020936280719e+23
174 -28 2.6795007187626533e+24
176 -28 1.4215164928062430e+25
178 -28 6.3980417239335221e+25
180 -28 2.5120448597640076e+26
182 -28 8.6268414728216782e+26
184 -28 2.6476073937782986e+27
186 -28 7.2617188942661497e+27
188 -28 1.7896054719335404e+28
190 -28 3.9699036521755961e+28
192 -28 8.0127789930723997e+28
194 -28 1.4705265276293549e+29
196 -28 2.4428618734094385e+29
198 -28 3.6819070360226437e+29
200 -28 5.0189950289340773e+29
202 -28 6.1716638312642500e+29
204 -28 6.8382638288555894e+29
206 -28 6.7690713857661546e+29
208 -28 5.9393236203241463e+29
210 -28 4.5780481237907144e+29
212 -28 3.0438619261199504e+29
214 -28 1.7207593248908477e+29
216 -28 8.0088427132045121e+28
218 -28 2.9649398289783798e+28
220 -28 8.1734075238023740e+27
222 -28 1.4916290389071454e+27
224 -28 1.3554777813785778e+26
156 -27 4.2831557325351881e+14
158 -27 3.8661344359207098e+17
160 -27 3.3951275439144231e+19
162 -27 9.2472809763679817e+20
164 -27 1.4208936103586109e+22
166 -27 1.5028856435583999e+23
168 -27 1.2151469611755480e+24
170 -27 7.8485215466417392e+24
172 -27 4.2410108971517043e+25
174 -27 1.9532881652515835e+26
176 -27 7.8458612043270358e+26
178 -27 2.7715131112424923e+27
180 -27 8.7449049354902124e+27
182 -27 2.4691552273703165e+28
184 -27 6.3125379800755078e+28
186 -27 1.4596766508728930e+29
188 -27 3.0689739565112724e+29
190 -27 5.9063465053816368e+29
192 -27 1.0350765850667028e+30
194 -27 1.6500525797301694e+30
196 -27 2.3955104675523944e+30
198 -27 3.1636479059422899e+30
200 -27 3.7668053365227286e+30
202 -27 4.0491797987171866e+30
204 -27 3.8987119935910640e+30
206 -27 3.3365071295068195e+30
208 -27 2.5083608904155081e+30
210 -27 1.6288260907069779e+30
212 -27 8.9925742435013844e+29
214 -27 4.1029042697063227e+29
216 -27 1.4936339446150777e+29
218 -27 4.0245280980824615e+28
220 -27 7.2348627868888763e+27
222 -27 6.4156554396407734e+26
152 -26 1.9044145082054788e+15
154 -26 1.1937462348030397e+18
156 -26 9.3608332247989256e+19
158 -26 2.4871269888932970e+21
160 -26 3.8000204287767961e+22
162 -26 4.0246641279540864e+23
164 -26 3.2715662653964111e+24
166 -26 2.1421923471523818e+25
168 -26 1.1724984937148977e+26
170 -26 5.5052644628573735e+26
172 -26 2.2631246128776938e+27
174 -26 8.1956493242981734e+27
176 -26 2.6608310523046508e+28
178 -26 7.7235691214073624e+28
180 -26 2.0451680565807810e+29
182 -26 4.9130351022852061e+29
184 -26 1.0816337528391185e+30
186 -26 2.1666196118614026e+30
188 -26 3.9826157987967311e+30
190 -26 6.6896462880560531e+30
192 -26 1.0299211546872177e+31
194 -26 1.4464647988487774e+31
196 -26 1.8494795298688325e+31
198 -26 2.1406347978566883e+31
200 -26 2.2447219496489742e+31
202 -26 2.1095569170030644e+31
204 -26 1.7575946139312431e+31
206 -26 1.2945115151463992e+31
208 -26 8.2379516746908103e+30
210 -26 4.4610751617377952e+30
212 -26 2.0016476984724335e+30
214 -26 7.1095548482165398e+29
216 -26 1.8829279099786857e+29
218 -26 3.3201211182306579e+28
220 -26 2.9040429174535276e+27
148 -25 7.4204956581776110e+15
150 -25 3.4242429220717332e+18
152 -25 2.3876724965295997e+20
154 -25 6.1721176400680892e+21
156 -25 9.3697162576662123e+22
158 -25 9.9864247660851638e+23
160 -25 8.1515342574164661e+24
162 -25 5.4182378020568799e+25
164 -25 2.9950849837285994e+26
166 -25 1.4325511869260432e+27
168 -25 6.0058648445628376e+27
170 -25 2.2243796020458078e+28
172 -25 7.3941288701819330e+28
174 -25 2.2200775698800842e+29
176 -25 6.0618385239103935e+29
178 -25 1.5171653838505161e+30
180 -25 3.4552272414923293e+30
182 -25 7.2384676065870254e+30
184 -25 1.3899611596740577e+31
186 -25 2.4520383564462735e+31
188 -25 3.9803190315735188e+31
190 -25 5.9289139679898457e+31
192 -25 8.0707977865083817e+31
194 -25 1.0071954360789295e+32
196 -25 1.1368121654238542e+32
198 -25 1.1630540349120178e+32
200 -25 1.0668599555485664e+32
202 -25 8.7035945529886065e+31
204 -25 6.2805826478304387e+31
206 -25 3.9236212808320475e+31
208 -25 2.0849482933434575e+31
210 -25 9.1729015758499218e+30
212 -25 3.2120544290329679e+30
214 -25 8.3646717148903035e+29
216 -25 1.4513364416543996e+29
218 -25 1.2511496602291288e+28
142 -24 2.7808884755048303e+11
144 -24 2.5680238392530044e+16
146 -24 9.0568322167555348e+18
148 -24 5.6965675762303245e+20
150 -24 1.4261984883644631e+22
152 -24 2.1409981300857863e+23
154 -24 2.2833637748969074e+24
156 -24 1.8716576934879625e+25
158 -24 1.2463517501653662e+26
160 -24 7.0561899615623011e+26
162 -24 3.4183443759909148e+27
164 -24 1.4573307061041168e+28
166 -24 5.5378626239676398e+28
168 -24 1.8886287742811942e+29
170 -24 5.8392425431284343e+29
172 -24 1.6403689246165897e+30
174 -24 4.2427535415095435e+30
176 -24 1.0032217291498584e+31
178 -24 2.1881473939978733e+31
180 -24 4.3857904987698835e+31
182 -24 8.1283677478768282e+31
184 -24 1.3880526384017048e+32
186 -24 2.1822609245321395e+32
188 -24 3.1615066865596888e+32
190 -24 4.1932506472874325e+32
192 -24 5.0817565407262023e+32
194 -24 5.6237566897809633e+32
196 -24 5.6204833932077889e+32
198 -24 5.0493444679353503e+32
200 -24 4.0532708805152778e+32
202 -24 2.8624497393151724e+32
204 -24 1.7600315926649274e+32
206 -24 9.2003704358751042e+31
208 -24 3.9761908088609328e+31
210 -24 1.3721516588727928e+31
212 -24 3.5280314283866327e+30
214 -24 6.0202691373939554e+29
216 -24 5.1340073692000595e+28
138 -23 3.5134093764773257e+12
140 -23 7.9686572195749616e+16
142 -23 2.1941493931429466e+19
144 -23 1.2463226523485085e+21
146 -23 3.0451715757876057e+22
148 -23 4.4932769320747060e+23
150 -23 4.7736103013174643e+24
152 -23 3.9486360600279045e+25
154 -23 2.6557630139518868e+26
156 -23 1.5175542916365039e+27
158 -23 7.4828867046823911e+27
160 -23 3.2485065389620846e+28
162 -23 1.2634278771873355e+29
164 -23 4.4159678149493500e+29
166 -23 1.3961152048813528e+30
168 -23 4.0514687951805565e+30
170 -23 1.0784459518494292e+31
172 -23 2.6519947629988604e+31
174 -23 6.0072264570206032e+31
176 -23 1.2566161889903993e+32
178 -23 2.4295632113498214e+32
180 -23 4.3571150070880269e+32
182 -23 7.2033804970755595e+32
184 -23 1.1052944430785819e+33
186 -23 1.5568828464624114e+33
188 -23 2.0199174553212651e+33
190 -23 2.3988290244754408e+33
192 -23 2.5940756513262458e+33
194 -23 2.5476721375385744e+33
196 -23 2.2434588699636378e+33
198 -23 1.7741943272815002e+33
200 -23 1.2312382744253265e+33
202 -23 7.4303115529044385e+32
204 -23 3.8355396230666109e+32
206 -23 1.6296220941277135e+32
208 -23 5.5334939331646225e+31
210 -23 1.4034988781790171e+31
212 -23 2.3679519596531996e+30
214 -23 1.9906595868895279e+29
134 -22 2.5141219498756109e+13
136 -22 2.1797650108766694e+17
138 -22 4.8778787362251850e+19
140 -22 2.5161978489833018e+21
142 -22 5.9374120062547365e+22
144 -22 8.6722703207038555e+23
146 -22 9.1958093156038586e+24
148 -22 7.6221266181722193e+25
150 -22 5.1956185300635382e+26
152 -22 2.9811743042639654e+27
154 -22 1.4936029233966061e+28
156 -22 6.5979707715291659e+28
158 -22 2.6197972816714636e+29
160 -22 9.3827642200390891e+29
162 -22 3.0524200125488094e+30
164 -22 9.1101628994168030e+30
166 -22 2.5077904945222951e+31
168 -22 6.3627687406162462e+31
170 -22 1.4932874024845019e+32
172 -22 3.2523459111876508e+32
174 -22 6.5653872397403529e+32
176 -22 1.2324568952317300e+33
178 -22 2.1485938137508892e+33
180 -22 3.4602959002725979e+33
182 -22 5.1633454028210298e+33
184 -22 7.1143833573277273e+33
186 -22 9.0453926167097256e+33
188 -22 1.0512737980095210e+34
190 -22 1.1174707796357380e+34
192 -22 1.0766235994091591e+34
194 -22 9.3676886784028211e+33
196 -22 7.2557759865765398e+33
198 -22 4.9659644155858597e+33
200 -22 2.9597029853886978e+33
202 -22 1.4971474433436547e+33
204 -22 6.3031832944065723e+32
206 -22 2.1181538510474554e+32
208 -22 5.2958672328999772e+31
210 -22 8.8317890256229876e+30
212 -22 7.3603226408351686e+29
130 -21 1.2883031604844164e+14
132 -21 5.3735354620221331e+17
134 -21 9.7337410047912854e+19
136 -21 4.6481675293468068e+21
138 -21 1.0573713123610321e+23
140 -21 1.5350101337929682e+24
142 -21 1.6222408602786849e+25
144 -21 1.3447870882524849e+26
146 -21 9.2149737923984716e+26
148 -21 5.3600146413395523e+27
150 -21 2.7302810580074958e+28
152 -21 1.2253123558042369e+29
154 -21 4.9438232270163807e+29
156 -21 1.8103163951128051e+30
158 -21 6.0502727872660429e+30
160 -21 1.8563909700735924e+31
162 -21 5.2792625109393457e+31
164 -21 1.3811375174800126e+32
166 -21 3.3583076450686016e+32
168 -21 7.6060855374362630e+32
170 -21 1.5983830043680055e+33
172 -21 3.1345319274623715e+33
174 -21 5.7055884625467265e+33
176 -21 9.6814284679359839e+33
178 -21 1.5258299038527123e+34
180 -21 2.2313808379132750e+34
182 -21 3.0041111199384853e+34
184 -21 3.7491946838922689e+34
186 -21 4.2920478259643283e+34
188 -21 4.4814498734112149e+34
190 -21 4.2627367906057187e+34
192 -21 3.6411255954765117e+34
194 -21 2.7876855542715412e+34
196 -21 1.8791348896758627e+34
198 -21 1.1048927165204629e+34
200 -21 5.5278283807352178e+33
202 -21 2.2970131400385472e+33
204 -21 7.6147719966670317e+32
206 -21 1.8882694270685267e+32
208 -21 3.1155394221731900e+31
210 -21 2.5701458048451795e+30
126 -20 5.0840563003376381e+14
128 -20 1.1762187820516744e+18
130 -20 1.7590583445610463e+20
132 -20 7.8158401009349107e+21
134 -20 1.7256436694046524e+23
136 -20 2.4640441465180954e+24
138 -20 2.6026910887553772e+25
140 -20 2.1570900915222637e+26
142 -20 1.4861260153929987e+27
144 -20 8.7800814240428380e+27
146 -20 4.5073452866192116e+28
148 -20 2.0617768275683299e+29
150 -20 8.4815171370627106e+29
152 -20 3.1720742742495540e+30
154 -20 1.0881517184419095e+31
156 -20 3.4339216318896341e+31
158 -20 1.0011563721532753e+32
160 -20 2.7128023696030107e+32
162 -20 6.8204403099107614e+32
164 -20 1.5994188765468956e+33
166 -20 3.5091615808328161e+33
168 -20 7.1631471137801551e+33
170 -20 1.3637119162775926e+34
172 -20 2.4247252491187000e+34
174 -20 4.0188926404172711e+34
176 -20 6.1941222423975924e+34
178 -20 8.8720401598943718e+34
180 -20 1.1767105565488629e+35
182 -20 1.4434375328152795e+35
184 -20 1.6256844752599274e+35
186 -20 1.6730873265718596e+35
188 -20 1.5662375341332867e+35
190 -20 1.3198095753725564e+35
192 -20 9.9852503446571943e+34
194 -20 6.6571963495808646e+34
196 -20 3.8725501126581051e+34
198 -20 1.9140348548505244e+34
200 -20 7.8736017017499034e+33
202 -20 2.5786963649998776e+33
204 -20 6.3303887553510662e+32
206 -20 1.0350350096468299e+32
208 -20 8.4660563537443149e+30
122 -19 1.6349953689678902e+15
124 -19 2.3228189788866990e+18
126 -19 2.9167693697769361e+20
128 -19 1.1992252484826893e+22
130 -19 2.5620699114838634e+23
132 -19 3.6142855076393879e+24
134 -19 3.7770518139950424e+25
136 -19 3.1641047404209605e+26
138 -19 2.1830334089210442e+27
140 -19 1.2912322123327968e+28
142 -19 6.7668916228735314e+28
144 -19 3.1441569138365611e+29
146 -19 1.3192742865593999e+30
148 -19 5.0401454563345284e+30
150 -19 1.7699665056497363e+31
152 -19 5.7099640501250563e+31
154 -19 1.7128822264541937e+32
156 -19 4.7798207613894231e+32
158 -19 1.2451050414780859e+33
160 -19 3.0226143526711667e+33
162 -19 6.8791127274616157e+33
164 -19 1.4602459178939610e+34
166 -19 2.9127554814187518e+34
168 -19 5.4095679299787658e+34
170 -19 9.4000596816119267e+34
172 -19 1.5301463603190108e+35
174 -19 2.3206460558343106e+35
176 -19 3.2638346361396939e+35
178 -19 4.2721317229224930e+35
180 -19 5.1491400787680348e+35
182 -19 5.7099878618174888e+35
184 -19 5.8079478927628464e+35
186 -19 5.3621976818008733e+35
188 -19 4.4826519133754193e+35
190 -19 3.3460498209734510e+35
192 -19 2.2042080596030697e+35
194 -19 1.2675106939687102e+35
196 -19 6.2121159877562394e+34
198 -19 2.5296839230286916e+34
200 -19 8.2293326260777497e+33
202 -19 1.9956835797440708e+33
204 -19 3.2371550921375056e+32
206 -19 2.6361031997787949e+31
118 -18 4.2505491867107790e+15
120 -18 4.0295340486043387e+18
122 -18 4.3738352518309767e+20
124 -18 1.6688912491478906e+22
126 -18 3.4460744357344698e+23
128 -18 4.7822339411615124e+24
130 -18 4.9727490101095819e+25
132 -18 4.1581188132708628e+26
134 -18 2.9027730510475209e+27
136 -18 1.7358712275965792e+28
138 -18 9.1778782905162214e+28
140 -18 4.3131194600390997e+29
142 -18 1.8415167427721802e+30
144 -18 7.2112462443974498e+30
146 -18 2.5822303429665676e+31
148 -18 8.5573285759708926e+31
150 -18 2.6378298613378807e+32
152 -18 7.5749052365223534e+32
154 -18 2.0348448447534303e+33
156 -18 5.1219066014690597e+33
158 -18 1.2052706391551128e+34
160 -18 2.6632663367557886e+34
162 -18 5.5227773122920926e+34
164 -18 1.0741545549188999e+35
166 -18 1.9582194413433333e+35
168 -18 3.3453191598489997e+35
170 -18 5.3444494125553341e+35
172 -18 7.9643018637421111e+35
174 -18 1.1055116120641441e+36
176 -18 1.4237565779110945e+36
178 -18 1.6960803511133560e+36
180 -18 1.8591509831251978e+36
182 -18 1.8685927048963530e+36
184 -18 1.7092687564592448e+36
186 -18 1.4107172680222740e+36
188 -18 1.0423198845391982e+36
190 -18 6.8067926873053694e+35
192 -18 3.8756285070411170e+35
194 -18 1.8881189666117890e+35
196 -18 7.6073503190263280e+34
198 -18 2.4534674045095103e+34
200 -18 5.9111700927643739e+33
202 -18 9.5599710011361681e+32
204 -18 7.7254303681763482e+31
114 -17 9.4702182767313600e+15
116 -17 6.1952541915905475e+18
118 -17 5.8464581480590115e+20
120 -17 2.0933085539477536e+22
122 -17 4.1958394908895474e+23
124 -17 5.7293894727533887e+24
126 -17 5.9070891735162386e+25
128 -17 4.9431260598131589e+26
130 -17 3.4599103814795025e+27
132 -17 2.0968234240683458e+28
134 -17 1.1132865886729419e+29
136 -17 5.3503874600161755e+29
138 -17 2.3229506665933952e+30
140 -17 9.2316388319225832e+30
142 -17 3.3807142112792244e+31
144 -17 1.1469807040469308e+32
146 -17 3.6346852747708413e+32
148 -17 1.0741170237912870e+33
150 -17 2.9775481190322105e+33
152 -17 7.7282344883440536e+33
154 -17 1.8846923651278394e+34
156 -17 4.3268620988175841e+34
158 -17 9.3268432164706051e+34
160 -17 1.8924033326061891e+35
162 -17 3.6088248113111948e+35
164 -17 6.4779642982305477e+35
166 -17 1.0858623933786834e+36
168 -17 1.7088618059519146e+36
170 -17 2.5131544363768007e+36
172 -17 3.4401597712731665e+36
174 -17 4.3771349019588640e+36
176 -17 5.1564947969172404e+36
178 -17 5.5969187895617733e+36
180 -17 5.5663205011170289e+36
182 -17 5.0368631324068401e+36
184 -17 4.1278975534253849e+36
186 -17 3.0241604658577442e+36
188 -17 1.9593522993337626e+36
190 -17 1.1085919081608471e+36
192 -17 5.3420725292193391e+35
194 -17 2.1380752639056973e+35
196 -17 6.8465758932920557e+34
198 -17 1.6449303948562100e+34
200 -17 2.6361738067236288e+33
202 -17 2.1250405130443469e+32
110 -16 1.7556455916741070e+16
112 -16 8.4466544074725089e+18
114 -16 7.0060153893456210e+20
116 -16 2.3465253280598892e+22
118 -16 4.5844484403887183e+23
120 -16 6.1607209924054966e+24
122 -16 6.3175031970197270e+25
124 -16 5.2643864290997786e+26
126 -16 3.7074219636605298e+27
128 -16 2.2574746947341439e+28
130 -16 1.2157519247979961e+29
132 -16 5.8967369364372294e+29
134 -16 2.6083882367651055e+30
136 -16 1.0545048599181741e+31
138 -16 3.9452095215576019e+31
140 -16 1.3763855601265325e+32
142 -16 4.4704571077444559e+32
144 -16 1.3571087295794046e+33
146 -16 3.8719695297188964e+33
148 -16 1.0378996435013795e+34
150 -16 2.6243538415747687e+34
152 -16 6.2385784304845153e+34
154 -16 1.4003283841491112e+35
156 -16 2.9566178951034454e+35
158 -16 5.8847415215062239e+35
160 -16 1.1024161957556921e+36
162 -16 1.9459453738081022e+36
164 -16 3.2210890651938513e+36
166 -16 5.0009774807102978e+36
168 -16 7.2666964442994407e+36
170 -16 9.8203006084471012e+36
172 -16 1.2393432865466644e+37
174 -16 1.4442412913160524e+37
176 -16 1.5534313188763758e+37
178 -16 1.5324600188960441e+37
180 -16 1.3764694121211873e+37
182 -16 1.1183797704594162e+37
184 -16 8.1189782312795999e+36
186 -16 5.2397264733765867e+36
188 -16 2.9328171188998243e+36
190 -16 1.4081252126848695e+36
192 -16 5.6091951001238014e+35
194 -16 1.7838352282075521e+35
196 -16 4.2705463730802919e+34
198 -16 6.8174248199084728e+33
200 -16 5.4827799102506909e+32
106 -15 2.8204534275513620e+16
108 -15 1.0144887284790841e+19
110 -15 7.4798876059657608e+20
112 -15 2.3711153536224641e+22
114 -15 4.4762417591543415e+23
116 -15 5.9414456971155451e+24
118 -15 6.0298211749804585e+25
120 -15 5.0135855742992992e+26
122 -15 3.5405318566419157e+27
124 -15 2.1706597306529747e+28
126 -15 1.1823852981232377e+29
128 -15 5.8215354175518181e+29
130 -15 2.6114095096654193e+30
132 -15 1.0750830503379874e+31
134 -15 4.1142915720053629e+31
136 -15 1.4591843148094969e+32
138 -15 4.8672567170207562e+32
140 -15 1.5206700650693412e+33
142 -15 4.4678902180533529e+33
144 -15 1.2344517400518602e+34
146 -15 3.2263535747282768e+34
148 -15 7.9564463448901650e+34
150 -15 1.8527498868549698e+35
152 -15 4.0673145299188742e+35
154 -15 8.4440385573181909e+35
156 -15 1.6535958698851120e+36
158 -15 3.0538678971445580e+36
160 -15 5.3110670669605711e+36
162 -15 8.7031595142118251e+36
164 -15 1.3335432968555882e+37
166 -15 1.9200240207090686e+37
168 -15 2.5767148549297983e+37
170 -15 3.2115020845021542e+37
172 -15 3.7138806363918358e+37
174 -15 3.9659597640878154e+37
176 -15 3.8836027092708436e+37
178 -15 3.4704193435042989e+37
180 -15 2.7987503291027522e+37
182 -15 2.0225605393612499e+37
184 -15 1.2938624287810096e+37
186 -15 7.2142890754368730e+36
188 -15 3.4440052464768650e+36
190 -15 1.3648863423796606e+36
192 -15 4.3309693332454073e+35
194 -15 1.0330693685401811e+35
196 -15 1.6487873035855938e+34
198 -15 1.3225442318616124e+33
100 -14 1.0102533806681858e+12
102 -14 3.8489428247741520e+16
104 -14 1.0789067968461949e+19
106 -14 7.1038159148012103e+20
108 -14 2.1401616987695503e+22
110 -14 3.8975356415845531e+23
112 -14 5.0566931246562408e+24
114 -14 5.1119645367653425e+25
116 -14 4.2461705821284623e+26
118 -14 3.0050598440409296e+27
120 -14 1.8581963067511851e+28
122 -14 1.0227065509286784e+29
124 -14 5.0944594918822087e+29
126 -14 2.3192761252415510e+30
128 -14 9.7230017520022597e+30
130 -14 3.7871515271560865e+31
132 -14 1.3743573554222852e+32
134 -14 4.6901000130231272e+32
136 -14 1.5052492610938085e+33
138 -14 4.5472876098634298e+33
140 -14 1.2950726122923896e+34
142 -14 3.4945614085709805e+34
144 -14 8.9216301078744168e+34
146 -14 2.1512708212267426e+35
148 -14 4.9104383400951265e+35
150 -14 1.0638759850864023e+36
152 -14 2.1710432159139968e+36
154 -14 4.1871979952617795e+36
156 -14 7.6567962750280410e+36
158 -14 1.3176117497472000e+37
160 -14 2.1341074659862360e+37
162 -14 3.2409462088580735e+37
164 -14 4.6239960586284144e+37
166 -14 6.1579250069525789e+37
168 -14 7.6173324342439409e+37
170 -14 8.7612722764361107e+37
172 -14 9.2829587273291607e+37
174 -14 9.0229956172908390e+37
176 -14 8.0184803013612250e+37
178 -14 6.4315801989326195e+37
180 -14 4.6339110011582391e+37
182 -14 2.9506395664119074e+37
184 -14 1.6370546153886293e+37
186 -14 7.7872385715719079e+36
188 -14 3.0830619407519189e+36
190 -14 9.7688807328678743e+35
192 -14 2.3247044600171423e+35
194 -14 3.7024667328637855e+34
196 -14 2.9730992294304212e+33
96 -13 4.5758117712872324e+12
98 -13 4.5036225860418464e+16
100 -13 9.9880663692473201e+18
102 -13 5.9819488841566598e+20
104 -13 1.6979618522734329e+22
106 -13 3.0149130187777119e+23
108 -13 3.8417058853654105e+24
110 -13 3.8516524586706159e+25
112 -13 3.1924327567238079e+26
114 -13 2.2567093709313322e+27
116 -13 1.4059032260451986e+28
118 -13 7.7918574619684305e+28
120 -13 3.9324038496741207e+29
122 -13 1.8146935406528089e+30
124 -13 7.7344709566216095e+30
126 -13 3.0771678105231849e+31
128 -13 1.1400766164396144e+32
130 -13 3.9692360199253570e+32
132 -13 1.3061237040331625e+33
134 -13 4.0630391091870914e+33
136 -13 1.1904561404748752e+34
138 -13 3.3153664126589034e+34
140 -13 8.7577979099788819e+34
142 -13 2.1889093682952002e+35
144 -13 5.1911874720573132e+35
146 -13 1.1672791684732249e+36
148 -13 2.4861454429275537e+36
150 -13 5.0248264371050669e+36
152 -13 9.5971356398641164e+36
154 -13 1.7296830294534777e+37
156 -13 2.9538735903633460e+37
158 -13 4.7420543320971485e+37
160 -13 7.1506544516703582e+37
162 -13 1.0134831891493541e+38
164 -13 1.3389728593786639e+38
166 -13 1.6509829083687565e+38
168 -13 1.8836125933047589e+38
170 -13 1.9845435885190573e+38
172 -13 1.9234084165970054e+38
174 -13 1.7011535943316131e+38
176 -13 1.3581639237566008e+38
178 -13 9.7569439060601805e+37
180 -13 6.1969064696385216e+37
182 -13 3.4401657919342099e+37
184 -13 1.6291207540699694e+37
186 -13 6.4384069561310794e+36
188 -13 2.0356564436187960e+36
190 -13 4.8464980773621934e+35
192 -13 7.7272921997103326e+34
194 -13 6.2221331846493725e+33
92 -12 1.0944782919108988e+13
94 -12 4.4784938708975592e+16
96 -12 8.1165091009429955e+18
98 -12 4.4116105634793141e+20
100 -12 1.1907371090559870e+22
102 -12 2.0564410603475709e+23
104 -12 2.5822955197579229e+24
106 -12 2.5502539039818896e+25
108 -12 2.1023112119927155e+26
110 -12 1.4944427752470687e+27
112 -12 9.3150158935221088e+27
114 -12 5.2160532740815478e+28
116 -12 2.6596409596222399e+29
118 -12 1.2425988177512701e+30
120 -12 5.3985382970044019e+30
122 -12 2.1812252153284715e+31
124 -12 8.2595904246427833e+31
126 -12 2.9403895062101820e+32
128 -12 9.9408557388229335e+32
130 -12 3.1698867126753595e+33
132 -12 9.5625899135590682e+33
134 -12 2.7406964174882300e+34
136 -12 7.4659953862928944e+34
138 -12 1.9358538446108016e+35
140 -12 4.7582116301642155e+35
142 -12 1.1113676745556715e+36
144 -12 2.4650874397028531e+36
146 -12 5.2021257894681270e+36
148 -12 1.0393664830540649e+37
150 -12 1.9667805645529095e+37
152 -12 3.5252834567249413e+37
154 -12 5.9602793466461292e+37
156 -12 9.5140769770366108e+37
158 -12 1.4273635921821611e+38
160 -12 2.0090962065413942e+38
162 -12 2.6413569967210429e+38
164 -12 3.2427943345319520e+38
166 -12 3.6828203462513294e+38
168 -12 3.8707623772557985e+38
170 -12 3.7377010757244948e+38
172 -12 3.2935087870478711e+38
174 -12 2.6283696200960924e+38
176 -12 1.8828768532399704e+38
178 -12 1.1935396841313669e+38
180 -12 6.6093644717133002e+37
182 -12 3.1343920048420481e+37
184 -12 1.2377388832617031e+37
186 -12 3.9144761510513651e+36
188 -12 9.3321327619938678e+35
190 -12 1.4928366268341279e+35
192 -12 1.2080468745573567e+34
88 -11 1.7671280305476047e+13
90 -11 3.7800014198365632e+16
92 -11 5.7773476374018703e+18
94 -11 2.8536151798839761e+20
96 -11 7.3372383678249231e+21
98 -11 1.2287821179315030e+23
100 -11 1.5154256524114131e+24
102 -11 1.4845957329657563e+25
104 -11 1.2175772336351094e+26
106 -11 8.6123749298126845e+26
108 -11 5.4000937844366407e+27
110 -11 3.0389702484055841e+28
112 -11 1.5678149737387165e+29
114 -11 7.4325226720225380e+29
116 -11 3.2706326513051451e+30
118 -11 1.3476913994074554e+31
120 -11 5.2049338625536265e+31
122 -11 1.8983793324267548e+32
124 -11 6.5523166818732828e+32
126 -11 2.1424496817510877e+33
128 -11 6.6658091468224561e+33
130 -11 1.9685769319395398e+34
132 -11 5.5283125330732373e+34
134 -11 1.4801712924251045e+35
136 -11 3.7773721272470724e+35
138 -11 9.1580805613283225e+35
140 -11 2.1160310413040257e+36
142 -11 4.6444054891682072e+36
144 -11 9.6932118647133427e+36
146 -11 1.9187617134926194e+37
148 -11 3.6116103391641349e+37
150 -11 6.4251693472007601e+37
152 -11 1.0801103789586766e+38
154 -11 1.7127315512239384e+38
156 -11 2.5589674950475525e+38
158 -11 3.5907615776423695e+38
160 -11 4.7020415333534698e+38
162 -11 5.7448614316759641e+38
164 -11 6.5298026291085828e+38
166 -11 6.8444741331417898e+38
168 -11 6.6002970985066053e+38
170 -11 5.8071622721799977e+38
172 -11 4.6289447410784308e+38
174 -11 3.3149248678125050e+38
176 -11 2.0980341302208756e+38
178 -11 1.1624771410712197e+38
180 -11 5.5084292182795499e+37
182 -11 2.1800775633652889e+37
184 -11 6.9204463554311284e+36
186 -11 1.6542257687410660e+36
188 -11 2.6590986200374052e+35
190 -11 2.1686380219006079e+34
84 -10 2.1266018102519812e+13
86 -10 2.7503643984727896e+16
88 -10 3.5292726891100452e+18
90 -10 1.6079854810900637e+20
92 -10 3.9474629794222351e+21
94 -10 6.3866024230926361e+22
96 -10 7.7339385271064572e+23
98 -10 7.5137397311164119e+24
100 -10 6.1177935509564409e+25
102 -10 4.3105250202321840e+26
104 -10 2.7130559596317394e+27
106 -10 1.5397088869146011e+28
108 -10 7.9946844207216053e+28
110 -10 3.8368319781895213e+29
112 -10 1.7184876823357407e+30
114 -10 7.1938909844591579e+30
116 -10 2.8342750487845025e+31
118 -10 1.0554669797930841e+32
120 -10 3.7268136063783232e+32
122 -10 1.2522686720754238e+33
124 -10 4.0025388877039689e+33
126 -10 1.2150846236118219e+34
128 -10 3.5262388424757199e+34
130 -10 9.7433348606514632e+34
132 -10 2.5691659449168037e+35
134 -10 6.4711666843515697e+35
136 -10 1.5520166756777935e+36
138 -10 3.5525130265413374e+36
140 -10 7.7373332712792606e+36
142 -10 1.6022468114839761e+37
144 -10 3.1551352944437332e+37
146 -10 5.8892357928449484e+37
148 -10 1.0441051500651002e+38
150 -10 1.7503115565736982e+38
152 -10 2.7655368450774369e+38
154 -10 4.1171653272470377e+38
156 -10 5.7539308720546467e+38
158 -10 7.5285109239517755e+38
160 -10 9.1770896174401924e+38
162 -10 1.0431550666782702e+39
164 -10 1.0934298743574136e+39
166 -10 1.0533100733933628e+39
168 -10 9.2683831650755042e+38
170 -10 7.3912385027169835e+38
172 -10 5.2922173696596353e+38
174 -10 3.3649835645951264e+38
176 -10 1.8642744271214340e+38
178 -10 8.8558418118118841e+37
180 -10 3.5137621846965090e+37
182 -10 1.1203049341259020e+37
184 -10 2.6912557962429787e+36
186 -10 4.3589964184088743e+35
188 -10 3.5977093224328969e+34
80 -9 1.9742779334880840e+13
82 -9 1.6815886232049850e+16
84 -9 1.8597451694247076e+18
86 -9 7.8039154147320906e+19
88 -9 1.8257056394104010e+21
90 -9 2.8823784372685345e+22
92 -9 3.4264790312688951e+23
94 -9 3.2662746325876566e+24
96 -9 2.6460023933560816e+25
98 -9 1.8689120650673997e+26
100 -9 1.1746540169176622e+27
102 -9 6.6887595406487639e+27
104 -9 3.5020405674889534e+28
106 -9 1.6998585598895307e+29
108 -9 7.7275357113419331e+29
110 -9 3.2837614652315339e+30
112 -9 1.3217088709442971e+31
114 -9 5.0280271155208901e+31
116 -9 1.8169360777169821e+32
118 -9 6.2434924979797081e+32
120 -9 2.0485004690848662e+33
122 -9 6.4131590334172568e+33
124 -9 1.9160458814009238e+34
126 -9 5.4772866151741034e+34
128 -9 1.4913997547611810e+35
130 -9 3.8901725908161718e+35
132 -9 9.7103723983971520e+35
134 -9 2.3094015309107996e+36
136 -9 5.2340301314934103e+36
138 -9 1.1330686655942183e+37
140 -9 2.3344579708672500e+37
142 -9 4.5800988899243591e+37
144 -9 8.5210288007442680e+37
146 -9 1.5073574685907746e+38
148 -9 2.5179182764115864e+38
150 -9 3.9775968712652558e+38
152 -9 5.9019617970310431e+38
154 -9 8.2539002880553790e+38
156 -9 1.0775969762385366e+39
158 -9 1.3168523267432395e+39
160 -9 1.4943752443246837e+39
162 -9 1.5674941827591201e+39
164 -9 1.5123535027824067e+39
166 -9 1.3325090684280022e+39
168 -9 1.0647578179913406e+39
170 -9 7.6415148185478123e+38
172 -9 4.8749924749657052e+38
174 -9 2.7097219571395461e+38
176 -9 1.2953812306822262e+38
178 -9 5.1571863729988583e+37
180 -9 1.6543915925483112e+37
182 -9 4.0056038028122666e+36
184 -9 6.5412261953780193e+35
186 -9 5.4599834777490151e+34
76 -8 1.4484108065787842e+13
78 -8 8.6149507862760600e+15
80 -8 8.3791058602859302e+17
82 -8 3.2361774864055980e+19
84 -8 7.2125472054013867e+20
86 -8 1.1070580735712019e+22
88 -8 1.2855504560205966e+23
90 -8 1.2175823894501479e+24
92 -8 9.7681606219999162e+24
94 -8 6.8661727943658092e+25
96 -8 4.3261066120068233e+26
98 -8 2.4771950751883023e+27
100 -8 1.3061054301087560e+28
102 -8 6.4215795464437441e+28
104 -8 2.9503738122308225e+29
106 -8 1.2781254763929288e+30
108 -8 5.2256962956517818e+30
110 -8 2.0305832472945675e+31
112 -8 7.5141462763005213e+31
114 -8 2.6448785947029389e+32
116 -8 8.8999657764009781e+32
118 -8 2.8723938058025262e+33
120 -8 8.8123387955620609e+33
122 -8 2.6004942053810362e+34
124 -8 7.3251311732043407e+34
126 -8 1.9785435390298959e+35
128 -8 5.1206799385169363e+35
130 -8 1.2654127390827626e+36
132 -8 2.9891952843265247e+36
134 -8 6.7608831176903419e+36
136 -8 1.4544570527943906e+37
138 -8 2.9878631087912700e+37
140 -8 5.8442968074930419e+37
142 -8 1.0862644128732941e+38
144 -8 1.9137043662219444e+38
146 -8 3.2002257387617369e+38
148 -8 5.0528154257004441e+38
150 -8 7.5152144254861019e+38
152 -8 1.0509922076378775e+39
154 -8 1.3732201686157781e+39
156 -8 1.6819206413726224e+39
158 -8 1.9110648601132267e+39
160 -8 2.0099729432780466e+39
162 -8 1.9446604117093471e+39
164 -8 1.7207698451490705e+39
166 -8 1.3793096716654030e+39
168 -8 9.9393992187310187e+38
170 -8 6.3631305702212419e+38
172 -8 3.5610192473859351e+38
174 -8 1.7124282796816006e+38
176 -8 6.8619041621662996e+37
178 -8 2.2174513831521731e+37
180 -8 5.4199213843720463e+36
182 -8 8.9460723613133679e+35
184 -8 7.5760192758321204e+34
72 -7 8.5484222948636562e+12
74 -7 3.7325402264312980e+15
76 -7 3.1618062499174931e+17
78 -7 1.1359705086570646e+19
80 -7 2.4250076724550946e+20
82 -7 3.6010896578417944e+21
84 -7 4.0943142884321176e+22
86 -7 3.8168639947405145e+23
88 -7 3.0437952728282853e+24
90 -7 2.1317344458295663e+25
92 -7 1.3439569597601249e+26
94 -7 7.7360029034928469e+26
96 -7 4.0992327278400210e+27
98 -7 2.0355660899775761e+28
100 -7 9.4582284422664441e+28
102 -7 4.1623700407733713e+29
104 -7 1.7365670834257467e+30
106 -7 6.8815231680309629e+30
108 -7 2.5975527109837536e+31
110 -7 9.4008134693584737e+31
112 -7 3.2395517817263103e+32
114 -7 1.0717834001257358e+33
116 -7 3.4019493965433694e+33
118 -7 1.0330474780791753e+34
120 -7 3.0154710091923432e+34
122 -7 8.4206140244727296e+34
124 -7 2.2579903353762277e+35
126 -7 5.8018035980096947e+35
128 -7 1.4274127167252964e+36
130 -7 3.3614212338335075e+36
132 -7 7.5800474034254282e+36
134 -7 1.6293389310298200e+37
136 -7 3.3387109127678830e+37
138 -7 6.5267057208819630e+37
140 -7 1.2122641851246380e+38
142 -7 2.1390761032965145e+38
144 -7 3.5803895846015631e+38
146 -7 5.6518274565639479e+38
148 -7 8.4314023645239900e+38
150 -7 1.1794556813799416e+39
152 -7 1.5502085796211233e+39
154 -7 1.9018743860982716e+39
156 -7 2.1713859818923080e+39
158 -7 2.2914100827749808e+39
160 -7 2.2281206359236000e+39
162 -7 1.9809980201604925e+39
164 -7 1.5957332436132955e+39
166 -7 1.1575980672085746e+39
168 -7 7.4575112885585227e+38
170 -7 4.2006876338693751e+38
172 -7 2.0375872113351672e+38
174 -7 8.2454579461005344e+37
176 -7 2.6903694773629325e+37
178 -7 6.6555369078932767e+36
180 -7 1.1121238026833162e+36
182 -7 9.5805200209781641e+34
68 -6 4.0042177577324609e+12
70 -6 1.3341436882193912e+15
72 -6 1.0026651342188581e+17
74 -6 3.3717314162465874e+18
76 -6 6.8270503736207368e+19
78 -6 9.7822257408162215e+20
80 -6 1.0961264941795249e+22
82 -6 1.0011178639052349e+23
84 -6 7.8906725285659959e+23
86 -6 5.4840903067490139e+24
88 -6 3.4547481518258377e+25
90 -6 1.9918319845643141e+26
92 -6 1.0708436935574984e+27
94 -6 5.3528419314936991e+27
96 -6 2.5249201446619726e+28
98 -6 1.1250264189722809e+29
100 -6 4.7737230389882218e+29
102 -6 1.9371983474344292e+30
104 -6 7.4760285835100321e+30
106 -6 2.7581090058696735e+31
108 -6 9.7812284646089532e+31
110 -6 3.3257228302618839e+32
112 -6 1.0855427498169393e+33
114 -6 3.4075923415437285e+33
116 -6 1.0261417522271092e+34
118 -6 2.9708456554991312e+34
120 -6 8.2626844442621482e+34
122 -6 2.2011121068695409e+35
124 -6 5.6357046702453804e+35
126 -6 1.3807372524613710e+36
128 -6 3.2520430975984141e+36
130 -6 7.3096641683314119e+36
132 -6 1.5731453859669735e+37
134 -6 3.2284081294922989e+37
136 -6 6.3186857557810347e+37
138 -6 1.1747185990817353e+38
140 -6 2.0792941243813581e+38
142 -6 3.4857103091852457e+38
144 -6 5.5370774203969471e+38
146 -6 8.2753003711109254e+38
148 -6 1.1644267814355905e+39
150 -6 1.5354575822845815e+39
152 -6 1.8941187645307013e+39
154 -6 2.1738362765602011e+39
156 -6 2.3099380345318537e+39
158 -6 2.2569075686298852e+39
160 -6 2.0229140515998229e+39
162 -6 1.6407382888791415e+39
164 -6 1.1993059882083299e+39
166 -6 7.7925079278980096e+38
168 -6 4.4327200223011619e+38
170 -6 2.1714287292992309e+38
172 -6 8.8872643807752570e+37
174 -6 2.9347887454157778e+37
176 -6 7.3534198196508652e+36
178 -6 1.2510703448465113e+36
180 -6 1.0967047174602570e+35
64 -5 1.4827800550415063e+12
66 -5 3.8766088680176856e+14
68 -5 2.6000780905298208e+16
70 -5 8.1550108996343258e+17
72 -5 1.5789744526758730e+19
74 -5 2.1839591441077554e+20
76 -5 2.3884380746104717e+21
78 -5 2.1542472614361403e+22
80 -5 1.6778854755801362e+23
82 -5 1.1555540594919368e+24
84 -5 7.2817254562500398e+24
86 -5 4.2223102416433329e+25
88 -5 2.2767242310442887e+26
90 -5 1.1477518893232301e+27
92 -5 5.4881123869925098e+27
94 -5 2.4894397179192688e+28
96 -5 1.0724750694246128e+29
98 -5 4.4322455909190674e+29
100 -5 1.7537178916287411e+30
102 -5 6.6390967459722649e+30
104 -5 2.4140369761243548e+31
106 -5 8.4459454324260348e+31
108 -5 2.8360268765765006e+32
110 -5 9.1632811396341523e+32
112 -5 2.8561176448798625e+33
114 -5 8.5568462958537757e+33
116 -5 2.4662266527336739e+34
118 -5 6.8272189589411327e+34
120 -5 1.8177126894670257e+35
122 -5 4.6445392897958950e+35
124 -5 1.1402417419537048e+36
126 -5 2.6807575105886725e+36
128 -5 6.0396493111258223e+36
130 -5 1.3021799205473376e+37
132 -5 2.6813261670483529e+37
134 -5 5.2657810828768073e+37
136 -5 9.8240062750638235e+37
138 -5 1.7463022828192024e+38
140 -5 2.9406454923594434e+38
142 -5 4.6953609172650977e+38
144 -5 7.0588389946787558e+38
146 -5 1.0004922090453477e+39
148 -5 1.3289090316581107e+39
150 -5 1.6495251880895141e+39
152 -5 1.9059459778683705e+39
154 -5 2.0423508639677162e+39
156 -5 2.0151710724822264e+39
158 -5 1.8205380154159565e+39
160 -5 1.4914741477550302e+39
162 -5 1.1018274878018552e+39
164 -5 7.2261290957644183e+38
166 -5 4.1666055476435870e+38
168 -5 2.0622956461928992e+38
170 -5 8.5708642898062749e+37
172 -5 2.8696213378962615e+37
174 -5 7.3047810149006951e+36
176 -5 1.2656089182642678e+36
178 -5 1.1311391035441744e+35
58 -4 4.9067293978821464e+07
60 -4 4.2591325087934375e+11
62 -4 9.0455327630709234e+13
64 -4 5.3785807038270860e+15
66 -4 1.5858681201528960e+17
68 -4 2.9262694976349389e+18
70 -4 3.9252259820005802e+19
72 -4 4.1553372377637899e+20
74 -4 3.6863074251046786e+21
76 -4 2.8524616021119905e+22
78 -4 1.9607921729896337e+23
80 -4 1.2256613610039004e+24
82 -4 7.1427523954551298e+24
84 -4 3.8746399567137338e+25
86 -4 1.9789635645476060e+26
88 -4 9.5635941169191917e+26
90 -4 4.4048018767318637e+27
92 -4 1.9371084902606747e+28
94 -4 8.1663370137170225e+28
96 -4 3.3007692355831654e+29
98 -4 1.2862320629889370e+30
100 -4 4.8000696392176701e+30
102 -4 1.7245299900427475e+31
104 -4 5.9687099529295412e+31
106 -4 1.9919647302285363e+32
108 -4 6.4002918525469885e+32
110 -4 1.9873137126036926e+33
112 -4 5.9425580663236261e+33
114 -4 1.7060318476564948e+34
116 -4 4.7300773398708424e+34
118 -4 1.2604694021926934e+35
120 -4 3.2306202989861886e+35
122 -4 7.9271563388766921e+35
124 -4 1.8729116563398359e+36
126 -4 4.2317720433226170e+36
128 -4 9.1678591216489508e+36
130 -4 1.8963119258884012e+37
132 -4 3.7402654643054781e+37
134 -4 7.0283633476469066e+37
136 -4 1.2581509993009100e+38
138 -4 2.1342008769324659e+38
140 -4 3.4259170683350870e+38
142 -4 5.2019194181446844e+38
144 -4 7.4294326916590202e+38
146 -4 9.9517679701064873e+38
148 -4 1.2481890489295806e+39
150 -4 1.4569211111360693e+39
152 -4 1.5745642884660096e+39
154 -4 1.5709190917781279e+39
156 -4 1.4349024148539709e+39
158 -4 1.1895710417262499e+39
160 -4 8.8958692425615485e+38
162 -4 5.9139356677126880e+38
164 -4 3.4517207717553064e+38
166 -4 1.7383309499389270e+38
168 -4 7.3308656812093643e+37
170 -4 2.4971368482208625e+37
172 -4 6.4759971239953193e+36
174 -4 1.1434031646630634e+36
176 -4 1.0497005829508194e+35
54 -3 2.5227374497598149e+07
56 -3 9.2666661918020844e+10
58 -3 1.6199093032968449e+13
60 -3 8.7976278091724375e+14
62 -3 2.4235814180275820e+16
64 -3 4.2778134034037632e+17
66 -3 5.5181334533029007e+18
68 -3 5.6877733859075121e+19
70 -3 4.9432013877813261e+20
72 -3 3.7618749786070141e+21
74 -3 2.5739548913459014e+22
76 -3 1.6179341176296809e+23
78 -3 9.4175946378841724e+23
80 -3 5.1567054178395515e+24
82 -3 2.6662956616148612e+25
84 -3 1.3086602524015503e+26
86 -3 6.1399505868784565e+26
88 -3 2.7453873264311373e+27
90 -3 1.1860955468137346e+28
92 -3 4.9094743466496523e+28
94 -3 1.9561295372247495e+29
96 -3 7.5101944491660910e+29
98 -3 2.7819144361177143e+30
100 -3 9.9119356456591756e+30
102 -3 3.4221419027786782e+31
104 -3 1.1380587807735449e+32
106 -3 3.6521945852675592e+32
108 -3 1.1363292882591666e+33
110 -3 3.3889975826091955e+33
112 -3 9.7561136842232973e+33
114 -3 2.7123468177212954e+34
116 -3 7.2482680519376867e+34
118 -3 1.8665889533212472e+35
120 -3 4.6092247016283743e+35
122 -3 1.0945634727020816e+36
124 -3 2.4907958023995125e+36
126 -3 5.4233605979446707e+36
128 -3 1.1303092911660717e+37
130 -3 2.2493754021941154e+37
132 -3 4.2614128360841620e+37
134 -3 7.6908025546898977e+37
136 -3 1.3186789637138430e+38
138 -3 2.1362805412828359e+38
140 -3 3.2748213797636027e+38
142 -3 4.7280310238363100e+38
144 -3 6.4090847256471496e+38
146 -3 8.1268014695787791e+38
148 -3 9.5994041760015482e+38
150 -3 1.0502934110529445e+39
152 -3 1.0616056577817507e+39
154 -3 9.8235314922879929e+38
156 -3 8.2641303499726079e+38
158 -3 6.2637165695252177e+38
160 -3 4.2336783411355315e+38
162 -3 2.5111908738648144e+38
164 -3 1.2873217722423944e+38
166 -3 5.5228190523127394e+37
168 -3 1.9202481345305082e+37
170 -3 5.0935694458500905e+36
172 -3 9.2111520075093456e+35
174 -3 8.6850793347742744e+34
50 -2 8.3333450117377182e+06
52 -2 1.4877783936710154e+10
54 -2 2.1912850213769290e+12
56 -2 1.0707749637170733e+14
58 -2 2.7656464634207630e+15
60 -2 4.6629208588111736e+16
62 -2 5.7988126150327386e+17
64 -2 5.8067352673956782e+18
66 -2 4.9590458674253447e+19
68 -2 3.7250254106482259e+20
70 -2 2.5348594068924410e+21
72 -2 1.5957102273521674e+22
74 -2 9.3238475063651392e+22
76 -2 5.1681264094009607e+23
78 -2 2.7192588207499087e+24
80 -2 1.3613286061941577e+25
82 -2 6.4954107529406814e+25
84 -2 2.9800178972339441e+26
86 -2 1.3152584131116627e+27
88 -2 5.6007048255879702e+27
90 -2 2.2932919570005089e+28
92 -2 9.0582783391648160e+28
94 -2 3.4639620868262340e+29
96 -2 1.2801887727346042e+30
98 -2 4.5546332603645488e+30
100 -2 1.5695445733515235e+31
102 -2 5.2200396929609623e+31
104 -2 1.6836369346462829e+32
106 -2 5.2386435203236078e+32
108 -2 1.5732099799808332e+33
110 -2 4.5659093449293821e+33
112 -2 1.2724263320668589e+34
114 -2 3.4228842325542819e+34
116 -2 8.8730713404466990e+34
118 -2 2.2126494142408622e+35
120 -2 5.2935864630189591e+35
122 -2 1.2150252350748680e+36
124 -2 2.6743584109986701e+36
126 -2 5.6355024053099222e+36
128 -2 1.1306354985064245e+37
130 -2 2.1668156682649640e+37
132 -2 3.9573468367538366e+37
134 -2 6.8593513439985713e+37
136 -2 1.1273097603806053e+38
138 -2 1.7473405029269251e+38
140 -2 2.5606885220230045e+38
142 -2 3.5137047468352334e+38
144 -2 4.5184523439482618e+38
146 -2 5.4092640722586522e+38
148 -2 6.0177296209171746e+38
150 -2 6.1777228332544163e+38
152 -2 5.8128880622661767e+38
154 -2 4.9623618212827665e+38
156 -2 3.8319717218060494e+38
158 -2 2.6366001712782762e+38
160 -2 1.5964766257932587e+38
162 -2 8.3310796823112370e+37
164 -2 3.6540208692777926e+37
166 -2 1.3002017037457582e+37
168 -2 3.5273281846793219e+36
170 -2 6.5740123557937413e+35
172 -2 6.3778847544858789e+34
46 -1 1.5318971063404942e+06
48 -1 1.6554620226921766e+09
50 -1 2.0656660730885544e+11
52 -1 9.1561473411364121e+12
54 -1 2.2328981656096112e+14
56 -1 3.5456045473378975e+15
58 -1 4.2547440989034064e+16
60 -1 4.1667316959335648e+17
62 -1 3.4663254001438484e+18
64 -1 2.5868313274576146e+19
66 -1 1.7608425256980781e+20
68 -1 1.1158724889946077e+21
70 -1 6.6473347820929176e+21
72 -1 3.7339983720650763e+22
74 -1 2.0070938944251352e+23
76 -1 1.0270745190416109e+24
78 -1 5.0406631569045776e+24
80 -1 2.3764688596200123e+25
82 -1 1.0791560777988858e+26
84 -1 4.7275121274829161e+26
86 -1 2.0027358806405887e+27
88 -1 8.1753543701287928e+27
90 -1 3.2375401276937997e+28
92 -1 1.2356889517215544e+29
94 -1 4.5713680656804376e+29
96 -1 1.6360258683279069e+30
98 -1 5.6705678239784741e+30
100 -1 1.9010916595027317e+31
102 -1 6.1576962594302925e+31
104 -1 1.9300195094295318e+32
106 -1 5.8486610397894498e+32
108 -1 1.7110181237998932e+33
110 -1 4.8187464303153460e+33
112 -1 1.3089056623917684e+34
114 -1 3.4292556958243339e+34
116 -1 8.6361184911323385e+34
118 -1 2.0921344758846650e+35
120 -1 4.8578295663523137e+35
122 -1 1.0833111693196844e+36
124 -1 2.3120078737816365e+36
126 -1 4.7064840350716004e+36
128 -1 9.1578110971892048e+36
130 -1 1.6941502227810659e+37
132 -1 2.9838442982622882e+37
134 -1 4.9797527011270281e+37
136 -1 7.8461962437720657e+37
138 -1 1.1653657373229907e+38
140 -1 1.6265733446084763e+38
142 -1 2.1271191470395051e+38
144 -1 2.5917975483265756e+38
146 -1 2.9358830836231444e+38
148 -1 3.0680836095519501e+38
150 -1 2.9399604096006509e+38
152 -1 2.5606555544330834e+38
154 -1 2.0160149550962224e+38
156 -1 1.4166732881725671e+38
158 -1 8.7780000130951143e+37
160 -1 4.6798522117007352e+37
162 -1 2.1056004137570806e+37
164 -1 7.6869091783078166e+36
166 -1 2.1455381897075819e+36
168 -1 4.1049689747602462e+35
170 -1 4.1322130888297927e+34
42 0 1.5761104405958677e+05
44 0 1.1368221746650566e+08
46 0 1.2211483187396616e+10
48 0 4.9343224871064014e+11
50 0 1.1211233173192564e+13
52 0 1.6959733238574578e+14
54 0 1.9532726066544790e+15
56 0 1.8489397310395672e+16
58 0 1.5247583634766147e+17
60 0 1.1385238486472653e+18
62 0 7.8223949792156754e+18
64 0 5.0597844040055456e+19
66 0 3.0984881206568216e+20
68 0 1.8076343844248216e+21
70 0 9.9978314608985747e+21
72 0 5.3027804728087259e+22
74 0 2.7023882521437495e+23
76 0 1.3268059659194247e+24
78 0 6.2613753118992271e+24
80 0 2.8417525315509459e+25
82 0 1.2477024053898904e+26
84 0 5.3104633182462941e+26
86 0 2.1875176517710485e+27
88 0 8.6946355554906918e+27
90 0 3.3455049059768712e+28
92 0 1.2511337863569585e+29
94 0 4.5199425551905507e+29
96 0 1.5815282722070509e+30
98 0 5.3679657169035310e+30
100 0 1.7584713076927899e+31
102 0 5.5731700806197902e+31
104 0 1.7093645376142716e+32
106 0 5.0630807279336534e+32
108 0 1.4474140619043405e+33
110 0 3.9923332512272566e+33
112 0 1.0613108759980153e+34
114 0 2.7130232099194196e+34
116 0 6.6658717543448757e+34
118 0 1.5711594891434039e+35
120 0 3.5670375638646924e+35
122 0 7.7341501558625328e+35
124 0 1.6031511683781276e+36
126 0 3.1721782478653448e+36
128 0 5.9634824408401582e+36
130 0 1.0693501155396201e+37
132 0 1.8161203556136831e+37
134 0 2.9141839483627345e+37
136 0 4.4190599129921462e+37
138 0 6.2874301631534590e+37
140 0 8.3905449828389364e+37
142 0 1.0436004173048415e+38
144 0 1.2052309733792765e+38
146 0 1.2892702865853194e+38
148 0 1.2598759983973355e+38
150 0 1.1251558820685936e+38
152 0 9.0698164912610213e+37
154 0 6.5182554842190966e+37
156 0 4.1376212074440773e+37
158 0 2.2697624656552735e+37
160 0 1.0479204694786874e+37
162 0 3.9372607160725500e+36
164 0 1.1323162082997834e+36
166 0 2.2413765987112135e+35
168 0 2.3509090282109906e+34
38 1 6.9546817618472496e+03
40 1 3.6633125596697018e+06
42 1 3.3683102021572977e+08
44 1 1.2502894527171381e+10
46 1 2.6359122291134818e+11
48 1 3.8007124921260596e+12
50 1 4.1836707425115133e+13
52 1 3.9125210101158119e+14
54 1 3.2548849313144005e+15
56 1 2.5240818142418608e+16
58 1 1.8421555072079002e+17
60 1 1.2729225104808699e+18
62 1 8.3050140461573540e+18
64 1 5.1819715536526311e+19
66 1 3.0529266925028521e+20
68 1 1.7193281240136027e+21
70 1 9.2653098356852371e+21
72 1 4.8037814970156010e+22
74 1 2.3850023010380512e+23
76 1 1.1431019415495266e+24
78 1 5.2911065522675762e+24
80 1 2.3676532933998091e+25
82 1 1.0203199242443908e+26
84 1 4.2606248920861706e+26
86 1 1.7256884842474864e+27
88 1 6.7566180997994051e+27
90 1 2.5581166597273202e+28
92 1 9.4075245120745976e+28
94 1 3.3503294097309122e+29
96 1 1.1543179243621419e+30
98 1 3.8527077572010828e+30
100 1 1.2438682822805590e+31
102 1 3.8784507312589999e+31
104 1 1.1686399152095683e+32
106 1 3.4048967895327648e+32
108 1 9.5819640213471225e+32
110 1 2.5954772722101780e+33
112 1 6.7569711151120882e+33
114 1 1.6921473443993792e+34
116 1 4.0743429152407568e+34
118 1 9.4036618488333341e+34
120 1 2.0817689865731561e+35
122 1 4.3976022876813294e+35
124 1 8.8860370013039325e+35
126 1 1.7126156880842124e+36
128 1 3.1293449912077871e+36
130 1 5.4248878979554253e+36
132 1 8.9192873003016413e+36
134 1 1.3817455009181340e+37
136 1 2.0137411819876869e+37
138 1 2.7483299924042491e+37
140 1 3.4963936288977755e+37
142 1 4.1340044888448568e+37
144 1 4.5252421661875457e+37
146 1 4.5492460269532609e+37
148 1 4.1689760556023774e+37
150 1 3.4499601580730993e+37
152 1 2.5462373857481274e+37
154 1 1.6648951139909648e+37
156 1 9.4001307237863140e+36
158 1 4.4797529181055555e+36
160 1 1.7376327268092146e+36
162 1 5.1635699208974578e+35
164 1 1.0622538009617860e+35
166 1 1.1625954973237558e+34
42 2 4.6110228223427449e+05
44 2 1.7381455130830744e+08
46 2 1.3501241602978434e+10
48 2 4.5750755074290265e+11
50 2 9.0689144233463633e+12
52 2 1.2640489637721427e+14
54 2 1.3649901151112462e+15
56 2 1.2392556873585834e+16
58 2 9.8160117023941152e+16
60 2 7.0420539682675456e+17
62 2 4.6956527422663803e+18
64 2 2.9435880451204674e+19
66 2 1.7610172289113316e+20
68 2 9.9855567777454739e+20
70 2 5.4075484502863716e+21
72 2 2.7991565415488810e+22
74 2 1.3991006349163096e+23
76 2 6.6802242710619919e+23
78 2 3.0870034939211649e+24
80 2 1.3736350034245831e+25
82 2 5.9121891476285846e+25
84 2 2.4512718486348123e+26
86 2 9.8801553109721941e+26
88 2 3.8332117792075189e+27
90 2 1.4432420620964052e+28
92 2 5.2533778865164013e+28
94 2 1.8559816842915894e+29
96 2 6.3293941576636912e+29
98 2 2.0930252375476072e+30
100 2 6.6902703155603401e+30
102 2 2.0685287132008940e+31
104 2 6.1564350937186872e+31
106 2 1.7673883802460616e+32
108 2 4.9048655517111640e+32
110 2 1.3097942356182167e+33
112 2 3.3658452061771191e+33
114 2 8.2846538062893162e+33
116 2 1.9557500477344058e+34
118 2 4.4363108426894190e+34
120 2 9.6152023774256547e+34
122 2 1.9896462859509161e+35
124 2 3.9299321928707375e+35
126 2 7.3686365732877752e+35
128 2 1.3096841324455330e+36
130 2 2.2099496762622751e+36
132 2 3.5118333873137205e+36
134 2 5.2539856153485794e+36
136 2 7.3730184137765965e+36
138 2 9.6414631359157328e+36
140 2 1.1740476762871077e+37
142 2 1.3208465815397415e+37
144 2 1.3647672779592740e+37
146 2 1.2881729382576756e+37
148 2 1.0990881661619426e+37
150 2 8.3969896987190094e+36
152 2 5.6467614865616964e+36
154 2 3.2943739377798602e+36
156 2 1.6269326755579231e+36
158 2 6.5360853414767843e+35
160 2 2.0191923449477908e+35
162 2 4.3182290114859101e+34
164 2 4.9631938692227509e+33
46 3 1.4159594825568222e+07
48 3 3.7087804423753009e+09
50 3 2.4551267471593475e+11
52 3 7.5269260124399512e+12
54 3 1.4111777584689588e+14
56 3 1.8976566876757450e+15
58 3 1.9939956206565564e+16
60 3 1.7465439688217002e+17
62 3 1.3418452749452378e+18
64 3 9.3114703100573716e+18
66 3 5.9253052251158045e+19
68 3 3.5486576676197119e+20
70 3 2.0028645152056544e+21
72 3 1.0694659976978990e+22
74 3 5.4557040349700057e+22
76 3 2.6581721039591407e+23
78 3 1.2431981158535236e+24
80 3 5.6095035675800274e+24
82 3 2.4185395991760320e+25
84 3 1.0136601494595095e+26
86 3 4.0783732335560086e+26
88 3 1.5898181857170379e+27
90 3 5.9883911003525379e+27
92 3 2.1800303430862419e+28
94 3 7.6811408914293684e+28
96 3 2.6144754690189901e+29
98 3 8.6273298142019269e+29
100 3 2.7389242420824870e+30
102 3 8.3930265451894304e+30
104 3 2.4831819906973858e+31
106 3 7.0860047992407999e+31
108 3 1.9442142534122940e+32
110 3 5.1314433965069467e+32
112 3 1.3041722416609822e+33
114 3 3.1672576788176215e+33
116 3 7.4054929488962591e+33
118 3 1.6492016441489905e+34
120 3 3.5144154984549595e+34
122 3 7.1440219285493607e+34
124 3 1.3817370233592509e+35
126 3 2.5312180506837391e+35
128 3 4.3980942247341568e+35
130 3 7.2017490390335965e+35
132 3 1.1104515335672789e+36
134 3 1.6026670200915721e+36
136 3 2.1639178904179880e+36
138 3 2.7236545820136088e+36
140 3 3.1662722519902581e+36
142 3 3.3778380158696934e+36
144 3 3.3005486824964028e+36
146 3 2.9110046452107937e+36
148 3 2.2986003379885581e+36
150 3 1.6023306437195633e+36
152 3 9.6867633290667562e+35
154 3 4.9603533787711800e+35
156 3 2.0759660433118694e+35
158 3 6.7179333454651801e+34
160 3 1.5035988340264267e+34
162 3 1.8151831798129121e+33
50 4 2.4064498161322302e+08
52 4 4.7216484223346626e+10
54 4 2.6392644625285356e+12
56 4 7.4224776433840812e+13
58 4 1.3243300237914270e+15
60 4 1.6958657504879472e+16
62 4 1.7180971764584848e+17
64 4 1.4705171566456522e+18
66 4 1.0962860378119922e+19
68 4 7.3298659502614479e+19
70 4 4.5427010424820662e+20
72 4 2.5931856244823152e+21
74 4 1.4010886261697742e+22
76 4 7.1181047920515988e+22
78 4 3.4457215471119568e+23
80 4 1.5904188159959431e+24
82 4 7.0548388649006625e+24
84 4 3.0039767940026713e+25
86 4 1.2260011428240901e+26
88 4 4.8246807811069848e+26
90 4 1.8382415499893610e+27
92 4 6.7319529529400826e+27
94 4 2.3849794222650448e+28
96 4 8.1393023630398244e+28
98 4 2.6782441212050988e+29
100 4 8.5240778692317934e+29
102 4 2.6038189392583616e+30
104 4 7.6964496420307071e+30
106 4 2.1843607912260254e+31
108 4 5.9646963244711056e+31
110 4 1.5669195233136300e+32
112 4 3.9443213702296559e+32
114 4 9.5180935191594376e+32
116 4 2.1927431222963314e+33
118 4 4.8252956046671727e+33
120 4 1.0144265281841854e+34
122 4 2.0276658202396257e+34
124 4 3.8542551717131379e+34
126 4 6.9149512748161101e+34
128 4 1.1726512859833289e+35
130 4 1.8721175775197888e+35
132 4 2.8000650648664238e+35
134 4 3.9136227561754846e+35
136 4 5.0949272919740617e+35
138 4 6.1360150373534392e+35
140 4 6.8000688619638858e+35
142 4 6.8784655320677790e+35
144 4 6.3072165161214084e+35
146 4 5.1783723632439885e+35
148 4 3.7588402966962291e+35
150 4 2.3659710418261602e+35
152 4 1.2647781035052024e+35
154 4 5.5251271314680647e+34
156 4 1.8689324852423114e+34
158 4 4.4102777481214938e+33
160 4 5.6033160029954529e+32
52 5 4.4736778280881711e+05
54 5 2.6725230328422413e+09
56 5 3.9713894060455103e+11
58 5 1.9223744360615535e+13
60 5 4.9637761604440262e+14
62 5 8.2203442912824740e+15
64 5 1.0044732588867341e+17
66 5 9.8626148078998477e+17
68 5 8.1539519655974554e+18
70 5 5.8711000031319687e+19
72 5 3.8236505631112056e+20
74 5 2.2808610837074228e+21
76 5 1.2529961474750536e+22
78 5 6.4806989119197846e+22
80 5 3.1439973768709577e+23
82 5 1.4493052235573850e+24
84 5 6.3705171295594125e+24
86 5 2.6770711917654647e+25
88 5 1.0783770493959192e+26
90 5 4.1591042912557960e+26
92 5 1.5463333220072074e+27
94 5 5.5443787684781465e+27
96 5 1.9104201032074631e+28
98 5 6.3293002059431684e+28
100 5 2.0147343242002556e+29
102 5 6.1950304248022545e+29
104 5 1.8310633245008148e+30
106 5 5.2016172386517258e+30
108 5 1.4183485687326992e+31
110 5 3.7080716383200415e+31
112 5 9.3045043835439880e+31
114 5 2.2282697211576645e+32
116 5 5.1035660470965051e+32
118 5 1.1129417828941775e+33
120 5 2.3080966032712380e+33
122 5 4.5588075299235623e+33
124 5 8.4772854966157493e+33
126 5 1.4963112389066633e+34
128 5 2.4857255496330681e+34
130 5 3.8683359199742382e+34
132 5 5.6261864961610578e+34
134 5 7.6225845455531216e+34
136 5 9.5649293624273392e+34
138 5 1.1054010570830676e+35
140 5 1.1648874454298828e+35
142 5 1.1133126037104482e+35
144 5 9.5265297501670487e+34
146 5 7.2310038072738140e+34
148 5 4.7563791020866087e+34
150 5 2.6666624638947961e+34
152 5 1.2236593149794536e+34
154 5 4.3647245598716966e+33
156 5 1.0823673258706234e+33
158 5 1.4680523515572036e+32
56 6 1.1107645311792795e+07
58 6 2.0675977872010635e+10
60 6 2.3739765573892734e+12
62 6 9.9256266079126156e+13
64 6 2.3204471261668360e+15
66 6 3.6118137570189120e+16
68 6 4.2274773891513018e+17
70 6 3.9686356887190124e+18
72 6 3.1626184472608150e+19
74 6 2.2082840023844245e+20
76 6 1.3828614799004622e+21
78 6 7.8982174906750232e+21
80 6 4.1569050399662567e+22
82 6 2.0534540006049700e+23
84 6 9.5110529995543024e+23
86 6 4.1904965884485491e+24
88 6 1.7473303369803850e+25
90 6 6.9390836454632217e+25
92 6 2.6458099210489759e+26
94 6 9.6501025900513721e+26
96 6 3.3782631981921800e+27
98 6 1.1341625196675996e+28
100 6 3.6624817653785323e+28
102 6 1.1330201005742775e+29
104 6 3.3672939005504873e+29
106 6 9.5640028080329534e+29
108 6 2.6163973892770262e+30
110 6 6.8321392853441127e+30
112 6 1.7127219622335137e+31
114 6 4.0902265622096404e+31
116 6 9.3203281702958989e+31
118 6 2.0161125258208510e+32
120 6 4.1522589408283107e+32
122 6 8.0748613691200701e+32
124 6 1.4869399246299149e+33
126 6 2.5756624114019335e+33
128 6 4.1971093510485801e+33
130 6 6.3712365246895001e+33
132 6 8.9956025062874933e+33
134 6 1.1819411474369584e+34
136 6 1.4247686004573244e+34
138 6 1.5739521783353601e+34
140 6 1.5777596821051290e+34
142 6 1.4200530200603877e+34
144 6 1.1303009795793214e+34
146 6 7.8274403505509227e+33
148 6 4.6031345084015892e+33
150 6 2.2281316367151077e+33
152 6 8.3788324819596042e+32
154 6 2.2148867709873120e+32
156 6 3.2026992021855508e+31
60 7 1.2544935352896468e+08
62 7 1.1273311052375705e+11
64 7 1.0175350263058424e+13
66 7 3.7579220363009469e+14
68 7 7.9404005763927050e+15
70 7 1.1501415992446038e+17
72 7 1.2718668020821181e+18
74 7 1.1509956418562437e+19
76 7 8.7995646031996748e+19
78 7 5.8964287440124681e+20
80 7 3.5412000877665588e+21
82 7 1.9357941105271788e+22
84 7 9.7748492480292246e+22
86 7 4.6014305569355892e+23
88 7 2.0333439458081910e+24
90 7 8.4589780868725198e+24
92 7 3.3445248002597799e+25
94 7 1.2609619190286118e+26
96 7 4.5394087953489478e+26
98 7 1.5557113035391803e+27
100 7 5.0974653366113401e+27
102 7 1.5970901542054013e+28
104 7 4.7762782951949021e+28
106 7 1.3736971435351345e+29
108 7 3.7609973445519047e+29
110 7 9.8702254108028095e+29
112 7 2.4686455049301825e+30
114 7 5.8750458996033263e+30
116 7 1.3344223229849151e+31
118 7 2.8710043138350979e+31
120 7 5.8687765293784954e+31
122 7 1.1347049426061821e+32
124 7 2.0594567239268747e+32
126 7 3.5078269770355040e+32
128 7 5.6026431175932491e+32
130 7 8.3012072764500041e+32
132 7 1.1423044144213577e+33
134 7 1.4480592841808957e+33
136 7 1.6830127189969622e+33
138 7 1.7757197845862127e+33
140 7 1.6825918003085624e+33
142 7 1.4086589458722624e+33
144 7 1.0316822665014189e+33
146 7 6.4173519806134664e+32
148 7 3.2899987280409373e+32
150 7 1.3150954681554529e+32
152 7 3.6995120548836950e+31
154 7 5.7650579223232145e+30
64 8 8.7845611116842043e+08
66 8 4.4164874011960718e+11
68 8 3.2556755631176887e+13
70 8 1.0385196441887288e+15
72 8 2.0070318800318316e+16
74 8 2.7195875798634758e+17
76 8 2.8658543447732700e+18
78 8 2.4630831873059656e+19
80 8 1.7953239220513456e+20
82 8 1.1464832933882443e+21
84 8 6.5753138706506926e+21
86 8 3.4316374329143838e+22
88 8 1.6499148072634851e+23
90 8 7.3494024397658587e+23
92 8 3.0821922313208628e+24
94 8 1.2179417448785430e+25
96 8 4.5458270928065836e+25
98 8 1.6082458728322505e+26
100 8 5.4049138510105096e+26
102 8 1.7219070827675308e+27
104 8 5.2583076434645039e+27
106 8 1.5269846249842345e+28
108 8 4.2276255316118668e+28
110 8 1.1161300064500119e+29
112 8 2.8047947140995049e+29
114 8 6.6964818343434289e+29
116 8 1.5191177034616047e+30
118 8 3.2559509707261628e+30
120 8 6.6125280542621710e+30
122 8 1.2605878179468986e+31
124 8 2.2543532996420382e+31
126 8 3.7893128313762396e+31
128 8 5.9386709820933168e+31
130 8 8.5932878632552840e+31
132 8 1.1520702148936969e+32
134 8 1.4118012381149725e+32
136 8 1.5717694592609532e+32
138 8 1.5786652962718486e+32
140 8 1.3981721925517006e+32
142 8 1.0851140046368005e+32
144 8 7.1656696006660395e+31
146 8 3.9127661836554208e+31
148 8 1.6677509875207840e+31
150 8 5.0225499993869959e+30
152 8 8.4793630495414714e+29
68 9 4.1195117375874825e+09
70 9 1.2595920447345991e+12
72 9 7.7383520856393016e+13
74 9 2.1817800035441390e+15
76 9 3.8382174330084536e+16
78 9 4.8738658273385626e+17
80 9 4.8148095476043182e+18
82 9 3.9065860646339854e+19
84 9 2.6987567394641940e+20
86 9 1.6367734164207897e+21
88 9 8.9179320999691021e+21
90 9 4.4171557237053544e+22
92 9 2.0104914062829207e+23
94 9 8.4847191740918076e+23
96 9 3.3483294009770429e+24
98 9 1.2408724424800072e+25
100 9 4.3378877127425301e+25
102 9 1.4314808438357896e+26
104 9 4.4587977460232331e+26
106 9 1.3153425750227761e+27
108 9 3.7039468692917562e+27
110 9 9.8518960236738657e+27
112 9 2.4917699359729770e+28
114 9 5.9989705909582748e+28
116 9 1.3570825237948590e+29
118 9 2.9097746108011797e+29
120 9 5.8724226070173984e+29
122 9 1.1106226289951572e+30
124 9 1.9725024096421108e+30
126 9 3.2685705989532389e+30
128 9 5.0173009773614185e+30
130 9 7.0935768687565824e+30
132 9 9.1769300367352764e+30
134 9 1.0848049850717225e+31
136 9 1.1530293477147740e+31
138 9 1.0878775861908685e+31
140 9 8.9763081984587650e+30
142 9 6.3354501956935079e+30
144 9 3.6940206161955236e+30
146 9 1.6899340344996716e+30
148 9 5.4697972048986183e+29
150 9 1.0118779644803088e+29
72 10 1.3868981196085091e+10
74 10 2.6846475269390913e+12
76 10 1.3859076732358305e+14
78 10 3.4691825361627170e+15
80 10 5.5680104077242960e+16
82 10 6.5217782278445235e+17
84 10 6.0539860824866263e+18
86 10 4.6069524391242940e+19
88 10 3.0123474082415405e+20
90 10 1.7282791150415679e+21
92 10 8.8797259942423282e+21
94 10 4.1428530638456187e+22
96 10 1.7646579219037076e+23
98 10 6.9948745468588913e+23
100 10 2.5728331285491341e+24
102 10 8.9164245648892896e+24
104 10 2.8941147901724664e+25
106 10 8.8144111327543285e+25
108 10 2.5281796565954330e+26
110 10 6.8469890372659124e+26
112 10 1.7490751740766507e+27
114 10 4.2283236568382516e+27
116 10 9.6119973116328545e+27
118 10 2.0638732230661255e+28
120 10 4.1453949601203079e+28
122 10 7.8094795182759627e+28
124 10 1.3641912571464572e+29
126 10 2.2264813697894471e+29
128 10 3.3432154775680048e+29
130 10 4.6239456121270497e+29
132 10 5.7992186144441634e+29
134 10 6.5576528285264613e+29
136 10 6.5950374586332978e+29
138 10 5.8327991764154731e+29
140 10 4.3963575746925873e+29
142 10 2.7548438389788760e+29
144 10 1.3568902846223504e+29
146 10 4.7677427951883205e+28
148 10 9.6571811565382501e+27
76 11 3.3496904385999519e+10
78 11 4.3067677679121445e+12
80 11 1.8665721248860912e+14
82 11 4.1514968043480580e+15
84 11 6.0765717069453648e+16
86 11 6.6408708268347558e+17
88 11 5.6881564730081096e+18
90 11 4.0621991176482021e+19
92 11 2.4976876810901019e+20
94 11 1.3422847964507254e+21
96 11 6.4335044427219930e+21
98 11 2.7970451182509770e+22
100 11 1.1176556756203588e+23
102 11 4.1143632978061681e+23
104 11 1.4066317990269479e+24
106 11 4.4648575739881025e+24
108 11 1.3264946836452260e+25
110 11 3.6797460905052742e+25
112 11 9.5998561392874529e+25
114 11 2.3608320897917197e+26
116 11 5.3971525878660159e+26
118 11 1.1600422886090370e+27
120 11 2.3231771324426436e+27
122 11 4.3452729535108884e+27
124 11 7.5313527308477620e+27
126 11 1.2082267010100949e+28
128 11 1.7719211433112639e+28
130 11 2.3794498541238934e+28
132 11 2.8832459906508260e+28
134 11 3.1076911031376010e+28
136 11 2.9408069827258660e+28
138 11 2.3940673128480283e+28
140 11 1.6145527976246768e+28
142 11 8.6135353649942335e+27
144 11 3.2816719341352244e+27
146 11 7.3764434127795318e+26
80 12 5.9380237945577377e+10
82 12 5.2341590391824912e+12
84 12 1.9068157227883925e+14
86 12 3.7942038291322885e+15
88 12 5.0384064267844272e+16
90 12 5.0335108757061427e+17
92 12 4.0090694794114217e+18
94 12 2.6653631918680609e+19
96 12 1.5164585993237597e+20
98 12 7.6213624320839306e+20
100 12 3.3787352490451864e+21
102 12 1.3641854857158456e+22
104 12 4.9985262421944809e+22
106 12 1.6933369011053495e+23
108 12 5.2704718073911565e+23
110 12 1.5225055130008323e+24
112 12 4.0978281251115962e+24
114 12 1.0261470310021586e+25
116 12 2.3898787313713594e+25
118 12 5.1906798640170937e+25
120 12 1.0400822580755616e+26
122 12 1.9349636615583001e+26
124 12 3.3138454022126214e+26
126 12 5.2300262328524963e+26
128 12 7.5030117365704700e+26
130 12 9.7089875365194603e+26
132 12 1.1232140429843582e+27
134 12 1.1472056399954572e+27
136 12 1.0054513491368037e+27
138 12 7.3163748276843380e+26
140 12 4.2416618836308162e+26
142 12 1.7623149267312335e+26
144 12 4.4116567324913639e+25
84 13 7.8616106476265930e+10
86 13 4.8546468755111729e+12
88 13 1.4748677009344538e+14
90 13 2.5918075792576895e+15
92 13 3.1727214742550324e+16
94 13 2.8599684411491453e+17
96 13 2.0962469446256435e+18
98 13 1.2720239206238708e+19
100 13 6.7070578094920458e+19
102 13 3.0733139392030894e+20
104 13 1.2622243642930516e+21
106 13 4.6436526523865089e+21
108 13 1.5598137054250530e+22
110 13 4.7649981693166675e+22
112 13 1.3347265880098552e+23
114 13 3.4501997479985476e+23
116 13 8.2407982048826814e+23
118 13 1.8041600655742236e+24
120 13 3.6482491274531938e+24
122 13 6.7987851320436756e+24
124 13 1.1555229021025133e+25
126 13 1.7965823681398249e+25
128 13 2.5091490535532938e+25
130 13 3.1193228959723433e+25
132 13 3.4367040650234591e+25
134 13 3.2359917855402807e+25
136 13 2.5604724056121520e+25
138 13 1.6151984166064800e+25
140 13 7.3177550804265558e+24
142 13 2.0742280022128501e+24
86 14 5.8516745535232097e+07
88 14 7.4088213949248825e+10
90 14 3.5304452163452222e+12
92 14 8.6265233560876594e+13
94 14 1.3298690313098692e+15
96 14 1.4450722265328110e+16
98 14 1.2009984760001701e+17
100 14 7.9353978261200000e+17
102 14 4.4228774324116040e+18
104 14 2.1045679814180590e+19
106 14 8.8476020990709039e+19
108 14 3.2814441710663690e+20
110 14 1.0871989733812994e+21
112 14 3.2660227846645959e+21
114 14 8.8392120061095125e+21
116 14 2.1799435973502324e+22
118 14 4.9144744313983093e+22
120 14 1.0022579075989561e+23
122 14 1.8719220264168126e+23
124 14 3.1750928289294194e+23
126 14 4.8359984541137589e+23
128 14 6.5429205905932845e+23
130 14 7.8001721910370220e+23
132 14 8.0202061166666062e+23
134 14 6.8887611520439606e+23
136 14 4.7857473287521360e+23
138 14 2.3878411587131578e+23
140 14 7.6853366859031468e+22
90 15 5.9216956834878482e+07
92 15 5.0145895300294403e+10
94 15 1.8838850879156360e+12
96 15 3.8344924355592023e+13
98 15 5.0809902518915006e+14
100 15 4.8740029097234960e+15
102 15 3.6041366781703856e+16
104 15 2.1526442849827709e+17
106 15 1.0710222905058392e+18
108 15 4.6120245537867264e+18
110 15 1.7167604957744925e+19
112 15 5.6386694606465778e+19
114 15 1.6608782201095343e+20
116 15 4.3288313859321627e+20
118 15 1.0153588320891159e+21
120 15 2.1223288257429855e+21
122 15 4.0353554037233775e+21
124 15 6.7560131031048986e+21
126 15 1.0127114279900345e+22
128 15 1.3251005654345556e+22
130 15 1.5036013706325730e+22
132 15 1.4093285534705782e+22
134 15 1.0811499224747339e+22
136 15 5.9011066436036686e+21
138 15 2.1961695311622164e+21
94 16 5.4528302593218520e+07
96 16 2.3205438151162395e+10
98 16 7.1497880011930579e+11
100 16 1.2196985417557773e+13
102 16 1.3828727982451962e+14
104 16 1.1675589455884392e+15
106 16 7.5138774922322320e+15
108 16 4.0273461069055984e+16
110 16 1.7718686435965139e+17
112 16 6.6599376162522368e+17
114 16 2.1632447341061957e+18
116 16 6.1853591742398700e+18
118 16 1.5342683201718538e+19
120 16 3.3921077011127448e+19
122 16 6.5237262051214574e+19
124 16 1.1124965006378338e+20
126 16 1.6236498116446965e+20
128 16 2.0667194383669540e+20
130 16 2.1397433748791722e+20
132 16 1.8460057641548848e+20
134 16 1.1150552670745733e+20
136 16 4.8286421713045955e+19
98 17 1.8841813281888224e+07
100 17 6.9579249622307625e+09
102 17 1.8717418580766888e+11
104 17 2.6543308966350356e+12
106 17 2.5912304652399176e+13
108 17 1.8648213779066803e+14
110 17 1.0681840877509196e+15
112 17 4.8404425406760890e+15
114 17 1.8605670614879688e+16
116 17 5.8920245969208280e+16
118 17 1.6147139966366682e+17
120 17 3.7571362997518739e+17
122 17 7.6792118504222451e+17
124 17 1.3109270070733852e+18
126 17 1.9437928244093056e+18
128 17 2.2762274046420347e+18
130 17 2.2716069537289139e+18
132 17 1.5140681876747553e+18
134 17 7.9257714984584026e+17
102 18 4.3694269461669456e+06
104 18 1.3326988860595303e+09
106 18 3.0784437598266830e+10
108 18 3.8092002272644397e+11
110 18 3.1239649464809238e+12
112 18 1.9488424189220727e+13
114 18 9.1558198944401312e+13
116 18 3.5384810035759462e+14
118 18 1.0831970314116576e+15
120 18 2.8643593295330955e+15
122 18 6.0186299576131810e+15
124 18 1.0947980952655184e+16
126 18 1.5215152303619068e+16
128 18 1.8299703883876840e+16
130 18 1.3964147839265570e+16
132 18 9.2121448936232240e+15
106 19 4.8473826345802780e+05
108 19 1.4297034147028512e+08
110 19 3.1858915298315172e+09
112 19 3.1431107875198788e+10
114 19 2.2566200298799680e+11
116 19 1.0803310754108394e+12
118 19 4.3607138165202715e+12
120 19 1.2485881638503574e+13
122 19 3.1307046047321758e+13
124 19 5.4637807095444320e+13
126 19 8.5908646844476219e+13
128 19 7.6888647712754422e+13
130 19 6.8639371947826781e+13
110 20 4.7075575160311273e+04
112 20 1.3382439720370719e+07
114 20 1.4695100621354386e+08
116 20 1.4200515564560988e+09
118 20 6.7516867029013042e+09
120 20 3.0240020433301315e+10
122 20 7.3633634447965012e+10
124 20 1.8014603305030814e+11
126 20 1.9753853835777243e+11
128 20 2.6617575260582837e+11
114 21 6.4392030530534510e+04
116 21 3.5894621125909250e+05
118 21 4.8353221577754198e+06
120 21 1.6359677696586225e+07
122 21 9.9484683403580815e+07
124 21 1.3745440090250042e+08
126 21 3.9404627873349607e+08
122 22 5.8190866449314831e+02
124 22 6.3495310508317591e+04
