176 -30 2.1773107611912287e+03
168 -29 1.8617150723097025e+03
170 -29 1.7830878275536943e+04
172 -29 1.0661993935456985e+05
174 -29 2.7274637965319889e+04
176 -29 3.5443504677575320e+05
162 -28 9.1526726335746680e+03
164 -28 1.2243504291497407e+05
166 -28 8.5791311541456659e+05
168 -28 2.5891369286500057e+06
170 -28 4.7492640274019744e+06
172 -28 1.1448241842519721e+07
174 -28 4.4913245062090503e+06
176 -28 1.3601620418135699e+07
156 -27 1.5797720142507544e+04
158 -27 4.2767996404931747e+05
160 -27 4.0370743221893469e+06
162 -27 1.9413569627129361e+07
164 -27 5.8574305295022674e+07
166 -27 1.3536828088318151e+08
168 -27 2.3733203440869296e+08
170 -27 2.9261039206058419e+08
172 -27 3.9231454199988824e+08
174 -27 1.8350985270454639e+08
176 -27 2.6126323561741778e+08
150 -26 1.1397323014902140e+04
152 -26 7.4199627062268788e+05
154 -26 1.1138503668322464e+07
156 -26 7.7121270467876747e+07
158 -26 3.2992014137130713e+08
160 -26 1.0108956335143088e+09
162 -26 2.3150843180561113e+09
164 -26 4.3494916866935329e+09
166 -26 6.5177575388276634e+09
168 -26 8.3135336902230463e+09
170 -26 8.2857704475478764e+09
172 -26 7.9734067684334946e+09
174 -26 3.8435130767479677e+09
176 -26 3.5743126504676638e+09
144 -25 2.9632482621291492e+03
146 -25 6.5782496141806280e+05
148 -25 1.7275080567469127e+07
150 -25 1.8330672016584280e+08
152 -25 1.0868192142551522e+09
154 -25 4.3958603694620161e+09
156 -25 1.3187385844710732e+10
158 -25 3.1504510899138378e+10
160 -25 6.1975080924491684e+10
162 -25 1.0100383969146962e+11
164 -25 1.4303595053625116e+11
166 -25 1.7053146587636612e+11
168 -25 1.7793148967002502e+11
170 -25 1.5319223162120480e+11
172 -25 1.2033731515248506e+11
174 -25 5.6614864056658188e+10
176 -25 3.9143418884162247e+10
140 -24 2.7792825030248007e+05
142 -24 1.5073697321505029e+07
144 -24 2.6183472951863456e+08
146 -24 2.2580460079820328e+09
148 -24 1.2182862492913137e+10
150 -24 4.7320584705197319e+10
152 -24 1.4279423482507764e+11
154 -24 3.4840302165117023e+11
156 -24 7.1585751456176196e+11
158 -24 1.2567831056862322e+12
160 -24 1.9239561851043003e+12
162 -24 2.5671434702095972e+12
164 -24 3.0439992428817173e+12
166 -24 3.1293937278704468e+12
168 -24 2.8348947558918545e+12
170 -24 2.1742710820496064e+12
172 -24 1.4768926662095576e+12
174 -24 6.6583203982860010e+11
176 -24 3.6353478397613538e+11
134 -23 4.2933780244399743e+04
136 -23 6.9280773652325729e+06
138 -23 2.2059146532676306e+08
140 -23 2.9641779501703677e+09
142 -23 2.2251428520960701e+10
144 -23 1.1289733786269179e+11
146 -23 4.2994052563156439e+11
148 -23 1.2991602599234089e+12
150 -23 3.2687055383994883e+12
152 -23 6.9987495257435977e+12
154 -23 1.3038978566339309e+13
156 -23 2.1418871951466250e+13
158 -23 3.1284162142279031e+13
160 -23 4.0710036791419492e+13
162 -23 4.7381148193234141e+13
164 -23 4.9255175292676562e+13
166 -23 4.5219705893884625e+13
168 -23 3.6683749590603469e+13
170 -23 2.5575320906843047e+13
172 -23 1.5401253156385939e+13
174 -23 6.5836024214005527e+12
176 -23 2.9615344368396450e+12
128 -22 5.5970132109817109e+02
130 -22 1.4658856063293451e+06
132 -22 1.0421798376383653e+08
134 -22 2.3867462279398775e+09
136 -22 2.6757452627571396e+10
138 -22 1.8326373244966714e+11
140 -22 8.9450931215029761e+11
142 -22 3.3639774751013311e+12
144 -22 1.0318094595289822e+13
146 -22 2.6611997190862129e+13
148 -22 5.9372103271354102e+13
150 -22 1.1674232372891853e+14
152 -22 2.0440453718242462e+14
154 -22 3.1959090246496775e+14
156 -22 4.5279101465500981e+14
158 -22 5.7852668861553025e+14
160 -22 6.6950679432580975e+14
162 -22 6.9869722240331425e+14
164 -22 6.5579584172846500e+14
166 -22 5.4923256144718588e+14
168 -22 4.0622621676647219e+14
170 -22 2.5899586797626550e+14
172 -22 1.4183748732084409e+14
174 -22 5.6829667014607703e+13
176 -22 2.1627900775546758e+13
124 -21 9.7649166333468151e+04
126 -21 2.4460037965556763e+07
128 -21 1.1252022065797746e+09
130 -21 2.0624374909922565e+10
132 -21 2.0298656217455548e+11
134 -21 1.3045978789881255e+12
136 -21 6.2012715083469951e+12
138 -21 2.3284253154413324e+13
140 -21 7.2367115327177938e+13
142 -21 1.9259916899161891e+14
144 -21 4.4645909689572875e+14
146 -21 9.2027799952344988e+14
148 -21 1.6984491341219448e+15
150 -21 2.8408357115577885e+15
152 -21 4.3069163887110980e+15
154 -21 5.9550482359659410e+15
156 -21 7.5254317295154690e+15
158 -21 8.6772143578791500e+15
160 -21 9.1227755926902220e+15
162 -21 8.7027735385160890e+15
164 -21 7.5035013824650590e+15
166 -21 5.7846434613454190e+15
168 -21 3.9457404454648040e+15
170 -21 2.3311243034771330e+15
172 -21 1.1712165326965375e+15
174 -21 4.3853082729130331e+14
176 -21 1.4425051654878844e+14
118 -20 7.2529687738220514e+02
120 -20 2.2380573123119106e+06
122 -20 2.7668724288644296e+08
124 -20 9.5459091809391041e+09
126 -20 1.4831858299958829e+11
128 -20 1.3274473967380593e+12
130 -20 8.1731502728287227e+12
132 -20 3.8292837747619305e+13
134 -20 1.4476410108022847e+14
136 -20 4.5872028467945175e+14
138 -20 1.2527551234581790e+15
140 -20 3.0196479671417455e+15
142 -20 6.4926986715642450e+15
144 -20 1.2608697338282244e+16
146 -20 2.2281894010268384e+16
148 -20 3.5959929610334984e+16
150 -20 5.3250934731571096e+16
152 -20 7.2502166217742656e+16
154 -20 9.0892770078932960e+16
156 -20 1.0485204854711686e+17
158 -20 1.1088784818712848e+17
160 -20 1.0748527435206757e+17
162 -20 9.4894068852157168e+16
164 -20 7.5890596207886464e+16
166 -20 5.4308755609370936e+16
168 -20 3.4484838239962928e+16
170 -20 1.8935471823173844e+16
172 -20 8.7932025384140020e+15
174 -20 3.0878229394168080e+15
176 -20 8.8631065228831550e+14
114 -19 3.9453284586991358e+04
116 -19 2.9257378583179332e+07
118 -19 2.4234612582258501e+09
120 -19 6.7435986651575638e+10
122 -19 9.1836111198374109e+11
124 -19 7.6807223621570381e+12
126 -19 4.5962326106495344e+13
128 -19 2.1395055455601362e+14
130 -19 8.1455078635196462e+14
132 -19 2.6364784731583770e+15
134 -19 7.4047693354389230e+15
136 -19 1.8483542688888168e+16
138 -19 4.1485851794880280e+16
140 -19 8.4336088411721600e+16
142 -19 1.5694755757622931e+17
144 -19 2.6760790188808586e+17
146 -19 4.2146966873317293e+17
148 -19 6.1297344349134400e+17
150 -19 8.2515228600244109e+17
152 -19 1.0305648606698509e+18
154 -19 1.1886185818627062e+18
156 -19 1.2682902041330621e+18
158 -19 1.2456614276060759e+18
160 -19 1.1227261658654618e+18
162 -19 9.2468442772026304e+17
164 -19 6.9107044870317939e+17
166 -19 4.6385015715170515e+17
168 -19 2.7506788514405910e+17
170 -19 1.4106362667425469e+17
172 -19 6.0918779257885632e+16
174 -19 1.9986725764193828e+16
176 -19 5.0785705658561230e+15
110 -18 8.1915424324578803e+05
112 -18 2.7930031513234693e+08
114 -18 1.7364523407746239e+10
116 -18 4.0780306045714429e+11
118 -18 5.0247605323068164e+12
120 -18 4.0066006599726641e+13
122 -18 2.3460722980085669e+14
124 -18 1.0892141546225416e+15
126 -18 4.1984207959623965e+15
128 -18 1.3863073917658078e+16
130 -18 4.0092723839443312e+16
132 -18 1.0340794020265290e+17
134 -18 2.4091951703372464e+17
136 -18 5.1199724078817549e+17
138 -18 9.9893620968917094e+17
140 -18 1.7951451737031690e+18
142 -18 2.9864996464880323e+18
144 -18 4.6137924736219638e+18
146 -18 6.6390329600187505e+18
148 -18 8.8575460284569508e+18
150 -18 1.1033501312377420e+19
152 -18 1.2754525487752391e+19
154 -18 1.3701995252743340e+19
156 -18 1.3651680868871576e+19
158 -18 1.2544429464418791e+19
160 -18 1.0625593958840426e+19
162 -18 8.2123911352175913e+18
164 -18 5.7615942894519071e+18
166 -18 3.6317428615659264e+18
168 -18 2.0242393488173210e+18
170 -18 9.7362998308273062e+17
172 -18 3.9194403838140403e+17
174 -18 1.2033643912176866e+17
176 -18 2.7246691460870188e+16
104 -17 1.0170249577171321e+03
106 -17 1.0118130375547554e+07
108 -17 2.1593249057789745e+09
110 -17 1.0576109597095331e+11
112 -17 2.1605201098588276e+12
114 -17 2.4566142069448992e+13
116 -17 1.8921545965316688e+14
118 -17 1.0926522533031209e+15
120 -17 5.0773744662021980e+15
122 -17 1.9818108046750920e+16
124 -17 6.6708629585489632e+16
126 -17 1.9884679081176749e+17
128 -17 5.3024677241168909e+17
130 -17 1.2821747483290276e+18
132 -17 2.8373264875762688e+18
134 -17 5.7867362555881769e+18
136 -17 1.0906556358934544e+19
138 -17 1.9159100950262510e+19
140 -17 3.1261757094325690e+19
142 -17 4.7633945253487223e+19
144 -17 6.7763490110169833e+19
146 -17 9.0171256957692215e+19
148 -17 1.1211929622260767e+20
150 -17 1.3010582612086599e+20
152 -17 1.4091257298999647e+20
154 -17 1.4226346736936996e+20
156 -17 1.3309659514770108e+20
158 -17 1.1514395935139642e+20
160 -17 9.2015172909043974e+19
162 -17 6.7102044534377841e+19
164 -17 4.4384996665071682e+19
166 -17 2.6379415499697504e+19
168 -17 1.3832808583548592e+19
170 -17 6.2715715380106854e+18
172 -17 2.3579766026492160e+18
174 -17 6.7718577081516851e+17
176 -17 1.3804623839140037e+17
100 -16 3.6032675659532033e+04
102 -16 9.3860717974045157e+07
104 -16 1.3877443459949909e+10
106 -16 5.6218077579414258e+11
108 -16 1.0200046832179414e+13
110 -16 1.0868275879165331e+14
112 -16 8.1258447320664650e+14
114 -16 4.6501429419397010e+15
116 -16 2.1692027094375632e+16
118 -16 8.5836487726913824e+16
120 -16 2.9595491591300806e+17
122 -16 9.0183415417269862e+17
124 -16 2.4860184018749983e+18
126 -16 6.2341511848415826e+18
128 -16 1.4355567573589883e+19
130 -16 3.0538760767039308e+19
132 -16 6.0373904560093364e+19
134 -16 1.1121151991119892e+20
136 -16 1.9122651355726076e+20
138 -16 3.0727312329514215e+20
140 -16 4.6395451876435925e+20
142 -16 6.5649554051223991e+20
144 -16 8.7190891956693238e+20
146 -16 1.0859163662234432e+21
148 -16 1.2660562093096926e+21
150 -16 1.3839969571803489e+21
152 -16 1.4133897479868858e+21
154 -16 1.3459578705212749e+21
156 -16 1.1906233580213358e+21
158 -16 9.7628958882734172e+20
160 -16 7.3627399048790422e+20
162 -16 5.0834202282081695e+20
164 -16 3.1850835027444112e+20
166 -16 1.7917192789677510e+20
168 -16 8.8683742049217642e+19
170 -16 3.7858156034312045e+19
172 -16 1.3369900572294812e+19
174 -16 3.5926091452326236e+18
176 -16 6.6150943374966131e+17
96 -15 5.5502440333862626e+05
98 -15 7.0471686160946226e+08
100 -15 7.7286765504095184e+10
102 -15 2.6299864931477305e+12
104 -15 4.3100640098504945e+13
106 -15 4.3521609733233044e+14
108 -15 3.1687466554149040e+15
110 -15 1.8053821510464196e+16
112 -15 8.4684971349969408e+16
114 -15 3.3983452511940275e+17
116 -15 1.1950291614058527e+18
118 -15 3.7557489764590720e+18
120 -15 1.0658606796758092e+19
122 -15 2.7704251211086516e+19
124 -15 6.6320380579984474e+19
126 -15 1.4721659048212798e+20
128 -15 3.0375635005773899e+20
130 -15 5.8549581396531846e+20
132 -15 1.0599034243346140e+21
134 -15 1.7955433658910040e+21
136 -15 2.8600478055186259e+21
138 -15 4.2873899918868968e+21
140 -15 6.0419848641631643e+21
142 -15 8.0314287661561676e+21
144 -15 1.0019362599161079e+22
146 -15 1.1777077266770196e+22
148 -15 1.2979129693817516e+22
150 -15 1.3429664692517483e+22
152 -15 1.3000462132156343e+22
154 -15 1.1744164069580315e+22
156 -15 9.8602254351269007e+21
158 -15 7.6765368246812478e+21
160 -15 5.5014741149497730e+21
162 -15 3.6084861192559437e+21
164 -15 2.1436598744025772e+21
166 -15 1.1409510819135868e+21
168 -15 5.3560648380481844e+20
170 -15 2.1544693010810431e+20
172 -15 7.1646485281530855e+19
174 -15 1.8021360473128917e+19
176 -15 3.0168040785830497e+18
92 -14 6.4561044427409666e+06
94 -14 4.4481832373921375e+09
96 -14 3.7481382020597699e+11
98 -14 1.0853589466720641e+13
100 -14 1.6256544947608516e+14
102 -14 1.5715436147724975e+15
104 -14 1.1197572488873588e+16
106 -14 6.3545005713162088e+16
108 -14 3.0008498737893088e+17
110 -14 1.2232479134553889e+18
112 -14 4.3962543790828877e+18
114 -14 1.4199471302717637e+19
116 -14 4.1635905508560962e+19
118 -14 1.1176409344374922e+20
120 -14 2.7842634027919707e+20
122 -14 6.4405674148876229e+20
124 -14 1.3885467881223155e+21
126 -14 2.8050463724733082e+21
128 -14 5.3161037566413290e+21
130 -14 9.4798366486174808e+21
132 -14 1.5906150566343928e+22
134 -14 2.5194289625346546e+22
136 -14 3.7599628240549709e+22
138 -14 5.3040680879944150e+22
140 -14 7.0568525322693883e+22
142 -14 8.8501196043299030e+22
144 -14 1.0484919263572310e+23
146 -14 1.1672663313361620e+23
148 -14 1.2226386689388417e+23
150 -14 1.2023016123612538e+23
152 -14 1.1074340504887148e+23
154 -14 9.5216077092882989e+22
156 -14 7.6110772043159437e+22
158 -14 5.6413242098889341e+22
160 -14 3.8476987758312782e+22
162 -14 2.4009908398295687e+22
164 -14 1.3582082973555061e+22
166 -14 6.8735430099025978e+21
168 -14 3.0554197096889534e+21
170 -14 1.1634809634178610e+21
172 -14 3.6347355952422879e+20
174 -14 8.5730942330589692e+19
176 -14 1.3072557453531277e+19
88 -13 5.8084081334828809e+07
90 -13 2.3603537309220242e+10
92 -13 1.5626100073551443e+12
94 -13 3.9411541027055500e+13
96 -13 5.4581687433768388e+14
98 -13 5.0599384643711040e+15
100 -13 3.5529979605483832e+16
102 -13 2.0070462466544899e+17
104 -13 9.5640079792167014e+17
106 -13 3.9697653471672765e+18
108 -13 1.4598116239684303e+19
110 -13 4.8430563994403275e+19
112 -13 1.4666490207465228e+20
114 -13 4.0902970915598349e+20
116 -13 1.0573846789509918e+21
118 -13 2.5416792263666754e+21
120 -13 5.7278487816724189e+21
122 -13 1.2103376867455750e+22
124 -13 2.4020837853110318e+22
126 -13 4.5034275977616821e+22
128 -13 7.9562475878687105e+22
130 -13 1.3286903825489416e+23
132 -13 2.0953106701347585e+23
134 -13 3.1285432615966421e+23
136 -13 4.4188702967498385e+23
138 -13 5.9111398920298651e+23
140 -13 7.4609325708435274e+23
142 -13 8.9105511438265344e+23
144 -13 1.0037174898822905e+24
146 -13 1.0667240278332946e+24
148 -13 1.0658282728416961e+24
150 -13 9.9928144723604352e+23
152 -13 8.7846896715734979e+23
154 -13 7.2185362071794590e+23
156 -13 5.5108189211832392e+23
158 -13 3.8990324667823188e+23
160 -13 2.5381156661348684e+23
162 -13 1.5100600015441198e+23
164 -13 8.1412979913747688e+22
166 -13 3.9167067031822334e+22
168 -13 1.6519976824748926e+22
170 -13 5.9573583641452279e+21
172 -13 1.7555954554256019e+21
174 -13 3.8823892082997592e+20
176 -13 5.4189753395276194e+19
84 -12 4.0925729406377149e+08
86 -12 1.0567158132578235e+11
88 -12 5.6059827980338486e+12
90 -12 1.2456684100077545e+14
92 -12 1.6038141327211970e+15
94 -12 1.4446992833288804e+16
96 -12 9.9950595890338656e+16
98 -12 5.6419469953093306e+17
100 -12 2.7206992637451361e+18
102 -12 1.1477444862688735e+19
104 -12 4.3268140448662364e+19
106 -12 1.4785201301957778e+20
108 -12 4.6242162684850025e+20
110 -12 1.3372592400639687e+21
112 -12 3.5877082555970224e+21
114 -12 9.0050503595701232e+21
116 -12 2.1158816197385505e+22
118 -12 4.6784245960405112e+22
120 -12 9.7608277054078505e+22
122 -12 1.9177679738058929e+23
124 -12 3.5681130347214107e+23
126 -12 6.2767300324218116e+23
128 -12 1.0448284298534539e+24
130 -12 1.6491954653983939e+24
132 -12 2.4707073968185503e+24
134 -12 3.5058466816953469e+24
136 -12 4.7153950307306437e+24
138 -12 6.0048814538337063e+24
140 -12 7.2405451729709249e+24
142 -12 8.2576889477795412e+24
144 -12 8.9006692314787930e+24
146 -12 9.0405860337029697e+24
148 -12 8.6488418942360884e+24
150 -12 7.7678278466292302e+24
152 -12 6.5396308149428210e+24
154 -12 5.1433327807364521e+24
156 -12 3.7589431365750367e+24
158 -12 2.5444893299745212e+24
160 -12 1.5828008188717874e+24
162 -12 9.0018262860004407e+23
164 -12 4.6203058497522857e+23
166 -12 2.1195694145084720e+23
168 -12 8.5041479691205251e+22
170 -12 2.9022499102080104e+22
172 -12 8.0683612681248325e+21
174 -12 1.6750973696944180e+21
176 -12 2.1461072271540598e+20
78 -11 1.8002465855068553e+05
80 -11 2.2197094738008709e+09
82 -11 3.8973473561428827e+11
84 -11 1.7013593708012184e+13
86 -11 3.3880037801507606e+14
88 -11 4.1199490354842100e+15
90 -11 3.5881281300853548e+16
92 -11 2.4577830658699814e+17
94 -11 1.3961898451131203e+18
96 -11 6.8065662925617326e+18
98 -11 2.9316179621331890e+19
100 -11 1.1341528870668281e+20
102 -11 3.9938976463543979e+20
104 -11 1.2934399809509534e+21
106 -11 3.8711272323188581e+21
108 -11 1.0819425569449150e+22
110 -11 2.8319586945658429e+22
112 -11 6.9501307409296829e+22
114 -11 1.6097950521604503e+23
116 -11 3.5159909464469578e+23
118 -11 7.2722776362993128e+23
120 -11 1.4205152120516424e+24
122 -11 2.6357316219163596e+24
124 -11 4.6367257717871605e+24
126 -11 7.7463010849732255e+24
128 -11 1.2264290713263876e+25
130 -11 1.8477619679815973e+25
132 -11 2.6392938296208112e+25
134 -11 3.5796642917407729e+25
136 -11 4.6066467847846444e+25
138 -11 5.6217559340173730e+25
140 -11 6.4979798837293075e+25
142 -11 7.1081604674057880e+25
144 -11 7.3429701276637287e+25
146 -11 7.1538997873484248e+25
148 -11 6.5685262890277770e+25
150 -11 5.6699538557306358e+25
152 -11 4.5752670164812862e+25
154 -11 3.4484031374914363e+25
156 -11 2.4173840594560600e+25
158 -11 1.5682489515563009e+25
160 -11 9.3468444901968907e+24
162 -11 5.0854584178437767e+24
164 -11 2.4922297297982349e+24
166 -11 1.0897056305036988e+24
168 -11 4.1556953382471754e+23
170 -11 1.3486031062844695e+23
172 -11 3.5433610429403222e+22
174 -11 6.9020666070999708e+21
176 -11 8.1377375273135427e+20
74 -10 3.2759546857656203e+06
76 -10 9.5159959026036015e+09
78 -10 1.1911770932774370e+12
80 -10 4.3407799221920453e+13
82 -10 7.8241508426862088e+14
84 -10 9.0410513443519580e+15
86 -10 7.7096146529504720e+16
88 -10 5.2408012709771142e+17
90 -10 2.9860757731617546e+18
92 -10 1.4799475397238364e+19
94 -10 6.5148873923209683e+19
96 -10 2.5902757660087206e+20
98 -10 9.4005583526206020e+20
100 -10 3.1513991813835936e+21
102 -10 9.8148218727182295e+21
104 -10 2.8561753467468317e+22
106 -10 7.8076180853804904e+22
108 -10 2.0085699110924189e+23
110 -10 4.8683485561870221e+23
112 -10 1.1161426435669162e+24
114 -10 2.4258826749510909e+24
116 -10 4.9937341969629643e+24
118 -10 9.7653194421662066e+24
120 -10 1.8139231104695354e+25
122 -10 3.2046898950332333e+25
124 -10 5.3749925700217329e+25
126 -10 8.5855928123616856e+25
128 -10 1.3023741652654317e+26
130 -10 1.8803256346636875e+26
132 -10 2.5765491874517209e+26
134 -10 3.3575380621564270e+26
136 -10 4.1490301252674553e+26
138 -10 4.8720209202687695e+26
140 -10 5.4152803436788516e+26
142 -10 5.6986791983948080e+26
144 -10 5.6684077590237983e+26
146 -10 5.3108084860565448e+26
148 -10 4.6881567963363565e+26
150 -10 3.8885539720676702e+26
152 -10 3.0180736039890490e+26
154 -10 2.1868963616139517e+26
156 -10 1.4718252976969080e+26
158 -10 9.1641763051044576e+25
160 -10 5.2375108555267964e+25
162 -10 2.7257894117557399e+25
164 -10 1.2789157110672660e+25
166 -10 5.3364643210782077e+24
168 -10 1.9423677576997861e+24
170 -10 5.9683190579620211e+23
172 -10 1.4831612346541498e+23
174 -10 2.7185541867912972e+22
176 -10 2.9603299067333512e+21
70 -9 2.7680348974591345e+07
72 -9 3.1432071669106220e+10
74 -9 2.9284530585330024e+12
76 -9 9.1408163378606094e+13
78 -9 1.5153176169465832e+15
80 -9 1.6773753300412200e+16
82 -9 1.4025226092440933e+17
84 -9 9.4885976544168819e+17
86 -9 5.4585366361068216e+18
88 -9 2.7519104822994551e+19
90 -9 1.2426365926281021e+20
92 -9 5.0773570313765238e+20
94 -9 1.9061032116853693e+21
96 -9 6.6297501249795281e+21
98 -9 2.1501483137172677e+22
100 -9 6.5299139187940241e+22
102 -9 1.8653753503305803e+23
104 -9 5.0238167791687911e+23
106 -9 1.2821812588128528e+24
108 -9 3.0867843725543606e+24
110 -9 7.0646574051092056e+24
112 -9 1.5335474619912616e+25
114 -9 3.1653766521732775e+25
116 -9 6.2227385644555852e+25
118 -9 1.1617459198696386e+26
120 -9 2.0639149905409306e+26
122 -9 3.4929140779273469e+26
124 -9 5.6340477817723410e+26
126 -9 8.6467520874795261e+26
128 -9 1.2631785020413045e+27
130 -9 1.7538881179531631e+27
132 -9 2.3181496210230377e+27
134 -9 2.9097734811331550e+27
136 -9 3.4721284872495402e+27
138 -9 3.9292925272730988e+27
140 -9 4.2136739041775571e+27
142 -9 4.2750052432567765e+27
144 -9 4.1007732728530757e+27
146 -9 3.7050959989069663e+27
148 -9 3.1534233342211535e+27
150 -9 2.5188263873193621e+27
152 -9 1.8834658989116859e+27
154 -9 1.3116080095541608e+27
156 -9 8.4981753649479347e+26
158 -9 5.0795414398727888e+26
160 -9 2.7860143661481269e+26
162 -9 1.3895644330306190e+26
164 -9 6.2498728764596752e+25
166 -9 2.4891731128478428e+25
168 -9 8.6273902361941553e+24
170 -9 2.5226418754461557e+24
172 -9 5.9289117016915227e+23
174 -9 1.0218457845329350e+23
176 -9 1.0318838070577438e+22
66 -8 1.4172738729611889e+08
68 -8 8.0178030831311844e+10
70 -8 5.7682285820887363e+12
72 -8 1.5728262795244506e+14
74 -8 2.4262838808194215e+15
76 -8 2.5878740456104996e+16
78 -8 2.1296727202766682e+17
80 -8 1.4430217505329838e+18
82 -8 8.4013421989483510e+18
84 -8 4.3068797518817206e+19
86 -8 1.9937923426567261e+20
88 -8 8.3931386852523796e+20
90 -8 3.2676808989224720e+21
92 -8 1.1836335224957830e+22
94 -8 4.0058133261923895e+22
96 -8 1.2725909925319442e+23
98 -8 3.8108729116816279e+23
100 -8 1.0771427588123731e+24
102 -8 2.8859841490051494e+24
104 -8 7.3265591223615420e+24
106 -8 1.7710525600121390e+25
108 -8 4.0637843289556901e+25
110 -8 8.8604024162387610e+25
112 -8 1.8418824627619355e+26
114 -8 3.6457895065979810e+26
116 -8 6.8750361341884186e+26
118 -8 1.2356829028594550e+27
120 -8 2.1175477410107808e+27
122 -8 3.4569007823787852e+27
124 -8 5.3758546392139982e+27
126 -8 7.9729352643900046e+27
128 -8 1.1255788405765068e+28
130 -8 1.5119452434931053e+28
132 -8 1.9312130572036985e+28
134 -8 2.3426308927207588e+28
136 -8 2.7032921603477586e+28
138 -8 2.9573415932107189e+28
140 -8 3.0657037210907288e+28
142 -8 3.0085106699616762e+28
144 -8 2.7866592654726581e+28
146 -8 2.4340606156019157e+28
148 -8 1.9987293938667656e+28
150 -8 1.5400567777182933e+28
152 -8 1.1106760685363304e+28
154 -8 7.4544953847743738e+27
156 -8 4.6490032567645984e+27
158 -8 2.6721508877013486e+27
160 -8 1.4073511590046249e+27
162 -8 6.7407937005145085e+26
164 -8 2.8969503807462943e+26
166 -8 1.1050624764781217e+26
168 -8 3.6556413386968310e+25
170 -8 1.0171760719984949e+25
172 -8 2.2655545086164677e+24
174 -8 3.6775362752960922e+23
176 -8 3.4453344272558974e+22
62 -7 4.7728665019914770e+08
64 -7 1.5722323240941769e+11
66 -7 8.9735587470664375e+12
68 -7 2.1760603351432847e+14
70 -7 3.1570490776492320e+15
72 -7 3.2627111260451920e+16
74 -7 2.6546904453370307e+17
76 -7 1.8046422829556081e+18
78 -7 1.0634544512083792e+19
80 -7 5.5679823200634765e+19
82 -7 2.6489160562834283e+20
84 -7 1.1571237852438128e+21
86 -7 4.6668649938259904e+21
88 -7 1.7610998916093307e+22
90 -7 6.2342495624817503e+22
92 -7 2.0762960974009883e+23
94 -7 6.5332451165228123e+23
96 -7 1.9419693387543311e+24
98 -7 5.4853005554447984e+24
100 -7 1.4718773105717783e+25
102 -7 3.7550970971343560e+25
104 -7 9.1187497546237128e+25
106 -7 2.1088435164309780e+26
108 -7 4.6448663655002500e+26
110 -7 9.7772561763870286e+26
112 -7 1.9580384173703015e+27
114 -7 3.7458543383609218e+27
116 -7 6.8346781734390119e+27
118 -7 1.1881662132459758e+28
120 -7 1.9718475436957834e+28
122 -7 3.1187663568033114e+28
124 -7 4.7036212658236555e+28
126 -7 6.7636104901106084e+28
128 -7 9.2605224700162583e+28
130 -7 1.2060574709028186e+29
132 -7 1.4944350777191074e+29
134 -7 1.7598616220760164e+29
136 -7 1.9673578286821829e+29
138 -7 2.0850550043558785e+29
140 -7 2.0937416766536710e+29
142 -7 1.9885761284969372e+29
144 -7 1.7832460867259846e+29
146 -7 1.5047143352689998e+29
148 -7 1.1953024908028612e+29
150 -7 8.8981908216698690e+28
152 -7 6.1931212453536871e+28
154 -7 4.0125731205657962e+28
156 -7 2.4101004002254225e+28
158 -7 1.3333171770354509e+28
160 -7 6.7539100733142998e+27
162 -7 3.1054097607720478e+27
164 -7 1.2803236864751251e+27
166 -7 4.6734732404453166e+26
168 -7 1.4760624855529452e+26
170 -7 3.9088468870208890e+25
172 -7 8.2609114198966431e+24
174 -7 1.2645231494594492e+24
176 -7 1.1028352167976170e+23
58 -6 1.0952824299512146e+09
60 -6 2.3122800920190689e+11
62 -6 1.0903542092675021e+13
64 -6 2.3826784154792044e+14
66 -6 3.2731454063738460e+15
68 -6 3.3002534331326152e+16
70 -6 2.6598993746476566e+17
72 -6 1.8167062844548268e+18
74 -6 1.0869672539173106e+19
76 -6 5.8276503837166174e+19
78 -6 2.8603883037384058e+20
80 -6 1.2930370580684053e+21
82 -6 5.4402691735004266e+21
84 -6 2.1438229458857897e+22
86 -6 7.9408959042541645e+22
88 -6 2.7802566253199187e+23
90 -6 9.2009197234129110e+23
92 -6 2.8928654313554634e+24
94 -6 8.6297562794636238e+24
96 -6 2.4520544277739910e+25
98 -6 6.6255976401424383e+25
100 -6 1.7081988918376696e+26
102 -6 4.2017945522929186e+26
104 -6 9.8463945503028539e+26
106 -6 2.2030127082144262e+27
108 -6 4.7046984468040465e+27
110 -6 9.5905791506165527e+27
112 -6 1.8663223225997951e+28
114 -6 3.4649469282707074e+28
116 -6 6.1429886471243766e+28
118 -6 1.0396205461146234e+29
120 -6 1.6787330827670853e+29
122 -6 2.5822109739929689e+29
124 -6 3.7915835584234059e+29
126 -6 5.3008336921291079e+29
128 -6 7.0447813198833219e+29
130 -6 8.9323076900832436e+29
132 -6 1.0759510688293645e+30
134 -6 1.2306625833279761e+30
136 -6 1.3370274240141762e+30
138 -6 1.3756699652269093e+30
140 -6 1.3410179861821634e+30
142 -6 1.2345438226538055e+30
144 -6 1.0727902201333023e+30
146 -6 8.7826318257558075e+29
148 -6 6.7481788214750293e+29
150 -6 4.8592648067739612e+29
152 -6 3.2689434534854444e+29
154 -6 2.0420761600236712e+29
156 -6 1.1837389315717137e+29
158 -6 6.3159122130511433e+28
160 -6 3.0776702731536611e+28
162 -6 1.3600679753790401e+28
164 -6 5.3881928508050819e+27
166 -6 1.8809033371898048e+27
168 -6 5.6808709830684118e+26
170 -6 1.4333609902227479e+26
172 -6 2.8743181673444528e+25
174 -6 4.1551727919099601e+24
176 -6 3.3778176756431355e+23
54 -5 1.7405290108885353e+09
56 -5 2.5472361407585907e+11
58 -5 1.0121920968158244e+13
60 -5 2.0238316394868431e+14
62 -5 2.6504571696793805e+15
64 -5 2.6100867179340000e+16
66 -5 2.0943645349471488e+17
68 -5 1.4411192725692639e+18
70 -5 8.7735651700893501e+18
72 -5 4.8315041216626508e+19
74 -5 2.4467533100081850e+20
76 -5 1.1504963626724078e+21
78 -5 5.0539723676434186e+21
80 -5 2.0841077027185961e+22
82 -5 8.1281559507093705e+22
84 -5 2.9955091371121361e+23
86 -5 1.0474117855616566e+24
88 -5 3.4788307625675118e+24
90 -5 1.1007422369592171e+25
92 -5 3.3216544718695297e+25
94 -5 9.5495646923554838e+25
96 -5 2.6187994894126526e+26
98 -5 6.8615327511792412e+26
100 -5 1.7147369098250078e+27
102 -5 4.0981634557589663e+27
104 -5 9.3518176555274906e+27
106 -5 2.0389656496673872e+28
108 -5 4.2397640410367007e+28
110 -5 8.4399875384654364e+28
112 -5 1.6032334213870264e+29
114 -5 2.9065037216701786e+29
116 -5 5.0311067687723045e+29
118 -5 8.3046623405643457e+29
120 -5 1.3078624035293789e+30
122 -5 1.9656584838531276e+30
124 -5 2.8151539828366840e+30
126 -5 3.8374634516791468e+30
128 -5 4.9789133040251873e+30
130 -5 6.1467886872522751e+30
132 -5 7.2152440757740755e+30
134 -5 8.0297729968135336e+30
136 -5 8.4905879197028938e+30
138 -5 8.5014461941259687e+30
140 -5 8.0440502212434521e+30
142 -5 7.2006462257803203e+30
144 -5 6.0736431844958137e+30
146 -5 4.8186420994721018e+30
148 -5 3.5910315816670256e+30
150 -5 2.5030759822059785e+30
152 -5 1.6287887850775320e+30
154 -5 9.8439096794290514e+29
156 -5 5.5094670608625469e+29
158 -5 2.8314951147107929e+29
160 -5 1.3297078625490836e+29
162 -5 5.6507282244584959e+28
164 -5 2.1491491880818709e+28
166 -5 7.1947377478114697e+27
168 -5 2.0787662278843031e+27
170 -5 5.0075048877695653e+26
172 -5 9.5357190267134148e+25
174 -5 1.3015312531395191e+25
176 -5 9.9064822674415578e+23
48 -4 5.1978590925958450e+05
50 -4 1.9180074934796045e+09
52 -4 2.0628651065811292e+11
54 -4 7.0674298264226670e+12
56 -4 1.3005114269526578e+14
58 -4 1.6330100915407478e+15
60 -4 1.5773853557614368e+16
62 -4 1.2624607222464581e+17
64 -4 8.7590216117827661e+17
66 -4 5.4422302501952072e+18
68 -4 3.0862822775545823e+19
70 -4 1.6176051438815878e+20
72 -4 7.9282821958696147e+20
74 -4 3.6394386229018414e+21
76 -4 1.5773614787605096e+22
78 -4 6.4745564408137977e+22
80 -4 2.5248543563971559e+23
82 -4 9.3529837164272668e+23
84 -4 3.3017579045572135e+24
86 -4 1.1117380861091645e+25
88 -4 3.5729549379979339e+25
90 -4 1.0949283159140483e+26
92 -4 3.2086537239153631e+26
94 -4 8.9901255690022369e+26
96 -4 2.4068075811597254e+27
98 -4 6.1545350716773072e+27
100 -4 1.5068243513971958e+28
102 -4 3.5203496707924748e+28
104 -4 7.8727495925764149e+28
106 -4 1.6806629452703415e+29
108 -4 3.4331917813515506e+29
110 -4 6.6903450559881884e+29
112 -4 1.2453715973390047e+30
114 -4 2.2137567537569482e+30
116 -4 3.7564121733363858e+30
118 -4 6.0748912786831621e+30
120 -4 9.3702725354741329e+30
122 -4 1.3785268564255966e+31
124 -4 1.9305815366217786e+31
126 -4 2.5739305413258386e+31
128 -4 3.2629900009405691e+31
130 -4 3.9331728790876938e+31
132 -4 4.5044785252701765e+31
134 -4 4.8940672307847895e+31
136 -4 5.0394192740429621e+31
138 -4 4.9139023473285822e+31
140 -4 4.5286993495499099e+31
142 -4 3.9431365981905329e+31
144 -4 3.2326878726847179e+31
146 -4 2.4902352288521785e+31
148 -4 1.8001030402255712e+31
150 -4 1.2165118143368660e+31
152 -4 7.6626111057103715e+30
154 -4 4.4800951773075994e+30
156 -4 2.4205596701163743e+30
158 -4 1.2023745679621448e+30
160 -4 5.4440019263312968e+29
162 -4 2.2282575256186231e+29
164 -4 8.1419314323773769e+28
166 -4 2.6162284992985690e+28
168 -4 7.2285216549144221e+27
170 -4 1.6633061023710547e+27
172 -4 3.0156232850691036e+26
174 -4 3.8978257755583981e+25
176 -4 2.7755310236958320e+24
44 -3 1.3668347317374460e+06
46 -3 1.4466134620238681e+09
48 -3 1.1946931316827731e+11
50 -3 3.5894142656180918e+12
52 -3 6.1496799020625719e+13
54 -3 7.4015593658996300e+14
56 -3 7.0234939277266710e+15
58 -3 5.5931861410250960e+16
60 -3 3.9407370055165594e+17
62 -3 2.5095213486668959e+18
64 -3 1.4668782914169262e+19
66 -3 7.9938714274472165e+19
68 -3 4.0902236276415830e+20
70 -3 1.9730987728249275e+21
72 -3 9.0223469825108056e+21
74 -3 3.9179912849075072e+22
76 -3 1.6204489034312718e+23
78 -3 6.3816485696982995e+23
80 -3 2.3992626554565058e+24
82 -3 8.6233534506723008e+24
84 -3 2.9621524715280594e+25
86 -3 9.7241228841192926e+25
88 -3 3.0557870680352450e+26
90 -3 9.1916291707102676e+26
92 -3 2.6445142456004252e+27
94 -3 7.2747013499447644e+27
96 -3 1.9156504344006979e+28
98 -3 4.8274515974811881e+28
100 -3 1.1638404992376072e+29
102 -3 2.6813750765756884e+29
104 -3 5.9048938914440601e+29
106 -3 1.2421204992831375e+30
108 -3 2.4972730646227837e+30
110 -3 4.7921404323923103e+30
112 -3 8.7831212008045505e+30
114 -3 1.5351097031501412e+31
116 -3 2.5609851804778275e+31
118 -3 4.0671578348745033e+31
120 -3 6.1644838168366076e+31
122 -3 8.8956065577053385e+31
124 -3 1.2214488813017490e+32
126 -3 1.5961355679254650e+32
128 -3 1.9832382680243432e+32
130 -3 2.3392560088608042e+32
132 -3 2.6179966059870968e+32
134 -3 2.7818564725469835e+32
136 -3 2.7944307718308091e+32
138 -3 2.6585594372047083e+32
140 -3 2.3878496996586619e+32
142 -3 2.0222866709709139e+32
144 -3 1.6138742075723846e+32
146 -3 1.2082835702579548e+32
148 -3 8.4875820480151280e+31
150 -3 5.5630705801817483e+31
152 -3 3.3986286665433688e+31
154 -3 1.9254817319865549e+31
156 -3 1.0059104743080471e+31
158 -3 4.8232453023205704e+30
160 -3 2.1060216799786576e+30
162 -3 8.3070873545118709e+29
164 -3 2.9219931146689762e+29
166 -3 9.0225051053836311e+28
168 -3 2.3891278249814577e+28
170 -3 5.2526857838349460e+27
172 -3 9.0677462630139753e+26
174 -3 1.1104855080829944e+26
176 -3 7.4336022302299477e+24
40 -2 1.4218597534812326e+06
42 -2 7.2162435958276176e+08
44 -2 4.7782471365768379e+10
46 -2 1.2743486893209619e+12
48 -2 2.0396151911849641e+13
50 -2 2.3634830958996081e+14
52 -2 2.2037875465658690e+15
54 -2 1.7574731247244758e+16
56 -2 1.2546885325456059e+17
58 -2 8.1984894059784627e+17
60 -2 4.9770871370614856e+18
62 -2 2.8379421971937784e+19
64 -2 1.5241085730508502e+20
66 -2 7.7539600180744330e+20
68 -2 3.7564922297948963e+21
70 -2 1.7324045715565462e+22
72 -2 7.6157437696984580e+22
74 -2 3.2025266338683964e+23
76 -2 1.2889069565362081e+24
78 -2 4.9648344962613190e+24
80 -2 1.8290077521770531e+25
82 -2 6.4638834276477085e+25
84 -2 2.1903937676379993e+26
86 -2 7.0997485472018999e+26
88 -2 2.2066310451697121e+27
90 -2 6.5642118055639341e+27
92 -2 1.8709691834760778e+28
94 -2 5.1002861742963993e+28
96 -2 1.3308150288268858e+29
98 -2 3.3221556483513337e+29
100 -2 7.9277995799696510e+29
102 -2 1.8092211687695261e+30
104 -2 3.9441081220604026e+30
106 -2 8.2184441055188258e+30
108 -2 1.6320488169559534e+31
110 -2 3.0975191996549115e+31
112 -2 5.6042786694043273e+31
114 -2 9.6625189436494312e+31
116 -2 1.5898624427938872e+32
118 -2 2.4921726380412024e+32
120 -2 3.7160734272222555e+32
122 -2 5.2766987444570096e+32
124 -2 7.1238769504292847e+32
126 -2 9.1423617293526688e+32
128 -2 1.1144961823152060e+33
130 -2 1.2893927801431809e+33
132 -2 1.4135163231630043e+33
134 -2 1.4684819153047663e+33
136 -2 1.4437900194722520e+33
138 -2 1.3410074168035303e+33
140 -2 1.1761227332637488e+33
142 -2 9.7169021751635263e+32
144 -2 7.5495142063393322e+32
146 -2 5.5060093056910986e+32
148 -2 3.7591559091991397e+32
150 -2 2.3934772884787891e+32
152 -2 1.4185278090125707e+32
154 -2 7.7889361600592059e+31
156 -2 3.9405069168947048e+31
158 -2 1.8277657663664155e+31
160 -2 7.7168249270459657e+30
162 -2 2.9337113093502249e+30
164 -2 9.9305253819240736e+29
166 -2 2.9479261527985861e+29
168 -2 7.4861577210984847e+28
170 -2 1.5739868664807298e+28
172 -2 2.5921080477193638e+27
174 -2 3.0132534638780733e+26
176 -2 1.9000418818135232e+25
36 -1 7.6402769701505522e+05
38 -1 2.2970063276510519e+08
40 -1 1.2431771660597404e+10
42 -1 2.9611954786676764e+11
44 -1 4.4375354338585098e+12
46 -1 4.9478979790948695e+13
48 -1 4.5325581075921275e+14
50 -1 3.6422917935887260e+15
52 -1 2.6609626621043168e+16
54 -1 1.8020862770812909e+17
56 -1 1.1434866582048326e+18
58 -1 6.8544286510915236e+18
60 -1 3.8918164557017858e+19
62 -1 2.1037603312237222e+20
64 -1 1.0853202255877746e+21
66 -1 5.3368371157679158e+21
68 -1 2.5162392094961641e+22
70 -1 1.1360741648857935e+23
72 -1 4.9140935891301997e+23
74 -1 2.0372576985023641e+24
76 -1 8.1146375246708687e+24
78 -1 3.0990953443763001e+25
80 -1 1.1357898754196564e+26
82 -1 3.9946359907702385e+26
84 -1 1.3465251208594878e+27
86 -1 4.3555772953943932e+27
88 -1 1.3502744841107686e+28
90 -1 4.0010524241671666e+28
92 -1 1.1377129192544064e+29
94 -1 3.0951203617190544e+29
96 -1 8.0432682209364344e+29
98 -1 2.0017059385908139e+30
100 -1 4.7600598514957770e+30
102 -1 1.0816339445683433e+31
104 -1 2.3450099878167755e+31
106 -1 4.8504859754563277e+31
108 -1 9.5727607033176859e+31
110 -1 1.8017157780805821e+32
112 -1 3.2326874144495684e+32
114 -1 5.5252975332410092e+32
116 -1 8.9887344811812876e+32
118 -1 1.3925067375434266e+33
120 -1 2.0496385749121121e+33
122 -1 2.8701443915684173e+33
124 -1 3.8176009082225617e+33
126 -1 4.8253052611728642e+33
128 -1 5.7828221993035946e+33
130 -1 6.5690432513029006e+33
132 -1 7.0697655700567013e+33
134 -1 7.1972625339705228e+33
136 -1 6.9336394879810926e+33
138 -1 6.3023892882957507e+33
140 -1 5.3995786637200014e+33
142 -1 4.3539043472851754e+33
144 -1 3.2999135735532137e+33
146 -1 2.3447590110822290e+33
148 -1 1.5577070299223807e+33
150 -1 9.6622649748501204e+32
152 -1 5.5639112569691047e+32
154 -1 2.9628732224954438e+32
156 -1 1.4543695967471742e+32
158 -1 6.5273019385846285e+31
160 -1 2.6621361556832262e+31
162 -1 9.7746420897157460e+30
164 -1 3.1902661570866227e+30
166 -1 9.1068258102923394e+29
168 -1 2.2208011322978781e+29
170 -1 4.4716851645585707e+28
172 -1 7.0301099851482988e+27
174 -1 7.7743335571519227e+26
176 -1 4.6238239981417314e+25
32 0 2.0861237168286971e+05
34 0 4.1079238927871339e+07
36 0 1.8586219478203959e+09
38 0 3.9929577957648407e+10
40 0 5.5955893951705286e+11
42 0 6.0174642762538896e+12
44 0 5.4723978914612406e+13
46 0 4.4718885581226544e+14
48 0 3.4017083890430510e+15
50 0 2.4334355088413208e+16
52 0 1.6418018908458739e+17
54 0 1.0484686403918176e+18
56 0 6.3696115583442924e+18
58 0 3.6885212818623099e+19
60 0 2.0456755287978567e+20
62 0 1.0831693112186574e+21
64 0 5.5131972855053670e+21
66 0 2.6909701172617821e+22
68 0 1.2629230871591894e+23
70 0 5.6811002299311440e+23
72 0 2.4543373086620245e+24
74 0 1.0205117369180876e+25
76 0 4.0708501358193850e+25
78 0 1.5613966944355487e+26
80 0 5.7431842161824867e+26
82 0 2.0311482403625086e+27
84 0 6.8797158542199559e+27
86 0 2.2382440974977295e+28
88 0 6.9641457006440388e+28
90 0 2.0784280497848858e+29
92 0 5.9295458525141716e+29
94 0 1.6189014220887532e+30
96 0 4.2267064063010944e+30
98 0 1.0543167856528081e+31
100 0 2.5109738207426072e+31
102 0 5.7040295964939749e+31
104 0 1.2359284471957534e+32
106 0 2.5542728076165385e+32
108 0 5.0230796278476200e+32
110 0 9.4200278195700759e+32
112 0 1.6812597438788508e+33
114 0 2.8517335841610614e+33
116 0 4.6076800628654878e+33
118 0 7.0704497056575029e+33
120 0 1.0308836921231548e+34
122 0 1.4268222928506052e+34
124 0 1.8754825504328296e+34
126 0 2.3360340264471275e+34
128 0 2.7584863957948335e+34
130 0 3.0871652537181521e+34
132 0 3.2645888409076676e+34
134 0 3.2660658127906693e+34
136 0 3.0844014268457575e+34
138 0 2.7471739469160724e+34
140 0 2.3044403094777258e+34
142 0 1.8178262640791094e+34
144 0 1.3460805405811315e+34
146 0 9.3336575623424172e+33
148 0 6.0450687656322688e+33
150 0 3.6472223172479431e+33
152 0 2.0419362330778683e+33
154 0 1.0572235343090903e+33
156 0 5.0333128183627145e+32
158 0 2.1912273835919258e+32
160 0 8.6482171400941497e+31
162 0 3.0682346649871887e+31
164 0 9.6627827674456915e+30
166 0 2.6577670520249679e+30
168 0 6.2341029583536002e+29
170 0 1.2035161273588309e+29
172 0 1.8085865441077507e+28
174 0 1.9039808902019306e+27
176 0 1.0717570775517862e+26
28 1 2.2924887745796277e+04
30 1 3.1502441421445380e+06
32 1 1.1908607527711515e+08
34 1 2.3340486088161750e+09
36 1 3.0615782674382637e+10
38 1 3.2009875945222437e+11
40 1 2.9752948953443911e+12
42 1 2.6182781296235605e+13
44 1 2.1799839998438172e+14
46 1 1.7227113671734452e+15
48 1 1.2806316234752114e+16
50 1 8.9858735185579632e+16
52 1 5.9684805813611827e+17
54 1 3.7853959735559752e+18
56 1 2.2971483703748547e+19
58 1 1.3320166628779676e+20
60 1 7.4217359200574072e+20
62 1 3.9673837140557284e+21
64 1 2.0347091300409825e+22
66 1 1.0034940528920807e+23
68 1 4.7590139715356847e+23
70 1 2.1688023198231135e+24
72 1 9.5070666722958030e+24
74 1 4.0021143849478239e+25
76 1 1.6224377676122469e+26
78 1 6.3081197438298309e+26
80 1 2.3568681563096678e+27
82 1 8.4458390522507679e+27
84 1 2.9041747113782783e+28
86 1 9.5697821811576073e+28
88 1 3.0194832621997454e+29
90 1 9.1194745679526182e+29
92 1 2.6333927943070251e+30
94 1 7.2638797096363997e+30
96 1 1.9155572402307681e+31
98 1 4.8125965739077609e+31
100 1 1.1537164957772991e+32
102 1 2.6375664404003055e+32
104 1 5.7368528638714552e+32
106 1 1.1881581695851975e+33
108 1 2.3410430350786675e+33
110 1 4.3906854168122163e+33
112 1 7.8229945683512696e+33
114 1 1.3248848365725932e+34
116 1 2.1300968270741599e+34
118 1 3.2512285892642628e+34
120 1 4.7055091982138331e+34
122 1 6.4620846983218322e+34
124 1 8.4050315862265695e+34
126 1 1.0353454905789497e+35
128 1 1.2074921158400519e+35
130 1 1.3320826559611430e+35
132 1 1.3887689666139731e+35
134 1 1.3664980578867919e+35
136 1 1.2676821052164455e+35
138 1 1.1092409481895629e+35
140 1 9.1205915345231981e+34
142 1 7.0486270998135136e+34
144 1 5.1047103913526475e+34
146 1 3.4584651272387318e+34
148 1 2.1872756892605007e+34
150 1 1.2861160953197359e+34
152 1 7.0150185914139544e+33
154 1 3.5314569273865305e+33
156 1 1.6334735067347218e+33
158 1 6.9001560975609908e+32
160 1 2.6419854866501748e+32
162 1 9.0664861124988225e+31
164 1 2.7580286898563016e+31
166 1 7.3129584352797220e+30
168 1 1.6510293341751264e+30
170 1 3.0613181319620800e+29
172 1 4.4075345627236960e+28
174 1 4.4193219062676917e+27
176 1 2.3563392765729437e+26
32 2 5.2754146108069895e+06
34 2 5.3616171785850215e+08
36 2 1.8121861468850700e+10
38 2 3.3583516811277313e+11
40 2 4.3377189805828203e+12
42 2 4.5063520719418367e+13
44 2 4.0692535814545562e+14
46 2 3.3676762092544800e+15
48 2 2.6070364032333472e+16
50 2 1.9032063912453478e+17
52 2 1.3132535330826473e+18
54 2 8.6258495704066478e+18
56 2 5.4039289790583243e+19
58 2 3.2324670356413717e+20
60 2 1.8539382679823660e+21
62 2 1.0214106065576820e+22
64 2 5.3971928664512643e+22
66 2 2.7333803738280947e+23
68 2 1.3343461283958805e+24
70 2 6.2560966444373804e+24
72 2 2.8199011058988778e+25
74 2 1.2193239463516025e+26
76 2 5.0715652584824828e+26
78 2 2.0243755331318261e+27
80 2 7.7475188906155990e+27
82 2 2.8485049839040780e+28
84 2 1.0018881650096684e+29
86 2 3.3739976221738982e+29
88 2 1.0868665491673023e+30
90 2 3.3492256120107160e+30
92 2 9.8502677620630005e+30
94 2 2.7664137512638500e+31
96 2 7.4044240255406448e+31
98 2 1.8876962420917035e+32
100 2 4.5833170071314614e+32
102 2 1.0586149803344292e+33
104 2 2.3267715326217304e+33
106 2 4.8579827013066074e+33
108 2 9.6374009766806830e+33
110 2 1.8137868237249224e+34
112 2 3.2416008287139222e+34
114 2 5.4932723737013072e+34
116 2 8.8277257721760236e+34
118 2 1.3430055108700593e+35
120 2 1.9389638254640546e+35
122 2 2.6461462874297314e+35
124 2 3.4186013298324345e+35
126 2 4.1768827537003644e+35
128 2 4.8229154687325348e+35
130 2 5.2604331298457354e+35
132 2 5.4124703705186099e+35
134 2 5.2539030426317482e+35
136 2 4.8027416919039506e+35
138 2 4.1295688446383153e+35
140 2 3.3372080042147884e+35
142 2 2.5293826482804905e+35
144 2 1.7947595056233862e+35
146 2 1.1897711149681228e+35
148 2 7.3561315299905713e+34
150 2 4.2260094775909042e+34
152 2 2.2472787521338988e+34
154 2 1.1021460866207859e+34
156 2 4.9611602954392195e+33
158 2 2.0346356261537992e+33
160 2 7.5597081045464413e+32
162 2 2.5138514814860681e+32
164 2 7.4004712185203025e+31
166 2 1.8956574558855436e+31
168 2 4.1212504376690553e+30
170 2 7.3427856453136042e+29
172 2 1.0128669309099880e+29
174 2 9.7037048089554417e+27
176 2 4.9213875742932812e+26
34 3 5.4457720997288206e+05
36 3 5.3639396307327759e+08
38 3 4.3230509006156181e+10
40 3 1.3039517465916353e+12
42 3 2.3149602535110336e+13
44 3 2.9441101013569006e+14
46 3 3.0533996836255685e+15
48 3 2.7422373034188536e+16
50 3 2.2363079678633405e+17
52 3 1.6924701005113539e+18
54 3 1.2030667232017332e+19
56 3 8.0647995052312723e+19
58 3 5.1502165812638443e+20
60 3 3.1217103144229808e+21
62 3 1.8105140596593144e+22
64 3 1.0043124013113632e+23
66 3 5.3428260975884586e+23
68 3 2.7250427575041274e+24
70 3 1.3349284818621190e+25
72 3 6.2697447583897860e+25
74 3 2.8260970229826621e+26
76 3 1.2209695295220074e+27
78 3 5.0588911714667089e+27
80 3 2.0088007980806920e+28
82 3 7.6320832277382086e+28
84 3 2.7726406746761337e+29
86 3 9.6395427688048513e+29
88 3 3.1983554225477141e+30
90 3 1.0134469076031183e+31
92 3 3.0616389389864837e+31
94 3 8.8116485964790695e+31
96 3 2.4140998752893531e+32
98 3 6.2859009279724733e+32
100 3 1.5561463572294629e+33
102 3 3.6587279672765428e+33
104 3 8.1655303175817322e+33
106 3 1.7267594481709622e+34
108 3 3.4660706422844713e+34
110 3 6.5874478246490082e+34
112 3 1.1853942163195067e+35
114 3 2.0204473650826317e+35
116 3 3.2576703865668137e+35
118 3 4.9672806438154917e+35
120 3 7.1579998642777123e+35
122 3 9.7532867912533214e+35
124 3 1.2554596099423724e+36
126 3 1.5256260594190922e+36
128 3 1.7483760517827985e+36
130 3 1.8909987688005185e+36
132 3 1.9271667673447068e+36
134 3 1.8474534369435407e+36
136 3 1.6682002594446174e+36
138 3 1.4139915666824640e+36
140 3 1.1239070345605745e+36
142 3 8.3734045259772866e+35
144 3 5.8333418255829551e+35
146 3 3.7932049256712389e+35
148 3 2.2963282554477598e+35
150 3 1.2901143587464645e+35
152 3 6.7022444791549971e+34
154 3 3.2066840911983080e+34
156 3 1.4049910294967022e+34
158 3 5.6109080569039600e+33
160 3 2.0242692696547174e+33
162 3 6.5315281550654230e+32
164 3 1.8621898568200667e+32
166 3 4.6107848770052337e+31
168 3 9.6710849985942795e+30
170 3 1.6588379225027316e+30
172 3 2.1975866784287429e+29
174 3 2.0158228602244111e+28
176 3 9.7320809523403367e+26
38 4 6.4636112617223956e+07
40 4 3.3379754499194664e+10
42 4 2.1586189887122312e+12
44 4 5.9570152126621570e+13
46 4 1.0111827885773304e+15
48 4 1.2779709280677128e+16
50 4 1.3192476654822294e+17
52 4 1.1875003911651205e+18
54 4 9.6363859561622958e+18
56 4 7.2517731721732817e+19
58 4 5.0994774031792007e+20
60 4 3.3759747589087334e+21
62 4 2.1195412117660096e+22
64 4 1.2668829218512271e+23
66 4 7.2132953517511288e+23
68 4 3.9273509258601348e+24
70 4 2.0435516247923640e+25
72 4 1.0176864598634600e+26
74 4 4.8438814699417993e+26
76 4 2.2062867601852396e+27
78 4 9.6108128401781193e+27
80 4 3.9994925892574198e+28
82 4 1.5890963040923990e+29
84 4 6.0326204652476583e+29
86 4 2.1862747773844360e+30
88 4 7.5506235207699400e+30
90 4 2.4819242976014144e+31
92 4 7.7662495663917535e+31
94 4 2.3113171044694272e+32
96 4 6.5306151262738799e+32
98 4 1.7508901405483739e+33
100 4 4.4501397770686368e+33
102 4 1.0724033883868065e+34
104 4 2.4469673925101088e+34
106 4 5.2800974729727135e+34
108 4 1.0782181607203062e+35
110 4 2.0811693870395200e+35
112 4 3.7947095926293544e+35
114 4 6.5332320910552380e+35
116 4 1.0621121419132816e+36
118 4 1.6294711235893427e+36
120 4 2.3572491146402700e+36
122 4 3.2191491392795283e+36
124 4 4.1425213845036678e+36
126 4 5.0240872638947289e+36
128 4 5.7393143805146701e+36
130 4 6.1656568375294620e+36
132 4 6.2354797621147603e+36
134 4 5.9267381270377981e+36
136 4 5.2914412114864963e+36
138 4 4.4322422267421025e+36
140 4 3.4766502356058556e+36
142 4 2.5516648216332248e+36
144 4 1.7485862913682358e+36
146 4 1.1168453871551852e+36
148 4 6.6277034185368614e+35
150 4 3.6479936475243377e+35
152 4 1.8539861592309556e+35
154 4 8.6668141320599100e+34
156 4 3.7082616744911663e+34
158 4 1.4416754727894824e+34
160 4 5.0587256309499650e+33
162 4 1.5856446847146826e+33
164 4 4.3867521536684136e+32
166 4 1.0512961991016916e+32
168 4 2.1330075167941742e+31
170 4 3.5272660408839939e+30
172 4 4.4895844679905509e+29
174 4 3.9450886235244874e+28
176 4 1.8163013767890121e+27
42 5 5.1333267243865004e+09
44 5 1.4117637490522603e+12
46 5 7.6520082374849688e+13
48 5 1.9376557207795565e+15
50 5 3.1892902195072060e+16
52 5 3.9642375821033312e+17
54 5 4.0814012379099136e+18
56 5 3.6730363756921807e+19
58 5 2.9938404576330691e+20
60 5 2.2488615547083219e+21
62 5 1.5719003770264398e+22
64 5 1.0380549265157309e+23
66 5 6.4816825949245552e+23
68 5 3.8414701715753178e+24
70 5 2.1651883352042665e+25
72 5 1.1610823548638762e+26
74 5 5.9390056617715568e+26
76 5 2.8957123272412515e+27
78 5 1.3444758499507753e+28
80 5 5.9582273137975917e+28
82 5 2.5107629819126109e+29
84 5 1.0080332868575172e+30
86 5 3.8498337833778257e+30
88 5 1.3993438914861623e+31
90 5 4.8259512959363965e+31
92 5 1.5797189349907301e+32
94 5 4.9049543052645557e+32
96 5 1.4416816930841211e+33
98 5 4.0151073472621904e+33
100 5 1.0581449705964285e+34
102 5 2.6316826290539343e+34
104 5 6.1847170375468483e+34
106 5 1.3719954182005088e+35
108 5 2.8709008809884761e+35
110 5 5.6595633298747888e+35
112 5 1.0519004869132122e+36
114 5 1.8408722510359633e+36
116 5 3.0323508230859096e+36
118 5 4.7052073159988778e+36
120 5 6.8697566063646915e+36
122 5 9.4390405226597517e+36
124 5 1.2197638104891682e+37
126 5 1.4813597091486338e+37
128 5 1.6907312829102553e+37
130 5 1.8138776830534079e+37
132 5 1.8263872265171625e+37
134 5 1.7258941467845391e+37
136 5 1.5284130249414334e+37
138 5 1.2672401842445179e+37
140 5 9.8314648824591320e+36
142 5 7.1275465471374793e+36
144 5 4.8145748882184579e+36
146 5 3.0244040569513809e+36
148 5 1.7648588874127833e+36
150 5 9.5297426943952579e+35
152 5 4.7472179314288448e+35
154 5 2.1708391111546816e+35
156 5 9.0729691246656913e+34
158 5 3.4436058292439739e+34
160 5 1.1779030320769311e+34
162 5 3.5928719740782116e+33
164 5 9.6500014159503103e+32
166 5 2.2423090153675295e+32
168 5 4.4004805755281695e+31
170 5 7.0395049689668591e+30
172 5 8.6228965461144483e+29
174 5 7.2739836464203116e+28
176 5 3.2026646458355584e+27
46 6 2.4166782177512634e+11
48 6 4.4312357786457008e+13
50 6 2.0380086163974278e+15
52 6 4.8110908714042808e+16
54 6 7.6559278783295475e+17
56 6 9.4029117835205837e+18
58 6 9.6499935668252770e+19
60 6 8.6994427120496647e+20
62 6 7.0922612214952855e+21
64 6 5.3225794827361450e+22
66 6 3.7319573236623200e+23
68 6 2.4598596316428702e+24
70 6 1.5320485986311686e+25
72 6 9.0181269658846163e+25
74 6 5.0438320979341367e+26
76 6 2.6730054133151773e+27
78 6 1.3470674920923731e+28
80 6 6.4401247729978769e+28
82 6 2.9189288230607353e+29
84 6 1.2562114332335125e+30
86 6 5.1323727790526414e+30
88 6 1.9849656587573066e+31
90 6 7.2670054271693126e+31
92 6 2.5191315243952534e+32
94 6 8.2475232885600402e+32
96 6 2.5522718217277706e+33
98 6 7.4519724176002233e+33
100 6 2.0523128955303527e+34
102 6 5.3258340452115659e+34
104 6 1.3001628014780380e+35
106 6 2.9872656940632682e+35
108 6 6.4513922781721227e+35
110 6 1.3105315292917083e+36
112 6 2.4975700339309609e+36
114 6 4.4747249448351623e+36
116 6 7.5166609774385489e+36
118 6 1.1859352949972370e+37
120 6 1.7569907720942893e+37
122 6 2.4401800345557366e+37
124 6 3.1816335651735577e+37
126 6 3.8875818816372618e+37
128 6 4.4569498700904546e+37
130 6 4.7855609640257243e+37
132 6 4.8137163144977537e+37
134 6 4.5352878736519565e+37
136 6 3.9965076824263257e+37
138 6 3.2929790102082675e+37
140 6 2.5327168828198618e+37
142 6 1.8166474181670836e+37
144 6 1.2121807137191612e+37
146 6 7.5183264035415532e+36
148 6 4.3196122642556266e+36
150 6 2.2933888359556682e+36
152 6 1.1214704974283040e+36
154 6 5.0302726493484829e+35
156 6 2.0577969867335688e+35
158 6 7.6294609436912204e+34
160 6 2.5471531013060744e+34
162 6 7.5724523099254115e+33
164 6 1.9770825379037597e+33
166 6 4.4664089181279815e+32
168 6 8.4940141631528563e+31
170 6 1.3124163294291268e+31
172 6 1.5531494292454753e+30
174 6 1.2610691648688831e+29
176 6 5.3161649411718189e+27
50 7 8.2465810719743701e+12
52 7 1.0656752185287446e+15
54 7 4.2776182792502752e+16
56 7 9.4554617098802918e+17
58 7 1.4580247050556287e+19
60 7 1.7688194129055190e+20
62 7 1.8087438203546522e+21
64 7 1.6287260627817132e+22
66 7 1.3315723896947369e+23
68 7 1.0023884571220510e+24
70 7 7.0362107907342955e+24
72 7 4.6342090909646563e+25
74 7 2.8751150847753213e+26
76 7 1.6883673116352983e+27
78 7 9.3571573441778270e+27
80 7 4.9011398711949731e+28
82 7 2.4292201981735293e+29
84 7 1.1378216442484856e+30
86 7 5.0320976454851370e+30
88 7 2.1027461276688593e+31
90 7 8.2896566153768461e+31
92 7 3.0796315700218260e+32
94 7 1.0769177140798656e+33
96 7 3.5453573977955442e+33
98 7 1.0983358652145454e+34
100 7 3.1960642378499110e+34
102 7 8.7319639996188799e+34
104 7 2.2375885857246602e+35
106 7 5.3741008221816761e+35
108 7 1.2095338846508172e+36
110 7 2.5489745359091314e+36
112 7 5.0291396885204219e+36
114 7 9.2848230837335544e+36
116 7 1.6024892703467437e+37
118 7 2.5891273322619287e+37
120 7 3.9122842185814593e+37
122 7 5.5269492399018917e+37
124 7 7.3035083570066553e+37
126 7 9.0278799219437105e+37
128 7 1.0430921744208670e+38
130 7 1.1268167696007569e+38
132 7 1.1370983123599125e+38
134 7 1.0719313135652229e+38
136 7 9.4339194844695710e+37
138 7 7.7393583692120823e+37
140 7 5.9210431136686426e+37
142 7 4.2147209576409847e+37
144 7 2.7861266721634183e+37
146 7 1.7080397297900249e+37
148 7 9.6882722640377944e+36
150 7 5.0702204888855005e+36
152 7 2.4389784958592271e+36
154 7 1.0746099258330144e+36
156 7 4.3098705125189603e+35
158 7 1.5654853250457511e+35
160 7 5.1064721772182007e+34
162 7 1.4821058525566538e+34
164 7 3.7713732868255512e+33
166 7 8.2786213422353879e+32
168 7 1.5292991681563641e+32
170 7 2.2907728461590753e+31
172 7 2.6197160466244054e+30
174 7 2.0487598652521649e+29
176 7 8.2829317624830506e+27
54 8 2.1100529613058856e+14
56 8 2.0408898717833388e+16
58 8 7.2296108670151309e+17
60 8 1.5121685303841741e+19
62 8 2.2666729878073174e+20
64 8 2.7105513057049845e+21
66 8 2.7563998668734501e+22
68 8 2.4876973694435447e+23
70 8 2.0357428454341237e+24
72 8 1.5345458919948069e+25
74 8 1.0794805120722402e+26
76 8 7.1074389241914750e+26
78 8 4.3955022959073004e+27
80 8 2.5643538177230639e+28
82 8 1.4079476237719797e+29
84 8 7.2775530920133432e+29
86 8 3.5413737153470584e+30
88 8 1.6223894269972847e+31
90 8 6.9728821695310393e+31
92 8 2.8165738113543677e+32
94 8 1.0662713489351723e+33
96 8 3.7863954157546309e+33
98 8 1.2595033243600095e+34
100 8 3.9174764131804007e+34
102 8 1.1404862424046523e+35
104 8 3.1002955151790513e+35
106 8 7.8692414762433075e+35
108 8 1.8632220405401418e+36
110 8 4.1154210388700058e+36
112 8 8.4735904784174931e+36
114 8 1.6255210044261051e+37
116 8 2.9061448107729722e+37
118 8 4.8413864037137712e+37
120 8 7.5094858775055984e+37
122 8 1.0869168618026784e+38
124 8 1.4648147820768569e+38
126 8 1.8406548824649582e+38
128 8 2.1555793218103992e+38
130 8 2.3520615124789849e+38
132 8 2.3914040429661047e+38
134 8 2.2649950985066563e+38
136 8 1.9971602519663215e+38
138 8 1.6388191743356181e+38
140 8 1.2504363170527579e+38
142 8 8.8580698434969333e+37
144 8 5.8213479837702148e+37
146 8 3.5370978081032624e+37
148 8 1.9847863457984290e+37
150 8 1.0263012038972116e+37
152 8 4.8675221500662624e+36
154 8 2.1111691770035230e+36
156 8 8.3206904518499923e+35
158 8 2.9639647326937249e+35
160 8 9.4730627983759324e+34
162 8 2.6878507469299246e+34
164 8 6.6769089908128429e+33
166 8 1.4278710986995607e+33
168 8 2.5653106305942346e+32
170 8 3.7266088887447961e+31
172 8 4.1275644614051459e+30
174 8 3.1139729704432420e+29
176 8 1.2111296369162840e+28
56 9 4.2970281931112119e+12
58 9 4.2057512331939720e+15
60 9 3.1614282923707334e+17
62 9 1.0151363274008484e+19
64 9 2.0079011473678687e+20
66 9 2.9300651713167376e+21
68 9 3.4557129674599724e+22
70 9 3.5058857473295057e+23
72 9 3.1536600324220360e+24
74 9 2.5836178612434419e+25
76 9 1.9506272133216160e+26
78 9 1.3707865670892799e+27
80 9 9.0185861309897979e+27
82 9 5.5608683523531159e+28
84 9 3.2174039718978552e+29
86 9 1.7452754351525303e+30
88 9 8.8685147575713242e+30
90 9 4.2249270932088274e+31
92 9 1.8809054873320862e+32
94 9 7.8239858940509380e+32
96 9 3.0375573171555890e+33
98 9 1.0994046956521448e+34
100 9 3.7099545024250501e+34
102 9 1.1643092683563016e+35
104 9 3.3999978072807052e+35
106 9 9.2212158422195461e+35
108 9 2.3233406442130733e+36
110 9 5.4366919847106601e+36
112 9 1.1796079574380916e+37
114 9 2.3753341250034310e+37
116 9 4.4359719409571978e+37
118 9 7.6799905528988834e+37
120 9 1.2334994482334062e+38
122 9 1.8402578746307171e+38
124 9 2.5474068781677046e+38
126 9 3.2727911359757691e+38
128 9 3.9055189894862986e+38
130 9 4.3292362544908671e+38
132 9 4.4555354894234611e+38
134 9 4.2583251726968867e+38
136 9 3.7780974216886272e+38
138 9 3.1135869783735101e+38
140 9 2.3779959006966852e+38
142 9 1.6813459492296318e+38
144 9 1.1005463936905182e+38
146 9 6.6484896713546370e+37
148 9 3.7030107223056969e+37
150 9 1.8949552918970190e+37
152 9 8.8888316650303475e+36
154 9 3.8026154563268194e+36
156 9 1.4763634073280916e+36
158 9 5.1697950087385090e+35
160 9 1.6204992785131412e+35
162 9 4.5027111083232573e+34
164 9 1.0941811314687790e+34
166 9 2.2831733242531719e+33
168 9 3.9914484955494044e+32
170 9 5.6416129635453919e+31
172 9 6.0577130696126487e+30
174 9 4.4260546709396178e+29
176 9 1.6586906565746489e+28
60 10 1.8196317462854391e+14
62 10 6.6008667694720688e+16
64 10 4.0936767475633280e+18
66 10 1.1897984756844390e+20
68 10 2.2502731482440050e+21
70 10 3.1931453227465162e+22
72 10 3.7272689667048438e+23
74 10 3.7495588595069006e+24
76 10 3.3724537074140527e+25
78 10 2.7597722390399567e+26
80 10 2.0848111550461046e+27
82 10 1.4643793901117137e+28
84 10 9.6135623687633344e+28
86 10 5.8819563512536011e+29
88 10 3.3659579063713126e+30
90 10 1.7974490513682999e+31
92 10 8.9535373356917426e+31
94 10 4.1530563562679745e+32
96 10 1.7888969553271269e+33
98 10 7.1477488681324314e+33
100 10 2.6513424358872097e+34
102 10 9.1040447549098342e+34
104 10 2.8936410116588655e+35
106 10 8.5017354100502711e+35
108 10 2.3076349954996342e+36
110 10 5.7817564629112513e+36
112 10 1.3374318224874960e+37
114 10 2.8547032402586904e+37
116 10 5.6265352891025399e+37
118 10 1.0234000023960829e+38
120 10 1.7171095398676694e+38
122 10 2.6596837451532275e+38
124 10 3.8074878246528856e+38
126 10 5.0383176655198803e+38
128 10 6.1669070964943835e+38
130 10 6.9805898836876049e+38
132 10 7.3142896633164277e+38
134 10 7.0916748718851032e+38
136 10 6.3600367598490100e+38
138 10 5.2782838195353450e+38
140 10 4.0509224258438022e+38
142 10 2.8718146173921909e+38
144 10 1.8786355357983385e+38
146 10 1.1320865749632312e+38
148 10 6.2705920544613790e+37
150 10 3.1864729840639104e+37
152 10 1.4801320825339222e+37
154 10 6.2612349758500750e+36
156 10 2.3983113443734018e+36
158 10 8.2765338373750320e+35
160 10 2.5498580360414148e+35
162 10 6.9534138988907142e+34
164 10 1.6555829038046639e+34
166 10 3.3781284169433461e+33
168 10 5.7642347807317479e+32
170 10 7.9304822896257898e+31
172 10 8.2757738791197930e+30
174 10 5.8565168194663105e+29
176 10 2.1211044077496312e+28
64 11 3.9861182016477440e+15
66 11 8.5505764970450470e+17
68 11 4.4319635578379272e+19
70 11 1.1896964660414450e+21
72 11 2.1409388870085305e+22
74 11 2.9783836073389737e+23
76 11 3.4222110935887441e+24
78 11 3.4343023135555899e+25
80 11 3.0755835021262877e+26
82 11 2.5172248169370218e+27
84 11 1.8973829042021510e+28
86 11 1.3288154638288528e+29
88 11 8.6625780686999999e+29
90 11 5.2545724364809671e+30
92 11 2.9656448709678860e+31
94 11 1.5533017055038463e+32
96 11 7.5376653717207277e+32
98 11 3.3751750065977997e+33
100 11 1.3974195449804348e+34
102 11 5.3319988676795446e+34
104 11 1.8711790893273686e+35
106 11 6.0361804377528065e+35
108 11 1.7903851724663975e+36
110 11 4.8723463574548608e+36
112 11 1.2171635025133837e+37
114 11 2.7878216342527177e+37
116 11 5.8612480477149178e+37
118 11 1.1308009330392632e+38
120 11 1.9999888553894392e+38
122 11 3.2504186758184039e+38
124 11 4.8541834959436468e+38
126 11 6.6673103380632265e+38
128 11 8.4257466785184850e+38
130 11 9.8064543859271200e+38
132 11 1.0518595066828928e+39
134 11 1.0394775159290267e+39
136 11 9.4730343512658362e+38
138 11 7.9570095639903290e+38
140 11 6.1605568320159069e+38
142 11 4.3927169327958326e+38
144 11 2.8833760102213401e+38
146 11 1.7383857077481823e+38
148 11 9.6058393852945791e+37
150 11 4.8609450395354126e+37
152 11 2.2427391741235599e+37
154 11 9.4015353934112983e+36
156 11 3.5637050807892395e+36
158 11 1.2140068008016514e+36
160 11 3.6854864178703306e+35
162 11 9.8817009915671469e+34
164 11 2.3080102746908003e+34
166 11 4.6130956275881535e+33
168 11 7.6953373111281842e+32
170 11 1.0325672823468572e+32
172 11 1.0494086868482796e+31
174 11 7.2051294168201492e+29
176 11 2.5268470876256249e+28
68 12 6.3036755782044240e+16
70 12 9.1025286361100093e+18
72 12 4.1075959256316877e+20
74 12 1.0162081641653818e+22
76 12 1.7637031364981454e+23
78 12 2.3871936485136992e+24
80 12 2.7188318510677807e+25
82 12 2.7019156404822700e+26
84 12 2.4160634203569407e+27
86 12 1.9709775413458379e+28
88 12 1.4836900786373713e+29
90 12 1.0327757653140386e+30
92 12 6.6780273261522982e+30
94 12 3.9985805658790870e+31
96 12 2.2154511913627374e+32
98 12 1.1290592952809795e+33
100 12 5.2935192846176137e+33
102 12 2.2778384934368489e+34
104 12 8.9750251212468015e+34
106 12 3.2309287248124928e+35
108 12 1.0626818739653950e+36
110 12 3.1873597776898811e+36
112 12 8.7207445802620198e+36
114 12 2.1742211871362553e+37
116 12 4.9391119028101916e+37
118 12 1.0224892141825079e+38
120 12 1.9309552624097822e+38
122 12 3.3246929227884643e+38
124 12 5.2264447690754192e+38
126 12 7.5181206857679499e+38
128 12 9.8861048074517754e+38
130 12 1.1913158436386748e+39
132 12 1.3163996239904545e+39
134 12 1.3346242693444674e+39
136 12 1.2423707748723411e+39
138 12 1.0615849390555690e+39
140 12 8.3283218033255778e+38
142 12 6.0007674333088759e+38
144 12 3.9646644695738917e+38
146 12 2.3991843435318955e+38
148 12 1.3280033603418411e+38
150 12 6.7074651461436290e+37
152 12 3.0823924773197156e+37
154 12 1.2843512134816128e+37
156 12 4.8280832692955523e+36
158 12 1.6266048195251652e+36
160 12 4.8804191042759635e+35
162 12 1.2881439588733274e+35
164 12 2.9595290605617653e+34
166 12 5.8055642124147030e+33
168 12 9.4804623815079401e+32
170 12 1.2439190553099836e+32
172 12 1.2315289429432808e+31
174 12 8.2264478821936550e+29
176 12 2.7991707557288010e+28
72 13 7.5232012336499456e+17
74 13 8.3452854162252579e+19
76 13 3.2388965261398036e+21
78 13 7.5384378600092663e+22
80 13 1.2532807147918213e+24
82 13 1.6662614496208411e+25
84 13 1.8690057436511918e+26
86 13 1.8497597913429214e+27
88 13 1.6447281933622823e+28
90 13 1.3376314157674881e+29
92 13 1.0022974053478382e+30
94 13 6.9368672229862570e+30
96 13 4.4292298613043878e+31
98 13 2.6034616500639642e+32
100 13 1.4037348042370153e+33
102 13 6.9184619383746492e+33
104 13 3.1097774583408926e+34
106 13 1.2705874835709864e+35
108 13 4.7151014903300870e+35
110 13 1.5864709103659977e+36
112 13 4.8261285255496961e+36
114 13 1.3290253589539112e+37
116 13 3.3111908327821518e+37
118 13 7.4579256857941529e+37
120 13 1.5213096322077104e+38
122 13 2.8103584577469452e+38
124 13 4.7045601956331453e+38
126 13 7.1513569818172965e+38
128 13 9.8825499695146160e+38
130 13 1.2430430782044066e+39
132 13 1.4253856729804204e+39
134 13 1.4920904298354519e+39
136 13 1.4271522278898802e+39
138 13 1.2474975865310689e+39
140 13 9.9672058221228375e+38
142 13 7.2877051180940924e+38
144 13 4.8654634422553297e+38
146 13 2.9680827651657649e+38
148 13 1.6497787404340784e+38
150 13 8.3452486901677930e+37
152 13 3.8337815580008678e+37
154 13 1.5917423238132665e+37
156 13 5.9485312080846774e+36
158 13 1.9874900462397567e+36
160 13 5.8964604162356634e+35
162 13 1.5374166131625556e+35
164 13 3.4837511938252913e+34
166 13 6.7148884532478477e+33
168 13 1.0759724760893529e+33
170 13 1.3809569257187456e+32
172 13 1.3372863423664583e+31
174 13 8.7032632732245049e+29
176 13 2.8743127284375878e+28
76 14 8.0176235737828188e+18
78 14 6.3482264156366491e+20
80 14 2.2291100917181014e+22
82 14 4.8458762475708595e+23
84 14 7.8084723593884669e+24
86 14 1.0138279613086070e+26
88 14 1.1264374907837499e+27
90 14 1.1047987734030618e+28
92 14 9.7949916751218085e+28
94 14 7.9321864809217050e+29
96 14 5.8951094944722149e+30
98 14 4.0369545556875692e+31
100 14 2.5346023314616429e+32
102 14 1.4506697702596732e+33
104 14 7.5668133575469791e+33
106 14 3.5675072890274116e+34
108 14 1.5202547678056103e+35
110 14 5.8337994636639489e+35
112 14 2.0121665523392544e+36
114 14 6.2296927253463365e+36
116 14 1.7303536626522539e+37
118 14 4.3138230712860983e+37
120 14 9.6447568589743868e+37
122 14 1.9362235372007348e+38
124 14 3.4974060336035908e+38
126 14 5.6844397359750754e+38
128 14 8.3357085979008808e+38
130 14 1.1048441719481204e+39
132 14 1.3262834514490719e+39
134 14 1.4441347629642307e+39
136 14 1.4284784105289546e+39
138 14 1.2851070680641099e+39
140 14 1.0511904782479566e+39
142 14 7.8348318722503147e+38
144 14 5.3147507856975430e+38
146 14 3.2797083677391043e+38
148 14 1.8398290823994232e+38
150 14 9.3505601198280272e+37
152 14 4.3018532091172265e+37
154 14 1.7848124438790837e+37
156 14 6.6482066154209026e+36
158 14 2.2088818274136302e+36
160 14 6.5001826957930046e+35
162 14 1.6779736654719245e+35
164 14 3.7485657794844223e+34
166 14 7.1235824854718889e+33
168 14 1.1223558225102101e+33
170 14 1.4125737719488929e+32
172 14 1.3387285747687559e+31
174 14 8.4979161159748701e+29
176 14 2.7339619667081838e+28
78 15 1.7496558603229933e+17
80 15 6.3644421695301829e+19
82 15 4.2355439927801277e+21
84 15 1.3239374130262072e+23
86 15 2.7414979872963665e+24
88 15 4.2485177506630254e+25
90 15 5.4336275643989481e+26
92 15 5.9588246545340765e+27
94 15 5.8154185467233938e+28
96 15 5.1288223890521661e+29
98 15 4.1215313259237713e+30
100 15 3.0363519436158164e+31
102 15 2.0459109981273353e+32
104 15 1.2509564663217147e+33
106 15 6.9260162449598039e+33
108 15 3.4498708016412555e+34
110 15 1.5394696543403123e+35
112 15 6.1370939063576265e+35
114 15 2.1792602466514335e+36
116 15 6.8839566144832552e+36
118 15 1.9318859624309964e+37
120 15 4.8183201690267620e+37
122 15 1.0700781408780130e+38
124 15 2.1133842021503174e+38
126 15 3.7262390545597591e+38
128 15 5.8733103311125441e+38
130 15 8.2912795109839391e+38
132 15 1.0522821301472441e+39
134 15 1.2020608654414265e+39
136 15 1.2389032607611643e+39
138 15 1.1544737194528162e+39
140 15 9.7326407719733179e+38
142 15 7.4358513364717117e+38
144 15 5.1458683975527416e+38
146 15 3.2266530420395264e+38
148 15 1.8310694794101091e+38
150 15 9.3902174463033789e+37
152 15 4.3442495812199889e+37
154 15 1.8075643852074063e+37
156 15 6.7257398717428391e+36
158 15 2.2287592512589508e+36
160 15 6.5182773429898388e+35
162 15 1.6685744823910555e+35
164 15 3.6898626137053167e+34
166 15 6.9206607232905933e+33
168 15 1.0734591777958890e+33
170 15 1.3278449397037337e+32
172 15 1.2330412494066108e+31
174 15 7.6618135843883269e+29
176 15 2.4032660917330703e+28
82 16 1.9587472990486705e+18
84 16 4.4754121465645793e+20
86 16 2.4025699612952671e+22
88 16 6.9556812399965193e+23
90 16 1.3567671307420720e+25
92 16 2.0513165407480799e+26
94 16 2.5676077973197338e+27
96 16 2.7901115474431097e+28
98 16 2.7008093401710227e+29
100 16 2.3670682393641646e+30
102 16 1.8871700474288172e+31
104 16 1.3698763385644193e+32
106 16 9.0039773168363238e+32
108 16 5.3268255541566214e+33
110 16 2.8191435617144422e+34
112 16 1.3242486105139522e+35
114 16 5.5085192333319147e+35
116 16 2.0204195809518135e+36
118 16 6.5301607449652580e+36
120 16 1.8550080631220309e+37
122 16 4.6389122823793307e+37
124 16 1.0213077240187749e+38
126 16 1.9839542864358148e+38
128 16 3.4092601897936323e+38
130 16 5.1954808219640206e+38
132 16 7.0468569757154975e+38
134 16 8.5302815886679664e+38
136 16 9.2471321891692107e+38
138 16 8.9918760280455518e+38
140 16 7.8661395817577288e+38
142 16 6.1956765638209336e+38
144 16 4.3992499902387678e+38
146 16 2.8177157964545209e+38
148 16 1.6251563427006699e+38
150 16 8.4418824358397771e+37
152 16 3.9401199732511450e+37
154 16 1.6475544324342460e+37
156 16 6.1451116082276101e+36
158 16 2.0351065823858192e+36
160 16 5.9321667958682469e+35
162 16 1.5096416911514256e+35
164 16 3.3090563174982382e+34
166 16 6.1404109562120435e+33
168 16 9.4024679668068120e+32
170 16 1.1452756385161798e+32
172 16 1.0447985321331774e+31
174 16 6.3530368946119074e+29
176 16 1.9457312085942300e+28
86 17 1.8359013546146683e+19
88 17 2.5473880660856029e+21
90 17 1.2123874901515791e+23
92 17 3.1961208625250699e+24
94 17 5.9632119294166732e+25
96 17 8.7398322450737683e+26
98 17 1.0794287166291053e+28
100 17 1.1583592527529984e+29
102 17 1.1138360414966126e+30
104 17 9.6778686518484975e+30
106 17 7.6259001707415047e+31
108 17 5.4146567653518711e+32
110 17 3.4437304311211029e+33
112 17 1.9470380893196250e+34
114 17 9.6880856422812788e+34
116 17 4.2274664816573349e+35
118 17 1.6091813217055268e+36
120 17 5.3332269322755017e+36
122 17 1.5364865735699647e+37
124 17 3.8495428561119533e+37
126 17 8.4101976692054439e+37
128 17 1.6036858858986991e+38
130 17 2.6799701163122196e+38
132 17 3.9412764189229503e+38
134 17 5.1169525657279699e+38
136 17 5.8923758680727705e+38
138 17 6.0380030033931420e+38
140 17 5.5207943148830406e+38
142 17 4.5154862000843980e+38
144 17 3.3093731945142200e+38
146 17 2.1743454408642003e+38
148 17 1.2818120633113228e+38
150 17 6.7690396090178935e+37
152 17 3.1993345300314730e+37
154 17 1.3497518342139556e+37
156 17 5.0612753157454795e+36
158 17 1.6794533943704984e+36
160 17 4.8944741079223272e+35
162 17 1.2403743757774534e+35
164 17 2.7018827708987120e+34
166 17 4.9691575761036096e+33
168 17 7.5242131938600186e+32
170 17 9.0407058003264591e+31
172 17 8.1104949216008522e+30
174 17 4.8450009958698520e+29
176 17 1.4514249988069635e+28
90 18 1.1532281527319332e+20
92 18 1.3074927495105917e+22
94 18 5.2914458041554066e+23
96 18 1.2981914947611359e+25
98 18 2.3164848593082316e+26
100 18 3.3286705889518476e+27
102 18 4.0240556928024175e+28
104 18 4.2974105092710011e+29
106 18 4.1018412330000848e+30
108 18 3.5233564813420183e+31
110 18 2.7173554922138497e+32
112 18 1.8704844910450431e+33
114 18 1.1370071714218836e+34
116 18 6.0364028273204462e+34
118 18 2.7764869337383948e+35
120 18 1.1018856346659926e+36
122 18 3.7571244544209506e+36
124 18 1.1004795152966874e+37
126 18 2.7665441903005396e+37
128 18 5.9858108916846445e+37
130 18 1.1181999632623924e+38
132 18 1.8128968506876223e+38
134 18 2.5633710041341981e+38
136 18 3.1741743222206950e+38
138 18 3.4636157583005081e+38
140 18 3.3417319410017223e+38
142 18 2.8613050862898331e+38
144 18 2.1800282224418216e+38
146 18 1.4793748152067596e+38
148 18 8.9486541756663685e+37
150 18 4.8266563854569332e+37
152 18 2.3198482616297567e+37
154 18 9.9125755223619450e+36
156 18 3.7497670590580970e+36
158 18 1.2507266271555688e+36
160 18 3.6521249449223058e+35
162 18 9.2510166390366375e+34
164 18 2.0067217057639525e+34
166 18 3.6625371345094380e+33
168 18 5.4979170728254207e+32
170 18 6.5256362265585926e+31
172 18 5.7652920733456017e+30
174 18 3.3869059096745084e+29
176 18 9.9442239890536234e+27
94 19 7.0164587403439636e+20
96 19 5.7089278359378629e+22
98 19 2.0318452043042881e+24
100 19 4.6570502865380862e+25
102 19 8.0761076181646559e+26
104 19 1.1232016716941676e+28
106 19 1.3510214513489538e+29
108 19 1.4263762902635278e+30
110 19 1.3478006656210787e+31
112 19 1.1379411311586135e+32
114 19 8.5414366832615694e+32
116 19 5.6214319445170611e+33
118 19 3.2038123432060611e+34
120 19 1.5643147026864667e+35
122 19 6.4981273943382301e+35
124 19 2.2909738237714717e+36
126 19 6.8250656584755486e+36
128 19 1.7219624362022503e+37
130 19 3.6882572088073124e+37
132 19 6.7374757755785309e+37
134 19 1.0559691692203754e+38
136 19 1.4296424966640272e+38
138 19 1.6832024739137427e+38
140 19 1.7332900757728974e+38
142 19 1.5673330337227028e+38
144 19 1.2507042126668477e+38
146 19 8.8209272743953522e+37
148 19 5.5145221509450578e+37
150 19 3.0533472610758773e+37
152 19 1.5000046928041208e+37
154 19 6.5112507931285425e+36
156 19 2.4943158859056024e+36
158 19 8.3911323149739870e+35
160 19 2.4615610318124122e+35
162 19 6.2439928716031476e+34
164 19 1.3515560872570395e+34
166 19 2.4571312299070766e+33
168 19 3.6587208425928587e+32
170 19 4.3011309697049157e+31
172 19 3.7521761552919215e+30
174 19 2.1661302373177811e+29
176 19 6.2520866561313475e+27
96 20 8.9451219013581742e+18
98 20 3.4213900281796907e+21
100 20 2.1355870740969939e+23
102 20 6.8734313197423535e+24
104 20 1.5169967678307715e+26
106 20 2.4862692032676305e+27
108 20 3.4369615938959285e+28
110 20 4.0656086568751901e+29
112 20 4.2576363140827107e+30
114 20 3.9666088686006421e+31
116 20 3.2690215233447937e+32
118 20 2.3461791006005843e+33
120 20 1.4483967593683807e+34
122 20 7.5610348418127261e+34
124 20 3.3117349110591821e+35
126 20 1.2095673343443286e+36
128 20 3.6810149051638781e+36
130 20 9.3095458184567871e+36
132 20 1.9704833157361307e+37
134 20 3.5069390905797092e+37
136 20 5.2947374017781928e+37
138 20 6.8378785322688030e+37
140 20 7.6176943634754941e+37
142 20 7.3614000056117532e+37
144 20 6.2103719278609297e+37
146 20 4.5924292548233485e+37
148 20 2.9843068127658913e+37
150 20 1.7080116201814030e+37
152 20 8.6116798142830009e+36
154 20 3.8180167246343341e+36
156 20 1.4865540230014389e+36
158 20 5.0586108056998606e+35
160 20 1.4951069003800053e+35
162 20 3.8079086709693383e+34
164 20 8.2543007166773774e+33
166 20 1.4975281351546726e+33
168 20 2.2189295904874447e+32
170 20 2.5856594471270865e+31
172 20 2.2254077826288820e+30
174 20 1.2687552478882145e+29
176 20 3.6064882059253685e+27
100 21 7.7306306811602731e+19
102 21 1.3240308863660930e+22
104 21 6.9532195983009631e+23
106 21 2.1312364800098224e+25
108 21 4.2950662792973410e+26
110 21 6.9874603465021074e+27
112 21 9.4088126653694637e+28
114 21 1.1070976373636725e+30
116 21 1.1436491240200577e+31
118 21 1.0440902233863536e+32
120 21 8.2524382280979652e+32
122 21 5.5650993021207034e+33
124 21 3.1324888236975897e+34
126 21 1.4567042799164975e+35
128 21 5.5456280613307727e+35
130 21 1.7236522841264386e+36
132 21 4.3773113188011708e+36
134 21 9.1247776127535827e+36
136 21 1.5781614599791852e+37
138 21 2.2855058999572623e+37
140 21 2.8017964518997108e+37
142 21 2.9361842937687600e+37
144 21 2.6508230698768472e+37
146 21 2.0737380354811168e+37
148 21 1.4132601301715796e+37
150 21 8.4100066881127523e+36
152 21 4.3773948862576570e+36
154 21 1.9919135898220562e+36
156 21 7.9133263108970420e+35
158 21 2.7360576353232488e+35
160 21 8.1815079250717223e+34
162 21 2.0990327214193607e+34
164 21 4.5660426030400697e+33
166 21 8.2798788568524679e+32
168 21 1.2217729312004971e+32
170 21 1.4145315194291175e+31
172 21 1.2072892815533913e+30
174 21 6.7904426432031189e+28
176 21 1.8994229647711167e+27
104 22 3.5474690385484022e+20
106 22 4.2989816424320006e+22
108 22 2.1448085087192324e+24
110 22 5.6165351464834096e+25
112 22 1.1190652071515791e+27
114 22 1.7602307730367519e+28
116 22 2.3552724812269926e+29
118 22 2.7254946741125010e+30
120 22 2.7772113896812377e+31
122 22 2.4368087071481475e+32
124 22 1.8129941180017907e+33
126 22 1.1099378030478881e+34
128 22 5.5274385492379166e+34
130 22 2.2035664151099641e+35
132 22 7.0299335053436836e+35
134 22 1.7901131008816829e+36
136 22 3.6694244746362713e+36
138 22 6.1319353458454135e+36
140 22 8.4688247639455056e+36
142 22 9.8067913741293674e+36
144 22 9.6215623875171841e+36
146 22 8.0632388192224117e+36
148 22 5.8179181239798284e+36
150 22 3.6304282807872966e+36
152 22 1.9635448028384661e+36
154 22 9.2290582988195822e+35
156 22 3.7595464702357312e+35
158 22 1.3259770987704655e+35
160 22 4.0217252157721545e+34
162 22 1.0426130022294541e+34
164 22 2.2822880897708609e+33
166 22 4.1447457225342697e+32
168 22 6.1141936278784729e+31
170 22 7.0460827552828388e+30
172 22 5.9708998582281450e+29
174 22 3.3256271861784717e+28
176 22 9.1607455640038672e+26
108 23 1.2126688892777930e+21
110 23 1.4313489389952625e+23
112 23 5.3310716407033037e+24
114 23 1.3792679418248138e+26
116 23 2.6123874469532615e+27
118 23 4.0505357232890831e+28
120 23 5.3257767359469675e+29
122 23 6.1243868005978935e+30
124 23 6.0217383046116714e+31
126 23 4.9996904994009005e+32
128 23 3.3633876317812953e+33
130 23 1.8069181838240232e+34
132 23 7.6005735621962071e+34
134 23 2.4986365371746454e+35
136 23 6.3735428642623991e+35
138 23 1.2799846947968852e+36
140 23 2.0567941906004833e+36
142 23 2.6967281725614353e+36
144 23 2.9309282959631356e+36
146 23 2.6715274226205196e+36
148 23 2.0667710416115903e+36
150 23 1.3652598538819818e+36
152 23 7.7407760755316927e+35
154 23 3.7771638624103939e+35
156 23 1.5876713511621588e+35
158 23 5.7381483355683699e+34
160 23 1.7739408391761448e+34
162 23 4.6598163799531106e+33
164 23 1.0292656114873470e+33
166 23 1.8799368467619526e+32
168 23 2.7736848344466943e+31
170 23 3.1912757075540195e+30
172 23 2.6902630249594053e+29
174 23 1.4824936524293507e+28
176 23 4.0322142966517503e+26
112 24 5.4559153883765067e+21
114 24 3.4403877000969829e+23
116 24 1.2562772533004206e+25
118 24 3.0212493112767121e+26
120 24 5.5896095053864145e+27
122 24 8.4499522954431178e+28
124 24 1.1128577064597504e+30
126 24 1.2364010768267983e+31
128 24 1.1585021227842072e+32
130 24 8.6807779553074155e+32
132 24 5.0922910885032290e+33
134 24 2.2779988482447395e+34
136 24 7.7224832157028820e+34
138 24 1.9755164925865586e+35
140 24 3.8659432977069197e+35
142 24 5.9445024472455369e+35
144 24 7.3488926035513075e+35
146 24 7.4418658284955647e+35
148 24 6.2671926400790651e+35
150 24 4.4384524444778438e+35
152 24 2.6646166928723847e+35
154 24 1.3625775183110325e+35
156 24 5.9433941356769721e+34
158 24 2.2123007755116222e+34
160 24 7.0015626606368522e+33
162 24 1.8724329599721873e+33
164 24 4.1884030275935690e+32
166 24 7.7113897725396769e+31
168 24 1.1412934273787851e+31
170 24 1.3134032999232029e+30
172 24 1.1017835174240350e+29
174 24 6.0370139160631387e+27
176 24 1.6220420665506062e+26
114 25 8.1874992061494821e+19
116 25 1.3284838349155951e+22
118 25 7.9560878097665722e+23
120 25 2.6425474282316469e+25
122 25 6.0702989991194388e+26
124 25 1.0780473389128383e+28
126 25 1.6511498598019202e+29
128 25 2.0912794642750152e+30
130 25 2.2460000209359844e+31
132 25 1.8971711963828516e+32
134 25 1.2320844193266081e+33
136 25 5.9164611640393987e+33
138 25 2.0858600973420935e+34
140 25 5.3299034291279756e+34
142 25 1.0125254236640229e+35
144 25 1.4783705719107507e+35
146 25 1.7095087357585101e+35
148 25 1.6016493547532640e+35
150 25 1.2351391825420276e+35
152 25 7.9515662589288175e+34
154 25 4.3018606182129440e+34
156 25 1.9632578891927590e+34
158 25 7.5805257869842919e+33
160 25 2.4688188378845685e+33
162 25 6.7469557461901230e+32
164 25 1.5343523675405604e+32
166 25 2.8578813385293726e+31
168 25 4.2568264606259273e+30
170 25 4.9081736742632817e+29
172 25 4.1150341053963330e+28
174 25 2.2372600526789257e+27
176 25 5.9650586305119087e+25
118 26 2.2538074624269202e+20
120 26 3.1290763908835363e+22
122 26 1.6703142396960320e+24
124 26 5.0642807015593590e+25
126 26 1.0882422863004353e+27
128 26 1.9855828050843113e+28
130 26 2.8974933297743862e+29
132 26 3.6234396991679697e+30
134 26 3.4969442184587400e+31
136 26 2.5532936423083589e+32
138 26 1.3304071882855519e+33
140 26 4.9033970171387840e+33
142 26 1.2500486304339112e+34
144 26 2.2866783927200660e+34
146 26 3.1481475608359097e+34
148 26 3.3786358821257677e+34
150 26 2.9019512256764524e+34
152 26 2.0345972620768781e+34
154 26 1.1793274608523214e+34
156 26 5.6925546663270042e+33
158 26 2.2970065636198531e+33
160 26 7.7553951918756359e+32
162 26 2.1798945161145906e+32
164 26 5.0567806264041292e+31
166 26 9.5559765828236451e+30
168 26 1.4381696801963268e+30
170 26 1.6622464038368828e+29
172 26 1.3932336773011978e+28
174 26 7.5582195727806526e+26
176 26 1.9970907905858577e+25
122 27 5.6868981633610436e+20
124 27 7.0552335161840238e+22
126 27 3.1269951552884636e+24
128 27 8.4862394356527468e+25
130 27 1.9175839997028588e+27
132 27 3.2479852458604524e+28
134 27 4.8103501104961442e+29
136 27 5.4083302877716358e+30
138 27 4.5114661728735166e+31
140 27 2.5837587491605989e+32
142 27 1.0052082210290497e+33
144 27 2.5441949031807219e+33
146 27 4.4476926270093095e+33
148 27 5.7185876704513352e+33
150 27 5.6405252178746927e+33
152 27 4.4087079883746087e+33
154 27 2.7845770222265289e+33
156 27 1.4383286337424184e+33
158 27 6.1300420832731115e+32
160 27 2.1599667026261216e+32
162 27 6.2773770079596752e+31
164 27 1.4947679830299459e+31
166 27 2.8777015591333255e+30
168 27 4.3839117468335896e+29
170 27 5.1133560648451993e+28
172 27 4.2929763782626803e+27
174 27 2.3221674363180587e+26
176 27 6.1031768306870158e+24
126 28 1.7060075862669383e+21
128 28 1.3397418024590196e+23
130 28 4.9067900395960972e+24
132 28 1.4628312286038760e+26
134 28 2.9110739148518764e+27
136 28 5.2176537302252980e+28
138 28 6.9357642038700337e+29
140 28 6.7502373960090089e+30
142 28 4.3249938222294216e+31
144 28 1.7950604782215605e+32
146 28 4.4830377221429755e+32
148 28 7.4249311451104863e+32
150 28 8.8188620432316341e+32
152 28 7.9311057123956094e+32
154 28 5.5766199983946407e+32
156 28 3.1382297951931589e+32
158 28 1.4290848992206988e+32
160 28 5.3061387550472153e+31
162 28 1.6069096870756253e+31
164 28 3.9522118964854709e+30
166 28 7.7905616717228185e+29
168 28 1.2082286302032786e+29
170 28 1.4234365320112308e+28
172 28 1.2015526216889309e+27
174 28 6.5017347839611304e+25
176 28 1.7019765910766968e+24
128 29 1.6130068518279301e+19
130 29 3.5606267255782622e+21
132 29 1.9784642023092500e+23
134 29 8.6019212680914725e+24
136 29 2.0425113686835756e+26
138 29 4.5722573304583934e+27
140 29 7.3046387378476947e+28
142 29 8.5036809932208349e+29
144 29 6.1996797043336873e+30
146 29 2.7855231862205759e+31
148 29 6.8143802797363348e+31
150 29 1.0560313797136670e+32
152 29 1.1477670623751108e+32
154 29 9.2981799319796092e+31
156 29 5.8192274280324247e+31
158 29 2.8828055418973555e+31
160 29 1.1424725399260042e+31
162 29 3.6397546613014867e+30
164 29 9.3046971421106290e+29
166 29 1.8931578123453393e+29
168 29 2.9969340576012894e+28
170 29 3.5832666920735182e+27
172 29 3.0518660523422321e+26
174 29 1.6558674165267722e+25
176 29 4.3378837998470913e+23
132 30 4.4129423480338817e+19
134 30 4.9545379234685062e+21
136 30 3.7762856291843126e+23
138 30 1.0999032688528978e+25
140 30 3.1762849084452359e+26
142 30 6.2253508801283940e+27
144 30 8.9350626709647270e+28
146 30 7.5676461511524493e+29
148 30 3.7565112670848786e+30
150 30 8.9041423065235672e+30
152 30 1.2748708930266507e+31
154 30 1.2512481663771265e+31
156 30 9.0229728494230584e+30
158 30 4.9695484648220824e+30
160 30 2.1362845686717814e+30
162 30 7.2459280944092725e+29
164 30 1.9475375288931201e+29
166 30 4.1100784151910958e+28
168 30 6.6933596104185134e+27
170 30 8.1603102787839945e+26
172 30 7.0363827844163880e+25
174 30 3.8442119814274599e+24
176 30 1.0081151064795714e+23
136 31 5.8092570973405553e+19
138 31 1.1717307684926320e+22
140 31 4.3901124028389781e+23
142 31 1.7332790823232711e+25
144 31 4.2346143048658848e+26
146 31 7.7474532565493777e+27
148 31 7.8122623000630688e+28
150 31 4.3949231912250212e+29
152 31 9.9280029047944782e+29
154 31 1.2959674583750359e+30
156 31 1.1346772687019170e+30
158 31 7.1850032299967527e+29
160 31 3.4297840210765078e+29
162 31 1.2581795555874917e+29
164 31 3.5939064479751328e+28
166 31 7.9470491728581388e+27
168 31 1.3397382331359344e+27
170 31 1.6755481562371092e+26
172 31 1.4693947816178538e+25
174 31 8.1129352618587944e+23
176 31 2.1378853450155016e+22
140 32 2.2899219477574995e+20
142 32 1.2257633793907075e+22
144 32 7.2634219411110235e+23
146 32 2.2497564871951780e+25
148 32 5.4550280663509843e+26
150 32 6.7652442627496976e+27
152 32 4.4327972183091528e+28
154 32 9.4079601758550775e+28
156 32 1.1012975632326482e+29
158 32 8.4597586392047318e+28
160 32 4.6418049079874794e+28
162 32 1.8882929970631834e+28
164 32 5.8131042646579615e+27
166 32 1.3628801698109475e+27
168 32 2.3994334866320810e+26
170 32 3.1017659933739148e+25
172 32 2.7820136897057537e+24
174 32 1.5571726364367826e+23
176 32 4.1265017279324425e+21
142 33 2.1163855540210698e+18
144 33 2.1510916123326854e+20
146 33 2.2954323903376932e+22
148 33 9.0559135989791167e+23
150 33 3.0962745330527035e+25
152 33 4.8609129202520850e+26
154 33 3.8560969770718365e+27
156 33 7.5218927027824022e+27
158 33 7.7517810128757524e+27
160 33 5.1465877893893886e+27
162 33 2.3975303685943356e+27
164 33 8.1520495751709519e+26
166 33 2.0545574803906714e+26
168 33 3.8260159083185747e+25
170 33 5.1474712194063902e+24
172 33 4.7587487672372478e+23
174 33 2.7150363397478156e+22
176 33 7.2745502978469632e+20
146 34 1.8081695122688256e+18
148 34 5.1963911799704263e+20
150 34 2.6731730201658926e+22
152 34 1.3730571833289489e+24
154 34 2.8530970570846587e+25
156 34 2.8744935223954073e+26
158 34 5.0190242949548140e+26
160 34 4.4616609681627642e+26
162 34 2.5138632067317149e+26
164 34 9.7514015210882938e+25
166 34 2.7080608625252195e+25
168 34 5.4088549054753246e+24
170 34 7.6696401314990782e+23
172 34 7.3505841881205831e+22
174 34 4.3125911766994974e+21
176 34 1.1734148971511955e+20
150 35 7.7821879454804275e+18
152 35 5.4336733009580995e+20
154 35 4.6876006348734918e+22
156 35 1.3526930261994184e+24
158 35 1.8235162437269074e+25
160 35 2.7748192790400250e+25
162 35 2.0859885672566619e+25
164 35 9.7322054853566543e+24
166 35 3.0682218432011768e+24
168 35 6.7280907431054841e+23
170 35 1.0179829695482640e+23
172 35 1.0264769945064821e+22
174 35 6.2385735859230710e+20
176 35 1.7366186377167065e+19
152 36 5.8544136175837288e+16
154 36 6.9188778918916588e+18
156 36 1.1849714982954158e+21
158 36 5.0323288043175457e+22
160 36 9.7792740975685651e+23
162 36 1.2547402242266068e+24
164 36 7.7734601441446469e+23
166 36 2.9325110523399472e+23
168 36 7.2478864133057078e+22
170 36 1.2004688925871038e+22
172 36 1.2889378431080433e+21
174 36 8.1941914957637599e+19
176 36 2.3606816114178555e+18
156 37 4.1931828985976944e+16
158 37 2.0922940278157169e+19
160 37 1.4393895589204701e+21
162 37 4.3717430377946320e+22
164 37 4.5946132572838235e+22
166 37 2.2742218509901061e+22
168 37 6.7007073338270333e+21
170 37 1.2446490494932993e+21
172 37 1.4530776131282356e+20
174 37 9.7759796841327247e+18
176 37 2.9287892241281734e+17
160 38 2.3220230540205946e+17
162 38 3.0316353739599692e+19
164 38 1.6074923027245034e+21
166 38 1.3304029348081686e+21
168 38 5.1016148483523117e+20
170 38 1.1159735001680481e+20
172 38 1.4568077583559838e+19
174 38 1.0559843547254687e+18
176 38 3.3461897114336760e+16
162 39 1.2254207829325095e+15
164 39 4.4315401751852493e+17
166 39 4.8037943909509071e+19
168 39 2.9938897705287651e+19
170 39 8.4230943355514962e+18
172 39 1.2812697235688873e+18
174 39 1.0348554087743291e+17
176 39 3.5044663598112695e+15
166 40 3.9686231011430385e+15
168 40 1.1277054653237033e+18
170 40 5.0050212809674790e+17
172 40 9.6275019909070144e+16
174 40 8.9882000475693080e+15
176 40 3.3595079027105331e+14
168 41 1.6509794946553523e+13
170 41 1.9947594741561880e+16
172 41 5.8407684114878450e+15
174 41 6.7716851340365225e+14
176 41 2.9148642893862750e+13
172 42 2.5254776158135312e+14
174 42 4.2698017557938961e+13
176 42 2.2207447241523164e+12
174 43 2.0429377929737234e+12
176 43 1.4607020871453107e+11
176 44 7.9029216750981636e+09
