136 -22 2.8481763503330245e+02
130 -21 1.7664410123244973e+03
132 -21 1.6203357296780161e+04
134 -21 4.4199359381283921e+03
136 -21 7.6863860734733767e+04
124 -20 4.5064401012690114e+03
126 -20 1.0018746537890950e+05
128 -20 3.9944215404094360e+05
130 -20 8.5239598351154744e+05
132 -20 2.3747386730786040e+06
134 -20 1.0438993280645561e+06
136 -20 3.2804505111446646e+06
118 -19 5.9037741191253699e+03
120 -19 3.5154826620376465e+05
122 -19 2.3913638842826746e+06
124 -19 8.7760935851114970e+06
126 -19 2.3229911825551830e+07
128 -19 4.4956079236744165e+07
130 -19 6.1064352378652945e+07
132 -19 8.6851906793879077e+07
134 -19 4.5643381540100604e+07
136 -19 6.6791258793979779e+07
112 -18 4.3528759000103219e+03
114 -18 6.3086576104180189e+05
116 -18 7.1965614315633727e+06
118 -18 3.8957708130761184e+07
120 -18 1.3966960771721601e+08
122 -18 3.6181950824624932e+08
124 -18 7.4520835080229723e+08
126 -18 1.2210887374224808e+09
128 -18 1.6708091708690486e+09
130 -18 1.8208864852878342e+09
132 -18 1.8763152608162839e+09
134 -18 1.0050912974998579e+09
136 -18 9.8205240623430502e+08
106 -17 1.6104521276907888e+03
108 -17 5.5025726900223386e+05
110 -17 1.2114086192903709e+07
112 -17 9.8543499202075332e+07
114 -17 4.8154197216888827e+08
116 -17 1.6616411778319721e+09
118 -17 4.4067422512946892e+09
120 -17 9.4938000752956104e+09
122 -17 1.6855509544906353e+10
124 -17 2.5866387291662354e+10
126 -17 3.3709909474176613e+10
128 -17 3.8047824542004478e+10
130 -17 3.5862652280777435e+10
132 -17 3.0513323188102165e+10
134 -17 1.5994451081884798e+10
136 -17 1.1650134783420204e+10
100 -16 2.2108044888221085e+02
102 -16 2.2020216321450705e+05
104 -16 1.0968859888771018e+07
106 -16 1.4779486381703135e+08
108 -16 1.0252729442719706e+09
110 -16 4.6878732069745131e+09
112 -16 1.5945701050026794e+10
114 -16 4.3130844020388130e+10
116 -16 9.7295382861849258e+10
118 -16 1.8576020273190945e+11
120 -16 3.1049282503759839e+11
122 -16 4.5242719264082648e+11
124 -16 5.8470040688516284e+11
126 -16 6.5961883287920129e+11
128 -16 6.5271505172284558e+11
130 -16 5.4958660851082196e+11
132 -16 4.0502868683534790e+11
134 -16 2.0331202536966702e+11
136 -16 1.1719995834469000e+11
96 -15 3.4688851847764461e+04
98 -15 4.9248351623196946e+06
100 -15 1.2845415170593330e+08
102 -15 1.3588782217074864e+09
104 -15 8.5181978586893682e+09
106 -15 3.7665259751736160e+10
108 -15 1.2818667439713243e+11
110 -15 3.5701045312909924e+11
112 -15 8.4041531015044873e+11
114 -15 1.7112438584890906e+12
116 -15 3.0733540194606958e+12
118 -15 4.9069797833415625e+12
120 -15 7.0151650435351875e+12
122 -15 8.9386677435364727e+12
124 -15 1.0179546217916826e+13
126 -15 1.0295003343011998e+13
128 -15 9.1387191046273008e+12
130 -15 7.0161312327770801e+12
132 -15 4.6200302468149082e+12
134 -15 2.1871534548175715e+12
136 -15 1.0423084906997290e+12
90 -14 9.9802515780643625e+02
92 -14 9.5507014548294526e+05
94 -14 5.9039743485784285e+07
96 -14 1.1089100912411060e+09
98 -14 1.0185212976988913e+10
100 -14 5.9935919305970215e+10
102 -14 2.5938268836398856e+11
104 -14 8.9280127082622729e+11
106 -14 2.5513203081187051e+12
108 -14 6.2698603547968955e+12
110 -14 1.3497690925050357e+13
112 -14 2.5919561174453402e+13
114 -14 4.4561549823823602e+13
116 -14 6.9393130354622523e+13
118 -14 9.7605921786062734e+13
120 -14 1.2397261983561714e+14
122 -14 1.4231603291378000e+14
124 -14 1.4724178848047244e+14
126 -14 1.3574145516239239e+14
128 -14 1.1021930120884883e+14
130 -14 7.7648632083293531e+13
132 -14 4.6491529210857953e+13
134 -14 2.0693443085375621e+13
136 -14 8.3253613311118896e+12
86 -13 5.4331576785746351e+04
88 -13 1.2654118886697203e+07
90 -13 5.0443089334488726e+08
92 -13 7.6759692879134502e+09
94 -13 6.4121662725550201e+10
96 -13 3.6297305003677051e+11
98 -13 1.5604328791389717e+12
100 -13 5.4335847692909189e+12
102 -13 1.6025700404568549e+13
104 -13 4.0941189116797305e+13
106 -13 9.3038425409868625e+13
108 -13 1.8931227494257056e+14
110 -13 3.4874625662783600e+14
112 -13 5.8417657313376000e+14
114 -13 8.9124619113902800e+14
116 -13 1.2424424946847352e+15
118 -13 1.5820066886819210e+15
120 -13 1.8342444224764528e+15
122 -13 1.9299720450995175e+15
124 -13 1.8406125302838618e+15
126 -13 1.5678227182919210e+15
128 -13 1.1802858707679325e+15
130 -13 7.6839313228152600e+14
132 -13 4.2285822609760088e+14
134 -13 1.7602607822400831e+14
136 -13 6.0942502285034195e+13
80 -12 2.7707265115492993e+02
82 -12 9.1809343071471748e+05
84 -12 1.1353049562318915e+08
86 -12 3.4140794730753331e+09
88 -12 4.4934386153226791e+10
90 -12 3.4857431843940509e+11
92 -12 1.9201309921131797e+12
94 -12 8.2620523298056309e+12
96 -12 2.9335601946248938e+13
98 -12 8.8935515754476688e+13
100 -12 2.3785873252921116e+14
102 -12 5.6472076392085100e+14
104 -12 1.2136226232732418e+15
106 -12 2.3729401414587450e+15
108 -12 4.2401208752694055e+15
110 -12 6.9746106463989440e+15
112 -12 1.0520065920802398e+16
114 -12 1.4615558121346348e+16
116 -12 1.8663510917717608e+16
118 -12 2.1936844973705392e+16
120 -12 2.3581193406076348e+16
122 -12 2.3055532976411340e+16
124 -12 2.0454978461899288e+16
126 -12 1.6239000675445880e+16
128 -12 1.1390752425846524e+16
130 -12 6.9096025065465120e+15
132 -12 3.5201956073564410e+15
134 -12 1.3683924085070132e+15
136 -12 4.1279895200169694e+14
76 -11 7.5907904348049196e+03
78 -11 9.6755375179189052e+06
80 -11 7.8958067033262289e+08
82 -11 1.9131323807032341e+10
84 -11 2.2272738879347122e+11
86 -11 1.6441509044726040e+12
88 -11 8.9582307382272852e+12
90 -11 3.8628769986246531e+13
92 -11 1.3989034091314577e+14
94 -11 4.3787420099691794e+14
96 -11 1.2164852240173562e+15
98 -11 3.0305817164704015e+15
100 -11 6.8611048262401210e+15
102 -11 1.4190891194157148e+16
104 -11 2.6993233932282948e+16
106 -11 4.7557368071733184e+16
108 -11 7.6918537427572048e+16
110 -11 1.1549330449166581e+17
112 -11 1.6068251401044493e+17
114 -11 2.0653181903859805e+17
116 -11 2.4543619497682314e+17
118 -11 2.6877447428551542e+17
120 -11 2.7004642408821526e+17
122 -11 2.4788899323522496e+17
124 -11 2.0555390155392966e+17
126 -11 1.5311749654380717e+17
128 -11 1.0076860971237650e+17
130 -11 5.7166207314731288e+16
132 -11 2.7082374569091744e+16
134 -11 9.8307935137182480e+15
136 -11 2.6200077535431675e+15
72 -10 1.4953815330804768e+05
74 -10 7.6614691802105322e+07
76 -10 4.4616768794844542e+09
78 -10 8.9639330658745087e+10
80 -10 9.5086070076020764e+11
82 -10 6.7284012283959033e+12
84 -10 3.6240004230204469e+13
86 -10 1.5804733791739269e+14
88 -10 5.8558953587603688e+14
90 -10 1.8997976672117310e+15
92 -10 5.4854073240487830e+15
94 -10 1.4314029057723964e+16
96 -10 3.4043971263837552e+16
98 -10 7.4534231874889200e+16
100 -10 1.5029457208424906e+17
102 -10 2.8157765963267498e+17
104 -10 4.8826642196440941e+17
106 -10 7.8903029658802509e+17
108 -10 1.1841253147254641e+18
110 -10 1.6522382498513935e+18
112 -10 2.1441583147048873e+18
114 -10 2.5862672701184942e+18
116 -10 2.8824535993254052e+18
118 -10 2.9631737027239224e+18
120 -10 2.8061677533961375e+18
122 -10 2.4235939473566249e+18
124 -10 1.8955188795543770e+18
126 -10 1.3306657069411395e+18
128 -10 8.2403266324274816e+17
130 -10 4.3957385464131789e+17
132 -10 1.9456608537077718e+17
134 -10 6.5809552724881664e+16
136 -10 1.5655765282282068e+16
68 -9 1.8169527345242167e+06
70 -9 4.6759975086158127e+08
72 -9 2.0403755896251057e+10
74 -9 3.4982966005584698e+11
76 -9 3.4361564748173130e+12
78 -9 2.3710547503772918e+13
80 -9 1.2703978604169250e+14
82 -9 5.6145986017293000e+14
84 -9 2.1331249025259460e+15
86 -9 7.1508790490222230e+15
88 -9 2.1514581177238300e+16
90 -9 5.8831234059616592e+16
92 -9 1.4734792053772714e+17
94 -9 3.4056963468289632e+17
96 -9 7.2898674945329715e+17
98 -9 1.4535603221350469e+18
100 -9 2.6920431976915313e+18
102 -9 4.6533502530638520e+18
104 -9 7.5013438692438057e+18
106 -9 1.1333506669535887e+19
108 -9 1.5974012712100774e+19
110 -9 2.0941821737296757e+19
112 -9 2.5616935131587625e+19
114 -9 2.9132945739838300e+19
116 -9 3.0743103230645481e+19
118 -9 2.9937070635620467e+19
120 -9 2.6790762481058660e+19
122 -9 2.1906287419603616e+19
124 -9 1.6234021338997924e+19
126 -9 1.0766608891630139e+19
128 -9 6.2835273648086180e+18
130 -9 3.1547330544907812e+18
132 -9 1.3080316581457510e+18
134 -9 4.1302245543996704e+17
136 -9 8.8175620089475424e+16
64 -8 1.4298787819718629e+07
66 -8 2.2035387679355283e+09
68 -8 7.4608641593241013e+10
70 -8 1.1224195442486118e+12
72 -8 1.0414418620540920e+13
74 -8 7.0175166533277305e+13
76 -8 3.7596171978953638e+14
78 -8 1.6906381930742665e+15
80 -8 6.6263342957162790e+15
82 -8 2.3052531166710004e+16
84 -8 7.2384520157126960e+16
86 -8 2.0759301295720541e+17
88 -8 5.4984056140002496e+17
90 -8 1.3422638040076349e+18
92 -8 3.0516177560193546e+18
94 -8 6.4612821683096801e+18
96 -8 1.2788510212886923e+19
98 -8 2.3678616965577990e+19
100 -8 4.1035237656985190e+19
102 -8 6.6644361650930024e+19
104 -8 1.0139118246443627e+20
106 -8 1.4449395248286763e+20
108 -8 1.9248398079350073e+20
110 -8 2.3952539341299509e+20
112 -8 2.7793174273106287e+20
114 -8 3.0038191775423254e+20
116 -8 3.0051038973746315e+20
118 -8 2.7826860930269361e+20
120 -8 2.3695328853122997e+20
122 -8 1.8410488249131975e+20
124 -8 1.2954980122252627e+20
126 -8 8.1345512773743346e+19
128 -8 4.5025930145658913e+19
130 -8 2.1336368714618249e+19
132 -8 8.3151225672661443e+18
134 -8 2.4496035334907863e+18
136 -8 4.7279511057520691e+17
58 -7 1.8873374387411754e+04
60 -7 7.9164869842335433e+07
62 -7 7.8867710076972876e+09
64 -7 2.1443645002705276e+11
66 -7 2.8982833502082358e+12
68 -7 2.5626892632643129e+13
70 -7 1.7045514197358788e+14
72 -7 9.2069414032769212e+14
74 -7 4.2315288112426680e+15
76 -7 1.7136441924133452e+16
78 -7 6.2033343639071944e+16
80 -7 2.0435363910625795e+17
82 -7 6.1834117340543808e+17
84 -7 1.7269408748570632e+18
86 -7 4.4849820889130629e+18
88 -7 1.0859921781179847e+19
90 -7 2.4526696424315920e+19
92 -7 5.1855374427658977e+19
94 -7 1.0284608930341955e+20
96 -7 1.9130091408539825e+20
98 -7 3.3434434294181495e+20
100 -7 5.4828537672439634e+20
102 -7 8.4507117698933195e+20
104 -7 1.2221569331203327e+21
106 -7 1.6551434772006253e+21
108 -7 2.1020259007044274e+21
110 -7 2.4941327041827601e+21
112 -7 2.7649800373146511e+21
114 -7 2.8512277833509215e+21
116 -7 2.7274311669608769e+21
118 -7 2.4085900247666335e+21
120 -7 1.9549536858802427e+21
122 -7 1.4475902609949493e+21
124 -7 9.7002317717155099e+20
126 -7 5.8003562549332496e+20
128 -7 3.0409724854851430e+20
130 -7 1.3612405699579226e+20
132 -7 4.9924818758332522e+19
134 -7 1.3763441796868889e+19
136 -7 2.4113761597445985e+18
54 -6 3.0376750611333450e+05
56 -6 3.0485185145703596e+08
58 -6 2.0849834095280560e+10
60 -6 4.7363063435783545e+11
62 -6 5.8757349066588164e+12
64 -6 5.0147608669336883e+13
66 -6 3.3185506027176656e+14
68 -6 1.8152179622156195e+15
70 -6 8.5952821974333960e+15
72 -6 3.6056009930646680e+16
74 -6 1.3682745102678235e+17
76 -6 4.7424528491265990e+17
78 -6 1.5180312477729641e+18
80 -6 4.5060525578425585e+18
82 -6 1.2471640936022852e+19
84 -6 3.2200397231644205e+19
86 -6 7.7644770652935356e+19
88 -6 1.7582929405165096e+20
90 -6 3.7472792788111144e+20
92 -6 7.5079567594394957e+20
94 -6 1.4116177225743637e+21
96 -6 2.4993908588995548e+21
98 -6 4.1638851158676692e+21
100 -6 6.5279141860788929e+21
102 -6 9.6123892746492324e+21
104 -6 1.3307930102234446e+22
106 -6 1.7264067696202273e+22
108 -6 2.1020149098065827e+22
110 -6 2.3942786103260903e+22
112 -6 2.5425680331532105e+22
114 -6 2.5125699422954149e+22
116 -6 2.2995595123721054e+22
118 -6 1.9466481081602057e+22
120 -6 1.5112694672878245e+22
122 -6 1.0693395804939312e+22
124 -6 6.8240585271922456e+21
126 -6 3.8895243266879715e+21
128 -6 1.9394112353858062e+21
130 -6 8.2270885905072272e+20
132 -6 2.8441336536669893e+20
134 -6 7.3572940321981334e+19
136 -6 1.1756388771825668e+19
50 -5 1.9415899413230058e+06
52 -5 7.9354929539881492e+08
54 -5 3.9790667038518181e+10
56 -5 7.8273512192712756e+11
58 -5 9.0877556401463457e+12
60 -5 7.5767888896800141e+13
62 -5 5.0246862936282988e+14
64 -5 2.8003030424688660e+15
66 -5 1.3705511478650918e+16
68 -5 6.0110772548382312e+16
70 -5 2.3982343506089706e+17
72 -5 8.7948584369670502e+17
74 -5 2.9874971030958116e+18
76 -5 9.4564496917150781e+18
78 -5 2.7915435733839294e+19
80 -5 7.7252256173286539e+19
82 -5 2.0052876986538082e+20
84 -5 4.8952013708324425e+20
86 -5 1.1213263017011455e+21
88 -5 2.4259074091445146e+21
90 -5 4.9317399514129252e+21
92 -5 9.4669922850158485e+21
94 -5 1.7074837584752027e+22
96 -5 2.9046887078273407e+22
98 -5 4.6563807458804237e+22
100 -5 7.0207674224657094e+22
102 -5 9.9576864193911619e+22
104 -5 1.3255946210766268e+23
106 -5 1.6573630516628326e+23
108 -5 1.9433232761854813e+23
110 -5 2.1266283775513491e+23
112 -5 2.1741987942154017e+23
114 -5 2.0646209658106459e+23
116 -5 1.8177601162171560e+23
118 -5 1.4745584757795450e+23
120 -5 1.0980112545642554e+23
122 -5 7.4342193878033645e+22
124 -5 4.5453244259076114e+22
126 -5 2.4678324287159948e+22
128 -5 1.1709865647729946e+22
130 -5 4.7120025920197383e+21
132 -5 1.5392845855644737e+21
134 -5 3.7320377765938456e+20
136 -5 5.4766851971897688e+19
46 -4 6.3772521695883758e+06
48 -4 1.3838087923258049e+09
50 -4 5.4292038340337845e+10
52 -4 9.4792664925273340e+11
54 -4 1.0469175150265338e+13
56 -4 8.5873286294491469e+13
58 -4 5.7265951372168150e+14
60 -4 3.2726936854586945e+15
62 -4 1.6616534344320154e+16
64 -4 7.6469871356972624e+16
66 -4 3.2199743995299610e+17
68 -4 1.2581162100330391e+18
70 -4 4.5706091983098235e+18
72 -4 1.5494919442669275e+19
74 -4 4.9186417324560474e+19
76 -4 1.4667030998436933e+20
78 -4 4.1130087071405703e+20
80 -4 1.0841589720892098e+21
82 -4 2.6924665139337846e+21
84 -4 6.3064231989701499e+21
86 -4 1.3936602348857808e+22
88 -4 2.9032421185040838e+22
90 -4 5.7077253174044417e+22
92 -4 1.0569063763635029e+23
94 -4 1.8460074241770670e+23
96 -4 3.0392437531839560e+23
98 -4 4.7153497659570693e+23
100 -4 6.8713249571549037e+23
102 -4 9.4325177410258760e+23
104 -4 1.2150968337959000e+24
106 -4 1.4686857921249181e+24
108 -4 1.6614661212013232e+24
110 -4 1.7576258440453246e+24
112 -4 1.7322131424617439e+24
114 -4 1.5859774082172261e+24
116 -4 1.3450519379018748e+24
118 -4 1.0517201398919661e+24
120 -4 7.5169131366425197e+23
122 -4 4.8861617894701077e+23
124 -4 2.8606573282128766e+23
126 -4 1.4835038649669098e+23
128 -4 6.7108416861752160e+22
130 -4 2.5642557614502663e+22
132 -4 7.9238084033211322e+21
134 -4 1.8038593374694694e+21
136 -4 2.4408251212377719e+20
42 -3 1.1998102946004650e+07
44 -3 1.5891981036161566e+09
46 -3 5.1017572300807472e+10
48 -3 8.1119841390498779e+11
50 -3 8.5698728539053213e+12
52 -3 6.9508586225842844e+13
54 -3 4.6802516853452188e+14
56 -3 2.7654220992899845e+15
58 -3 1.4684438635446582e+16
60 -3 7.1441926096611544e+16
62 -3 3.2015352100293939e+17
64 -3 1.3363142535399670e+18
66 -3 5.2223746456799273e+18
68 -3 1.9099152217273729e+19
70 -3 6.5617555909537620e+19
72 -3 2.1200351663339753e+20
74 -3 6.4554888909046533e+20
76 -3 1.8540200627639825e+21
78 -3 5.0208640333290563e+21
80 -3 1.2829350128095794e+22
82 -3 3.0937520934410296e+22
84 -3 7.0383520898575986e+22
86 -3 1.5125218366089224e+23
88 -3 3.0657445751510415e+23
90 -3 5.8605559070559699e+23
92 -3 1.0564987474618485e+24
94 -3 1.7965291521037228e+24
96 -3 2.8778766888174416e+24
98 -3 4.3392542361724824e+24
100 -3 6.1564452328163370e+24
102 -3 8.2083267994190928e+24
104 -3 1.0269264929452682e+25
106 -3 1.2042994545920588e+25
108 -3 1.3211712619041366e+25
110 -3 1.3531702257238796e+25
112 -3 1.2908731290637449e+25
114 -3 1.1428933564239538e+25
116 -3 9.3496656842426925e+24
118 -3 7.0358463681217628e+24
120 -3 4.8461103465354177e+24
122 -3 3.0284975992282147e+24
124 -3 1.7000310438469761e+24
126 -3 8.4469961497376006e+23
128 -3 3.6431650507419277e+23
130 -3 1.3275997028008765e+23
132 -3 3.8779678612414324e+22
134 -3 8.3251765104215778e+21
136 -3 1.0399388362262054e+21
38 -2 1.3183653931276307e+07
40 -2 1.1775453015087867e+09
42 -2 3.1771506177217201e+10
44 -2 4.6423035958469135e+11
46 -2 4.7367506019700137e+12
48 -2 3.8116701510610141e+13
50 -2 2.6250604221505472e+14
52 -2 1.6100840072398765e+15
54 -2 9.0006808442389320e+15
56 -2 4.6523044494992968e+16
58 -2 2.2375468762164470e+17
60 -2 1.0063583352988104e+18
62 -2 4.2510521399830794e+18
64 -2 1.6900916136664459e+19
66 -2 6.3203354970639114e+19
68 -2 2.2365830555335167e+20
70 -2 7.4498009112068529e+20
72 -2 2.3424232456532808e+21
74 -2 6.9651341955781708e+21
76 -2 1.9564345399355720e+22
78 -2 5.1874059139838607e+22
80 -2 1.2993385913381368e+23
82 -2 3.0773857447748411e+23
84 -2 6.8615654595818203e+23
86 -2 1.4472517214574224e+24
88 -2 2.8736167236752189e+24
90 -2 5.3886551817149366e+24
92 -2 9.5036343395577409e+24
94 -2 1.5828065322276273e+25
96 -2 2.4797921523494892e+25
98 -2 3.6542356385803101e+25
100 -2 5.0577226095468189e+25
102 -2 6.5778272393221692e+25
104 -2 8.0158496910705733e+25
106 -2 9.1449572012205173e+25
108 -2 9.7606379065337878e+25
110 -2 9.7138826744348867e+25
112 -2 8.9745207103330977e+25
114 -2 7.6937141591471127e+25
116 -2 6.0950145072647973e+25
118 -2 4.4400291138996743e+25
120 -2 2.9431836356514791e+25
122 -2 1.7691338209351424e+25
124 -2 9.5413624931933706e+24
126 -2 4.5455876954034236e+24
128 -2 1.8783405128089556e+24
130 -2 6.5253579261643774e+23
132 -2 1.8064476390158236e+23
134 -2 3.6455889749398681e+22
136 -2 4.2338201755931325e+21
32 -1 6.1922831064599468e+03
34 -1 8.1352460585640771e+06
36 -1 5.2636790870053464e+08
38 -1 1.2266545868699724e+10
40 -1 1.6660297039631522e+11
42 -1 1.6472347123606389e+12
44 -1 1.3247413195619219e+13
46 -1 9.3513803951870656e+13
48 -1 6.0099799645983825e+14
50 -1 3.5793504129353960e+15
52 -1 1.9899106714605420e+16
54 -1 1.0322900034773778e+17
56 -1 5.0530001897019386e+17
58 -1 2.3323948515539814e+18
60 -1 1.0148530047705954e+19
62 -1 4.1728007377457873e+19
64 -1 1.6248877439612790e+20
66 -1 5.9807154047589299e+20
68 -1 2.0800533875683206e+21
70 -1 6.8562189367717805e+21
72 -1 2.1337588483997764e+22
74 -1 6.2765727158227815e+22
76 -1 1.7454026843659125e+23
78 -1 4.5802769148104946e+23
80 -1 1.1372463123119888e+24
82 -1 2.6607310280702105e+24
84 -1 5.8737310580292288e+24
86 -1 1.2239236182722234e+25
88 -1 2.3993946683462786e+25
90 -1 4.4369312084583653e+25
92 -1 7.7210184428918230e+25
94 -1 1.2626208244245998e+26
96 -1 1.9450351445514204e+26
98 -1 2.8127817728809776e+26
100 -1 3.8182505947303226e+26
102 -1 4.8551793312284947e+26
104 -1 5.7808559344152244e+26
106 -1 6.4463719461201136e+26
108 -1 6.6963285032449297e+26
110 -1 6.4835553242298448e+26
112 -1 5.8283167796668312e+26
114 -1 4.8538159262930163e+26
116 -1 3.7217731991089620e+26
118 -1 2.6198395889538735e+26
120 -1 1.6813355259298837e+26
122 -1 9.7622609933821865e+25
124 -1 5.0628383396318129e+25
126 -1 2.3197201752471011e+25
128 -1 9.1717833427295207e+24
130 -1 3.0337509533713605e+24
132 -1 8.0046954643921051e+23
134 -1 1.5244501731984727e+23
136 -1 1.6463645010588365e+22
28 0 6.0582557829785756e+03
30 0 2.5517477399049066e+06
32 0 1.2770292596575744e+08
34 0 2.5928872918098373e+09
36 0 3.2961954623064415e+10
38 0 3.1576555761055115e+11
40 0 2.5724497073186582e+12
42 0 1.8944114983818234e+13
44 0 1.3037906839983041e+14
46 0 8.4341094292072050e+14
48 0 5.1100325967183250e+15
50 0 2.9105669818018152e+16
52 0 1.5658278283790874e+17
54 0 7.9683119042827046e+17
56 0 3.8423809190323645e+18
58 0 1.7532997054732929e+19
60 0 7.6029663309205733e+19
62 0 3.1191790026528293e+20
64 0 1.2118224812965157e+21
66 0 4.4712528619820952e+21
68 0 1.5604840143412013e+22
70 0 5.1553980110244441e+22
72 0 1.6085911108182526e+23
74 0 4.7386288572370611e+23
76 0 1.3221913824697734e+24
78 0 3.4723326309968117e+24
80 0 8.6069513913570233e+24
82 0 2.0098694829798696e+25
84 0 4.4208314017806093e+25
86 0 9.1481901582559796e+25
88 0 1.7855438296136843e+26
90 0 3.2715978455224340e+26
92 0 5.6373209531194514e+26
94 0 9.1250857228599508e+26
96 0 1.3863329751183084e+27
98 0 1.9735736524013326e+27
100 0 2.6338875821450002e+27
102 0 3.2921773174814624e+27
104 0 3.8456228283405727e+27
106 0 4.1915962095651505e+27
108 0 4.2614273739140889e+27
110 0 4.0269335133409792e+27
112 0 3.5263719311706738e+27
114 0 2.8562430973000502e+27
116 0 2.1290787564980916e+27
118 0 1.4538261215222696e+27
120 0 9.0247139274722105e+26
122 0 5.0596226615814593e+26
124 0 2.5319610818331507e+26
126 0 1.1153017758916622e+26
128 0 4.2311835145262808e+25
130 0 1.3377523704506078e+25
132 0 3.3580937576245928e+24
134 0 6.0612547120290305e+23
136 0 6.1086638555909790e+22
24 1 1.4148714279764361e+03
26 1 3.1595428701518214e+05
28 1 1.2579575043499798e+07
30 1 2.2689576670408505e+08
32 1 2.6797723734580154e+09
34 1 2.5278809179152538e+10
36 1 2.1567506366410272e+11
38 1 1.7687279084999248e+12
40 1 1.3766811345689732e+13
42 1 1.0074214304846884e+14
44 1 6.8798281604758725e+14
46 1 4.4081247416069405e+15
48 1 2.6706000055113996e+16
50 1 1.5277297053583571e+17
52 1 8.2782688716354637e+17
54 1 4.2703218967859799e+18
56 1 2.0868258577915884e+19
58 1 9.6984413566085988e+19
60 1 4.2733869694203540e+20
62 1 1.7835155731254207e+21
64 1 7.0670078352480346e+21
66 1 2.6515654419445856e+22
68 1 9.4017213002213359e+22
70 1 3.1583896007155690e+23
72 1 1.0023134463684413e+24
74 1 2.9954227148060235e+24
76 1 8.4494644537180124e+24
78 1 2.2434246388527320e+25
80 1 5.6046752910167226e+25
82 1 1.3161510986883687e+26
84 1 2.9116882410229790e+26
86 1 6.0440451929020192e+26
88 1 1.1777917130511652e+27
90 1 2.1540036339641783e+27
92 1 3.6933838390977726e+27
94 1 5.9392932078866500e+27
96 1 8.9427957751444872e+27
98 1 1.2603036776078572e+28
100 1 1.6623130073821157e+28
102 1 2.0463254076136051e+28
104 1 2.3517241895209524e+28
106 1 2.5184095519534869e+28
108 1 2.5062230584896321e+28
110 1 2.3159999742992968e+28
112 1 1.9837275302174769e+28
114 1 1.5655955086126731e+28
116 1 1.1363251655657873e+28
118 1 7.5319978508193476e+27
120 1 4.5395238532215454e+27
122 1 2.4624537218648187e+27
124 1 1.1912602363677207e+27
126 1 5.0489939715760903e+26
128 1 1.8411285402261504e+26
130 1 5.5839460608777731e+25
132 1 1.3360144347409569e+25
134 1 2.2820877336465437e+24
136 1 2.1619165867122100e+23
28 2 4.8065613052054361e+05
30 2 6.7873125806837559e+07
32 2 2.2822258895506239e+09
34 2 3.9073941570209290e+10
36 2 4.6067180212007300e+11
38 2 4.3637248964794946e+12
40 2 3.6502062998317305e+13
42 2 2.7997088409143428e+14
44 2 2.0146831225089810e+15
46 2 1.3605968293850684e+16
48 2 8.6368702831343456e+16
50 2 5.1825133696808755e+17
52 2 2.9387537081136804e+18
54 2 1.5809154656005308e+19
56 2 8.0587540002701328e+19
58 2 3.8852463675097455e+20
60 2 1.7822914434876986e+21
62 2 7.7228838133003589e+21
64 2 3.1655469409628666e+22
66 2 1.2297468923322758e+23
68 2 4.5082979358062544e+23
70 2 1.5608911269377540e+24
72 2 5.0846614627402236e+24
74 2 1.5637371821508658e+25
76 2 4.5083357573631765e+25
78 2 1.2226789260569602e+26
80 2 3.1128697751292431e+26
82 2 7.4274044077931034e+26
84 2 1.6627832467731116e+27
86 2 3.4843915523127032e+27
88 2 6.8330264692288888e+27
90 2 1.2543559581676077e+28
92 2 2.1547400524006921e+28
94 2 3.4603847119519067e+28
96 2 5.1927278777931453e+28
98 2 7.2789327651666854e+28
100 2 9.5090983887329047e+28
102 2 1.1582011092425926e+29
104 2 1.3148392176986105e+29
106 2 1.3862406316391684e+29
108 2 1.3570816800160422e+29
110 2 1.2315260518666148e+29
112 2 1.0320929387515555e+29
114 2 7.9710774574647647e+28
116 2 5.6339679043895007e+28
118 2 3.6391035060081254e+28
120 2 2.1308307112030815e+28
122 2 1.1215356557981433e+28
124 2 5.2522033824234592e+27
126 2 2.1515389156363414e+27
128 2 7.5455828027880351e+26
130 2 2.1955006149020955e+26
132 2 5.0299835426610780e+25
134 2 8.1685569382260101e+24
136 2 7.2654752242207259e+23
32 3 6.9971595296598673e+07
34 3 6.7903951152324581e+09
36 3 1.9882466569976312e+11
38 3 3.2649826395649473e+12
40 3 3.8244755523358945e+13
42 3 3.6620839283985500e+14
44 3 3.0697996089536410e+15
46 3 2.3457888976233296e+16
48 3 1.6536373662121622e+17
50 3 1.0849508686634113e+18
52 3 6.6961600773589463e+18
54 3 3.8795755529434898e+19
56 3 2.1230780223678785e+20
58 3 1.0956477744030971e+21
60 3 5.3282155859149849e+21
62 3 2.4509097834940153e+22
64 3 1.0610999204373822e+23
66 3 4.3437906699507676e+23
68 3 1.6716953526636990e+24
70 3 6.0598125098427246e+24
72 3 2.0617526027381430e+25
74 3 6.5926518294660432e+25
76 3 1.9722512432950689e+26
78 3 5.5313858591743894e+26
80 3 1.4510168329779437e+27
82 3 3.5516591414750072e+27
84 3 8.1198602043063105e+27
86 3 1.7332678412677792e+28
88 3 3.4530943498127164e+28
90 3 6.4121435772536790e+28
92 3 1.1105096905682258e+29
94 3 1.7924402053932708e+29
96 3 2.6925609351290133e+29
98 3 3.7661081443160966e+29
100 3 4.9091305283996549e+29
102 3 5.9418475022534691e+29
104 3 6.6829425671400048e+29
106 3 6.9700490867403118e+29
108 3 6.7363102390293644e+29
110 3 6.0143748321668788e+29
112 3 4.9528977813530364e+29
114 3 3.7469407185060792e+29
116 3 2.5927030139876350e+29
118 3 1.6349437097553421e+29
120 3 9.3199808297587595e+28
122 3 4.7747408004039272e+28
124 3 2.1651962195360101e+28
126 3 8.5792180740310439e+27
128 3 2.9057351383424347e+27
130 3 8.1336371762382878e+26
132 3 1.7817089877814358e+26
134 3 2.7568268456699815e+25
136 3 2.3196185097897924e+24
36 4 6.0587925595655165e+09
38 4 4.2158556499204828e+11
40 4 1.1109939701899318e+13
42 4 1.7485661142027238e+14
44 4 2.0465782770421792e+15
46 4 1.9765820989460500e+16
48 4 1.6747242488649670e+17
50 4 1.2832263794141294e+18
52 4 9.0459007879685847e+18
54 4 5.9066932876093587e+19
56 4 3.5960011563286672e+20
58 4 2.0456401058076717e+21
60 4 1.0924205578985184e+22
62 4 5.4580018045118820e+22
64 4 2.5613134794041941e+23
66 4 1.1257502927282072e+24
68 4 4.6407054943189329e+24
70 4 1.7941310721538255e+25
72 4 6.4801116440593767e+25
74 4 2.1891610910275746e+26
76 4 6.8941898368628054e+26
78 4 2.0256475684735384e+27
80 4 5.5425166853825577e+27
82 4 1.4110283555162901e+28
84 4 3.3376365746712550e+28
86 4 7.3292877153530967e+28
88 4 1.4958096190261962e+29
90 4 2.8360937353896886e+29
92 4 4.9879092595679016e+29
94 4 8.1506443360564410e+29
96 4 1.2357722607102411e+30
98 4 1.7378133716960275e+30
100 4 2.2685358681816095e+30
102 4 2.7433585544924504e+30
104 4 3.0702498272582354e+30
106 4 3.1807925414256934e+30
108 4 3.0447297722913209e+30
110 4 2.6867258343213718e+30
112 4 2.1807469852255704e+30
114 4 1.6208658227538111e+30
116 4 1.1017560395945169e+30
118 4 6.7977870352622841e+29
120 4 3.7864823565822175e+29
122 4 1.8883729026692679e+29
124 4 8.3285802487359798e+28
126 4 3.2009789265610323e+28
128 4 1.0473835636740396e+28
130 4 2.8301200304449072e+27
132 4 5.9484779100399333e+26
134 4 8.8023085259002072e+25
136 4 7.0099912887342071e+24
38 5 7.4870067348003364e+08
40 5 3.3440862808984589e+11
42 5 1.8688282116201043e+13
44 5 4.4527197717403475e+14
46 5 6.8016085375594420e+15
48 5 7.9221479956351520e+16
50 5 7.7316448714272960e+17
52 5 6.6196684903772703e+18
54 5 5.1245395190111265e+19
56 5 3.6257119014162622e+20
58 5 2.3675503324655083e+21
60 5 1.4305553865704871e+22
62 5 8.0435459138619435e+22
64 5 4.1915668608223244e+23
66 5 2.0417640960269211e+24
68 5 9.2268725310239814e+24
70 5 3.8890913083963510e+25
72 5 1.5209341331266282e+26
74 5 5.5329980865715733e+26
76 5 1.8676294957282914e+27
78 5 5.8494397089503536e+27
80 5 1.6945602409096402e+28
82 5 4.5471896744758502e+28
84 5 1.1273447940302824e+29
86 5 2.5848418231328166e+29
88 5 5.4666391689109481e+29
90 5 1.0682233310320909e+30
92 5 1.9300362229366130e+30
94 5 3.2180767159358674e+30
96 5 4.9545906756726511e+30
98 5 7.0565196003894569e+30
100 5 9.2887894675873735e+30
102 5 1.1292637627801652e+31
104 5 1.2650181178684229e+31
106 5 1.3082451776444160e+31
108 5 1.2458100248607229e+31
110 5 1.0898773441858204e+31
112 5 8.7488055438969797e+30
114 5 6.4197454198544473e+30
116 5 4.2946437444649711e+30
118 5 2.6027196523108397e+30
120 5 1.4211493485682720e+30
122 5 6.9217699107966242e+29
124 5 2.9775619192292985e+29
126 5 1.1124522033278706e+29
128 5 3.5331451955561460e+28
130 5 9.2049723650709889e+27
132 5 1.8654360553759928e+27
134 5 2.6412563191575803e+26
136 5 2.0010746285259491e+25
42 6 5.5188662329146622e+10
44 6 1.3840002579372020e+13
46 6 6.2188547811823750e+14
48 6 1.3748253453209066e+16
50 6 2.0406177407386714e+17
52 6 2.3730867015405798e+18
54 6 2.3326778890670535e+19
56 6 2.0193909905583492e+20
58 6 1.5764341198728525e+21
60 6 1.1218551507843117e+22
62 6 7.3170560761040434e+22
64 6 4.3957133475397239e+23
66 6 2.4320076592432597e+24
68 6 1.2433712260665189e+25
70 6 5.8619967202868936e+25
72 6 2.5465715353424247e+26
74 6 1.0217981255004280e+27
76 6 3.7766436376668323e+27
78 6 1.2830829284366973e+28
80 6 4.0188415762454760e+28
82 6 1.1567100651210419e+29
84 6 3.0559076152276190e+29
86 6 7.4088565117824641e+29
88 6 1.6483287002401718e+30
90 6 3.3676371652849311e+30
92 6 6.3119770652215111e+30
94 6 1.0869960159766821e+31
96 6 1.7178691394471309e+31
98 6 2.4963856684659826e+31
100 6 3.3355737403428136e+31
102 6 4.0987225033569497e+31
104 6 4.6313315816416430e+31
106 6 4.8078886565489998e+31
108 6 4.5766949806472652e+31
110 6 3.9930414545784352e+31
112 6 3.1867613191652228e+31
114 6 2.3172095850974545e+31
116 6 1.5309548814804559e+31
118 6 9.1441860862116856e+30
120 6 4.9068094283561633e+30
122 6 2.3438974272047782e+30
124 6 9.8512715990775497e+29
126 6 3.5900134850757338e+29
128 6 1.1075694974714620e+29
130 6 2.7992574551072241e+28
132 6 5.4764691733587245e+27
134 6 7.4482244329941093e+26
136 6 5.3880354194868760e+25
46 7 3.0178616085471196e+12
48 7 4.2876028364098606e+14
50 7 1.6488496341682280e+16
52 7 3.3954293471442298e+17
54 7 4.9350570773792543e+18
56 7 5.7280731232542188e+19
58 7 5.6619798050844141e+20
60 7 4.9425791797161529e+21
62 7 3.8899823922954967e+22
64 7 2.7734259666978262e+23
66 7 1.8072385575190589e+24
68 7 1.0745892477460537e+25
70 7 5.8455129473719704e+25
72 7 2.9042100726741775e+26
74 7 1.3163917525489947e+27
76 7 5.4624162246423009e+27
78 7 2.0676633096130017e+28
80 7 7.1421945287615587e+28
82 7 2.2487910956522907e+29
84 7 6.4496629940045759e+29
86 7 1.6850921486936579e+30
88 7 4.0077555877594181e+30
90 7 8.6855533571432633e+30
92 7 1.7138646604759944e+31
94 7 3.0823623841914915e+31
96 7 5.0604246780597746e+31
98 7 7.5871660683600086e+31
100 7 1.0394274484638931e+32
102 7 1.3029499325405623e+32
104 7 1.4934393222561625e+32
106 7 1.5655573762123027e+32
108 7 1.4995846405458313e+32
110 7 1.3113229839923263e+32
112 7 1.0445388173659650e+32
114 7 7.5586954699830609e+31
116 7 4.9582971022659886e+31
118 7 2.9301643291838853e+31
120 7 1.5503898315011378e+31
122 7 7.2847587867006917e+30
124 7 3.0046636433389778e+30
126 7 1.0711872062012584e+30
128 7 3.2218665813676754e+29
130 7 7.9157743716330223e+28
132 7 1.4993600777322366e+28
134 7 1.9674157970586794e+27
136 7 1.3623072284226280e+26
50 8 1.0452585568723567e+14
52 8 1.0691652272230842e+16
54 8 3.5376982072481440e+17
56 8 6.9142870690508851e+18
58 8 9.8732765566093263e+19
60 8 1.1441610660438616e+21
62 8 1.1370621849061527e+22
64 8 1.0009110478486151e+23
66 8 7.8943781673547380e+23
68 8 5.6478308957207081e+24
70 8 3.6464974793306088e+25
72 8 2.1328407883267703e+26
74 8 1.1277762429452907e+27
76 8 5.4054322410485334e+27
78 8 2.3379264762865245e+28
80 8 9.1396043767267109e+28
82 8 3.2271525150103305e+29
84 8 1.0281436032845364e+30
86 8 2.9548079861246622e+30
88 8 7.6608844420349438e+30
90 8 1.7912212747057179e+31
92 8 3.7829381129192967e+31
94 8 7.2199344836653511e+31
96 8 1.2462745836888453e+32
98 8 1.9509016024378820e+32
100 8 2.7699449946018658e+32
102 8 3.5734366405126524e+32
104 8 4.1927427432456672e+32
106 8 4.4748719326377117e+32
108 8 4.3438339718144853e+32
110 8 3.8290687251111664e+32
112 8 3.0632275570470659e+32
114 8 2.2197126846909110e+32
116 8 1.4501535791499438e+32
118 8 8.5109657012654767e+31
120 8 4.4623483710896377e+31
122 8 2.0713556111400415e+31
124 8 8.4111595364439979e+30
126 8 2.9419873434141518e+30
128 8 8.6648721018489326e+29
130 8 2.0744618900106246e+29
132 8 3.8215303800432492e+28
134 8 4.8495694786447539e+27
136 8 3.2270531234430003e+26
54 9 2.9547613874823870e+15
56 9 2.1522391244967133e+17
58 9 6.3719509047165020e+18
60 9 1.1886779788461154e+20
62 9 1.6717474940793174e+21
64 9 1.9310637435751697e+22
66 9 1.9303331368863198e+23
68 9 1.7062678717983516e+24
70 9 1.3514703142665459e+25
72 9 9.5805842209335794e+25
74 9 6.0906449011723377e+26
76 9 3.4722001039894486e+27
78 9 1.7700768883986617e+28
80 9 8.0660868163474515e+28
82 9 3.2806861936229815e+29
84 9 1.1921080185176905e+30
86 9 3.8609464421787330e+30
88 9 1.1164147337698218e+31
90 9 2.8798411363377841e+31
92 9 6.6337272696569955e+31
94 9 1.3664212403504875e+32
96 9 2.5199706034865995e+32
98 9 4.1762467151712574e+32
100 9 6.2258865331514299e+32
102 9 8.3633446194602922e+32
104 9 1.0145867050375231e+33
106 9 1.1112569600500311e+33
108 9 1.1013381641058302e+33
110 9 9.8650826733532039e+32
112 9 7.9845279596654008e+32
114 9 5.8205202483473350e+32
116 9 3.8133440175890028e+32
118 9 2.2346492725904744e+32
120 9 1.1653554615132280e+32
122 9 5.3615537895828024e+31
124 9 2.1527475981732043e+31
126 9 7.4155968283000271e+30
128 9 2.1448323472664328e+30
130 9 5.0228017051954637e+29
132 9 9.0191433822381808e+28
134 9 1.1110771933758355e+28
136 9 7.1460516061471890e+26
56 10 1.3385057744749933e+14
58 10 6.3891648778816808e+16
60 10 3.6199672412798607e+18
62 10 9.7611230278123045e+19
64 10 1.7572989940304511e+21
66 10 2.4270182920741724e+22
68 10 2.8094063625216029e+23
70 10 2.8158554113187006e+24
72 10 2.4973251299397702e+25
74 10 1.9635205103838919e+26
76 10 1.3727162163690120e+27
78 10 8.5108314346654023e+27
80 10 4.6728134950094379e+28
82 10 2.2580911280441158e+29
84 10 9.6273503388212241e+29
86 10 3.6187705022911472e+30
88 10 1.1998474534869926e+31
90 10 3.4979604274843215e+31
92 10 8.9902992759665986e+31
94 10 2.0416578233911743e+32
96 10 4.1037035146133151e+32
98 10 7.3200042058179924e+32
100 10 1.1617044154701478e+33
102 10 1.6470520377089841e+33
104 10 2.0891048982085978e+33
106 10 2.3754863947392071e+33
108 10 2.4258080995406054e+33
110 10 2.2247916334431116e+33
112 10 1.8320174222135510e+33
114 10 1.3523568318551043e+33
116 10 8.9360127343632834e+32
118 10 5.2582149958276431e+32
120 10 2.7416681341348448e+32
122 10 1.2567065005433192e+32
124 10 5.0068274508017211e+31
126 10 1.7073517522636277e+31
128 10 4.8650480564116770e+30
130 10 1.1205064962255868e+30
132 10 1.9660091938507035e+29
134 10 2.3620382984817301e+28
136 10 1.4713281485609095e+27
60 11 5.6603728980546960e+15
62 11 1.1004001950716682e+18
64 11 5.1750720378025329e+19
66 11 1.3031545696063602e+21
68 11 2.2457334917942527e+22
70 11 3.0899198266931982e+23
72 11 3.5654723275489255e+24
74 11 3.5823303168141511e+25
76 11 3.1590986571714489e+26
78 11 2.4537549803191874e+27
80 11 1.6732698179950842e+28
82 11 9.9594312296741863e+28
84 11 5.1654424614444094e+29
86 11 2.3273476416537897e+30
88 11 9.1134862298461942e+30
90 11 3.0977580255110718e+31
92 11 9.1410877029622250e+31
94 11 2.3457228244352861e+32
96 11 5.2536512048092420e+32
98 11 1.0290328472471857e+33
100 11 1.7703377307793846e+33
102 11 2.6887997267941257e+33
104 11 3.6148505034548549e+33
106 11 4.3159705917756796e+33
108 11 4.5857829443030796e+33
110 11 4.3457098674274295e+33
112 11 3.6738604853208336e+33
114 11 2.7671989069525081e+33
116 11 1.8556077531913994e+33
118 11 1.1034621910540532e+33
120 11 5.7828006229241562e+32
122 11 2.6543239912070038e+32
124 11 1.0538246870514692e+32
126 11 3.5684018820622191e+31
128 11 1.0071980381229105e+31
130 11 2.2866470528248319e+30
132 11 3.9484210572193246e+29
134 11 4.6346314729258114e+28
136 11 2.8083811255257873e+27
64 12 1.2536871106611181e+17
66 12 1.5719750145391510e+19
68 12 6.5157515393322320e+20
70 12 1.4961241576692519e+22
72 12 2.5460923261761043e+23
74 12 3.4570933048769420e+24
76 12 3.9972675173219213e+25
78 12 4.0017812451353114e+26
80 12 3.4911924186214019e+27
82 12 2.6439329272759046e+28
84 12 1.7291354255132481e+29
86 12 9.6994408281607513e+29
88 12 4.6603586401940051e+30
90 12 1.9114894999086425e+31
92 12 6.7002372153650102e+31
94 12 2.0049411181999803e+32
96 12 5.1412449121536585e+32
98 12 1.1331227367622483e+33
100 12 2.1586943707419634e+33
102 12 3.5775232763956923e+33
104 12 5.1784410342640997e+33
106 12 6.5804201701534113e+33
108 12 7.3698296497099817e+33
110 12 7.2874402413238425e+33
112 12 6.3838732169383292e+33
114 12 4.9460818292051828e+33
116 12 3.3912730100159119e+33
118 12 2.0475112573343071e+33
120 12 1.0863111998200663e+33
122 12 5.0172299792716043e+32
124 12 1.9976533483473763e+32
126 12 6.7510399676590892e+31
128 12 1.8931279327461486e+31
130 12 4.2619957094094371e+30
132 12 7.2513997988141525e+29
134 12 8.3663676494180236e+28
136 12 4.9551362448352487e+27
68 13 2.0151857057352927e+18
70 13 2.0226351911944179e+20
72 13 6.9338854684682963e+21
74 13 1.5483097626002669e+23
76 13 2.5532591151314881e+24
78 13 3.4661488285729450e+25
80 13 3.9820041537390830e+26
82 13 3.9563775798003407e+27
84 13 3.3702822803130852e+28
86 13 2.4503842113605137e+29
88 13 1.5030791690374331e+30
90 13 7.7678787830798015e+30
92 13 3.3624432897092306e+31
94 13 1.2184990287740321e+32
96 13 3.7044195830735806e+32
98 13 9.4868405667785117e+32
100 13 2.0563642134341918e+33
102 13 3.8028813573154439e+33
104 13 6.0419257568156885e+33
106 13 8.3086575131847768e+33
108 13 9.9417715945075897e+33
110 13 1.0399262896393733e+34
112 13 9.5235410415232823e+33
114 13 7.6623907286842881e+33
116 13 5.4107774188589615e+33
118 13 3.3478996230920198e+33
120 13 1.8070683796942834e+33
122 13 8.4535364314449919e+32
124 13 3.3895477260302803e+32
126 13 1.1497819062783792e+32
128 13 3.2204205268330650e+31
130 13 7.2095895592787089e+30
132 13 1.2152064711971380e+30
134 13 1.3836179553410487e+29
136 13 8.0412580364299941e+27
72 14 3.2636885643886883e+19
74 14 2.0788924918224121e+21
76 14 6.7289824799966345e+22
78 14 1.4178444916338801e+24
80 14 2.3167951314101535e+25
82 14 3.1103010912942229e+26
84 14 3.5680701058705271e+27
86 14 3.4632185351857919e+28
88 14 2.8368965178120053e+29
90 14 1.9292811680447159e+30
92 14 1.0821288829461954e+31
94 14 4.9723742972540999e+31
96 14 1.8749271405055453e+32
98 14 5.7997486409867389e+32
100 14 1.4807511824022977e+33
102 14 3.1486266242731967e+33
104 14 5.6273479467870939e+33
106 14 8.5419587896233375e+33
108 14 1.1103041538118228e+34
110 14 1.2450174417772892e+34
112 14 1.2082886518599658e+34
114 14 1.0197642930296043e+34
116 14 7.4853792582354836e+33
118 14 4.7788040652294743e+33
120 14 2.6440480796309943e+33
122 14 1.2602273548663399e+33
124 14 5.1253739159319432e+32
126 14 1.7529169713424269e+32
128 14 4.9333362043233023e+31
130 14 1.1027543907369092e+31
132 14 1.8500626822790475e+30
134 14 2.0866956143893569e+29
136 14 1.1944471286441972e+28
74 15 1.6905469597631084e+18
76 15 3.4969938700789213e+20
78 15 1.9685988376902699e+22
80 15 5.7715012942498944e+23
82 15 1.1830508383458383e+25
84 15 1.8969893962063837e+26
86 15 2.5525467571401183e+27
88 15 2.8618702830195428e+28
90 15 2.6822092746789062e+29
92 15 2.0485092746381234e+30
94 15 1.2623680268283824e+31
96 15 6.2182445565146114e+31
98 15 2.4499787815603764e+32
100 15 7.7226359915261001e+32
102 15 1.9634144587864494e+33
104 15 4.0762875410857816e+33
106 15 7.0095755784251994e+33
108 15 1.0110924542601771e+34
110 15 1.2352214518832354e+34
112 15 1.2891361292200902e+34
114 15 1.1552769645278136e+34
116 15 8.9104502641629952e+33
118 15 5.9225163647515291e+33
120 15 3.3846951228062904e+33
122 15 1.6553502446145402e+33
124 15 6.8665253892878326e+32
126 15 2.3828005411273213e+32
128 15 6.7636282528627397e+31
130 15 1.5183410952134002e+31
132 15 2.5461856888309793e+30
134 15 2.8586792268802747e+29
136 15 1.6209089337125379e+28
78 16 2.3225813545567810e+19
80 16 3.4405753124488164e+21
82 16 1.6469674785719891e+23
84 16 4.5089191659020875e+24
86 16 8.9182984192644966e+25
88 16 1.4404603516691691e+27
90 16 1.8928519496129230e+28
92 16 2.0669966315920699e+29
94 16 1.7987500874871417e+30
96 16 1.2351578087825767e+31
98 16 6.5918925707269590e+31
100 16 2.7258095425427984e+32
102 16 8.7644702144885143e+32
104 16 2.2113009200222543e+33
106 16 4.4654387179298244e+33
108 16 7.3454649084203462e+33
110 16 1.0006926142669280e+34
112 16 1.1419343604154351e+34
114 16 1.1016812544135273e+34
116 16 9.0347992843779750e+33
118 16 6.3157238531814865e+33
120 16 3.7624216941038126e+33
122 16 1.9024430204610254e+33
124 16 8.1053137128742015e+32
126 16 2.8700361138851667e+32
128 16 8.2661995767376261e+31
130 16 1.8751289341368524e+31
132 16 3.1599795151462306e+30
134 16 3.5456923820615182e+29
136 16 2.0022898589905355e+28
82 17 2.6652338885823044e+20
84 17 3.0253443440708002e+22
86 17 1.2437370111868974e+24
88 17 3.1741317338992723e+25
90 17 6.3670796384582887e+26
92 17 9.9555766937684441e+27
94 17 1.2900935975852279e+29
96 17 1.3041691753120794e+30
98 17 1.0151009295745152e+31
100 17 5.9264199659884002e+31
102 17 2.5948778157889671e+32
104 17 8.5024223164519109e+32
106 17 2.1211151466320834e+33
108 17 4.1385862466468551e+33
110 17 6.4715828344976216e+33
112 17 8.2627115328665422e+33
114 17 8.7412884608556516e+33
116 17 7.7331618953814922e+33
118 17 5.7530105611928890e+33
120 17 3.6075260021731654e+33
122 17 1.9019935220949634e+33
124 17 8.3804231532092014e+32
126 17 3.0501185052877189e+32
128 17 8.9693808593230011e+31
130 17 2.0652604278154467e+31
132 17 3.5156841367184011e+30
134 17 3.9630782130503023e+29
136 17 2.2360044615225603e+28
86 18 3.0225597547533472e+21
88 18 2.3170301772881681e+23
90 18 8.2884638910310903e+24
92 18 2.1701237019303296e+26
94 18 4.1205660970191432e+27
96 18 6.4724437205413390e+28
98 18 7.7651662757167318e+29
100 18 6.9898597186962914e+30
102 18 4.5315443298483868e+31
104 18 2.1169344028488249e+32
106 18 7.0653072863510049e+32
108 18 1.7335078513351716e+33
110 18 3.2433209827161548e+33
112 18 4.7820682739858287e+33
114 18 5.6760797236545099e+33
116 18 5.5139416062599065e+33
118 18 4.4303510756859768e+33
120 18 2.9591371135881106e+33
122 18 1.6431008345593490e+33
124 18 7.5592127440247443e+32
126 18 2.8435611126796091e+32
128 18 8.5955124741764851e+31
130 18 2.0197592783187041e+31
132 18 3.4897899634406136e+30
134 18 3.9692204515144459e+29
136 18 2.2522572805449543e+28
88 19 1.0216904465252231e+20
90 19 2.5899704364301245e+22
92 19 1.4925753049062187e+24
94 19 5.5900774766638106e+25
96 19 1.3182209628110926e+27
98 19 2.5913576839001771e+28
100 19 3.7683686150479511e+29
102 19 4.0172408814088347e+30
104 19 2.9453813234689066e+31
106 19 1.4837823870845530e+32
108 19 5.0303571688447060e+32
110 19 1.2038856612261735e+33
112 19 2.1434632754108420e+33
114 19 2.9514154656793230e+33
116 19 3.2257440344793514e+33
118 19 2.8519694779825355e+33
120 19 2.0564750946414633e+33
122 19 1.2170569748062463e+33
124 19 5.8933484385317337e+32
126 19 2.3144850037392060e+32
128 19 7.2362920513877649e+31
130 19 1.7469001071079688e+31
132 19 3.0804035754755613e+30
134 19 3.5555597693088824e+29
136 19 2.0348752745399820e+28
92 20 1.2734501843744260e+21
94 20 1.6623404431937536e+23
96 20 1.0499040378215927e+25
98 20 3.1947447737278134e+26
100 20 8.1414058094441482e+27
102 20 1.4740664933248781e+29
104 20 1.9172804255948017e+30
106 20 1.6227195993814975e+31
108 20 8.9449692820190225e+31
110 20 3.0675912883220214e+32
112 20 7.1008433839639864e+32
114 20 1.1899577806007311e+33
116 20 1.5139221033184996e+33
118 20 1.5077316414617762e+33
120 20 1.1973258606546567e+33
122 20 7.6542519077007561e+32
124 20 3.9477049153103545e+32
126 20 1.6324981006400991e+32
128 20 5.3264697695288461e+31
130 20 1.3298276756453278e+31
132 20 2.4071569550667214e+30
134 20 2.8349867107412344e+29
136 20 1.6461895509990951e+28
96 21 8.6048493698125943e+21
98 21 1.3570876452892947e+24
100 21 5.6712105318042088e+25
102 21 1.9726497509080798e+27
104 21 4.5833703858826142e+28
106 21 7.5246368861133104e+29
108 21 7.5575659436086866e+30
110 21 4.6341735192693095e+31
112 21 1.5994334252762014e+32
114 21 3.5386245960394575e+32
116 21 5.5183442789758608e+32
118 21 6.4146799119420468e+32
120 21 5.7434917378685429e+32
122 21 4.0429915730513762e+32
124 21 2.2521552443860635e+32
126 21 9.9178496012804428e+31
128 21 3.4051852817632628e+31
130 21 8.8664199385101505e+30
132 21 1.6594112723125139e+30
134 21 2.0050352871303283e+29
136 21 1.1859205561493633e+28
100 22 1.0681086091410702e+23
102 22 6.9642224941143644e+24
104 22 3.5938100998716362e+26
106 22 1.1069145073578195e+28
108 22 2.4034713152589035e+29
110 22 2.9505654098561673e+30
112 22 2.0664163821185195e+31
114 22 7.0970194863716922e+31
116 22 1.4829796541559415e+32
118 22 2.1223957169314979e+32
120 22 2.2229056300522660e+32
122 22 1.7653643171363780e+32
124 22 1.0824252999328138e+32
126 22 5.1425732838179067e+31
128 22 1.8791399911255766e+31
130 22 5.1443236892038763e+30
132 22 1.0034546597027335e+30
134 22 1.2526253510494187e+29
136 22 7.5992186201528109e+27
102 23 3.8029022006297588e+21
104 23 5.3018904231254201e+23
106 23 4.7348109681000645e+25
108 23 2.0268877511319428e+27
110 23 6.1477483736054177e+28
112 23 9.5973852652365261e+29
114 23 7.9137591656581981e+30
116 23 2.6698450906349199e+31
118 23 5.1763930417705912e+31
120 23 6.7015562038891605e+31
122 23 6.2293097576276010e+31
124 23 4.3091855689259003e+31
126 23 2.2525503389897910e+31
128 23 8.8735151289519186e+30
130 23 2.5822733032085593e+30
132 23 5.2882690693702099e+29
134 23 6.8727884311728410e+28
136 23 4.2971412020228469e+27
106 24 1.8962296847037243e+22
108 24 4.2853763278582491e+24
110 24 2.6934181277791732e+26
112 24 1.2298738038412607e+28
114 24 2.5709116251958960e+29
116 24 2.5991362831157589e+30
118 24 8.4391693987477966e+30
120 24 1.4935124961502970e+31
122 24 1.7181018173087844e+31
124 24 1.3904597408328378e+31
126 24 8.1947947128060308e+30
128 24 3.5462295794387610e+30
130 24 1.1115145146329459e+30
132 24 2.4177892638404725e+29
134 24 3.2968745601021341e+28
136 24 2.1425178391157152e+27
110 25 2.3716088054859008e+23
112 25 2.4358144208281091e+25
114 25 1.8752632199288612e+27
116 25 5.5731319042742159e+28
118 25 7.2531805173258286e+29
120 25 2.2160926062596485e+30
122 25 3.5083257250776464e+30
124 25 3.5202576325426460e+30
126 25 2.4223578226754803e+30
128 25 1.1804928252524506e+30
130 25 4.0623828737421058e+29
132 25 9.4924724062318714e+28
134 25 1.3721418233238921e+28
136 25 9.3477103240068734e+26
112 26 6.1764155314181107e+21
114 26 1.3327937753790614e+24
116 26 2.0817648512088931e+26
118 26 9.5514716040531355e+27
120 26 1.7072289154863338e+29
122 26 4.7718252406040753e+29
124 26 6.6040074228858405e+29
126 26 5.6355708149353263e+29
128 26 3.2087972012840912e+29
130 26 1.2387198510436789e+29
132 26 3.1756717244751539e+28
134 26 4.9232675267226840e+27
136 26 3.5575977351735105e+26
116 27 3.3218390801407843e+22
118 27 1.5815908530766452e+25
120 27 1.2555555392300853e+27
122 27 3.3389391820963905e+28
124 27 8.2833791253391986e+28
126 27 9.7734236685553580e+28
128 27 6.8753612326204029e+28
130 27 3.0942054181850681e+28
132 27 8.8991958596451550e+27
134 27 1.5097873223960447e+27
136 27 1.1687101493653846e+26
120 28 7.2481972812209495e+23
122 28 1.2147169669422633e+26
124 28 5.3090659266839676e+27
126 28 1.1334747979700173e+28
128 28 1.1006044597103476e+28
130 28 6.1167682046866386e+27
132 28 2.0458327734248361e+27
134 28 3.8908798274841258e+26
136 28 3.2773617510273439e+25
122 29 1.5093590827360758e+22
124 29 8.0971670256622424e+24
126 29 6.7303750965823198e+26
128 29 1.1859600194233536e+27
130 29 9.0890249597634967e+26
132 29 3.7392748307978935e+26
134 29 8.2515007323482136e+25
136 29 7.7564284929020317e+24
126 30 3.3057582138868010e+23
128 30 6.5631890410435357e+25
130 30 9.1158709059681980e+25
132 30 5.1437525701353048e+25
134 30 1.3924678004357536e+25
136 30 1.5154565341036312e+24
128 31 6.1804845173868310e+21
130 31 4.7146617503964507e+24
132 31 4.8030919588942666e+24
134 31 1.7726127297196967e+24
136 31 2.3700653011171731e+23
132 32 2.3371708621366973e+23
134 32 1.5466213529082889e+23
136 32 2.8136972065426977e+22
134 33 7.1203479612362641e+21
136 33 2.2960937377413047e+21
136 34 1.0052698587441050e+20
