228 -43 2.2006690186080724e+16
224 -42 3.3544123856627392e+17
226 -42 2.9380654143251415e+18
220 -41 3.0112653498123694e+18
222 -41 4.4909806081854112e+19
224 -41 1.8944412576691942e+20
216 -40 2.0075066570113602e+19
218 -40 3.9763598268692713e+20
220 -40 2.8590726899865899e+21
222 -40 7.6880287567994274e+21
212 -39 1.0985956429523961e+20
214 -39 2.6093317180623799e+21
216 -39 2.4843297909585375e+22
218 -39 1.1472009990668633e+23
220 -39 2.2175845042372397e+23
208 -38 5.0369101045922562e+20
210 -38 1.3705095803175277e+22
212 -38 1.5801307797499783e+23
214 -38 9.7542567509581146e+23
216 -38 3.2697976741199036e+24
218 -38 4.8730811183119795e+24
204 -37 2.0079373843680836e+21
206 -37 6.0318904320098424e+22
208 -37 8.0037123667743954e+23
210 -37 5.9938721233767984e+24
212 -37 2.7031338547676122e+25
214 -37 7.0462236121379074e+25
216 -37 8.5113002672942636e+25
200 -36 7.0897983804364911e+21
202 -36 2.3115464895140943e+23
204 -36 3.4082705233988785e+24
206 -36 2.9231517917474764e+25
208 -36 1.6031590100238913e+26
210 -36 5.6346033639586775e+26
212 -36 1.1972033167900684e+27
214 -36 1.2053934060422040e+27
196 -35 2.2334419314022153e+22
198 -35 7.8017621967676628e+23
200 -35 1.2427379971976086e+25
202 -35 1.1912728750634029e+26
204 -35 7.5227091954011650e+26
206 -35 3.2250190141128208e+27
208 -35 9.2773993843681922e+27
210 -35 1.6560037888711716e+28
212 -35 1.4218969700474451e+28
192 -34 6.3490305330616176e+22
194 -34 2.3377493346408188e+24
196 -34 3.9974086454007194e+25
198 -34 4.1596402988483970e+26
200 -34 2.9272985864539306e+27
202 -34 1.4530490177333787e+28
204 -34 5.1015519912574004e+28
206 -34 1.2361109782400807e+29
208 -34 1.8932362685815347e+29
210 -34 1.4191726024593913e+29
188 -33 1.6337823869983502e+23
190 -33 6.3070628417167856e+24
192 -33 1.1372424683039818e+26
194 -33 1.2682027401297864e+27
196 -33 9.7585059093610565e+27
198 -33 5.3965634637327248e+28
200 -33 2.1938759017884213e+29
202 -33 6.5162433932224994e+29
204 -33 1.3598238571514920e+30
206 -33 1.8268166858837270e+30
208 -33 1.2145095273669906e+30
184 -32 3.8374431011841050e+23
186 -32 1.5345149302274552e+25
188 -32 2.8999051021247015e+26
190 -32 3.4337217997401476e+27
192 -32 2.8261109133016179e+28
194 -32 1.7124856655677773e+29
196 -32 7.7939720564827552e+29
198 -32 2.6827175370914954e+30
200 -32 6.8779897751482259e+30
202 -32 1.2609000003808087e+31
204 -32 1.5067758964732499e+31
206 -32 8.9992339574365984e+30
180 -31 8.2297522184970420e+23
182 -31 3.3879411571694340e+25
184 -31 6.6659059447282028e+26
186 -31 8.2672311535496803e+27
188 -31 7.2408037868826672e+28
190 -31 4.7120290229503759e+29
192 -31 2.3410363025470211e+30
194 -31 9.0444512960324466e+30
196 -31 2.7002898656283723e+31
198 -31 6.0953595000832384e+31
200 -31 9.9731579320211784e+31
202 -31 1.0723401861155190e+32
204 -31 5.8215701226458382e+31
174 -30 1.7223920552543230e+19
176 -30 1.6046710826421761e+24
178 -30 6.8050516639587401e+25
180 -30 1.3828678207280087e+27
182 -30 1.7887085585009328e+28
184 -30 1.6457518970875702e+29
186 -30 1.1363031887054269e+30
188 -30 6.0985131350277619e+30
190 -30 2.5782620651430848e+31
192 -30 8.6433513260502679e+31
194 -30 2.2741485369901538e+32
196 -30 4.5947733669890991e+32
198 -30 6.7972279929088032e+32
200 -30 6.6629187422844028e+32
202 -30 3.3107447011567181e+32
170 -29 1.1182445944909431e+20
172 -29 2.8757144736913700e+24
174 -29 1.2455636304494161e+26
176 -29 2.6063355508652696e+27
178 -29 3.4880842309208269e+28
180 -29 3.3443460290800482e+29
182 -29 2.4331260865980426e+30
184 -29 1.3871685910010230e+31
186 -29 6.3367849662608974e+31
188 -29 2.3278525455317058e+32
190 -29 6.8956118693496523e+32
192 -29 1.6281528265132106e+33
194 -29 2.9792385030176874e+33
196 -29 4.0255110593688653e+33
198 -29 3.6236372249863728e+33
200 -29 1.6712225944799599e+33
166 -28 4.5328247768314767e+20
168 -28 4.7133191065776382e+24
170 -28 2.0885688662580264e+26
172 -28 4.4733400760336295e+27
174 -28 6.1598092808354751e+28
176 -28 6.1213875517696106e+29
178 -28 4.6502962260427719e+30
180 -28 2.7988562926488297e+31
182 -28 1.3595692293949867e+32
184 -28 5.4004574614964136e+32
186 -28 1.7587542349186053e+33
188 -28 4.6779311490180720e+33
190 -28 1.0013019198258615e+34
192 -28 1.6755370428943773e+34
194 -28 2.0869749569414817e+34
196 -28 1.7453594439025919e+34
198 -28 7.5029671796892127e+33
162 -27 1.3697314677490519e+21
164 -27 7.1328299196229366e+24
166 -27 3.1927232799829016e+26
168 -27 6.9974344085912803e+27
170 -27 9.8714146877954316e+28
172 -27 1.0127471393150159e+30
174 -27 7.9712969564869926e+30
176 -27 5.0165309884884623e+31
178 -27 2.5710318796876479e+32
180 -27 1.0906162771731145e+33
182 -27 3.8421100632910762e+33
184 -27 1.1245139662868615e+34
186 -27 2.7167002513958914e+34
188 -27 5.3281275683256623e+34
190 -27 8.2460072177197233e+34
192 -27 9.5447318415830552e+34
194 -27 7.4452200832056778e+34
196 -27 3.0004657392359384e+34
158 -26 3.3246900427640411e+21
160 -26 9.8904467647125544e+24
162 -26 4.4837514814513732e+26
164 -26 9.9548788958984523e+27
166 -26 1.4378908417167275e+29
168 -26 1.5114533112561657e+30
170 -26 1.2318757638381199e+31
172 -26 8.0475055059512802e+31
174 -26 4.3218463435961493e+32
176 -26 1.9346529849114008e+33
178 -26 7.2779357476272849e+33
180 -26 2.3079054043997550e+34
182 -26 6.1486125675859616e+34
184 -26 1.3647619598073718e+35
186 -26 2.4759156852404007e+35
188 -26 3.5652559654884849e+35
190 -26 3.8633397456015207e+35
192 -26 2.8289316999862316e+35
194 -26 1.0766743778409404e+35
154 -25 6.8257219213474199e+21
156 -25 1.2632477147509052e+25
158 -25 5.7643193008210155e+26
160 -25 1.2958271337585137e+28
162 -25 1.9027994577414999e+29
164 -25 2.0486009384704987e+30
166 -25 1.7143928394585876e+31
168 -25 1.1589479231472940e+32
170 -25 6.4770454439712991e+32
172 -25 3.0390417513738704e+33
174 -25 1.2104699472962202e+34
176 -25 4.1084439557078776e+34
178 -25 1.1861727328697153e+35
180 -25 2.9057571415910434e+35
182 -25 5.9728140629512138e+35
184 -25 1.0103866502384679e+36
186 -25 1.3629864520616827e+36
188 -25 1.3896730346887223e+36
190 -25 9.6234613870484344e+35
192 -25 3.4679699185117113e+35
150 -24 1.1980475394515714e+22
152 -24 1.4797535216573064e+25
154 -24 6.7724930619852425e+26
156 -24 1.5410019845955074e+28
158 -24 2.2948243313423032e+29
160 -24 2.5191653753432248e+30
162 -24 2.1546373447956371e+31
164 -24 1.5007702782493983e+32
166 -24 8.6895488487388946e+32
168 -24 4.2485078308326146e+33
170 -24 1.7756485483094621e+34
172 -24 6.3882513193319351e+34
174 -24 1.9745099968703928e+35
176 -24 5.2562193064610601e+35
178 -24 1.1945045165222309e+36
180 -24 2.2890218128478192e+36
182 -24 3.6342535903971573e+36
184 -24 4.6170298184068226e+36
186 -24 4.4575016892244586e+36
188 -24 2.9280337266711646e+36
190 -24 1.0030777579532736e+36
146 -23 1.8323211799671412e+22
148 -23 1.5925567835817740e+25
150 -23 7.2840462281729116e+26
152 -23 1.6718503671619521e+28
154 -23 2.5194344295028478e+29
156 -23 2.8068759323503179e+30
158 -23 2.4548119984306507e+31
160 -23 1.7523390938007711e+32
162 -23 1.0449664314863351e+33
164 -23 5.3025779806550091e+33
166 -23 2.3119317755522979e+34
168 -23 8.7335999583152343e+34
170 -23 2.8667301994800315e+35
172 -23 8.1815397264044269e+35
174 -23 2.0198380712684370e+36
176 -23 4.2849583738070564e+36
178 -23 7.7214074729970409e+36
180 -23 1.1576637481962174e+37
182 -23 1.3937897906495942e+37
184 -23 1.2771216598885964e+37
186 -23 7.9877298986024278e+36
188 -23 2.6124347225219404e+36
142 -22 2.4537068140052097e+22
144 -22 1.5776021262054767e+25
146 -22 7.1749331432166355e+26
148 -22 1.6511313488657607e+28
150 -22 2.5178752715853428e+29
152 -22 2.8430381330506599e+30
154 -22 2.5286155175388711e+31
156 -22 1.8467957036481989e+32
158 -22 1.1303961523042808e+33
160 -22 5.9136185362160038e+33
162 -22 2.6789627627287521e+34
164 -22 1.0561743141450079e+35
166 -22 3.6508369089977386e+35
168 -22 1.1052416049425073e+36
170 -22 2.9319273642615048e+36
172 -22 6.7696437502625802e+36
174 -22 1.3519584938308917e+37
176 -22 2.3008871239790360e+37
178 -22 3.2688375807715030e+37
180 -22 3.7472239938320775e+37
182 -22 3.2734514474246719e+37
184 -22 1.9580871274135380e+37
186 -22 6.1253239409465451e+36
138 -21 2.9142487307897511e+22
140 -21 1.4328876988730768e+25
142 -21 6.4622718071244556e+26
144 -21 1.4881447899035967e+28
146 -21 2.2881263904319896e+29
148 -21 2.6132958519857778e+30
150 -21 2.3619999349243308e+31
152 -21 1.7566266199896108e+32
154 -21 1.1006568977273117e+33
156 -21 5.9170767880277445e+33
158 -21 2.7661342205336724e+34
160 -21 1.1340680336452480e+35
162 -21 4.0962546176760397e+35
164 -21 1.3066392837784862e+36
166 -21 3.6853181145029425e+36
168 -21 9.1407183646081422e+36
170 -21 1.9894670738102324e+37
172 -21 3.7565750964617773e+37
174 -21 6.0741102023121031e+37
176 -21 8.2143661329245252e+37
178 -21 8.9944823611145025e+37
180 -21 7.5143491636698236e+37
182 -21 4.3086832068210046e+37
184 -21 1.2965151041430703e+37
134 -20 3.0834316724479826e+22
136 -20 1.1939074489135151e+25
138 -20 5.3158087921887278e+26
140 -20 1.2253433275398735e+28
142 -20 1.8900256546224657e+29
144 -20 2.1785589189234221e+30
146 -20 1.9941008688537877e+31
148 -20 1.5057419982323933e+32
150 -20 9.6270817330788705e+32
152 -20 5.3096894183406377e+33
154 -20 2.5519812484393651e+34
156 -20 1.0819704031782397e+35
158 -20 4.0602786864082577e+35
160 -20 1.3579742552301678e+36
162 -20 4.0331035135153685e+36
164 -20 1.0660455845991151e+37
166 -20 2.4951970509293072e+37
168 -20 5.1393268218129497e+37
170 -20 9.2277289853467518e+37
172 -20 1.4209525370705461e+38
174 -20 1.8374676063372907e+38
176 -20 1.9271536949410486e+38
178 -20 1.5462112263554573e+38
180 -20 8.5248074753009344e+37
182 -20 2.4728382451504716e+37
130 -19 2.9105715662810270e+22
132 -19 9.0815120357388293e+24
134 -19 3.9830547317016950e+26
136 -19 9.1614715046013368e+27
138 -19 1.4175997710092651e+29
140 -19 1.6452020813054835e+30
142 -19 1.5204319601916916e+31
144 -19 1.1651359435978610e+32
146 -19 7.5777115523602257e+32
148 -19 4.2687625367217023e+33
150 -19 2.1046678327014931e+34
152 -19 9.1881631729983456e+34
154 -19 3.5720559509732329e+35
156 -19 1.2426462046730470e+36
158 -19 3.8714601066911992e+36
160 -19 1.0801953469290067e+37
162 -19 2.6910864829781794e+37
164 -19 5.9692779423748335e+37
166 -19 1.1694889424164675e+38
168 -19 2.0043742959941784e+38
170 -19 2.9531567682360098e+38
172 -19 3.6638798125864779e+38
174 -19 3.6929844734902873e+38
176 -19 2.8541703967841417e+38
178 -19 1.5166371416673632e+38
180 -19 4.2492177874660657e+37
124 -18 3.0580803947345818e+17
126 -18 2.4509110061841185e+22
128 -18 6.3054413450041138e+24
130 -18 2.7215823411660550e+26
132 -18 6.2233270358338875e+27
134 -18 9.6448196506637733e+28
136 -18 1.1248234556376446e+30
138 -18 1.0483073669029420e+31
140 -18 8.1292595957092475e+31
142 -18 5.3637872937088616e+32
144 -18 3.0768031690426832e+33
146 -18 1.5519801297219478e+34
148 -18 6.9611077804584377e+34
150 -18 2.7862542337483475e+35
152 -18 1.0052766532191238e+36
154 -18 3.2624449306766153e+36
156 -18 9.5430865545757724e+36
158 -18 2.5140962466193033e+37
160 -18 5.9415381195023906e+37
162 -18 1.2556264552579998e+38
164 -18 2.3504211733342447e+38
166 -18 3.8558342240196987e+38
168 -18 5.4587461807352870e+38
170 -18 6.5190741359832160e+38
172 -18 6.3277539003142023e+38
174 -18 4.7173778516783045e+38
176 -18 2.4250754486173562e+38
178 -18 6.5816057454720162e+37
120 -17 8.5203236720954125e+17
122 -17 1.8436397158072016e+22
124 -17 3.9923787005399014e+24
126 -17 1.6909848100081390e+26
128 -17 3.8399849418495553e+27
130 -17 5.9385411348515407e+28
132 -17 6.9376224746344706e+29
134 -17 6.5102690872735057e+30
136 -17 5.0973244218441918e+31
138 -17 3.4141491918167137e+32
140 -17 1.9879698375603279e+33
142 -17 1.0226373861832194e+34
144 -17 4.6901001896796067e+34
146 -17 1.9341102020203783e+35
148 -17 7.1900089582233107e+35
150 -17 2.4187296355865514e+36
152 -17 7.3818362846488822e+36
154 -17 2.0421050573467764e+37
156 -17 5.1048101697263621e+37
158 -17 1.1500842057887323e+38
160 -17 2.3233816174925233e+38
162 -17 4.1704609853109372e+38
164 -17 6.5776036882035277e+38
166 -17 8.9635573524553136e+38
168 -17 1.0322491351054308e+39
170 -17 9.6813259545727543e+38
172 -17 6.9807781774932972e+38
174 -17 3.4812656660099403e+38
176 -17 9.1551365034745484e+37
116 -16 1.3409674776974433e+18
118 -16 1.2369560706629316e+22
120 -16 2.2987510697544542e+24
122 -16 9.5154241393054245e+25
124 -16 2.1416774875483563e+27
126 -16 3.3011999416611380e+28
128 -16 3.8660436910459192e+29
130 -16 3.6394861238883980e+30
132 -16 2.8653319212643540e+31
134 -16 1.9399979640480985e+32
136 -16 1.1469400297825619e+33
138 -16 5.9981563009965841e+33
140 -16 2.8123595321963282e+34
142 -16 1.1885195360096828e+35
144 -16 4.5458240683548734e+35
146 -16 1.5789080246986808e+36
148 -16 5.0027231847390038e+36
150 -16 1.4456537163468358e+37
152 -16 3.7961767794262531e+37
154 -16 9.0534731214492429e+37
156 -16 1.9514919392747834e+38
158 -16 3.7850335782031714e+38
160 -16 6.5315926941638031e+38
162 -16 9.9321766469535044e+38
164 -16 1.3080743859157431e+39
166 -16 1.4559138787207262e+39
168 -16 1.3223288799791251e+39
170 -16 9.2459213954417516e+38
172 -16 4.4763575019999084e+38
174 -16 1.1449672210972160e+38
112 -15 1.5395843539652255e+18
114 -15 7.4216225160540759e+21
116 -15 1.2024488442725449e+24
118 -15 4.8392185348396979e+25
120 -15 1.0775445456872597e+27
122 -15 1.6540434822925090e+28
124 -15 1.9329966499169967e+29
126 -15 1.8262838314177071e+30
128 -15 1.4465626654530549e+31
130 -15 9.8724359258381928e+31
132 -15 5.9031206524253533e+32
134 -15 3.1381766190125771e+33
136 -15 1.4978496958542462e+34
138 -15 6.4647737548215765e+34
140 -15 2.5364180240839357e+35
142 -15 9.0764767519640828e+35
144 -15 2.9741062900866709e+36
146 -15 8.9198596917177339e+36
148 -15 2.4484027946994061e+37
150 -15 6.1384841175181128e+37
152 -15 1.4027450748075959e+38
154 -15 2.9060332089859295e+38
156 -15 5.4214366529017288e+38
158 -15 9.0295580506088034e+38
160 -15 1.3275290430595565e+39
162 -15 1.6918541933822484e+39
164 -15 1.8255090499573015e+39
166 -15 1.6089645807734020e+39
168 -15 1.0939034237014222e+39
170 -15 5.1477309518858680e+38
172 -15 1.2844654799807126e+38
108 -14 1.3927198279929853e+18
110 -14 3.9839257865590753e+21
112 -14 5.6621702448169132e+23
114 -14 2.2146142719130823e+25
116 -14 4.8706034225019704e+26
118 -14 7.4221598861311167e+27
120 -14 8.6645546686363599e+28
122 -14 8.1907112005343139e+29
124 -14 6.5198524527169521e+30
126 -14 4.4798245175375974e+31
128 -14 2.7070419447763643e+32
130 -14 1.4574794839705995e+33
132 -14 7.0594521775177263e+33
134 -14 3.1089732459384044e+34
136 -14 1.2473747407449068e+35
138 -14 4.5856788823416743e+35
140 -14 1.5479945430398972e+36
142 -14 4.8033645202362409e+36
144 -14 1.3715410471876384e+37
146 -14 3.5985417272898543e+37
148 -14 8.6438925438489202e+37
150 -14 1.8993183717940437e+38
152 -14 3.7914532402013736e+38
154 -14 6.8360947292417232e+38
156 -14 1.1006250037929713e+39
158 -14 1.5679304230190983e+39
160 -14 1.9380287852517815e+39
162 -14 2.0311441447433835e+39
164 -14 1.7419310150785167e+39
166 -14 1.1531944559381983e+39
168 -14 5.2865509846700487e+38
170 -14 1.2892810019042645e+38
104 -13 1.0237403750905573e+18
106 -13 1.8956269641561809e+21
108 -13 2.4047536680185690e+23
110 -13 9.1167311329192058e+24
112 -13 1.9748050364604281e+26
114 -13 2.9820503328737449e+27
116 -13 3.4678241603167559e+28
118 -13 3.2743010783848471e+29
120 -13 2.6149381849093254e+30
122 -13 1.8045387291425674e+31
124 -13 1.0998621208418439e+32
126 -13 5.9874664913590235e+32
128 -13 2.9429729186523478e+33
130 -13 1.3161001068251107e+34
132 -13 5.3909947382299167e+34
134 -13 2.0303369615291123e+35
136 -13 7.0467066821771678e+35
138 -13 2.2556212167459712e+36
140 -13 6.6665633535956396e+36
142 -13 1.8203029465666572e+37
144 -13 4.5842509471530441e+37
146 -13 1.0598338746962080e+38
148 -13 2.2454551119252481e+38
150 -13 4.3310454639845914e+38
152 -13 7.5549000561968457e+38
154 -13 1.1808605623988777e+39
156 -13 1.6328081340361694e+39
158 -13 1.9628903675721274e+39
160 -13 2.0030284478968710e+39
162 -13 1.6738490647852735e+39
164 -13 1.0809923230304205e+39
166 -13 4.8428518559829827e+38
168 -13 1.1561315859022820e+38
100 -12 6.2831917754036954e+17
102 -12 8.0191894925842265e+20
104 -12 9.1035069653725076e+22
106 -12 3.3538279023638167e+24
108 -12 7.1428593735284259e+25
110 -12 1.0682263380300050e+27
112 -12 1.2347697725399257e+28
114 -12 1.1640267156324353e+29
116 -12 9.2956905001897907e+29
118 -12 6.4420622037690894e+30
120 -12 3.9470962106047393e+31
122 -12 2.1690118628922126e+32
124 -12 1.0796201929987973e+33
126 -12 4.9013291152263118e+33
128 -12 2.0432658552739324e+34
130 -12 7.8580556801583027e+34
132 -12 2.7937306328600332e+35
134 -12 9.2073117003589915e+35
136 -12 2.8098400627324373e+36
138 -12 7.9534243391554668e+36
140 -12 2.0852944913360031e+37
142 -12 5.0551051570684788e+37
144 -12 1.1281011373186608e+38
146 -12 2.3128413092373249e+38
148 -12 4.3232790573184451e+38
150 -12 7.3197715314669891e+38
152 -12 1.1123465284715165e+39
154 -12 1.4963829611771653e+39
156 -12 1.7540216972785309e+39
158 -12 1.7453229754591813e+39
160 -12 1.4238094403895183e+39
162 -12 8.9887657584237374e+38
164 -12 3.9451966220066899e+38
166 -12 9.2324443189328859e+37
96 -11 3.2487477546344141e+17
98 -11 3.0005296851660813e+20
100 -11 3.0834050250865591e+22
102 -11 1.0981911707080793e+24
104 -11 2.2987820009632893e+25
106 -11 3.3941221802034477e+26
108 -11 3.8891074928860377e+27
110 -11 3.6517734206490063e+28
112 -11 2.9129573239656515e+29
114 -11 2.0240256139354086e+30
116 -11 1.2470829272317869e+31
118 -11 6.8989154440609132e+31
120 -11 3.4659226161471252e+32
122 -11 1.5949519095337230e+33
124 -11 6.7593364477828192e+33
126 -11 2.6487054408351169e+34
128 -11 9.6223700539474779e+34
130 -11 3.2549061522789060e+35
132 -11 1.0238426577165902e+36
134 -11 2.9931885481416836e+36
136 -11 8.1392040810136251e+36
138 -11 2.0569755851705365e+37
140 -11 4.8186919009689103e+37
142 -11 1.0414652053613906e+38
144 -11 2.0710243021002449e+38
146 -11 3.7610598970519253e+38
148 -11 6.1984051935264151e+38
150 -11 9.1749254724663654e+38
152 -11 1.2041802908505310e+39
154 -11 1.3772948359418358e+39
156 -11 1.3393713509655054e+39
158 -11 1.0690044083270912e+39
160 -11 6.6124007233231981e+38
162 -11 2.8478270300293627e+38
164 -11 6.5477575062131885e+37
92 -10 1.4232312159062874e+17
94 -10 9.8833287554834645e+19
96 -10 9.2288701594072777e+21
98 -10 3.1796891421635014e+23
100 -10 6.5258057555828758e+24
102 -10 9.5086857098565828e+25
104 -10 1.0813706462142018e+27
106 -10 1.0080815252179482e+28
108 -10 8.0120531185061366e+28
110 -10 5.5621719245469705e+29
112 -10 3.4404054417421837e+30
114 -10 1.9161997357735773e+31
116 -10 9.7154953327242982e+31
118 -10 4.5199778441560144e+32
120 -10 1.9442055757421872e+33
122 -10 7.7420317379129596e+33
124 -10 2.8693930715510506e+34
126 -10 9.9262554947362077e+34
128 -10 3.2034668244075414e+35
130 -10 9.6668351321802855e+35
132 -10 2.7204107599103440e+36
134 -10 7.1367693830572238e+36
136 -10 1.7437816399504839e+37
138 -10 3.9615678975216532e+37
140 -10 8.3101438781909365e+37
142 -10 1.6067160461021144e+38
144 -10 2.8427628955187026e+38
146 -10 4.5681287785368567e+38
148 -10 6.6006456243968030e+38
150 -10 8.4700648147999747e+38
152 -10 9.4749430922953444e+38
154 -10 9.0262679173268755e+38
156 -10 7.0692020174582977e+38
158 -10 4.2881323677683531e+38
160 -10 1.8150138620737956e+38
162 -10 4.1148981860684066e+37
88 -9 5.2798697753239752e+16
90 -9 2.8568088855136694e+19
92 -9 2.4271595056881730e+21
94 -9 8.0764692452762886e+22
96 -9 1.6217706782062447e+24
98 -9 2.3300400903935070e+25
100 -9 2.6212760089400969e+26
102 -9 2.4265768344278058e+27
104 -9 1.9223540299980297e+28
106 -9 1.3333998600891471e+29
108 -9 8.2558646949819812e+29
110 -9 4.6134411474330941e+30
112 -9 2.3552172284690671e+31
114 -9 1.1077499258789903e+32
116 -9 4.8215304131750666e+32
118 -9 1.9519067081016395e+33
120 -9 7.3647168951729475e+33
122 -9 2.5999620436862009e+34
124 -9 8.6007796003241039e+34
126 -9 2.6664753820149565e+35
128 -9 7.7448880359391792e+35
130 -9 2.1031827299545341e+36
132 -9 5.3451410098089878e+36
134 -9 1.2660229227022367e+37
136 -9 2.7949062342421256e+37
138 -9 5.7136909596278361e+37
140 -9 1.0768632084099760e+38
142 -9 1.8606839832035387e+38
144 -9 2.9220820335042522e+38
146 -9 4.1276827228388330e+38
148 -9 5.1896041865928447e+38
150 -9 5.6936923227639098e+38
152 -9 5.3227047281533677e+38
154 -9 4.0922984616796408e+38
156 -9 2.4439472480862493e+38
158 -9 1.0190365845878876e+38
160 -9 2.2830021027648434e+37
84 -8 1.6562336032447934e+16
86 -8 7.1510978386095493e+18
88 -8 5.5744561296247357e+20
90 -8 1.7906700012528064e+22
92 -8 3.5117234313188699e+23
94 -8 4.9584779244342126e+24
96 -8 5.5037604625057157e+25
98 -8 5.0542570242560821e+26
100 -8 3.9802116407943602e+27
102 -8 2.7566305078149319e+28
104 -8 1.7053972205301483e+29
106 -8 9.5547768073338479e+29
108 -8 4.9108785248247042e+30
110 -8 2.3248667497747514e+31
112 -8 1.0227557921167671e+32
114 -8 4.2009756609662116e+32
116 -8 1.6122463230379951e+33
118 -8 5.8040700229850474e+33
120 -8 1.9626868495919835e+34
122 -8 6.2395426092739901e+34
124 -8 1.8662284572618906e+35
126 -8 5.2390372284449674e+35
128 -8 1.3801914485339327e+36
130 -8 3.4071361950486303e+36
132 -8 7.8553380322720102e+36
134 -8 1.6887651406357621e+37
136 -8 3.3708921682368497e+37
138 -8 6.2056449025436400e+37
140 -8 1.0480707812046935e+38
142 -8 1.6127787041095134e+38
144 -8 2.2368015765437395e+38
146 -8 2.7589046659335952e+38
148 -8 2.9721228579018942e+38
150 -8 2.7327012571831187e+38
152 -8 2.0708181501716225e+38
154 -8 1.2190468452257722e+38
156 -8 5.0193315637777144e+37
158 -8 1.1140981397704917e+37
80 -7 4.3807347346389280e+15
82 -7 1.5367177969339476e+18
84 -7 1.1083199576254996e+20
86 -7 3.4169152421996921e+21
88 -7 6.5468180015774047e+22
90 -7 9.0702330767960682e+23
92 -7 9.9306477341174055e+24
94 -7 9.0282447084010818e+25
96 -7 7.0520125310859113e+26
98 -7 4.8559340095448846e+27
100 -7 3.0007985529710732e+28
102 -7 1.6877781306685692e+29
104 -7 8.7025654329198235e+29
106 -7 4.1563706959009336e+30
108 -7 1.8454262621502891e+31
110 -7 7.6621674107664137e+31
112 -7 2.9891226635117465e+32
114 -7 1.0957413908415597e+33
116 -7 3.7825511828540726e+33
118 -7 1.2302870796053505e+34
120 -7 3.7769424470439298e+34
122 -7 1.0931607776510195e+35
124 -7 2.9787957615468472e+35
126 -7 7.6323340288771537e+35
128 -7 1.8362007129049816e+36
130 -7 4.1316146660476053e+36
132 -7 8.6756947405784794e+36
134 -7 1.6948083064980603e+37
136 -7 3.0572315863373378e+37
138 -7 5.0707386133696278e+37
140 -7 7.6601220231084461e+37
142 -7 1.0438894612414982e+38
144 -7 1.2654299176951523e+38
146 -7 1.3436295824832553e+38
148 -7 1.2175339720656958e+38
150 -7 9.0980172235312494e+37
152 -7 5.2946288900017596e+37
154 -7 2.1598622908781057e+37
156 -7 4.7617692044175992e+36
74 -6 3.7290596041208778e+10
76 -6 9.6801185723456262e+14
78 -6 2.8059853391490218e+17
80 -6 1.8726061308207632e+19
82 -6 5.5456020746946734e+20
84 -6 1.0362062892170920e+22
86 -6 1.4100760344587608e+23
88 -6 1.5178425229575604e+24
90 -6 1.3630072596793505e+25
92 -6 1.0546006402537612e+26
94 -6 7.2270549430614166e+26
96 -6 4.4565003704843087e+27
98 -6 2.5051135323165312e+28
100 -6 1.2971712101990981e+29
102 -6 6.2271721106203441e+29
104 -6 2.7919118839340196e+30
106 -6 1.1734705465309177e+31
108 -6 4.6361137361451911e+31
110 -6 1.7281534812282098e+32
112 -6 6.0865284498591783e+32
114 -6 2.0255959466285426e+33
116 -6 6.3754751882895910e+33
118 -6 1.8961034189220215e+34
120 -6 5.3341704448458000e+34
122 -6 1.4148284187499657e+35
124 -6 3.5393771866302978e+35
126 -6 8.3207765739508034e+35
128 -6 1.8338021601518412e+36
130 -6 3.7726689375008845e+36
132 -6 7.2262546229597230e+36
134 -6 1.2818267257721344e+37
136 -6 2.0910327219310997e+37
138 -6 3.1083286938591919e+37
140 -6 4.1727309904803355e+37
142 -6 4.9896876577154800e+37
144 -6 5.2297462116974028e+37
146 -6 4.6850997265285436e+37
148 -6 3.4623213055848366e+37
150 -6 1.9956374080937184e+37
152 -6 8.0885934134731727e+36
154 -6 1.7774155227333992e+36
70 -5 1.6174094382402002e+10
72 -5 1.7628393344502669e+14
74 -5 4.2871356940301192e+16
76 -5 2.6607537176395581e+18
78 -5 7.5896746214582125e+19
80 -5 1.3743888135311720e+21
82 -5 1.8297763988949931e+22
84 -5 1.9332120481822477e+23
86 -5 1.7155191205459429e+24
88 -5 1.3128431206594044e+25
90 -5 8.9262909249846699e+25
92 -5 5.4884647447458369e+26
94 -5 3.0820784819279217e+27
96 -5 1.6005518249086028e+28
98 -5 7.7301913450163779e+28
100 -5 3.4915178106434389e+29
102 -5 1.4852107788851693e+30
104 -5 5.9487455293828921e+30
106 -5 2.2524074979906215e+31
108 -5 8.0840744307606847e+31
110 -5 2.7467600717842402e+32
112 -5 8.8616703875305328e+32
114 -5 2.7084036747124472e+33
116 -5 7.8477067818426406e+33
118 -5 2.1547477430848155e+34
120 -5 5.5903604757502600e+34
122 -5 1.3687825782850739e+35
124 -5 3.1516571617773211e+35
126 -5 6.8191422828938286e+35
128 -5 1.3804422077207636e+36
130 -5 2.6014271709920886e+36
132 -5 4.5436689768117962e+36
134 -5 7.3032498311412438e+36
136 -5 1.0710553261641378e+37
138 -5 1.4207179854481671e+37
140 -5 1.6779632826325559e+37
142 -5 1.7424970001289346e+37
144 -5 1.5460153838966660e+37
146 -5 1.1340118550153070e+37
148 -5 6.5007219198575946e+36
150 -5 2.6221987260546330e+36
152 -5 5.7621849438556787e+35
66 -4 4.9831196520954180e+09
68 -4 2.5846913934055566e+13
70 -4 5.4008875541923900e+15
72 -4 3.1096097902071718e+17
74 -4 8.5015559064347935e+18
76 -4 1.4952440415701582e+20
78 -4 1.9396658208291430e+21
80 -4 2.0120861833999401e+22
82 -4 1.7555530324913696e+23
84 -4 1.3301164337904371e+24
86 -4 8.9754659987697039e+24
88 -4 5.4968393691383693e+25
90 -4 3.0851525283216422e+26
92 -4 1.6037398585138240e+27
94 -4 7.7896743120659982e+27
96 -4 3.5498446011029292e+28
98 -4 1.5257137059161946e+29
100 -4 6.1968775021208207e+29
102 -4 2.3871114752050905e+30
104 -4 8.7300305624785129e+30
106 -4 3.0338561452294093e+31
108 -4 1.0002225484560440e+32
110 -4 3.1432005101967426e+32
112 -4 9.3715038957448267e+32
114 -4 2.6552647419835352e+33
116 -4 7.1396225997030518e+33
118 -4 1.8174487724698241e+34
120 -4 4.3731686427262048e+34
122 -4 9.9159147172456517e+34
124 -4 2.1126180052364796e+35
126 -4 4.2100965262820819e+35
128 -4 7.8345026419699523e+35
130 -4 1.3514895267452247e+36
132 -4 2.1474615625747540e+36
134 -4 3.1168314926024828e+36
136 -4 4.0956203447037520e+36
138 -4 4.7992695795529116e+36
140 -4 4.9429519724650824e+36
142 -4 4.3617785008706884e+36
144 -4 3.1805996838871114e+36
146 -4 1.8188968792166816e+36
148 -4 7.3228445381909514e+35
150 -4 1.6181118414895968e+35
62 -3 9.8536595337829244e+08
64 -3 2.9857288158701035e+12
66 -3 5.4021873874900038e+14
68 -3 2.9009641197681180e+16
70 -3 7.6045792822361856e+17
72 -3 1.2975133261655136e+19
74 -3 1.6391171428419037e+20
76 -3 1.6647632376730157e+21
78 -3 1.4257682605532087e+22
80 -3 1.0678010929569663e+23
82 -3 7.1481615014713341e+23
84 -3 4.3519027745859410e+24
86 -3 2.4432685620987238e+25
88 -3 1.2742730687389928e+26
90 -3 6.2311091557284315e+26
92 -3 2.8661388730797425e+27
94 -3 1.2463108518512604e+28
96 -3 5.1379922671556164e+28
98 -3 2.0140191615722862e+29
100 -3 7.5136849269770335e+29
102 -3 2.6673655207912382e+30
104 -3 9.0249004514297295e+30
106 -3 2.9105093045756877e+31
108 -3 8.9341400477121252e+31
110 -3 2.6133673221674912e+32
112 -3 7.2834589949546573e+32
114 -3 1.9250028807243313e+33
116 -3 4.8237885717375279e+33
118 -3 1.1448649102387776e+34
120 -3 2.5603568251039114e+34
122 -3 5.3952822052807717e+34
124 -3 1.0645050908535098e+35
126 -3 1.9593755201123822e+35
128 -3 3.3478842742465173e+35
130 -3 5.2767109516913071e+35
132 -3 7.6090822482297555e+35
134 -3 9.9281059259100364e+35
136 -3 1.1574306547209562e+36
138 -3 1.1867504602032212e+36
140 -3 1.0440564274912990e+36
142 -3 7.6059393750345281e+35
144 -3 4.3473461860879188e+35
146 -3 1.7569777322255971e+35
148 -3 3.9065524603031172e+34
58 -2 1.3571613573702130e+08
60 -2 2.6168074529331696e+11
62 -2 4.1619919932217641e+13
64 -2 2.0760572101470598e+15
66 -2 5.2287878095612112e+16
68 -2 8.5836788218608691e+17
70 -2 1.0557942823517690e+19
72 -2 1.0482767326474597e+20
74 -2 8.8316811629834024e+20
76 -2 6.5279862311955338e+21
78 -2 4.3324804176361627e+22
80 -2 2.6271930830982216e+23
82 -2 1.4766805582256705e+24
84 -2 7.7554277956439482e+24
86 -2 3.8214956516083626e+25
88 -2 1.7797384414219689e+26
90 -2 7.8523829829840952e+26
92 -2 3.2979404637423426e+27
94 -2 1.3161493256612821e+28
96 -2 5.0262530425681456e+28
98 -2 1.8280603125796895e+29
100 -2 6.3498414002126478e+29
102 -2 2.1071652804097978e+30
104 -2 6.6807104547719494e+30
106 -2 2.0177158125271252e+31
108 -2 5.8244992619632812e+31
110 -2 1.5987903705252408e+32
112 -2 4.1769742463686968e+32
114 -2 1.0348965094791608e+33
116 -2 2.4310619310028107e+33
118 -2 5.3939893124046615e+33
120 -2 1.1273228229355189e+34
122 -2 2.2080213377215305e+34
124 -2 4.0378453019729080e+34
126 -2 6.8664585523333705e+34
128 -2 1.0768425532442170e+35
130 -2 1.5461343618268167e+35
132 -2 2.0104892386228532e+35
134 -2 2.3416842337063962e+35
136 -2 2.3972001065102134e+35
138 -2 2.1089081284705227e+35
140 -2 1.5407512266419747e+35
142 -2 8.8412491188831619e+34
144 -2 3.5993851804974613e+34
146 -2 8.0884123246958075e+33
54 -1 1.2365946516009577e+07
56 -1 1.6487561776011780e+10
58 -1 2.2958132477755894e+12
60 -1 1.0710705034901055e+14
62 -1 2.5648475658835530e+15
64 -1 4.0707001239024152e+16
66 -1 4.8643244012775174e+17
68 -1 4.7164636236347679e+18
70 -1 3.8899032348285420e+19
72 -1 2.8419818825575524e+20
74 -1 1.8790232303799965e+21
76 -1 1.1433747362634319e+22
78 -1 6.4699350494313903e+22
80 -1 3.4343195902141569e+23
82 -1 1.7195772213212846e+24
84 -1 8.1618612645519647e+24
86 -1 3.6794713619500704e+25
88 -1 1.5802625237393671e+26
90 -1 6.4701390490191493e+26
92 -1 2.5307163784967757e+27
94 -1 9.4696455174462886e+27
96 -1 3.3912314129046228e+28
98 -1 1.1610259500577350e+29
100 -1 3.8075146542005336e+29
102 -1 1.1928873496261326e+30
104 -1 3.5730529220600743e+30
106 -1 1.0211477348055876e+31
108 -1 2.7837848527874380e+31
110 -1 7.2190015155260192e+31
112 -1 1.7784431791366044e+32
114 -1 4.1557208101026577e+32
116 -1 9.1800762669880376e+32
118 -1 1.9088765355660881e+33
120 -1 3.7317413915898818e+33
122 -1 6.8140194409340736e+33
124 -1 1.1550572677326213e+34
126 -1 1.8097411812243648e+34
128 -1 2.5992812741236073e+34
130 -1 3.3833671361518775e+34
132 -1 3.9433121676304942e+34
134 -1 4.0486854799251096e+34
136 -1 3.5787005097481271e+34
138 -1 2.6296186634822075e+34
140 -1 1.5200197575520520e+34
142 -1 6.2574200060231270e+33
144 -1 1.4297938219251197e+33
50 0 6.7939668185976567e+05
52 0 6.5641950280502224e+08
54 0 8.1022327837967682e+10
56 0 3.5244418768055693e+12
58 0 8.0871791118589656e+13
60 0 1.2350091382508562e+15
62 0 1.4285827246536400e+16
64 0 1.3467793323748470e+17
66 0 1.0984646579856983e+18
68 0 7.9666401311968922e+18
70 0 5.3104818106873922e+19
72 0 3.2700963765251703e+20
74 0 1.8886202270771163e+21
76 0 1.0308417888197435e+22
78 0 5.3194475027804860e+22
80 0 2.5988896009418633e+23
82 0 1.2065397198483535e+24
84 0 5.3574224097687947e+24
86 0 2.2711231738555850e+25
88 0 9.2174786932430446e+25
90 0 3.5804204292426350e+26
92 0 1.3282711306811096e+27
94 0 4.7296811491339111e+27
96 0 1.6102743501275899e+28
98 0 5.2508833400199058e+28
100 0 1.6409365779209716e+29
102 0 4.8982718746945933e+29
104 0 1.3966268714274244e+30
106 0 3.7980268127909344e+30
108 0 9.8423285654833417e+30
110 0 2.4232426821424359e+31
112 0 5.6615150129847459e+31
114 0 1.2511422311860885e+32
116 0 2.6055951170152519e+32
118 0 5.0932120584073807e+32
120 0 9.3171102737678021e+32
122 0 1.5839013218053249e+33
124 0 2.4896344665972900e+33
126 0 3.5887375571797988e+33
128 0 4.6951032763734513e+33
130 0 5.5032471535545071e+33
132 0 5.6898518275825030e+33
134 0 5.0667286802416273e+33
136 0 3.7572270771855214e+33
138 0 2.2049286660207726e+33
140 0 9.1761255300687883e+32
142 0 2.1493743405630735e+32
46 1 1.7103054471516880e+04
48 1 1.2529975862949118e+07
50 1 1.3730370507847245e+09
52 1 5.5834781025730919e+10
54 1 1.2111263213748091e+12
56 1 1.7822632942406195e+13
58 1 1.9962400353992319e+14
60 1 1.8564908974141928e+15
62 1 1.5116963182009542e+16
64 1 1.1332635026304582e+17
66 1 7.8805457627827430e+17
68 1 5.1568944191494093e+18
70 1 3.1747485171657744e+19
72 1 1.8360451057714296e+20
74 1 1.0047853485481047e+21
76 1 5.2077886270484460e+21
78 1 2.5632975124040635e+22
80 1 1.1992380425826540e+23
82 1 5.3610910954671576e+23
84 1 2.2846634461645616e+24
86 1 9.3202758050249381e+24
88 1 3.6379908979429544e+25
90 1 1.3581257496512463e+26
92 1 4.8645127031858720e+26
94 1 1.6669249045356034e+27
96 1 5.4622678832823446e+27
98 1 1.7135884621456537e+28
100 1 5.1416424218726572e+28
102 1 1.4753235233995302e+29
104 1 4.0336420354686590e+29
106 1 1.0495174828711701e+30
108 1 2.5998323422678155e+30
110 1 6.1051692527605852e+30
112 1 1.3547584714127469e+31
114 1 2.8352912078417725e+31
116 1 5.5841798243975415e+31
118 1 1.0273074974553459e+32
120 1 1.7585872299271139e+32
122 1 2.7867488342421068e+32
124 1 4.0484406536247265e+32
126 1 5.3449677766115995e+32
128 1 6.3258002693632718e+32
130 1 6.6169827998225635e+32
132 1 5.9602715208252338e+32
134 1 4.4870884004615110e+32
136 1 2.6744892390936194e+32
138 1 1.1369376103563932e+32
140 1 2.7378119328006496e+31
50 2 4.9691280409764400e+05
52 2 2.6482814650319624e+08
54 2 2.5750885884520195e+10
56 2 9.9099913118308398e+11
58 2 2.0906371533728383e+13
60 2 2.9650062659587656e+14
62 2 3.2063504164300200e+15
64 2 2.8487019254900276e+16
66 2 2.1875257666502765e+17
68 2 1.5008380650513339e+18
70 2 9.4438570341710971e+18
72 2 5.5199384990982341e+19
74 2 3.0208596540392761e+20
76 2 1.5583153521828786e+21
78 2 7.6080126044430464e+21
80 2 3.5232172061029248e+22
82 2 1.5542354918403712e+23
84 2 6.5022383244330264e+23
86 2 2.6051028111802841e+24
88 2 9.9468663109822800e+24
90 2 3.6320609569917627e+25
92 2 1.2664137831438193e+26
94 2 4.2211670618474701e+26
96 2 1.3459389711774681e+27
98 2 4.0967091693738662e+27
100 2 1.1893475176397543e+28
102 2 3.2924821336344727e+28
104 2 8.6784745157623013e+28
106 2 2.1760497367994515e+29
108 2 5.1615676391369626e+29
110 2 1.1584606209159086e+30
112 2 2.4535701784914807e+30
114 2 4.8877352332938048e+30
116 2 9.0924736868730479e+30
118 2 1.5741734456780099e+31
120 2 2.5237579662015478e+31
122 2 3.7197378017283297e+31
124 2 4.9728184780587842e+31
126 2 5.9735120613830432e+31
128 2 6.3391810097843778e+31
130 2 5.8133528017523121e+31
132 2 4.4598628392095295e+31
134 2 2.7118034028384146e+31
136 2 1.1821076121736030e+31
138 2 2.9407321807968430e+30
54 3 7.1119386840877850e+06
56 3 2.6856460050349627e+09
58 3 2.1276334798726093e+11
60 3 7.5945542439985156e+12
62 3 1.5245979894916456e+14
64 3 2.0858128620096985e+15
66 3 2.1691590242078372e+16
68 3 1.8481790204340800e+17
70 3 1.3459866816842040e+18
72 3 8.7200206169420554e+18
74 3 5.1240383274130055e+19
76 3 2.7798883460660422e+20
78 3 1.4017146463760063e+21
80 3 6.6341376443106659e+21
82 3 2.9565734105165521e+22
84 3 1.2476924948844554e+23
86 3 5.0028466251226671e+23
88 3 1.8986351049704491e+24
90 3 6.8680452376268823e+24
92 3 2.3689706358973546e+25
94 3 7.7676817260207009e+25
96 3 2.4252276022898534e+26
98 3 7.2311900822683424e+26
100 3 2.0484087299481600e+27
102 3 5.5098188774694383e+27
104 3 1.4063930675107215e+28
106 3 3.4030259449026845e+28
108 3 7.7774055308004514e+28
110 3 1.6753316999999843e+29
112 3 3.3920377842694767e+29
114 3 6.4308046572056840e+29
116 3 1.1326484176664413e+30
118 3 1.8488312447773794e+30
120 3 2.7681776500383984e+30
122 3 3.7661968627742435e+30
124 3 4.6173779716526643e+30
126 3 4.9916357917284307e+30
128 3 4.6844403909986458e+30
130 3 3.6704128345574307e+30
132 3 2.2901821727362576e+30
134 3 1.0274486342965042e+30
136 3 2.6566096851458153e+29
58 4 6.0636717509236395e+07
60 4 1.6569211981462807e+10
62 4 1.0464545486491759e+12
64 4 3.3240793648906570e+13
66 4 6.2449534617868450e+14
68 4 8.1490666176706340e+15
70 4 8.1144423798095696e+16
72 4 6.5934294869271936e+17
74 4 4.5820656480152166e+18
76 4 2.8093504375111094e+19
78 4 1.5510544880060940e+20
80 4 7.8366704724875844e+20
82 4 3.6703739235879585e+21
84 4 1.6020533978697277e+22
86 4 6.5701600627250443e+22
88 4 2.5365704105265664e+23
90 4 9.2499267879026521e+23
92 4 3.1925655736318762e+24
94 4 1.0441215892908600e+25
96 4 3.2317680162294627e+25
98 4 9.4985803020548959e+25
100 4 2.6414363673729418e+26
102 4 6.9517374436566957e+26
104 4 1.7325221980593133e+27
106 4 4.0680381650480237e+27
108 4 8.9850969656695843e+27
110 4 1.8644108695177420e+28
112 4 3.6186407762402037e+28
114 4 6.5200315832972826e+28
116 4 1.0881021798471586e+29
118 4 1.6645791713194679e+29
120 4 2.3224780667788469e+29
122 4 2.9070289824031569e+29
124 4 3.2222092191099578e+29
126 4 3.1033139856945089e+29
128 4 2.4994261078288490e+29
130 4 1.6071759793603501e+29
132 4 7.4534760255210955e+28
134 4 2.0193680486292375e+28
60 5 2.9220932008919684e+04
62 5 3.1814209770807374e+08
64 5 6.7489368773599251e+10
66 5 3.4118659847657212e+12
68 5 9.4570586089303797e+13
70 5 1.6407133750697000e+15
72 5 1.9992208762489972e+16
74 5 1.8810758683210666e+17
76 5 1.4474843729066350e+18
78 5 9.5341844650402140e+18
80 5 5.4935285846375547e+19
82 5 2.8422067563917138e+20
84 5 1.3385325734332156e+21
86 5 5.8037991582602122e+21
88 5 2.3377026085932681e+22
90 5 8.7811450758168714e+22
92 5 3.0880022291725474e+23
94 5 1.0211015023682506e+24
96 5 3.1751392690207604e+24
98 5 9.3071059186166922e+24
100 5 2.5675772401969281e+25
102 5 6.6737547988588737e+25
104 5 1.6271991781417220e+26
106 5 3.7290188334938810e+26
108 5 7.9953172465551545e+26
110 5 1.6010756011102570e+27
112 5 2.9752851794193670e+27
114 5 5.1116401826827169e+27
116 5 8.0624680136543718e+27
118 5 1.1553772276382612e+28
120 5 1.4912252312758287e+28
122 5 1.7044533443663660e+28
124 5 1.6868083529229090e+28
126 5 1.4039455009753710e+28
128 5 9.3558262460572585e+27
130 5 4.5099975378558490e+27
132 5 1.2919471522750893e+27
64 6 3.6538648611225910e+05
66 6 1.0639044984184357e+09
68 6 1.8610990101657932e+11
70 6 7.6870399332095762e+12
72 6 1.8382382371650466e+14
74 6 2.8869942849317655e+15
76 6 3.2575157737953520e+16
78 6 2.8634730612944883e+17
80 6 2.0591240413538591e+18
82 6 1.2681653187411329e+19
84 6 6.8330538738684281e+19
86 6 3.2867191189942652e+20
88 6 1.4308755562107927e+21
90 6 5.6982114764813888e+21
92 6 2.0979502762202619e+22
94 6 7.1604100298949607e+22
96 6 2.2756594644830931e+23
98 6 6.7427205317057099e+23
100 6 1.8683207864401075e+24
102 6 4.8281485314134996e+24
104 6 1.1643616981248645e+25
106 6 2.6189386302929644e+25
108 6 5.4705686583250741e+25
110 6 1.0615275532363386e+26
112 6 1.8949018689717670e+26
114 6 3.0953262254583472e+26
116 6 4.6123113139384243e+26
118 6 6.1614056279893144e+26
120 6 7.3154919758925673e+26
122 6 7.4995656399163619e+26
124 6 6.4844327390793823e+26
126 6 4.5014344047302693e+26
128 6 2.2695066411629485e+26
130 6 6.9022405199543367e+25
68 7 2.3968012439102521e+06
70 7 2.3026947226459475e+09
72 7 3.4131476806459015e+11
74 7 1.2078941810267162e+13
76 7 2.5122817427981912e+14
78 7 3.5023386680371010e+15
80 7 3.6093152547338944e+16
82 7 2.9110444497051085e+17
84 7 1.9411641815191268e+18
86 7 1.1080704202406216e+19
88 7 5.4972139768913912e+19
90 7 2.4305501799148123e+20
92 7 9.6835507041970854e+20
94 7 3.5000290251476131e+21
96 7 1.1638255772577967e+22
98 7 3.5585674866060257e+22
100 7 1.0034919889275034e+23
102 7 2.6154471320006776e+23
104 7 6.3158681377948365e+23
106 7 1.4042868414377905e+24
108 7 2.8865653131056083e+24
110 7 5.4333876392668548e+24
112 7 9.3559638640309134e+24
114 7 1.4572804198640979e+25
116 7 2.0403260370160201e+25
118 7 2.5256602192609243e+25
120 7 2.7114115699684544e+25
122 7 2.4489115097723238e+25
124 7 1.7833489440125226e+25
126 7 9.4473413171288688e+24
128 7 3.0769281279948856e+24
72 8 9.4578263222071268e+06
74 8 3.3997696491430664e+09
76 8 4.2484140544859229e+11
78 8 1.3099985612332352e+13
80 8 2.3744680189193994e+14
82 8 2.9276007808292840e+15
84 8 2.7179408160355536e+16
86 8 1.9996868719018643e+17
88 8 1.2202359228067953e+18
90 8 6.3406643936655514e+18
92 8 2.8635824706810405e+19
94 8 1.1447332827908361e+20
96 8 4.1079971845881699e+20
98 8 1.3281678779492328e+21
100 8 3.8960653541157749e+21
102 8 1.0417229344970503e+22
104 8 2.5498493360793608e+22
106 8 5.6881216185814133e+22
108 8 1.1565971432962159e+23
110 8 2.1280974973830142e+23
112 8 3.5423532984785619e+23
114 8 5.2632091115422684e+23
116 8 6.8764473469759127e+23
118 8 7.8234966683634253e+23
120 8 7.4444391006487500e+23
122 8 5.7540889423094002e+23
124 8 3.2197816584230029e+23
126 8 1.1361027749964529e+23
76 9 2.5421202736491546e+07
78 9 3.6120454064661655e+09
80 9 3.5658255867507495e+11
82 9 9.6765279646467715e+12
84 9 1.5309477127442453e+14
86 9 1.6829284121678218e+15
88 9 1.3962838353539964e+16
90 9 9.1871967619351040e+16
92 9 5.0410322637012608e+17
94 9 2.3462017542357412e+18
96 9 9.4605665618499604e+18
98 9 3.3564675323483210e+19
100 9 1.0558872796258142e+20
102 9 2.9720223214432512e+20
104 9 7.4900563774611810e+20
106 9 1.6934668113341975e+21
108 9 3.4475974907462974e+21
110 9 6.2799465162243393e+21
112 9 1.0120659153717557e+22
114 9 1.4287241913451183e+22
116 9 1.7461904344062701e+22
118 9 1.7833520307905686e+22
120 9 1.4764692077072802e+22
122 9 8.8273115181654118e+21
124 9 3.4384040394300855e+21
80 10 4.0666430516017631e+07
82 10 2.9808141103826604e+09
84 10 2.0795771563930981e+11
86 10 4.8566140648798477e+12
88 10 6.6869862363729727e+13
90 10 6.4458426707153762e+14
92 10 4.7235356983955410e+15
94 10 2.7554091381336016e+16
96 10 1.3287467936493390e+17
98 10 5.4288499400497741e+17
100 10 1.9031299595906447e+18
102 10 5.8013798177261271e+18
104 10 1.5500290808158071e+19
106 10 3.6450065957637784e+19
108 10 7.5241227197566140e+19
110 10 1.3667761314956016e+20
112 10 2.1378797304134618e+20
114 10 2.8822051417043789e+20
116 10 3.2137951945329082e+20
118 10 2.9155754368536350e+20
120 10 1.8975273487096431e+20
122 10 8.2985775546908672e+19
84 11 4.1662495457221515e+07
86 11 1.8597993632343321e+09
88 11 8.3727928416896210e+10
90 11 1.6380433994283948e+12
92 11 1.9416999067843320e+13
94 11 1.6122445951767656e+14
96 11 1.0212977736672245e+15
98 11 5.1342351361680070e+15
100 11 2.1252066931430532e+16
102 11 7.3306151048710496e+16
104 11 2.1523394924693811e+17
106 11 5.3786011321953939e+17
108 11 1.1556592470657160e+18
110 11 2.0994418141518769e+18
112 11 3.2507812230810435e+18
114 11 4.0998596885888942e+18
116 11 4.2023708010497106e+18
118 11 3.0356823771393746e+18
120 11 1.5217144308163599e+18
88 12 2.4357252749809477e+07
90 12 8.3640692694641829e+08
92 12 2.3579021330135792e+10
94 12 3.6668395349599335e+11
96 12 3.6012752811118662e+12
98 12 2.5229789592684863e+13
100 12 1.3305647974744875e+14
102 12 5.5621012987429288e+14
104 12 1.8712467012503045e+15
106 12 5.1983709439382660e+15
108 12 1.1790659572722474e+16
110 12 2.2254641455435296e+16
112 12 3.3416397959391680e+16
114 12 4.0519731146774432e+16
116 12 3.3616038743384232e+16
118 12 2.0449599747509812e+16
92 13 8.6968069701188356e+06
94 13 2.2785543738142395e+08
96 13 4.4515162125915260e+09
98 13 5.1793840967215744e+10
100 13 4.0682011265119183e+11
102 13 2.2484207251899272e+12
104 13 9.5055863636439023e+12
106 13 3.0261499853121570e+13
108 13 7.7621989606125219e+13
110 13 1.4900331774179769e+14
112 13 2.3216814446041284e+14
114 13 2.3246851742684153e+14
116 13 1.8016800813347688e+14
96 14 1.6463834533898165e+06
98 14 3.7787623663228899e+07
100 14 4.8601700759180242e+08
102 14 4.3737633861807537e+09
104 14 2.4465647616218956e+10
106 14 1.0347818473076605e+11
108 14 2.9010801505243457e+11
110 14 6.5160081181607239e+11
112 14 8.4928887904505396e+11
114 14 9.2797049337637134e+11
100 15 1.9573615912852815e+05
102 15 3.0621890159923583e+06
104 15 3.0393700918887313e+07
106 15 1.5857245575634420e+08
108 15 6.4878907652244353e+08
110 15 1.2736639260890291e+09
112 15 2.2077529825598965e+09
104 16 9.5324487788757469e+03
106 16 1.3406668191905876e+05
108 16 5.5886681105341227e+05
110 16 1.8785038082111769e+06
108 17 2.3160048477479012e+02
