296 -60 3.9452744979453702e+00
298 -60 1.1779813104206856e+02
300 -60 7.4962281383448135e+02
302 -60 1.1299819417653016e+03
292 -59 1.9111411381829771e+02
294 -59 6.5545567483191280e+03
296 -59 7.8890602362312013e+04
298 -59 3.0564004015860049e+05
300 -59 3.3010817969088105e+05
288 -58 1.1545549119481666e+04
290 -58 2.1923659377673490e+05
292 -58 2.7053090471746088e+06
294 -58 1.7853079732821241e+07
296 -58 4.6742118074048266e+07
298 -58 3.8746643834405839e+07
284 -57 4.1956690842005587e+05
286 -57 7.6818136990487948e+06
288 -57 7.0876088558710873e+07
290 -57 4.8469394298897916e+08
292 -57 2.0498229739928918e+09
294 -57 3.8650928346931467e+09
296 -57 2.5615509352856150e+09
280 -56 8.8120946926597077e+06
282 -56 1.8984508215589955e+08
284 -56 1.7636536065620313e+09
286 -56 1.0698565849514168e+10
288 -56 4.8850053046095627e+10
290 -56 1.4352340018393210e+11
292 -56 2.0487126423936725e+11
294 -56 1.1276349997092578e+11
276 -55 1.2943845821643737e+08
278 -55 3.2377377033827629e+09
280 -55 3.4006042853305943e+10
282 -55 2.1185564886963980e+11
284 -55 9.4317659229513452e+11
286 -55 3.1318051992196831e+12
288 -55 6.8286410716738662e+12
290 -55 7.6944018260616162e+12
292 -55 3.6151027769491392e+12
272 -54 1.5320862019316435e+09
274 -54 4.1454227179996765e+10
276 -54 4.9504021289552051e+11
278 -54 3.4184656773587710e+12
280 -54 1.5942520656653527e+13
282 -54 5.5161111867682156e+13
284 -54 1.4076892561038584e+14
286 -54 2.3938400788371544e+14
288 -54 2.2016416508152519e+14
290 -54 9.0156957767326938e+13
268 -53 1.5368630428823486e+10
270 -53 4.4020670206579486e+11
272 -53 5.7204817622593154e+12
274 -53 4.4244620362096906e+13
276 -53 2.2605730709128944e+14
278 -53 8.3331782182713038e+14
280 -53 2.3118203207538275e+15
282 -53 4.7366992412461940e+15
284 -53 6.5022976540259930e+15
286 -53 5.0754614061662790e+15
288 -53 1.8258432117024600e+15
264 -52 1.3510121826409949e+11
266 -52 4.0471226469387524e+12
268 -52 5.6046293937208852e+13
270 -52 4.7061362367569675e+14
272 -52 2.6498954883704180e+15
274 -52 1.0692361264556636e+16
276 -52 3.2212323639274524e+16
278 -52 7.4079823442467264e+16
280 -52 1.2540995721879725e+17
282 -52 1.4407309584887472e+17
284 -52 9.7391505360495712e+16
286 -52 3.1268058492467424e+16
260 -51 1.0679441450228385e+12
262 -51 3.3188385540601480e+13
264 -51 4.8233320600785638e+14
266 -51 4.3193916796541075e+15
268 -51 2.6385817700286976e+16
270 -51 1.1643474919583270e+17
272 -51 3.8393479626362925e+17
274 -51 9.7451594324509427e+17
276 -51 1.8938026236743048e+18
278 -51 2.7182825019625667e+18
280 -51 2.6897683155189366e+18
282 -51 1.6061495926440417e+18
284 -51 4.6361925308882490e+17
254 -50 3.5238725322356685e+06
256 -50 7.7387360679985117e+12
258 -50 2.4646396226253097e+14
260 -50 3.7249367917822195e+15
262 -50 3.5103502151382532e+16
264 -50 2.2943288004456365e+17
266 -50 1.0943906874901627e+18
268 -50 3.9494384053891123e+18
270 -50 1.0974910966119123e+19
272 -50 2.3876577845721965e+19
274 -50 4.0064607010721792e+19
276 -50 4.9902075376453853e+19
278 -50 4.3446173021129572e+19
280 -50 2.3401334758886932e+19
282 -50 6.1311248741549005e+18
250 -49 1.6197830650407261e+08
252 -49 5.1635660788337508e+13
254 -49 1.6870772033832842e+15
256 -49 2.6324685140489736e+16
258 -49 2.5866270905800582e+17
260 -49 1.7783331902263242e+18
262 -49 9.1053045626942116e+18
264 -49 3.5514666951936119e+19
266 -49 1.0793429391824249e+20
268 -49 2.5899353846833132e+20
270 -49 4.9043380070720917e+20
272 -49 7.2111412767177677e+20
274 -49 7.9526359919215418e+20
276 -49 6.2119440918944521e+20
278 -49 3.0598276553973930e+20
280 -49 7.3548790642673975e+19
246 -48 3.9203814104211483e+09
248 -48 3.1585476013463125e+14
250 -48 1.0621092682298730e+16
252 -48 1.7127776538615990e+17
254 -48 1.7498321710577531e+18
256 -48 1.2601795070275254e+19
258 -48 6.8259141761450582e+19
260 -48 2.8433777141790618e+20
262 -48 9.3564782628055482e+20
264 -48 2.4554676807413772e+21
266 -48 5.1595347082741274e+21
268 -48 8.6654995058332334e+21
270 -48 1.1372893564307623e+22
272 -48 1.1300974479638975e+22
274 -48 8.0256144154796344e+21
276 -48 3.6405175176732313e+21
278 -48 8.0970858895341388e+20
242 -47 6.2224585740960327e+10
244 -47 1.7941957807884875e+15
246 -47 6.2220187090662336e+16
248 -47 1.0363188697961930e+18
250 -47 1.0918640801060733e+19
252 -47 8.2181043762537906e+19
254 -47 4.6591049954337069e+20
256 -47 2.0663818093208771e+21
258 -47 7.2700598575472732e+21
260 -47 2.0693428074273988e+22
262 -47 4.7603700885539147e+22
264 -47 8.8987772469434101e+22
266 -47 1.3418163323478774e+23
268 -47 1.5937319890044218e+23
270 -47 1.4462753977792496e+23
272 -47 9.4533573938964857e+22
274 -47 3.9865878361560605e+22
276 -47 8.2746872752887562e+21
238 -46 7.1443831755786670e+11
240 -46 9.5455454077417800e+15
242 -46 3.4002286577251520e+17
244 -46 5.8178071296618322e+18
246 -46 6.3421405397533360e+19
248 -46 4.9549850192373829e+20
250 -46 2.9310816804382504e+21
252 -46 1.3647863435199531e+22
254 -46 5.1139460039516554e+22
256 -46 1.5599374569659985e+23
258 -46 3.9036935079384219e+23
260 -46 8.0254207231330929e+23
262 -46 1.3535883754586337e+24
264 -46 1.8547938880771835e+24
266 -46 2.0172111495824720e+24
268 -46 1.6874635859379603e+24
270 -46 1.0238205009004656e+24
272 -46 4.0351901993921995e+23
274 -46 7.8562832448339634e+22
234 -45 6.6457304031424688e+12
236 -45 4.7791107002637408e+16
238 -45 1.7409002607586668e+18
240 -45 3.0608289549837079e+19
242 -45 3.4451823130524602e+20
244 -45 2.7750776986673301e+21
246 -45 1.7114721883397856e+22
248 -45 8.3525608034439356e+22
250 -45 3.2958308267189972e+23
252 -45 1.0700293670832107e+24
254 -45 2.8730123772954940e+24
256 -45 6.4283082128130585e+24
258 -45 1.1938827282289367e+25
260 -45 1.8343449905629439e+25
262 -45 2.3104933899049398e+25
264 -45 2.3236230441738992e+25
266 -45 1.8100162350297029e+25
268 -45 1.0277457931849576e+25
270 -45 3.8095759063018233e+24
272 -45 6.9988067823119600e+23
230 -44 5.3709495862895055e+13
232 -44 2.2632131621852800e+17
234 -44 8.4107903334341018e+18
236 -44 1.5153596558574676e+20
238 -44 1.7480665801802590e+21
240 -44 1.4603331073578369e+22
242 -44 9.3259370705832775e+22
244 -44 4.7289820297609043e+23
246 -44 1.9619758303124493e+24
248 -44 6.7140415272563389e+24
250 -44 1.9241770023845560e+25
252 -44 4.6237858491952001e+25
254 -44 9.3598334455672468e+25
256 -44 1.5872025926090567e+26
258 -44 2.2474999912764267e+26
260 -44 2.6195196084910628e+26
262 -44 2.4567964320492841e+26
264 -44 1.7952389384752193e+26
266 -44 9.6026624126964108e+25
268 -44 3.3740663641343763e+25
270 -44 5.8552145242870332e+24
226 -43 3.8510934698388825e+14
228 -43 1.0181807658183434e+18
230 -43 3.8442208879670673e+19
232 -43 7.0590562601930051e+20
234 -43 8.3535755296121993e+21
236 -43 7.1706084025488688e+22
238 -43 4.7364158936401472e+23
240 -43 2.4990650007840873e+24
242 -43 1.0787763242640009e+25
244 -43 3.8753636780182976e+25
246 -43 1.1752584189980360e+26
248 -43 3.0129533805664744e+26
250 -43 6.5701277266335211e+26
252 -43 1.2152418190343408e+27
254 -43 1.9077530263771043e+27
256 -43 2.5073912672244700e+27
258 -43 2.7298335388838467e+27
260 -43 2.4038573727015181e+27
262 -43 1.6562941597306708e+27
264 -43 8.3940378228889001e+26
266 -43 2.7994734673426740e+26
268 -43 4.6307466843706822e+25
222 -42 2.4612052255535955e+15
224 -42 4.3168590362462034e+18
226 -42 1.6564163408940315e+20
228 -42 3.0986227708693536e+21
230 -42 3.7665862214619419e+22
232 -42 3.3105291141680216e+23
234 -42 2.2531809956747972e+24
236 -42 1.2296270876607404e+25
238 -42 5.5242835526824558e+25
240 -42 2.0747548697580306e+26
242 -42 6.6013405229855965e+26
244 -42 1.7943467064427888e+27
246 -42 4.1818887498888942e+27
248 -42 8.3540464506015078e+27
250 -42 1.4283112175558465e+28
252 -42 2.0833103860795862e+28
254 -42 2.5627367778929210e+28
256 -42 2.6245944820372837e+28
258 -42 2.1831158917699089e+28
260 -42 1.4250481795645092e+28
262 -42 6.8771029730200857e+27
264 -42 2.1911806552003485e+27
266 -42 3.4588431575075210e+26
218 -41 1.4353858950558960e+16
220 -41 1.7401063805734828e+19
222 -41 6.7629725453497729e+20
224 -41 1.2902517180578438e+22
226 -41 1.5951160454677118e+23
228 -41 1.4375710872956314e+24
230 -41 1.0050971337318658e+25
232 -41 5.6619524741255146e+25
234 -41 2.6324888119662043e+26
236 -41 1.0303025897502140e+27
238 -41 3.4297809599283575e+27
240 -41 9.7988584846002622e+27
242 -41 2.4243263768071186e+28
244 -41 5.1798091351151391e+28
246 -41 9.5796411469391992e+28
248 -41 1.5265436543245302e+29
250 -41 2.0862089530981464e+29
252 -41 2.4136016619312407e+29
254 -41 2.3382032059348810e+29
256 -41 1.8480018867669081e+29
258 -41 1.1478035833515755e+29
260 -41 5.2906287298890592e+28
262 -41 1.6177882487476830e+28
264 -41 2.4471418473610263e+27
214 -40 7.6397974724145392e+16
216 -40 6.7037604466964218e+19
218 -40 2.6176395820118531e+21
220 -40 5.0597400735131927e+22
222 -40 6.3833294091541750e+23
224 -40 5.8779948368422759e+24
226 -40 4.2166965541005588e+25
228 -40 2.4403237916801231e+26
230 -40 1.1728754060728672e+27
232 -40 4.7555029572484942e+27
234 -40 1.6513958177487375e+28
236 -40 4.9514309307138395e+28
238 -40 1.2882174147773360e+29
240 -40 2.9254517897477789e+29
242 -40 5.7887530357711795e+29
244 -40 9.9736548436707373e+29
246 -40 1.4913913891576451e+30
248 -40 1.9210476535512234e+30
250 -40 2.1102106489719863e+30
252 -40 1.9427606389809549e+30
254 -40 1.4638259633582464e+30
256 -40 8.6938695528213192e+29
258 -40 3.8476515052995277e+29
260 -40 1.1273760080609385e+29
262 -40 1.6428811383074602e+28
210 -39 3.7746476814182246e+17
212 -39 2.4475170658948887e+20
214 -39 9.5862842704924519e+21
216 -39 1.8800769187443855e+23
218 -39 2.4054240975049915e+24
220 -39 2.2601497801161134e+25
222 -39 1.6561696657959311e+26
224 -39 9.8612485228765410e+26
226 -39 4.8764678782384542e+27
228 -39 2.0480434727285776e+28
230 -39 7.3807881284950313e+28
232 -39 2.3066315904736626e+29
234 -39 6.3066824770378083e+29
236 -39 1.5104923889266731e+30
238 -39 3.1777109467433371e+30
240 -39 5.8714979475934746e+30
242 -39 9.5019107003799127e+30
244 -39 1.3407708215096786e+31
246 -39 1.6384995239439916e+31
248 -39 1.7117546101122504e+31
250 -39 1.5042423635230936e+31
252 -39 1.0856360221738957e+31
254 -39 6.2000837332322043e+30
256 -39 2.6409751839329229e+30
258 -39 7.4526627560601625e+29
260 -39 1.0480806171854726e+29
204 -38 2.4489248638731162e+12
206 -38 1.7063388699033715e+18
208 -38 8.5035172539221423e+20
210 -38 3.3334196474305191e+22
212 -38 6.6041997153515061e+23
214 -38 8.5579626859766988e+24
216 -38 8.1761212592205461e+25
218 -38 6.1268106081876639e+26
220 -38 3.7279414855552278e+27
222 -38 1.8933998037763277e+28
224 -38 8.2058249834121179e+28
226 -38 3.0618402061298782e+29
228 -38 9.9648684815975490e+29
230 -38 2.8443962075614511e+30
232 -38 7.1605378058475837e+30
234 -38 1.5919347988024551e+31
236 -38 3.1307868049901239e+31
238 -38 5.4353066394156320e+31
240 -38 8.3219643329564435e+31
242 -38 1.1140980935079571e+32
244 -38 1.2954901772805600e+32
246 -38 1.2950920404068867e+32
248 -38 1.0929346129609432e+32
250 -38 7.5785093420993675e+31
252 -38 4.1675871920082614e+31
254 -38 1.7121351084880210e+31
256 -38 4.6694014486536519e+30
258 -38 6.3465018096018810e+29
200 -37 5.4971825291309055e+13
202 -37 7.1463086864998830e+18
204 -37 2.8051867043061632e+21
206 -37 1.0965166498889664e+23
208 -37 2.1857978360608144e+24
210 -37 2.8776056027898303e+25
212 -37 2.7879682052304146e+26
214 -37 2.1212273184170413e+27
216 -37 1.3197365095913721e+28
218 -37 6.8867543610144133e+28
220 -37 3.0652960108535220e+29
222 -37 1.1823438370052869e+30
224 -37 3.9895987980268807e+30
226 -37 1.1854250575660992e+31
228 -37 3.1205182519169586e+31
230 -37 7.2931148804341825e+31
232 -37 1.5194096094086654e+32
234 -37 2.8118444711015565e+32
236 -37 4.6212043206171375e+32
238 -37 6.7105960280889853e+32
240 -37 8.5689446464086728e+32
242 -37 9.5548825238890022e+32
244 -37 9.1655564852877211e+32
246 -37 7.4373565598240044e+32
248 -37 4.9801277682366232e+32
250 -37 2.6493091912031122e+32
252 -37 1.0509996930519671e+32
254 -37 2.7752704556761606e+31
256 -37 3.6635923728413874e+30
196 -36 6.5721907284706738e+14
198 -36 2.7791819055744385e+19
200 -36 8.7805293689595746e+21
202 -36 3.4125522277213459e+23
204 -36 6.8283630875352402e+24
206 -36 9.0871178023563421e+25
208 -36 8.9373214087285905e+26
210 -36 6.9247109229384223e+27
212 -36 4.3869347055764995e+28
214 -36 2.3422671820438915e+29
216 -36 1.0694268352780592e+30
218 -36 4.2465190580426278e+30
220 -36 1.4803203316577889e+31
222 -36 4.5706064154474070e+31
224 -36 1.2552964678269279e+32
226 -36 3.0744593861846843e+32
228 -36 6.7345046877727662e+32
230 -36 1.3194396799556621e+33
232 -36 2.3168749421854458e+33
234 -36 3.6146714608127167e+33
236 -36 5.0181124812201974e+33
238 -36 6.1445960114161717e+33
240 -36 6.5732620169640772e+33
242 -36 6.0769407930734915e+33
244 -36 4.7518174307877565e+33
246 -36 3.0775338867387369e+33
248 -36 1.5863801661136425e+33
250 -36 6.1090391592820289e+32
252 -36 1.5642320893469308e+32
254 -36 2.0081176141042101e+31
192 -35 5.6097929173479820e+15
194 -35 1.0088200439916765e+20
196 -35 2.6032860967862335e+22
198 -35 1.0025247449651986e+24
200 -35 2.0149657715560734e+25
202 -35 2.6974398025992029e+26
204 -35 2.6841809111485090e+27
206 -35 2.1134119168324200e+28
208 -35 1.3653132353310940e+29
210 -35 7.4406207767358845e+29
212 -35 3.4829801688339645e+30
214 -35 1.4230007890063173e+31
216 -35 5.1120268461064504e+31
218 -35 1.6318151070902739e+32
220 -35 4.6547853061329697e+32
222 -35 1.1900532158626243e+33
224 -35 2.7365412154307909e+33
226 -35 5.6514068348549971e+33
228 -35 1.0494167736869061e+34
230 -35 1.7524653670217240e+34
232 -35 2.6166582374090847e+34
234 -35 3.4846116132093098e+34
236 -35 4.1025473101130553e+34
238 -35 4.2281782865847355e+34
240 -35 3.7730875545082479e+34
242 -35 2.8610317987543797e+34
244 -35 1.7965827151914315e+34
246 -35 8.9858593003737134e+33
248 -35 3.3639753748658523e+33
250 -35 8.3803016378331823e+32
252 -35 1.0464045142340717e+32
188 -34 3.7514867165388864e+16
190 -34 3.3895408128445986e+20
192 -34 7.3091526471997612e+22
194 -34 2.7813646944120553e+24
196 -34 5.5973764212671326e+25
198 -34 7.5276405969675617e+26
200 -34 7.5694948785543982e+27
202 -34 6.0416625149675972e+28
204 -34 3.9736209751313845e+29
206 -34 2.2044539103513944e+30
208 -34 1.0575267307747247e+31
210 -34 4.4280712334750070e+31
212 -34 1.6375356245290099e+32
214 -34 5.4100768908794792e+32
216 -34 1.5962646767486425e+33
218 -34 4.2435374576732453e+33
220 -34 1.0189929861456403e+34
222 -34 2.2102803930211759e+34
224 -34 4.3307237456547047e+34
226 -34 7.6675878585523698e+34
228 -34 1.2248655538827190e+35
230 -34 1.7560320228115044e+35
232 -34 2.2484517084653558e+35
234 -34 2.5556969007295029e+35
236 -34 2.5487047510809555e+35
238 -34 2.2037914403895334e+35
240 -34 1.6216015182586183e+35
242 -34 9.8898694850061198e+34
244 -34 4.8065642841588042e+34
246 -34 1.7527328687533887e+34
248 -34 4.2608706018117945e+33
250 -34 5.1858265769180757e+32
184 -33 2.0848990503033370e+17
186 -33 1.0624962825677948e+21
188 -33 1.9344880596767821e+23
190 -33 7.2674875499659547e+24
192 -33 1.4549275559917931e+26
194 -33 1.9719258649159744e+27
196 -33 2.0030143106884407e+28
198 -33 1.6180913838485769e+29
200 -33 1.0789200718996445e+30
202 -33 6.1107292453372437e+30
204 -33 2.9862348435652211e+31
206 -33 1.2847461746344707e+32
208 -33 4.8792632705513294e+32
210 -33 1.6570232415599350e+33
212 -33 5.0629120684765435e+33
214 -33 1.3966748494455974e+34
216 -33 3.4906532722005176e+34
218 -33 7.9191147568288257e+34
220 -33 1.6304129790634853e+35
222 -33 3.0481832354686431e+35
224 -33 5.1708069932304455e+35
226 -33 7.9265530528228392e+35
228 -33 1.0960679476499447e+36
230 -33 1.3553663287952639e+36
232 -33 1.4888799229943644e+36
234 -33 1.4405726982931139e+36
236 -33 1.2104199696717878e+36
238 -33 8.6577772260507779e+35
240 -33 5.1405831602805106e+35
242 -33 2.4390364850030142e+35
244 -33 8.6696300769445647e+34
246 -33 2.0566103231593063e+34
248 -33 2.4489844121117466e+33
180 -32 9.8664291553816550e+17
182 -32 3.0867081432069240e+21
184 -32 4.8368780061178854e+23
186 -32 1.7804164386904565e+25
188 -32 3.5577369366115124e+26
190 -32 4.8357747317907597e+27
192 -32 4.9543651026189736e+28
194 -32 4.0485492625649440e+29
196 -32 2.7386702605017459e+30
198 -32 1.5752936890998167e+31
200 -32 7.8648568200522811e+31
202 -32 3.4519142256880319e+32
204 -32 1.3479242016889130e+33
206 -32 4.7090894985792032e+33
208 -32 1.4830900111248700e+34
210 -32 4.2354744773140967e+34
212 -32 1.0993049706088965e+35
214 -32 2.5996043967059399e+35
216 -32 5.6020940853906182e+35
218 -32 1.1021950295955025e+36
220 -32 1.9744407123507904e+36
222 -32 3.2203203564591602e+36
224 -32 4.7652924896856385e+36
226 -32 6.3575076298696297e+36
228 -32 7.6146340492799308e+36
230 -32 8.1309250800831139e+36
232 -32 7.6462108323363176e+36
234 -32 6.2454424890901367e+36
236 -32 4.3592174788536242e+36
238 -32 2.5232536170253083e+36
240 -32 1.1693350329911544e+36
242 -32 4.0644577841635504e+35
244 -32 9.4284053258439750e+34
246 -32 1.0988651841102439e+34
176 -31 4.0992514283907620e+18
178 -31 8.3009316009571296e+21
180 -31 1.1357548743507635e+24
182 -31 4.0989459619678185e+25
184 -31 8.1507209848317427e+26
186 -31 1.1135805556191263e+28
188 -31 1.1456558957860663e+29
190 -31 9.4553583891607889e+29
192 -31 6.4759197044192888e+30
194 -31 3.7892788205284964e+31
196 -31 1.9268865676568659e+32
198 -31 8.6370241927223897e+32
200 -31 3.4500936424928867e+33
202 -31 1.2395291342155821e+34
204 -31 4.0176401879909063e+34
206 -31 1.1850206294588722e+35
208 -31 3.1868718605091652e+35
210 -31 7.8288241600430285e+35
212 -31 1.7618333525989060e+36
214 -31 3.6297687360472781e+36
216 -31 6.8472396630374823e+36
218 -31 1.1814353433833345e+37
220 -31 1.8586725032338119e+37
222 -31 2.6600631701400378e+37
224 -31 3.4423207705627548e+37
226 -31 4.0054519720485269e+37
228 -31 4.1569840451639074e+37
230 -31 3.8092094278980281e+37
232 -31 3.0368412633560978e+37
234 -31 2.0670339979175733e+37
236 -31 1.1710146442038276e+37
238 -31 5.3052188875214697e+36
240 -31 1.8051532243000507e+36
242 -31 4.1012660925394334e+35
244 -31 4.6891075277875716e+34
172 -30 1.5024409338711192e+19
174 -30 2.0833285545507930e+22
176 -30 2.4970630744369263e+24
178 -30 8.8348397796865226e+25
180 -30 1.7513993301003688e+27
182 -30 2.3924902019515286e+28
184 -30 2.4755459716361836e+29
186 -30 2.0602473612904029e+30
188 -30 1.4294142208790651e+31
190 -30 8.4858794839306349e+31
192 -30 4.3840963120143283e+32
194 -30 2.0047380651561717e+33
196 -30 8.1883539974637881e+33
198 -30 3.0133193891922826e+34
200 -30 1.0054499047302621e+35
202 -30 3.0545465285965682e+35
204 -30 8.4907042102649400e+35
206 -30 2.1668562174425551e+36
208 -30 5.0747968991588032e+36
210 -30 1.0915897593687054e+37
212 -30 2.1612354674950535e+37
214 -30 3.9257041883956210e+37
216 -30 6.5405207682624701e+37
218 -30 9.9616170846121392e+37
220 -30 1.3835292066725278e+38
222 -30 1.7387419101082403e+38
224 -30 1.9706876339244071e+38
226 -30 1.9941896102728966e+38
228 -30 1.7829409304639395e+38
230 -30 1.3888767456078745e+38
232 -30 9.2543991241789597e+37
234 -30 5.1310543046881598e+37
236 -30 2.2752633282816624e+37
238 -30 7.5851356283838903e+36
240 -30 1.6916457349855051e+36
242 -30 1.8971544379833088e+35
168 -29 4.8739737102966153e+19
170 -29 4.8337208106549894e+22
172 -29 5.1654034971031800e+24
174 -29 1.7778697149306322e+26
176 -29 3.5043466747768935e+27
178 -29 4.7911560922443850e+28
180 -29 4.9806638480363661e+29
182 -29 4.1791019471989099e+30
184 -29 2.9304413413563574e+31
186 -29 1.7636053044394765e+32
188 -29 9.2560574479029172e+32
190 -29 4.3101289642297176e+33
192 -29 1.7979578830277410e+34
194 -29 6.7778531309943652e+34
196 -29 2.3204466186174618e+35
198 -29 7.2601764498703079e+35
200 -29 2.0858703029188515e+36
202 -29 5.5039584369931215e+36
204 -29 1.3369156095667059e+37
206 -29 2.9984654197843613e+37
208 -29 6.2031990576969852e+37
210 -29 1.1830428765832907e+38
212 -29 2.0775224197474486e+38
214 -29 3.3531585150638910e+38
216 -29 4.9629631440931899e+38
218 -29 6.6983195041362376e+38
220 -29 8.2039240506148589e+38
222 -29 9.0774142338907615e+38
224 -29 8.9668640821603689e+38
226 -29 7.8418781747736528e+38
228 -29 5.9814062961819220e+38
230 -29 3.9025403925937183e+38
232 -29 2.1221854902272739e+38
234 -29 9.2288544672472165e+37
236 -29 3.0175016525536279e+37
238 -29 6.6125422098494550e+36
240 -29 7.2861613585303597e+35
164 -28 1.4142823933176167e+20
166 -28 1.0422139659766420e+23
168 -28 9.9771720040284699e+24
170 -28 3.3497826885682546e+26
172 -28 6.5378014745760367e+27
174 -28 8.9226216649638777e+28
176 -28 9.3215806429650496e+29
178 -28 7.8732583127283497e+30
180 -28 5.5790909032841665e+31
182 -28 3.3978782372772552e+32
184 -28 1.8132012082832468e+33
186 -28 8.5903175941087572e+33
188 -28 3.6543713029247072e+34
190 -28 1.4087718947234046e+35
192 -28 4.9461261291288690e+35
194 -28 1.5896305256604864e+36
196 -28 4.7017635191348961e+36
198 -28 1.2823019985714801e+37
200 -28 3.2299871127087792e+37
202 -28 7.5267637019178096e+37
204 -28 1.6224374060491448e+38
206 -28 3.2374661286804115e+38
208 -28 5.9783216635206540e+38
210 -28 1.0180689005097677e+39
212 -28 1.5958693146902168e+39
214 -28 2.2984291338580235e+39
216 -28 3.0251955040409762e+39
218 -28 3.6210547335126503e+39
220 -28 3.9119787861032561e+39
222 -28 3.7854929072412703e+39
224 -28 3.2392907946938075e+39
226 -28 2.4234154734362756e+39
228 -28 1.5503847863173558e+39
230 -28 8.2757383955120374e+38
232 -28 3.5356012933569273e+38
234 -28 1.1364383271870095e+38
236 -28 2.4495557015658499e+37
238 -28 2.6564349432867780e+36
160 -27 3.6755470564232403e+20
162 -27 2.0765257697376011e+23
164 -27 1.7958099610846381e+25
166 -27 5.8652701616578820e+26
168 -27 1.1361129143755898e+28
170 -27 1.5458236781272751e+29
172 -27 1.6206200224350453e+30
174 -27 1.3761460173880166e+31
176 -27 9.8364429932388498e+31
178 -27 6.0609746631538577e+32
180 -27 3.2812039615678445e+33
182 -27 1.5798204617136922e+34
184 -27 6.8528395176444749e+34
186 -27 2.6988219873853169e+35
188 -27 9.7029827321321460e+35
190 -27 3.2009162952581535e+36
192 -27 9.7494866865137399e+36
194 -27 2.7402894288384868e+37
196 -27 7.1394962384242223e+37
198 -27 1.7264627117562747e+38
200 -27 3.8691171262685191e+38
202 -27 8.0583284484923667e+38
204 -27 1.5566684338794277e+39
206 -27 2.7877333299347692e+39
208 -27 4.6175577433433477e+39
210 -27 7.0509353332409581e+39
212 -27 9.9064777338904985e+39
214 -27 1.2738765344440133e+40
216 -27 1.4909109283416382e+40
218 -27 1.5783452313696470e+40
220 -27 1.4957144546870060e+40
222 -27 1.2565358865234038e+40
224 -27 9.2303376509976467e+39
226 -27 5.8006402458932468e+39
228 -27 3.0440024493212994e+39
230 -27 1.2785140170386310e+39
232 -27 4.0434451780945745e+38
234 -27 8.5773558518767874e+37
236 -27 9.1753266907960633e+36
154 -26 7.0856399592175490e+15
156 -26 8.6363385007101077e+20
158 -26 3.8229384084670053e+23
160 -26 3.0147384155179313e+25
162 -26 9.5738498011425026e+26
164 -26 1.8321069640087847e+28
166 -26 2.4845714107539908e+29
168 -26 2.6076318837311269e+30
170 -26 2.2283373400138866e+31
172 -26 1.6062492839733078e+32
174 -26 1.0003390542261453e+33
176 -26 5.4872784121085567e+33
178 -26 2.6891638753663713e+34
180 -26 1.1870958768039471e+35
182 -26 4.7670863541083783e+35
184 -26 1.7536082624812516e+36
186 -26 5.9332830711874518e+36
188 -26 1.8538443783678674e+37
190 -26 5.3658804420325487e+37
192 -26 1.4449634079840989e+38
194 -26 3.6131483029647138e+38
196 -26 8.4046948909388680e+38
198 -26 1.8233217927461413e+39
200 -26 3.6778935430783037e+39
202 -26 6.8978960987153765e+39
204 -26 1.2031109180790569e+40
206 -26 1.9404539644583133e+40
208 -26 2.8955042499373257e+40
210 -26 3.9745837487320474e+40
212 -26 5.0041284565948991e+40
214 -26 5.7425996702396688e+40
216 -26 5.9568938470277609e+40
218 -26 5.5448147873370504e+40
220 -26 4.5743244633251689e+40
222 -26 3.3047195528005666e+40
224 -26 2.0433400226956113e+40
226 -26 1.0541235852502555e+40
228 -26 4.3629938669974541e+39
230 -26 1.3595132992577671e+39
232 -26 2.8395118305163687e+38
234 -26 2.9996874875907981e+37
150 -25 5.4801057722750936e+16
152 -25 1.8262606262191768e+21
154 -25 6.4908206009642550e+23
156 -25 4.6933879522100378e+25
158 -25 1.4491243197689921e+27
160 -25 2.7371029631956567e+28
162 -25 3.7024921126322297e+29
164 -25 3.8857214455767106e+30
166 -25 3.3348729283508945e+31
168 -25 2.4234337284380178e+32
170 -25 1.5262051045417674e+33
172 -25 8.4741635428295826e+33
174 -25 4.2090181974193776e+34
176 -25 1.8918612153990230e+35
178 -25 7.7493377140188513e+35
180 -25 2.9087510986164351e+36
182 -25 1.0083016682902398e+37
184 -25 3.2358749011836673e+37
186 -25 9.6285125860735922e+37
188 -25 2.6700660175359769e+38
190 -25 6.8995679841643405e+38
192 -25 1.6650871584101759e+39
194 -25 3.7451432253041367e+39
196 -25 7.8706120586976484e+39
198 -25 1.5426044980022784e+40
200 -25 2.8210124554173657e+40
202 -25 4.7942171838145622e+40
204 -25 7.5615912565465386e+40
206 -25 1.1032598686508828e+41
208 -25 1.4844283262242066e+41
210 -25 1.8326908568456575e+41
212 -25 2.0629088329590318e+41
214 -25 2.1032484684988112e+41
216 -25 1.9243001818687943e+41
218 -25 1.5633744707398072e+41
220 -25 1.1103660741214089e+41
222 -25 6.7614108513315095e+40
224 -25 3.4370237803741052e+40
226 -25 1.4022496474550578e+40
228 -25 4.3080557342438038e+39
230 -25 8.8866413956903724e+38
232 -25 9.2689163347295800e+37
146 -24 2.6219984225629043e+17
148 -24 3.4836533922787974e+21
150 -24 1.0148757139714162e+24
152 -24 6.7710144149869428e+25
154 -24 2.0325145646593001e+27
156 -24 3.7956026788418004e+28
158 -24 5.1005362804546512e+29
160 -24 5.3520631734496000e+30
162 -24 4.6085812702963970e+31
164 -24 3.3700011766293163e+32
166 -24 2.1424354119898336e+33
168 -24 1.2039648269962207e+34
170 -24 6.0697780394590953e+34
172 -24 2.7714002366117722e+35
174 -24 1.1558286946252461e+36
176 -24 4.4349107280921367e+36
178 -24 1.5698566869865752e+37
180 -24 5.1603595144338862e+37
182 -24 1.5790011464129575e+38
184 -24 4.5066209617751173e+38
186 -24 1.2007711623968919e+39
188 -24 2.9952001471856940e+39
190 -24 6.9933946269946028e+39
192 -24 1.5271855918413483e+40
194 -24 3.1235144452811102e+40
196 -24 5.9670773269018857e+40
198 -24 1.0637241381388488e+41
200 -24 1.7684504808536442e+41
202 -24 2.7302158178857318e+41
204 -24 3.9055860532346761e+41
206 -24 5.1596914452997393e+41
208 -24 6.2513027801535603e+41
210 -24 6.9217538223696582e+41
212 -24 6.9385995244905519e+41
214 -24 6.2529487584425858e+41
216 -24 5.0003029119371234e+41
218 -24 3.5000870613069510e+41
220 -24 2.1011540168986930e+41
222 -24 1.0529821527544776e+41
224 -24 4.2417638230577107e+40
226 -24 1.2863543262015668e+40
228 -24 2.6224795099522512e+39
230 -24 2.7033625793476007e+38
142 -23 9.1531468890727782e+17
144 -23 6.0222987697526082e+21
146 -23 1.4573391150470198e+24
148 -23 9.0196452735473410e+25
150 -23 2.6285889835380276e+27
152 -23 4.8480754082962311e+28
154 -23 6.4698383341142411e+29
156 -23 6.7892738232942036e+30
158 -23 5.8619276864373501e+31
160 -23 4.3169833875026357e+32
162 -23 2.7632479800584268e+33
164 -23 1.5709076089409362e+34
166 -23 8.0308917298643020e+34
168 -23 3.7227225938868450e+35
170 -23 1.5805233661298993e+36
172 -23 6.1814283253020684e+36
174 -23 2.2372274879959250e+37
176 -23 7.5263326962073430e+37
178 -23 2.3623666414963113e+38
180 -23 6.9347542025607374e+38
182 -23 1.9032692644304965e+39
184 -23 4.9032194068630951e+39
186 -23 1.1846945957986749e+40
188 -23 2.6860536764114684e+40
190 -23 5.7136330755627947e+40
192 -23 1.1385318607115203e+41
194 -23 2.1243049123003021e+41
196 -23 3.7060366055251715e+41
198 -23 6.0371956623024785e+41
200 -23 9.1393036886427134e+41
202 -23 1.2845739264474855e+42
204 -23 1.6670269215197718e+42
206 -23 1.9877309511973539e+42
208 -23 2.1665767368873047e+42
210 -23 2.1379414167007046e+42
212 -23 1.8991359590907754e+42
214 -23 1.4974726121644234e+42
216 -23 1.0332380255218336e+42
218 -23 6.1285130288989570e+41
220 -23 3.0305820699870761e+41
222 -23 1.2052286695787358e+41
224 -23 3.6133257995060799e+40
226 -23 7.2853640901588528e+39
228 -23 7.4403527736582383e+38
138 -22 2.5253825690317793e+18
140 -22 9.3905927086896526e+21
142 -22 1.9197858530318761e+24
144 -22 1.1066700278826953e+26
146 -22 3.1335744096139334e+27
148 -22 5.6998965308640806e+28
150 -22 7.5633102114168256e+29
152 -22 7.9178235255445021e+30
154 -22 6.8543399392746728e+31
156 -22 5.0718245651943205e+32
158 -22 3.2731429308370591e+33
160 -22 1.8803386110266769e+34
162 -22 9.7338600956694318e+34
164 -22 4.5797875316167886e+35
166 -22 1.9767926623252274e+36
168 -22 7.8794910655659759e+36
170 -22 2.9084302242512930e+37
172 -22 1.0019752887822714e+38
174 -22 3.2227531794948265e+38
176 -22 9.7038015769647315e+38
178 -22 2.7439379375955162e+39
180 -22 7.2871364906749493e+39
182 -22 1.8183097568137620e+40
184 -22 4.2738136151053187e+40
186 -22 9.4302758493746472e+40
188 -22 1.9570528909115535e+41
190 -22 3.8123399602719015e+41
192 -22 6.9701760775741268e+41
194 -22 1.1917072132607323e+42
196 -22 1.9054114398361344e+42
198 -22 2.8338944060760235e+42
200 -22 3.9165930720899267e+42
202 -22 5.0021766836871052e+42
204 -22 5.8716174023772219e+42
206 -22 6.3060799617764968e+42
208 -22 6.1448396130208128e+42
210 -22 5.3844400897286767e+42
212 -22 4.1889818310894922e+42
214 -22 2.8543248044332424e+42
216 -22 1.6715190143487274e+42
218 -22 8.1794807525253002e+41
220 -22 3.2150149002463400e+41
222 -22 9.5434489537238668e+40
224 -22 1.9044504844584735e+40
226 -22 1.9284648248685794e+39
134 -21 5.7491703325359073e+18
136 -21 1.3247722884362257e+22
138 -21 2.3162793995709493e+24
140 -21 1.2504439913665698e+26
142 -21 3.4354341032418395e+27
144 -21 6.1536778142337828e+28
146 -21 8.0990328712044978e+29
148 -21 8.4773992651091040e+30
150 -21 7.3443668576117162e+31
152 -21 5.4637611075708360e+32
154 -21 3.5523789432712139e+33
156 -21 2.0603308225457878e+34
158 -21 1.0780760595568454e+35
160 -21 5.1469624133995007e+35
162 -21 2.2584211086889779e+36
164 -21 9.1520155300983757e+36
166 -21 3.4458909100966534e+37
168 -21 1.2139545863128130e+38
170 -21 3.9972546991150435e+38
172 -21 1.2346883280593213e+39
174 -21 3.5827763979850920e+39
176 -21 9.8155861592870799e+39
178 -21 2.5280041609134017e+40
180 -21 6.1369828653081045e+40
182 -21 1.4045868144349190e+41
184 -21 3.0294735431417262e+41
186 -21 6.1460946363587733e+41
188 -21 1.1732870753307291e+42
190 -21 2.1041493921247165e+42
192 -21 3.5362296020804306e+42
194 -21 5.5537563827182822e+42
196 -21 8.1298911807349542e+42
198 -21 1.1067595220938978e+43
200 -21 1.3930010079163534e+43
202 -21 1.6132624659818902e+43
204 -21 1.7098383325411137e+43
206 -21 1.6445157817116905e+43
208 -21 1.4230930777123948e+43
210 -21 1.0941747615812526e+43
212 -21 7.3733283228199106e+42
214 -21 4.2701552563253678e+42
216 -21 2.0658979332710760e+42
218 -21 8.0431686988437078e+41
220 -21 2.3634221363241096e+41
222 -21 4.6762505250418670e+40
224 -21 4.7008181748640277e+39
130 -20 1.0981422489349878e+19
132 -20 1.6879104143548976e+22
134 -20 2.5589514708428681e+24
136 -20 1.2952659001853426e+26
138 -20 3.4550892957555554e+27
140 -20 6.0730827926240696e+28
142 -20 7.9569300412988221e+29
144 -20 8.2966037884726913e+30
146 -20 7.1958924307767407e+31
148 -20 5.3714984950308959e+32
150 -20 3.5200200452085653e+33
152 -20 2.0598852572682471e+34
154 -20 1.0896146580550289e+35
156 -20 5.2709017589629867e+35
158 -20 2.3466565721532089e+36
160 -20 9.6713747681840092e+36
162 -20 3.7176542420866773e+37
164 -20 1.3354796922452869e+38
166 -20 4.4989623444286191e+38
168 -20 1.4240943880307042e+39
170 -20 4.2465342830199706e+39
172 -20 1.1940580810301853e+40
174 -20 3.1719632312172439e+40
176 -20 7.9515069086414668e+40
178 -20 1.8824673022841186e+41
180 -20 4.2108785136879348e+41
182 -20 8.8918442731165269e+41
184 -20 1.7699407096449016e+42
186 -20 3.3149122629939989e+42
188 -20 5.8472843253510214e+42
190 -20 9.6650867891381953e+42
192 -20 1.4950280746111519e+43
194 -20 2.1576969642324218e+43
196 -20 2.8946977058328283e+43
198 -20 3.5948680552158591e+43
200 -20 4.1133362308411282e+43
202 -20 4.3059526449137256e+43
204 -20 4.0918845815424796e+43
206 -20 3.5022649234334020e+43
208 -20 2.6633267227135358e+43
210 -20 1.7768463229779675e+43
212 -20 1.0179906558500948e+43
214 -20 4.8799920388526869e+42
216 -20 1.8811525073333883e+42
218 -20 5.4804799734491137e+41
220 -20 1.0755102908958201e+41
222 -20 1.0748278287551235e+40
126 -19 1.7979860036828717e+19
128 -19 1.9412020560658323e+22
130 -19 2.5791605484789018e+24
132 -19 1.2280659419305213e+26
134 -19 3.1769725105426098e+27
136 -19 5.5055330291183606e+28
138 -19 7.1365422788927733e+29
140 -19 7.4153196138952185e+30
142 -19 6.4394316849582235e+31
144 -19 4.8146602505391678e+32
146 -19 3.1752335413421078e+33
148 -19 1.8736263742966718e+34
150 -19 1.0012884065327964e+35
152 -19 4.9052539786966432e+35
154 -19 2.2158494067550568e+36
156 -19 9.2840461180657119e+36
158 -19 3.6341739276180032e+37
160 -19 1.3305117896112618e+38
162 -19 4.5816289621632029e+38
164 -19 1.4845178878977769e+39
166 -19 4.5424547287022817e+39
168 -19 1.3124383430539400e+40
170 -19 3.5850523112349452e+40
172 -19 9.2741311169939114e+40
174 -19 2.2704630526367092e+41
176 -19 5.2574475610094504e+41
178 -19 1.1517009721457256e+42
180 -19 2.3846591182242905e+42
182 -19 4.6640092665221315e+42
184 -19 8.5987477355772027e+42
186 -19 1.4919606740051346e+43
188 -19 2.4295833347312501e+43
190 -19 3.7069432020150406e+43
192 -19 5.2793379748398391e+43
194 -19 6.9970754168051333e+43
196 -19 8.5848957728938651e+43
198 -19 9.7092313103743495e+43
200 -19 1.0050687394527631e+44
202 -19 9.4492916725278885e+43
204 -19 8.0071782450589046e+43
206 -19 6.0326401221433026e+43
208 -19 3.9826823601623185e+43
210 -19 2.2616871201443116e+43
212 -19 1.0751351462168080e+43
214 -19 4.1090170680386733e+42
216 -19 1.1886130282869182e+42
218 -19 2.3179667307656811e+41
220 -19 2.3041915771805429e+40
122 -18 2.5479504674543550e+19
124 -18 2.0107619187397291e+22
126 -18 2.3604764099765196e+24
128 -18 1.0597429139762354e+26
130 -18 2.6642311090563171e+27
132 -18 4.5364479312053132e+28
134 -18 5.8357088544842706e+29
136 -18 6.0306935331159688e+30
138 -18 5.2350748962039439e+31
140 -18 3.9261285629098190e+32
142 -18 2.5997412155108470e+33
144 -18 1.5462439274114796e+34
146 -18 8.3461759438657208e+34
148 -18 4.1322379884634536e+35
150 -18 1.8949440428823309e+36
152 -18 8.0735824766695542e+36
154 -18 3.2112089483999872e+37
156 -18 1.1988052610266747e+38
158 -18 4.2119217239929036e+38
160 -18 1.3963227424691349e+39
162 -18 4.3773791022690661e+39
164 -18 1.2979605338874034e+40
166 -18 3.6473461305414086e+40
168 -18 9.7166872703966169e+40
170 -18 2.4542862304317225e+41
172 -18 5.8794934329679412e+41
174 -18 1.3353679794164535e+42
176 -18 2.8705470703091520e+42
178 -18 5.8479431041472338e+42
180 -18 1.1251663187488980e+43
182 -18 2.0432046312158787e+43
184 -18 3.4951367125829431e+43
186 -18 5.6168980952629432e+43
188 -18 8.4597802305021195e+43
190 -18 1.1905286479460684e+44
192 -18 1.5596763546426318e+44
194 -18 1.8943828197118912e+44
196 -18 2.1189930372338938e+44
198 -18 2.1716187008327803e+44
200 -18 2.0228183210727298e+44
202 -18 1.6970973869549332e+44
204 -18 1.2672707648095907e+44
206 -18 8.2993745134248464e+43
208 -18 4.6742983983296933e+43
210 -18 2.2043423622906221e+43
212 -18 8.3692402707418374e+42
214 -18 2.4056739963822988e+42
216 -18 4.6660777257922307e+41
218 -18 4.6165307987202199e+40
118 -17 3.1265501121303839e+19
120 -17 1.8722736045285716e+22
122 -17 1.9609799484028049e+24
124 -17 8.3399661769440555e+25
126 -17 2.0309836663586044e+27
128 -17 3.3994212288530083e+28
130 -17 4.3248795711359595e+29
132 -17 4.4542710786796233e+30
134 -17 3.8562781921599204e+31
136 -17 2.8992020039380272e+32
138 -17 1.9303018066380121e+33
140 -17 1.1542860128897814e+34
142 -17 6.2926736870327032e+34
144 -17 3.1482441064069212e+35
146 -17 1.4618198041579399e+36
148 -17 6.3224294272210359e+36
150 -17 2.5571559914912844e+37
152 -17 9.7245975369941377e+37
154 -17 3.4864127387546278e+38
156 -17 1.1819132554248627e+39
158 -17 3.7899390516677382e+39
160 -17 1.1525157426926540e+40
162 -17 3.3264127983583557e+40
164 -17 9.1176559367220420e+40
166 -17 2.3750175974285983e+41
168 -17 5.8768918699086577e+41
170 -17 1.3806095552487569e+42
172 -17 3.0802724216750659e+42
174 -17 6.5146676632087612e+42
176 -17 1.3065789173945987e+43
178 -17 2.4775306479448697e+43
180 -17 4.4384862342158143e+43
182 -17 7.4956666730673094e+43
184 -17 1.1909718765532187e+44
186 -17 1.7729928475553920e+44
188 -17 2.4687036297212646e+44
190 -17 3.2018380387288144e+44
192 -17 3.8493844710135971e+44
194 -17 4.2661034873707451e+44
196 -17 4.3334945752226881e+44
198 -17 4.0015975672665255e+44
200 -17 3.3296677317421873e+44
202 -17 2.4661878459040015e+44
204 -17 1.6029956813938649e+44
206 -17 8.9626907721312441e+43
208 -17 4.2001054952262378e+43
210 -17 1.5850590985368976e+43
212 -17 4.5328760183717860e+42
214 -17 8.7505908051114712e+41
216 -17 8.6430713888957638e+40
114 -16 3.3441743209972343e+19
116 -16 1.5614817952207261e+22
118 -16 1.4742021611973407e+24
120 -16 5.9407982427848995e+25
122 -16 1.4039897599288706e+27
124 -16 2.3069933731449816e+28
126 -16 2.9032919816773976e+29
128 -16 2.9690215203814552e+30
130 -16 2.5707036705762452e+31
132 -16 1.9334067451744990e+32
134 -16 1.2908226572142381e+33
136 -16 7.7759284176221884e+33
138 -16 4.2668504656419699e+34
140 -16 2.1615299864243578e+35
142 -16 1.0150669962746480e+36
144 -16 4.4516684071514378e+36
146 -16 1.8309796203158119e+37
148 -16 7.0867952233239503e+37
150 -16 2.5901580387267901e+38
152 -16 8.9577158884854705e+38
154 -16 2.9394266654996439e+39
156 -16 9.1578475515491856e+39
158 -16 2.7110522388064302e+40
160 -16 7.6415463360371118e+40
162 -16 2.0498417517512682e+41
164 -16 5.2296222956094816e+41
166 -16 1.2701089296376314e+42
168 -16 2.9333261441824937e+42
170 -16 6.4402996370981764e+42
172 -16 1.3435687957828994e+43
174 -16 2.6572422783220847e+43
176 -16 4.9720632670779482e+43
178 -16 8.8013272257088971e+43
180 -16 1.4695928115716533e+44
182 -16 2.3092834004980564e+44
184 -16 3.4044992111879167e+44
186 -16 4.6941444929807507e+44
188 -16 6.0333285378144192e+44
190 -16 7.1906434511690361e+44
192 -16 7.9021180574073669e+44
194 -16 7.9618162270481443e+44
196 -16 7.2993861087859646e+44
198 -16 6.0300631643520728e+44
200 -16 4.4341602846484246e+44
202 -16 2.8645891219945226e+44
204 -16 1.5923248596504470e+44
206 -16 7.4165181671561419e+43
208 -16 2.7867629447110087e+43
210 -16 7.9323764456171338e+42
212 -16 1.5277628258231617e+42
214 -16 1.5050912200648386e+41
108 -15 4.9312352293173988e+14
110 -15 3.1284177014474957e+19
112 -15 1.1652192566190174e+22
114 -15 9.9584593646317648e+23
116 -15 3.8162151114593883e+25
118 -15 8.7513132677128474e+26
120 -15 1.4138595303177504e+28
122 -15 1.7560676119981076e+29
124 -15 1.7843231781788793e+30
126 -15 1.5400183941656347e+31
128 -15 1.1597554518367370e+32
130 -15 7.7731275373812367e+32
132 -15 4.7024778664626264e+33
134 -15 2.6032971932807170e+34
136 -15 1.3309334509801787e+35
138 -15 6.3233246834852430e+35
140 -15 2.8094072443511838e+36
142 -15 1.1724665437084486e+37
144 -15 4.6169508039656803e+37
146 -15 1.7194275653996503e+38
148 -15 6.0720556433386516e+38
150 -15 2.0338597446340561e+39
152 -15 6.4900241544686277e+39
154 -15 1.9705298318339648e+40
156 -15 5.7014514761498597e+40
158 -15 1.5734901654454252e+41
160 -15 4.1368961541717390e+41
162 -15 1.0372778403833521e+42
164 -15 2.4771312340883845e+42
166 -15 5.6367917121485210e+42
168 -15 1.2203656168778655e+43
170 -15 2.5110104730206326e+43
172 -15 4.9044561449757443e+43
174 -15 9.0766399982359780e+43
176 -15 1.5896643399431198e+44
178 -15 2.6279352323082229e+44
180 -15 4.0915297796557769e+44
182 -15 5.9781824484331975e+44
184 -15 8.1765668438501331e+44
186 -15 1.0421319570958885e+45
188 -15 1.2317492460358685e+45
190 -15 1.3436759492428191e+45
192 -15 1.3448677297488579e+45
194 -15 1.2244803398337293e+45
196 -15 1.0051621340934929e+45
198 -15 7.3532800368455999e+44
200 -15 4.7208617875013737e+44
202 -15 2.6105670037964224e+44
204 -15 1.2110875485807868e+44
206 -15 4.5329576603830485e+43
208 -15 1.2867495761332682e+43
210 -15 2.4740426339949471e+42
212 -15 2.4374019464798934e+41
104 -14 1.5128399557020120e+15
106 -14 2.5519609276514152e+19
108 -14 7.7946157983237344e+21
110 -14 6.0719816456372258e+23
112 -14 2.2086153765904550e+25
114 -14 4.9140518832938814e+26
116 -14 7.7730104671440199e+27
118 -14 9.5555656022825324e+28
120 -14 9.6378927106721005e+29
122 -14 8.2876506609730895e+30
124 -14 6.2330339389911311e+31
126 -14 4.1855632781972482e+32
128 -14 2.5445439271380267e+33
130 -14 1.4181635423259806e+34
132 -14 7.3120271953693221e+34
134 -14 3.5138345284500391e+35
136 -14 1.5824612737228285e+36
138 -14 6.6999033533727187e+36
140 -14 2.6796656269599470e+37
142 -14 1.0156607408482181e+38
144 -14 3.6580168933401910e+38
146 -14 1.2525220633103581e+39
148 -14 4.0865162129083369e+39
150 -14 1.2712729260041872e+40
152 -14 3.7743830500212378e+40
154 -14 1.0698195177131230e+41
156 -14 2.8972559004067346e+41
158 -14 7.4895693533632515e+41
160 -14 1.8477452425663349e+42
162 -14 4.3500313801392933e+42
164 -14 9.7679117844326033e+42
166 -14 2.0882364656341462e+43
168 -14 4.2460082945223191e+43
170 -14 8.2051593367279988e+43
172 -14 1.5031143100947498e+44
174 -14 2.6077660737198722e+44
176 -14 4.2740465469932429e+44
178 -14 6.5957864169667999e+44
180 -14 9.5615853714908879e+44
182 -14 1.2978696722821241e+45
184 -14 1.6426144152284931e+45
186 -14 1.9290781520793548e+45
188 -14 2.0924891949084822e+45
190 -14 2.0813292279113707e+45
192 -14 1.8844563798495223e+45
194 -14 1.5384193608660105e+45
196 -14 1.1197647961519267e+45
198 -14 7.1620879461576471e+44
200 -14 3.9466961659580481e+44
202 -14 1.8239948631676700e+44
204 -14 6.8076108176022550e+43
206 -14 1.9298109184730522e+43
208 -14 3.7061966484493917e+42
210 -14 3.6567807089799083e+41
100 -13 2.5083645653595090e+15
102 -13 1.8270514968179100e+19
104 -13 4.6197586028672131e+21
106 -13 3.2995590324408920e+23
108 -13 1.1426594824183676e+25
110 -13 2.4674526923658128e+26
112 -13 3.8299167685163898e+27
114 -13 4.6427301024972138e+28
116 -13 4.6485853479056427e+29
118 -13 3.9742135897177325e+30
120 -13 2.9843218805901355e+31
122 -13 2.0076675942446262e+32
124 -13 1.2259903305485316e+33
126 -13 6.8764375437065939e+33
128 -13 3.5770396084998499e+34
130 -13 1.7371922908503428e+35
132 -13 7.9092417886095237e+35
134 -13 3.3970305853308153e+36
136 -13 1.3797101693626534e+37
138 -13 5.3217963065037202e+37
140 -13 1.9527704351942557e+38
142 -13 6.8229997347057000e+38
144 -13 2.2743862072715172e+39
146 -13 7.2478085908469785e+39
148 -13 2.2054754031745269e+40
150 -13 6.4215533141362294e+40
152 -13 1.7881564449032925e+41
154 -13 4.7627534372734722e+41
156 -13 1.2127539782217480e+42
158 -13 2.9510652776240377e+42
160 -13 6.8606767924242172e+42
162 -13 1.5215939560972460e+43
164 -13 3.2194923354631802e+43
166 -13 6.4805696807968464e+43
168 -13 1.2398538783209138e+44
170 -13 2.2520053714287774e+44
172 -13 3.8750252843076244e+44
174 -13 6.2994289950053480e+44
176 -13 9.6579211466374629e+44
178 -13 1.3902362198257832e+45
180 -13 1.8751577551888321e+45
182 -13 2.3590609180939391e+45
184 -13 2.7559348672310125e+45
186 -13 2.9717657910197289e+45
188 -13 2.9414668722043553e+45
190 -13 2.6523342127908529e+45
192 -13 2.1559914257953383e+45
194 -13 1.5631254411731800e+45
196 -13 9.9636146751341699e+44
198 -13 5.4772964436317979e+44
200 -13 2.5266600241197106e+44
202 -13 9.4145162288474110e+43
204 -13 2.6679486481658410e+43
206 -13 5.1302118710843483e+42
208 -13 5.0745898560957167e+41
96 -12 2.9526227209158040e+15
98 -12 1.1381437518909178e+19
100 -12 2.4300875569330960e+21
102 -12 1.5983983951454432e+23
104 -12 5.2713182916464342e+24
106 -12 1.1044879724102811e+26
108 -12 1.6789697267830051e+27
110 -12 2.0068151929525033e+28
112 -12 1.9896819119313399e+29
114 -12 1.6938167658855336e+30
116 -12 1.2694523265132246e+31
118 -12 8.5418847944868606e+31
120 -12 5.2370134661381632e+32
122 -12 2.9538877952419549e+33
124 -12 1.5480168149857066e+34
126 -12 7.5828605605676766e+34
128 -12 3.4924381394166366e+35
130 -12 1.5200243901851589e+36
132 -12 6.2749276539361553e+36
134 -12 2.4585310692523939e+37
136 -12 9.1855990814475875e+37
138 -12 3.2736132368224574e+38
140 -12 1.1147776506438425e+39
142 -12 3.6329400318157767e+39
144 -12 1.1329227467174349e+40
146 -12 3.3829718915016496e+40
148 -12 9.6893167463230752e+40
150 -12 2.6562881408886443e+41
152 -12 6.9708029306693788e+41
154 -12 1.7515257476825004e+42
156 -12 4.2105556048918914e+42
158 -12 9.6841720707673873e+42
160 -12 2.1266268632486365e+43
162 -12 4.4531164158911821e+43
164 -12 8.8904871264317609e+43
166 -12 1.6871692866319137e+44
168 -12 3.0430091732503978e+44
170 -12 5.1965900613684674e+44
172 -12 8.3950243098015683e+44
174 -12 1.2791914610671880e+45
176 -12 1.8311654340343623e+45
178 -12 2.4568581394749108e+45
180 -12 3.0752079915560459e+45
182 -12 3.5764992883530753e+45
184 -12 3.8385787201570957e+45
186 -12 3.7857457037804631e+45
188 -12 3.4027110572229311e+45
190 -12 2.7569443982788265e+45
192 -12 1.9940500546219288e+45
194 -12 1.2686508292620548e+45
196 -12 6.9610857887144467e+44
198 -12 3.2096841625684918e+44
200 -12 1.1958687090189818e+44
202 -12 3.3915319410086626e+43
204 -12 6.5370352318765205e+42
206 -12 6.4902140207447039e+41
92 -11 2.6608479967678075e+15
94 -11 6.1572241180950845e+18
96 -11 1.1275885306189527e+21
98 -11 6.8572218869365630e+22
100 -11 2.1541125158743388e+24
102 -11 4.3743535696395781e+25
104 -11 6.5156821585116693e+26
106 -11 7.6766627057568284e+27
108 -11 7.5288250737997517e+28
110 -11 6.3739594392524712e+29
112 -11 4.7649277860180442e+30
114 -11 3.2065796094053304e+31
116 -11 1.9666007062018871e+32
118 -11 1.1169293486001618e+33
120 -11 5.8897829141071215e+33
122 -11 2.9134254264000114e+34
124 -11 1.3568117339619191e+35
126 -11 5.9815916991150019e+35
128 -11 2.5025438956977334e+36
130 -11 9.9744826689327655e+36
132 -11 3.7885426718535253e+37
134 -11 1.3762320433254520e+38
136 -11 4.7851205916440762e+38
138 -11 1.5936598237734056e+39
140 -11 5.0888198884933944e+39
142 -11 1.5600056809726842e+40
144 -11 4.5790930947992011e+40
146 -11 1.2916331067987671e+41
148 -11 3.4919248648016192e+41
150 -11 9.0543756400720700e+41
152 -11 2.2500856445804747e+42
154 -11 5.3545367953422393e+42
156 -11 1.2193630073454326e+43
158 -11 2.6542085785377569e+43
160 -11 5.5147284520439081e+43
162 -11 1.0923169516086417e+44
164 -11 2.0602187067638779e+44
166 -11 3.6911243339485358e+44
168 -11 6.2672517452087715e+44
170 -11 1.0073971538572200e+45
172 -11 1.5266608935515199e+45
174 -11 2.1760084197852649e+45
176 -11 2.9078417509221808e+45
178 -11 3.6261173912304721e+45
180 -11 4.2018054943573936e+45
182 -11 4.4991001158325811e+45
184 -11 4.4236790943165534e+45
186 -11 3.9654719983644200e+45
188 -11 3.2075219213971173e+45
190 -11 2.3168876147797133e+45
192 -11 1.4731586321886091e+45
194 -11 8.0768263207470679e+44
196 -11 3.7245301531152090e+44
198 -11 1.3901541807514485e+44
200 -11 3.9498422167423943e+43
202 -11 7.6466124251169941e+42
204 -11 7.6320981286196658e+41
88 -10 1.9104716253827835e+15
90 -10 2.8913691507091318e+18
92 -10 4.5994164837481533e+20
94 -10 2.5833075448343714e+22
96 -10 7.7495897135731851e+23
98 -10 1.5256219182964437e+25
100 -10 2.2220656749985351e+26
102 -10 2.5793082526608671e+27
104 -10 2.5044536065537559e+28
106 -10 2.1046671277998397e+29
108 -10 1.5670123610719530e+30
110 -10 1.0535818793896718e+31
112 -10 6.4805114641782072e+31
114 -10 3.6924259810332614e+32
116 -10 1.9604798764764202e+33
118 -10 9.7785289206546257e+33
120 -10 4.6003753225858797e+34
122 -10 2.0520174110010863e+35
124 -10 8.7103713259790261e+35
126 -10 3.5255112462706256e+36
128 -10 1.3620327865054505e+37
130 -10 5.0385964811422666e+37
132 -10 1.7875169919213169e+38
134 -10 6.0820949975249178e+38
136 -10 1.9876833736726715e+39
138 -10 6.2411336956561626e+39
140 -10 1.8814053591770777e+40
142 -10 5.4507993817634230e+40
144 -10 1.5170950867397055e+41
146 -10 4.0553199237152478e+41
148 -10 1.0406681037695999e+42
150 -10 2.5610533943139310e+42
152 -10 6.0406786813927366e+42
154 -10 1.3643039880167956e+43
156 -10 2.9475552192879955e+43
158 -10 6.0849059120157415e+43
160 -10 1.1982624242442484e+44
162 -10 2.2467299630146298e+44
164 -10 4.0058949085749692e+44
166 -10 6.7730759984432667e+44
168 -10 1.0839345039798867e+45
170 -10 1.6370509908122179e+45
172 -10 2.3250056583640541e+45
174 -10 3.0972007953320504e+45
176 -10 3.8521998977636417e+45
178 -10 4.4538143776311541e+45
180 -10 4.7591415322978707e+45
182 -10 4.6745180793318327e+45
184 -10 4.1842640142542376e+45
186 -10 3.3833330237641171e+45
188 -10 2.4435447869091621e+45
190 -10 1.5538838433607257e+45
192 -10 8.5300930179488597e+44
194 -10 3.9398288583991885e+44
196 -10 1.4748148829999551e+44
198 -10 4.2067310946732828e+43
200 -10 8.1814611281928627e+42
202 -10 8.2291189114237602e+41
84 -9 1.1096228870920834e+15
86 -9 1.1701503225402619e+18
88 -9 1.6276902393068723e+20
90 -9 8.5059014670379668e+21
92 -9 2.4367851919468102e+23
94 -9 4.6435619390876666e+24
96 -9 6.6278415171816509e+25
98 -9 7.5591197732116038e+26
100 -9 7.2546836183757262e+27
102 -9 6.0431919184655840e+28
104 -9 4.4842850607382075e+29
106 -9 3.0089463119625357e+30
108 -9 1.8555982016988790e+31
110 -9 1.0584072270953858e+32
112 -9 5.6590307654239171e+32
114 -9 2.8432610246908923e+33
116 -9 1.3518950301147404e+34
118 -9 6.0977747521357376e+34
120 -9 2.6240639941757539e+35
122 -9 1.0777376557413763e+36
124 -9 4.2363271939441631e+36
126 -9 1.5966374259273680e+37
128 -9 5.7729568248794439e+37
130 -9 2.0066713030988542e+38
132 -9 6.7050539556849839e+38
134 -9 2.1549492290338660e+39
136 -9 6.6690270674255799e+39
138 -9 1.9842640671979970e+40
140 -9 5.6819191614101273e+40
142 -9 1.5636278790345214e+41
144 -9 4.1393292151669059e+41
146 -9 1.0528170492168065e+42
148 -9 2.5711116471233793e+42
150 -9 6.0185712415651070e+42
152 -9 1.3508373345435882e+43
154 -9 2.9024108662175855e+43
156 -9 5.9573143832806145e+43
158 -9 1.1676671999456772e+44
160 -9 2.1804584413309140e+44
162 -9 3.8719788338136843e+44
164 -9 6.5274009862531490e+44
166 -9 1.0411870040653959e+45
168 -9 1.5685910902682658e+45
170 -9 2.2234912175841956e+45
172 -9 2.9575230922512131e+45
174 -9 3.6730352081136317e+45
176 -9 4.2401035982237706e+45
178 -9 4.5291163679343950e+45
180 -9 4.4478641199590149e+45
182 -9 3.9815418598114591e+45
184 -9 3.2226539462077810e+45
186 -9 2.3306140972982341e+45
188 -9 1.4838582549390913e+45
190 -9 8.1664092189705749e+44
192 -9 3.7848346502362344e+44
194 -9 1.4220028620592587e+44
196 -9 4.0783456638957061e+43
198 -9 7.9874251726666341e+42
200 -9 8.1128802757708717e+41
80 -8 5.2294675668717350e+14
82 -8 4.0579929694212608e+17
84 -8 4.9928643682079924e+19
86 -8 2.4249646805350010e+21
88 -8 6.6372785896379250e+22
90 -8 1.2265397710490226e+24
92 -8 1.7062049254464105e+25
94 -8 1.9151200338415987e+26
96 -8 1.8160763062249519e+27
98 -8 1.4990139410550613e+28
100 -8 1.1053812436449957e+29
102 -8 7.4056394872181475e+29
104 -8 4.5646941064700166e+30
106 -8 2.6153121907009762e+31
108 -8 1.4037414030700917e+32
110 -8 7.1095250245718243e+32
112 -8 3.4143112682093730e+33
114 -8 1.5581071605506494e+34
116 -8 6.7880399383219549e+34
118 -8 2.8279881480483804e+35
120 -8 1.1305403962438892e+36
122 -8 4.3374526268543487e+36
124 -8 1.5997063060860925e+37
126 -8 5.6774769704382643e+37
128 -8 1.9384263423811871e+38
130 -8 6.3813509988673588e+38
132 -8 2.0228689695038403e+39
134 -8 6.1842144366478058e+39
136 -8 1.8188249454124588e+40
138 -8 5.1565525868717326e+40
140 -8 1.4068430557924903e+41
142 -8 3.6938095800551503e+41
144 -8 9.3317316078810904e+41
146 -8 2.2634981836279927e+42
148 -8 5.2706527969111417e+42
150 -8 1.1776523442467739e+43
152 -8 2.5186089576980892e+43
154 -8 5.1514621652512291e+43
156 -8 1.0060890589425697e+44
158 -8 1.8730838630017989e+44
160 -8 3.3196813009857184e+44
162 -8 5.5826665527875773e+44
164 -8 8.8902591871728185e+44
166 -8 1.3378707089846524e+45
168 -8 1.8942134243532850e+45
170 -8 2.5173317757118804e+45
172 -8 3.1272018702435837e+45
174 -8 3.6121037456577613e+45
176 -8 3.8612394198828772e+45
178 -8 3.7953406949051872e+45
180 -8 3.4026660145071895e+45
182 -8 2.7602726087700400e+45
184 -8 2.0003057510684277e+45
186 -8 1.2781818411260374e+45
188 -8 7.0645566119058200e+44
190 -8 3.2891997206761956e+44
192 -8 1.2430309037489931e+44
194 -8 3.5883668909224997e+43
196 -8 7.0900629615435107e+42
198 -8 7.2810668583351520e+41
76 -7 2.0267852610404562e+14
78 -7 1.1956891564569483e+17
80 -7 1.3074088313671121e+19
82 -7 5.9342905659251032e+20
84 -7 1.5513942757430276e+22
86 -7 2.7735182021391915e+23
88 -7 3.7669609519531881e+24
90 -7 4.1459181669675251e+25
92 -7 3.8810194240113932e+26
94 -7 3.1725610107028304e+27
96 -7 2.3243582306698522e+28
98 -7 1.5521319775294430e+29
100 -7 9.5637103954353188e+29
102 -7 5.4989260118281416e+30
104 -7 2.9669803221052947e+31
106 -7 1.5133589409914532e+32
108 -7 7.3301812684711403e+32
110 -7 3.3845536433080050e+33
112 -7 1.4947000238141570e+34
114 -7 6.3160855127773702e+34
116 -7 2.5637271401885887e+35
118 -7 1.0021351383058804e+36
120 -7 3.7656580115459480e+36
122 -7 1.3652055855125878e+37
124 -7 4.7653783947215827e+37
126 -7 1.6043159918387501e+38
128 -7 5.2138126641196762e+38
130 -7 1.6348454473324016e+39
132 -7 4.9444328891523956e+39
134 -7 1.4423389051254512e+40
136 -7 4.0584538112600719e+40
138 -7 1.0997410441841456e+41
140 -7 2.8705156419841530e+41
142 -7 7.2090876418187972e+41
144 -7 1.7411050671528665e+42
146 -7 4.0380970292783556e+42
148 -7 8.9883933189590616e+42
150 -7 1.9168604122080734e+43
152 -7 3.9133445184851249e+43
154 -7 7.6255594551529528e+43
156 -7 1.4173027774235616e+44
158 -7 2.5085554323478995e+44
160 -7 4.2163859513446514e+44
162 -7 6.7132537052732578e+44
164 -7 1.0102883901574817e+45
166 -7 1.4315263409465887e+45
168 -7 1.9037903241223259e+45
170 -7 2.3670176035888262e+45
172 -7 2.7399475857068747e+45
174 -7 2.9343218689480508e+45
176 -7 2.8912700117291973e+45
178 -7 2.6004787344367614e+45
180 -7 2.1165699230903477e+45
182 -7 1.5403429038065494e+45
184 -7 9.8918637436457113e+44
186 -7 5.4948859056262583e+44
188 -7 2.5738238036431457e+44
190 -7 9.8028377322380854e+43
192 -7 2.8562059409727440e+43
194 -7 5.6990973672005336e+42
196 -7 5.9289298003182647e+41
72 -6 6.3986351497309742e+13
74 -6 2.9612639704827644e+16
76 -6 2.8914233534027827e+18
78 -6 1.2290066592916750e+20
80 -6 3.0656279171819173e+21
82 -6 5.3056654620728091e+22
84 -6 7.0316962574609402e+23
86 -6 7.5946384495701048e+24
88 -6 6.9910450016577801e+25
90 -6 5.6555161763401350e+26
92 -6 4.1185568856904369e+27
94 -6 2.7364710830157277e+28
96 -6 1.6867506436337760e+29
98 -6 9.7174608207454197e+29
100 -6 5.2728365820178964e+30
102 -6 2.7097745411115053e+31
104 -6 1.3240710102445439e+32
106 -6 6.1798079005650669e+32
108 -6 2.7657681402348205e+33
110 -6 1.1867044784539605e+34
112 -6 4.8991232223561806e+34
114 -6 1.9472952132319616e+35
116 -6 7.4637389189685940e+35
118 -6 2.7593103860246282e+36
120 -6 9.8517914529645954e+36
122 -6 3.3971041249866859e+37
124 -6 1.1308305677461869e+38
126 -6 3.6385153509395369e+38
128 -6 1.1308173192187912e+39
130 -6 3.3946321670080082e+39
132 -6 9.8320204446776886e+39
134 -6 2.7500711427854329e+40
136 -6 7.4195539116989988e+40
138 -6 1.9284561416683541e+41
140 -6 4.8264408305517751e+41
142 -6 1.1622240253373977e+42
144 -6 2.6888749851345156e+42
146 -6 5.9727547266552902e+42
148 -6 1.2715052376668018e+43
150 -6 2.5943230604927803e+43
152 -6 5.0525881086025924e+43
154 -6 9.3939156941060153e+43
156 -6 1.6631082048699913e+44
158 -6 2.7985024834152374e+44
160 -6 4.4610793691246558e+44
162 -6 6.7215159634765380e+44
164 -6 9.5441768166134773e+44
166 -6 1.2722891793363907e+45
168 -6 1.5862711583601875e+45
170 -6 1.8408945605831516e+45
172 -6 1.9785804585724607e+45
174 -6 1.9567495614690862e+45
176 -6 1.7693381464315872e+45
178 -6 1.4463825747982357e+45
180 -6 1.0585942918001082e+45
182 -6 6.8429190610748534e+44
184 -6 3.8305679497430411e+44
186 -6 1.8094507314541466e+44
188 -6 6.9485010944366992e+43
190 -6 2.0462956944003915e+43
192 -6 4.1340332469821780e+42
194 -6 4.3672163541266229e+41
68 -5 1.6447195652955547e+13
70 -5 6.0601666770206900e+15
72 -5 5.3297335286911002e+17
74 -5 2.1184337437428929e+19
76 -5 5.0577028887605884e+20
78 -5 8.4525568963112998e+21
80 -5 1.0891531617628192e+23
82 -5 1.1520933094512287e+24
84 -5 1.0439026436691141e+25
86 -5 8.3490388878892657e+25
88 -5 6.0347561837467879e+26
90 -5 3.9995284177958389e+27
92 -5 2.4627623793600128e+28
94 -5 1.4235673794435324e+29
96 -5 7.7599639438936308e+29
98 -5 4.0203038049130266e+30
100 -5 1.9845054689941036e+31
102 -5 9.3733235569267346e+31
104 -5 4.2469483363409351e+32
106 -5 1.8512708375984694e+33
108 -5 7.7702238562153476e+33
110 -5 3.1439838638530909e+34
112 -5 1.2285400223218248e+35
114 -5 4.6414076911100975e+35
116 -5 1.6936137835166791e+36
118 -5 5.9794209968688257e+36
120 -5 2.0408715649878916e+37
122 -5 6.7376078654736787e+37
124 -5 2.1525881155310815e+38
126 -5 6.6438320864830041e+38
128 -5 1.9842814622389242e+39
130 -5 5.7218756878450101e+39
132 -5 1.5946783351202472e+40
134 -5 4.2877567363852008e+40
136 -5 1.1118187838715077e+41
138 -5 2.7770886340787891e+41
140 -5 6.6782497558171329e+41
142 -5 1.5438940557306886e+42
144 -5 3.4304056402316523e+42
146 -5 7.3055150168518037e+42
148 -5 1.4915975555550340e+43
150 -5 2.9102363998828048e+43
152 -5 5.4175539600983243e+43
154 -5 9.6106588570450670e+43
156 -5 1.6201509379202515e+44
158 -5 2.5917192433028463e+44
160 -5 3.9165845066928004e+44
162 -5 5.5822528711111521e+44
164 -5 7.4683671928242314e+44
166 -5 9.3505015214816689e+44
168 -5 1.0904120873760927e+45
170 -5 1.1779828131705542e+45
172 -5 1.1722023864301205e+45
174 -5 1.0654214513588535e+45
176 -5 8.7726221304762760e+44
178 -5 6.4701374803892924e+44
180 -5 4.2164065772168978e+44
182 -5 2.3810403331593136e+44
184 -5 1.1358942422439892e+44
186 -5 4.4104782020117985e+43
188 -5 1.3152621388464833e+43
190 -5 2.6961009797944101e+42
192 -5 2.8973433299823049e+41
62 -4 1.9817411409545380e+08
64 -4 3.3346736834174609e+12
66 -4 1.0057019132031402e+15
68 -4 7.9940489726111360e+16
70 -4 2.9859136967487811e+18
72 -4 6.8086738584638071e+19
74 -4 1.0975115689351458e+21
76 -4 1.3743562914583865e+22
78 -4 1.4224549044241355e+23
80 -4 1.2679212460126755e+24
82 -4 1.0018641839297430e+25
84 -4 7.1823142558828652e+25
86 -4 4.7465832926074710e+26
88 -4 2.9241088427743690e+27
90 -4 1.6936219960264891e+28
92 -4 9.3029599801340075e+28
94 -4 4.8546895825957724e+29
96 -4 2.4250419506081860e+30
98 -4 1.1582417549323219e+31
100 -4 5.3298696089155346e+31
102 -4 2.3618459163500833e+32
104 -4 1.0085753175748921e+33
106 -4 4.1592341985909256e+33
108 -4 1.6589132171557486e+34
110 -4 6.3971312881401509e+34
112 -4 2.3892325104116130e+35
114 -4 8.6315928779689773e+35
116 -4 3.0242843397912236e+36
118 -4 1.0250696580732084e+37
120 -4 3.3666293566487531e+37
122 -4 1.0704688798955525e+38
124 -4 3.2912164571865152e+38
126 -4 9.8015560502427712e+38
128 -4 2.8198588368691069e+39
130 -4 7.8468401171555351e+39
132 -4 2.1083139868267420e+40
134 -4 5.4632233417915853e+40
136 -4 1.3644454699912603e+41
138 -4 3.2854135649586710e+41
140 -4 7.6061670178148064e+41
142 -4 1.6917641370311677e+42
144 -4 3.6119864181796864e+42
146 -4 7.3953661930353949e+42
148 -4 1.4463677953021306e+43
150 -4 2.7020909426352132e+43
152 -4 4.8109753726250429e+43
154 -4 8.1465140309829211e+43
156 -4 1.3083531230904800e+44
158 -4 1.9862025960027086e+44
160 -4 2.8451863349728828e+44
162 -4 3.8288107623344457e+44
164 -4 4.8253613789821755e+44
166 -4 5.6610543814680464e+44
168 -4 6.1601109517755846e+44
170 -4 6.1753408621356677e+44
172 -4 5.6565848158781266e+44
174 -4 4.6982273822332128e+44
176 -4 3.4959848580095429e+44
178 -4 2.3017172570023263e+44
180 -4 1.3135920929672149e+44
182 -4 6.3428991642313007e+43
184 -4 2.4949417687441839e+43
186 -4 7.5459169586805652e+42
188 -4 1.5731022891227188e+42
190 -4 1.7227581965893721e+41
58 -3 7.2539695558376074e+07
60 -3 5.2601295302812555e+11
62 -3 1.3216306776546883e+14
64 -3 9.5167227565260360e+15
66 -3 3.3362925709234560e+17
68 -3 7.2435832799042447e+18
70 -3 1.1285158453750864e+20
72 -3 1.3714832969357562e+21
74 -3 1.3873523464620344e+22
76 -3 1.2153367297552586e+23
78 -3 9.4993034612987168e+23
80 -3 6.7565674524321225e+24
82 -3 4.4527579722434972e+25
84 -3 2.7453116271210422e+26
86 -3 1.5991575449587842e+27
88 -3 8.8447836071215746e+27
90 -3 4.6711527112484784e+28
92 -3 2.3591192265193895e+29
94 -3 1.1463155383530706e+30
96 -3 5.3614432206498032e+30
98 -3 2.4132948435500811e+31
100 -3 1.0505343878635300e+32
102 -3 4.4295988773766213e+32
104 -3 1.8037108580253979e+33
106 -3 7.1223930615089658e+33
108 -3 2.7236308131860122e+34
110 -3 1.0087620155492263e+35
112 -3 3.6253859660117027e+35
114 -3 1.2640306755447491e+36
116 -3 4.2684103901180869e+36
118 -3 1.3971158350770683e+37
120 -3 4.4336648986597532e+37
122 -3 1.3625751571501034e+38
124 -3 4.0542245998208978e+38
126 -3 1.1666816878547833e+39
128 -3 3.2496162747271170e+39
130 -3 8.7349202168933565e+39
132 -3 2.2683691082368482e+40
134 -3 5.6804885156401473e+40
136 -3 1.3711894133090894e+41
138 -3 3.1830459758802023e+41
140 -3 7.1115744782272878e+41
142 -3 1.5244252094690339e+42
144 -3 3.1338856167497689e+42
146 -3 6.1601827851808997e+42
148 -3 1.1570907760397933e+43
150 -3 2.0719370323057496e+43
152 -3 3.5255709693007719e+43
154 -3 5.6994351143431693e+43
156 -3 8.7160458387193364e+43
158 -3 1.2570053189372642e+44
160 -3 1.7045686845192320e+44
162 -3 2.1640806760994304e+44
164 -3 2.5615346415862502e+44
166 -3 2.8112590475362108e+44
168 -3 2.8447274895390590e+44
170 -3 2.6324416774960456e+44
172 -3 2.2088582263155624e+44
174 -3 1.6632057879093675e+44
176 -3 1.1074368826162781e+44
178 -3 6.4009566586833207e+43
180 -3 3.1335979210578643e+43
182 -3 1.2524746797653304e+43
184 -3 3.8503501609337746e+42
186 -3 8.1767631892707783e+41
188 -3 9.1499146908573035e+40
54 -2 1.7857327771307442e+07
56 -2 6.2478514299208084e+10
58 -2 1.3196492139399008e+13
60 -2 8.6178625951886662e+14
62 -2 2.8278643188498128e+16
64 -2 5.8620243673210189e+17
66 -2 8.7930710183902710e+18
68 -2 1.0380548850154406e+20
70 -2 1.0248944159800727e+21
72 -2 8.8288307370559380e+21
74 -2 6.8179803330476945e+22
76 -2 4.8292924025242501e+23
78 -2 3.1898721930352364e+24
80 -2 1.9743578443761785e+25
82 -2 1.1583826285790436e+26
84 -2 6.4922116379711912e+26
86 -2 3.4729160731240490e+27
88 -2 1.7846024804602796e+28
90 -2 8.8144932692900108e+28
92 -2 4.2001104569248981e+29
94 -2 1.9334308643689155e+30
96 -2 8.6057052186746215e+30
98 -2 3.7094275521681918e+31
100 -2 1.5471649748088216e+32
102 -2 6.2650398937933564e+32
104 -2 2.4573239770730502e+33
106 -2 9.3556980999394798e+33
108 -2 3.4586744317885970e+34
110 -2 1.2399693707831233e+35
112 -2 4.3118030260987846e+35
114 -2 1.4553376346863942e+36
116 -2 4.7666683016654252e+36
118 -2 1.5138513672302750e+37
120 -2 4.6592453762094687e+37
122 -2 1.3894694346538255e+38
124 -2 4.0125907024456642e+38
126 -2 1.1206078820307890e+39
128 -2 3.0245924158834421e+39
130 -2 7.8834982853464357e+39
132 -2 1.9855269489321356e+40
134 -2 4.8142728329435945e+40
136 -2 1.1243524470387747e+41
138 -2 2.5259623218461678e+41
140 -2 5.4471300323201186e+41
142 -2 1.1266539654468252e+42
144 -2 2.2297545077452711e+42
146 -2 4.2200088395650186e+42
148 -2 7.6099725987292222e+42
150 -2 1.3056419014717088e+43
152 -2 2.1283220870617125e+43
154 -2 3.2831361046053421e+43
156 -2 4.7803628884063750e+43
158 -2 6.5461213135655196e+43
160 -2 8.3947526289954383e+43
162 -2 1.0037838342761525e+44
164 -2 1.1139563359160651e+44
166 -2 1.1395593014505440e+44
168 -2 1.0671555922961401e+44
170 -2 9.0703927049445569e+43
172 -2 6.9189428549047734e+43
174 -2 4.6714937042513893e+43
176 -2 2.7401399296947095e+43
178 -2 1.3637687477606749e+43
180 -2 5.5460419876666451e+42
182 -2 1.7381966883359480e+42
184 -2 3.7671108883998912e+41
186 -2 4.3228870640830849e+40
50 -1 2.4665435987142450e+06
52 -1 5.2079971944812489e+09
54 -1 9.3404546761614294e+11
56 -1 5.5825274178063289e+13
58 -1 1.7158253548493678e+15
60 -1 3.3844551116980760e+16
62 -1 4.8780585209030912e+17
64 -1 5.5865321880814387e+18
66 -1 5.3839379566887895e+19
68 -1 4.5674896339173225e+20
70 -1 3.5029581612405301e+21
72 -1 2.4873857770814538e+22
74 -1 1.6494472811848963e+23
76 -1 1.0361986676983131e+24
78 -1 6.1767563614260500e+24
80 -1 3.5225077305702217e+25
82 -1 1.9236312709298283e+26
84 -1 1.0100847728276860e+27
86 -1 5.1153966790547947e+27
88 -1 2.4941244995592149e+28
90 -1 1.1774768903015010e+29
92 -1 5.3797867687160148e+29
94 -1 2.3794631294460106e+30
96 -1 1.0213926255053435e+31
98 -1 4.2485644504069104e+31
100 -1 1.7162690592933118e+32
102 -1 6.7308812409388317e+32
104 -1 2.5637444271858849e+33
106 -1 9.4782914353123547e+33
108 -1 3.4054704648080662e+34
110 -1 1.1880533299059329e+35
112 -1 4.0234469612910684e+35
114 -1 1.3217344076086175e+36
116 -1 4.2156873834749686e+36
118 -1 1.3027281922986544e+37
120 -1 3.9065914007493204e+37
122 -1 1.1343246763006488e+38
124 -1 3.1881276066902840e+38
126 -1 8.6617170132715747e+38
128 -1 2.2732233869963635e+39
130 -1 5.7641666769581736e+39
132 -1 1.4086418445406018e+40
134 -1 3.3145298750863644e+40
136 -1 7.5081753831621325e+40
138 -1 1.6326990703715162e+41
140 -1 3.4069073363256864e+41
142 -1 6.8098325759062522e+41
144 -1 1.3000200790837866e+42
146 -1 2.3697972640024518e+42
148 -1 4.1085022652558391e+42
150 -1 6.7640491696122626e+42
152 -1 1.0547684867130914e+43
154 -1 1.5534364698720577e+43
156 -1 2.1513775390481890e+43
158 -1 2.7930210809034585e+43
160 -1 3.3839529844179527e+43
162 -1 3.8041353343020570e+43
164 -1 3.9471270741724642e+43
166 -1 3.7476573695377939e+43
168 -1 3.2323301604192806e+43
170 -1 2.5040124840735816e+43
172 -1 1.7182725211990144e+43
174 -1 1.0259771392599645e+43
176 -1 5.2046406414306719e+42
178 -1 2.1560986342724156e+42
180 -1 6.9051379892432660e+41
182 -1 1.5317148167373870e+41
184 -1 1.8053372286078956e+40
46 0 1.9892637244695623e+05
48 0 2.7222962596076477e+08
50 0 4.1689502783102264e+10
52 0 2.2916670684108809e+12
54 0 6.6062949190078281e+13
56 0 1.2386717962079668e+15
58 0 1.7105053454179724e+16
60 0 1.8978951374412477e+17
62 0 1.7946280786089746e+18
64 0 1.5102863999052808e+19
66 0 1.1653149136000524e+20
68 0 8.3934255926804034e+20
70 0 5.7153046449260362e+21
72 0 3.6835619026894978e+22
74 0 2.2634183112717325e+23
76 0 1.3293290535188577e+24
78 0 7.5002302824244045e+24
80 0 4.0729728729059840e+25
82 0 2.1279345758058884e+26
84 0 1.0733500888324136e+27
86 0 5.2375870847806897e+27
88 0 2.4727657820757695e+28
90 0 1.1303659793114227e+29
92 0 5.0154176592639443e+29
94 0 2.1562855367946452e+30
96 0 9.0110640191767086e+30
98 0 3.6551388890209176e+31
100 0 1.4403937120684032e+32
102 0 5.5156243844055024e+32
104 0 2.0517515786059602e+33
106 0 7.4188514995090818e+33
108 0 2.6075871439706845e+34
110 0 8.8858544179132804e+34
112 0 2.9429252798676215e+35
114 0 9.4547442282173430e+35
116 0 2.9478201683528112e+36
118 0 8.9080407988849166e+36
120 0 2.6088988435703030e+37
122 0 7.4035041488459164e+37
124 0 2.0298777740939668e+38
126 0 5.3796129519496752e+38
128 0 1.3773604081090870e+39
130 0 3.4017803080780994e+39
132 0 8.0909222706843981e+39
134 0 1.8520679398829937e+40
136 0 4.0743796750225327e+40
138 0 8.5967425578559003e+40
140 0 1.7383351051995743e+41
142 0 3.3596420028864159e+41
144 0 6.1993672815240130e+41
146 0 1.0888694761004427e+42
148 0 1.8160493468003418e+42
150 0 2.8705283830957083e+42
152 0 4.2829339595474126e+42
154 0 6.0211359426547354e+42
156 0 7.9288215651245910e+42
158 0 9.7496380663383356e+42
160 0 1.1127348610827362e+43
162 0 1.1727861676890632e+43
164 0 1.1327464317750031e+43
166 0 9.9440689289028289e+42
168 0 7.8343493155360217e+42
170 0 5.4821278365771481e+42
172 0 3.3375848148643781e+42
174 0 1.7269015589067242e+42
176 0 7.3202131018531977e+41
178 0 2.4011818450529211e+41
180 0 5.4689612444567561e+40
182 0 6.6443884881432379e+39
42 1 6.9570971154042663e+03
44 1 6.6700235418690089e+06
46 1 8.8220635876619530e+08
48 1 4.4392573413312042e+10
50 1 1.2068396327352607e+12
52 1 2.1436330305571000e+13
54 1 2.8461009533849450e+14
56 1 3.0733198544138530e+15
58 1 2.9114449798351688e+16
60 1 2.5141530276787962e+17
62 1 2.0419394899021796e+18
64 1 1.5679777324941070e+19
66 1 1.1393040454764436e+20
68 1 7.8337306645436891e+20
70 1 5.1207771397643169e+21
72 1 3.1803893108082081e+22
74 1 1.8949112333710050e+23
76 1 1.0817046525485227e+24
78 1 5.9448473649170069e+24
80 1 3.1479067609833559e+25
82 1 1.6087455987354302e+26
84 1 7.9396467010722010e+26
86 1 3.7947240157839871e+27
88 1 1.7578216307073088e+28
90 1 7.8903154494326752e+28
92 1 3.4332662617533563e+29
94 1 1.4497842064690341e+30
96 1 5.9499899320629563e+30
98 1 2.3713333434356888e+31
100 1 9.1799999048929695e+31
102 1 3.4601061015097961e+32
104 1 1.2640669651574985e+33
106 1 4.4908902654870077e+33
108 1 1.5494318065940844e+34
110 1 5.1950870116971692e+34
112 1 1.6883162876431483e+35
114 1 5.3251688250114110e+35
116 1 1.6287311771304087e+36
118 1 4.8312119064521131e+36
120 1 1.3867224121112642e+37
122 1 3.8513674222154251e+37
124 1 1.0340766542643474e+38
126 1 2.6814214254719603e+38
128 1 6.7110505215250676e+38
130 1 1.6174321856479912e+39
132 1 3.7569314028895475e+39
134 1 8.3776708597103593e+39
136 1 1.7934795679027126e+40
138 1 3.6773176938100995e+40
140 1 7.2188788124133009e+40
142 1 1.3518440637627183e+41
144 1 2.4095461213536202e+41
146 1 4.0834132202044772e+41
148 1 6.5560810733083158e+41
150 1 9.9448477574925056e+41
152 1 1.4208362826211023e+42
154 1 1.9032168911011548e+42
156 1 2.3820198803264001e+42
158 1 2.7704616043548221e+42
160 1 2.9726617497793253e+42
162 1 2.9272286889128291e+42
164 1 2.6194885948370976e+42
166 1 2.1071752269330608e+42
168 1 1.5049586660670034e+42
170 1 9.3727276001709152e+41
172 1 4.9664082318933795e+41
174 1 2.1585716397403600e+41
176 1 7.2703172330757237e+40
178 1 1.7046598696030665e+40
180 1 2.1408891584270187e+39
46 2 5.0492638867806958e+05
48 2 3.2937493236866361e+08
50 2 3.7623690154344612e+10
52 2 1.7209760006534202e+12
54 2 4.4059506984145031e+13
56 2 7.5917113515696300e+14
58 2 9.8724582156124560e+15
60 2 1.0402189001121616e+17
62 2 9.4285246487577434e+17
64 2 7.6828285390114140e+18
66 2 5.7410614522236961e+19
68 2 4.0287407068889527e+20
70 2 2.6614574041475056e+21
72 2 1.6691374243113312e+22
74 2 9.9902686965654658e+22
76 2 5.7145002933581257e+23
78 2 3.1381218115458216e+24
80 2 1.6570015655151556e+25
82 2 8.4300546928987713e+25
84 2 4.1476514052644505e+26
86 2 1.9664227879813011e+27
88 2 9.0387640561673003e+27
90 2 4.0212098890976260e+28
92 2 1.7369436419719618e+29
94 2 7.2694236707611087e+29
96 2 2.9566387088500398e+30
98 2 1.1650635945285556e+31
100 2 4.4595113588362110e+31
102 2 1.6614506997693912e+32
104 2 5.9972596020432027e+32
106 2 2.1048603154380585e+33
108 2 7.1663755372075469e+33
110 2 2.3674916751809374e+34
112 2 7.5913414088903910e+34
114 2 2.3593674751081445e+35
116 2 7.1112115536334182e+35
118 2 2.0754723764566594e+36
120 2 5.8601361535949184e+36
122 2 1.5980562389409969e+37
124 2 4.2129453897853092e+37
126 2 1.0715234781501015e+38
128 2 2.6263040611264709e+38
130 2 6.2013849938251348e+38
132 2 1.4058641111528724e+39
134 2 3.0645183244558107e+39
136 2 6.3985920826119598e+39
138 2 1.2763969111211153e+40
140 2 2.4347930257046833e+40
142 2 4.4209650938342070e+40
144 2 7.6273667752093192e+40
146 2 1.2475532080532349e+41
148 2 1.9296086252191152e+41
150 2 2.8106752425834293e+41
152 2 3.8427973291429551e+41
154 2 4.9053754654840614e+41
156 2 5.8199651529441096e+41
158 2 6.3818838022888411e+41
160 2 6.4228275573434995e+41
162 2 5.8764963053749576e+41
164 2 4.8381038923107577e+41
166 2 3.5417632851958289e+41
168 2 2.2613133756196467e+41
170 2 1.2291515196410497e+41
172 2 5.4899256942626687e+40
174 2 1.9060651455196547e+40
176 2 4.6150928843053310e+39
178 2 6.0125108572058982e+38
50 3 1.6203632683914544e+07
52 3 7.6047629598850975e+09
54 3 7.3325035104623486e+11
56 3 3.0559711446631602e+13
58 3 7.3515094935175012e+14
60 3 1.2218674752975780e+16
62 3 1.5406853848848301e+17
64 3 1.5904072992029023e+18
66 3 1.4055123468561770e+19
68 3 1.1072127882296723e+20
70 3 7.9247006237845409e+20
72 3 5.2874969663405912e+21
74 3 3.3054160537694140e+22
76 3 1.9600078605816735e+23
78 3 1.1044486649495335e+24
80 3 5.9550612253498472e+24
82 3 3.0764794529985377e+25
84 3 1.5267251539960999e+26
86 3 7.3161561698288664e+26
88 3 3.3813118813715189e+27
90 3 1.5076964607746904e+28
92 3 6.5165670504745009e+28
94 3 2.7288806116880927e+29
96 3 1.1071962374438457e+30
98 3 4.3460735470614911e+30
100 3 1.6573752195780418e+31
102 3 6.1237403011386825e+31
104 3 2.1987448882340695e+32
106 3 7.6520714341313648e+32
108 3 2.5842807634495753e+33
110 3 8.4599086601937206e+33
112 3 2.6837806123309658e+34
114 3 8.2491481015676844e+34
116 3 2.4551191415839617e+35
118 3 7.0702094946748772e+35
120 3 1.9669421780045519e+36
122 3 5.2911234798239424e+36
124 3 1.3717891232387008e+37
126 3 3.4303224665872666e+37
128 3 8.2543355599616831e+37
130 3 1.9123353716593600e+38
132 3 4.2498950047087976e+38
134 3 9.0531278807502922e+38
136 3 1.8454588465830673e+39
138 3 3.5903862144747495e+39
140 3 6.6662523466139158e+39
142 3 1.1743227873348932e+40
144 3 1.9635179770746022e+40
146 3 3.1038229023538381e+40
148 3 4.6214875816430309e+40
150 3 6.4608122406224096e+40
152 3 8.4436342597355749e+40
154 3 1.0259636376127608e+41
156 3 1.1527123910709749e+41
158 3 1.1885558897932779e+41
160 3 1.1151977400980662e+41
162 3 9.4294624013238994e+40
164 3 7.0818552312838324e+40
166 3 4.6508230675667487e+40
168 3 2.6045725692580262e+40
170 3 1.1992341917398172e+40
172 3 4.3013435051080187e+39
174 3 1.0779220631716277e+39
176 3 1.4639058340429181e+38
54 4 3.0902564946991014e+08
56 4 1.0517228457244951e+11
58 4 8.6495676969801357e+12
60 4 3.2691488148893088e+14
62 4 7.4033977120176170e+15
64 4 1.1803509157634085e+17
66 4 1.4440317046846523e+18
68 4 1.4472021315251339e+19
70 4 1.2477024387645825e+20
72 4 9.5253486927359259e+20
74 4 6.6073430068852435e+21
76 4 4.2396515105463110e+22
78 4 2.5452622206309759e+23
80 4 1.4392759999620084e+24
82 4 7.7427569063399117e+24
84 4 3.9684534908530437e+25
86 4 1.9493748582419153e+26
88 4 9.1754974632520483e+26
90 4 4.1591444847209465e+27
92 4 1.8188599812067259e+28
94 4 7.6711758176426754e+28
96 4 3.1295537872795865e+29
98 4 1.2356700056054714e+30
100 4 4.7118224041798709e+30
102 4 1.7419040589386278e+31
104 4 6.2398257558069117e+31
106 4 2.1650463019964849e+32
108 4 7.2776324573879531e+32
110 4 2.3698599586893522e+33
112 4 7.4709718673682707e+33
114 4 2.2766029618042650e+34
116 4 6.7135259028805427e+34
118 4 1.9136224027790196e+35
120 4 5.2625641426260616e+35
122 4 1.3974279554142194e+36
124 4 3.5776219461018516e+36
126 4 8.8147113953623281e+36
128 4 2.0886436131060215e+37
130 4 4.7493196320021748e+37
132 4 1.0370509590969856e+38
134 4 2.1632703537624619e+38
136 4 4.3114885711176665e+38
138 4 8.1886308266497705e+38
140 4 1.4808095271263661e+39
142 4 2.5364255088952272e+39
144 4 4.1084034771698544e+39
146 4 6.2768346774356405e+39
148 4 9.0056865349433530e+39
150 4 1.2075405377121057e+40
152 4 1.5063163776555696e+40
154 4 1.7364711602964891e+40
156 4 1.8413916169902303e+40
158 4 1.7778980972818985e+40
160 4 1.5471608500936650e+40
162 4 1.1979650309310521e+40
164 4 8.1102214272493842e+39
166 4 4.6868846038096419e+39
168 4 2.2311082837200074e+39
170 4 8.2982734349260671e+38
172 4 2.1617522837499748e+38
174 4 3.0676062301066991e+37
58 5 3.8286075577602630e+09
60 5 9.7611135173655066e+11
62 5 6.8983522392306805e+13
64 5 2.3740350581398540e+15
66 5 5.0523104017577184e+16
68 5 7.6751323713846554e+17
70 5 9.0385722704349123e+18
72 5 8.8093136963724837e+19
74 5 7.3764537993140267e+20
76 5 5.4627895460977044e+21
78 5 3.6638232534078800e+22
80 5 2.2686711500803649e+23
82 5 1.3104627072339442e+24
84 5 7.1152196371187038e+24
86 5 3.6612735940419964e+25
88 5 1.7899713140532690e+26
90 5 8.3770128116126075e+26
92 5 3.7504303446405506e+27
94 5 1.6135408718813269e+28
96 5 6.6967392529000671e+28
98 5 2.6744991753786226e+29
100 5 1.0298728503679570e+30
102 5 3.8323713461462298e+30
104 5 1.3781672709233453e+31
106 5 4.7927912293499970e+31
108 5 1.6099750595543576e+32
110 5 5.2321716217702105e+32
112 5 1.6416002394859551e+33
114 5 4.9790823595775938e+33
116 5 1.4604558814776666e+34
118 5 4.1298142475392319e+34
120 5 1.1260940561083744e+35
122 5 2.9614349821359791e+35
124 5 7.4884338408444769e+35
126 5 1.8215805041215920e+36
128 5 4.2559644416586812e+36
130 5 9.5295021083993541e+36
132 5 2.0425359799658695e+37
134 5 4.1830081389613380e+37
136 5 8.1688917918811270e+37
138 5 1.5169119850060687e+38
140 5 2.6721951050722478e+38
142 5 4.4445965118915425e+38
144 5 6.9839064014145441e+38
146 5 1.0305207920472465e+39
148 5 1.4235255450566868e+39
150 5 1.8281000202672486e+39
152 5 2.1708907721575697e+39
154 5 2.3732574132869418e+39
156 5 2.3637713736233926e+39
158 5 2.1229100101789148e+39
160 5 1.6992922137032539e+39
162 5 1.1911660769944272e+39
164 5 7.1205711241460902e+38
166 5 3.5188858201247491e+38
168 5 1.3598311348857154e+38
170 5 3.7005321569803964e+37
172 5 5.5073017922611318e+36
60 6 2.8758007452559969e+06
62 6 3.3339943889881763e+10
64 6 6.4324823306880645e+12
66 6 3.9393860381708456e+14
68 6 1.2349546277893594e+16
70 6 2.4565615215941222e+17
72 6 3.5563304527531443e+18
74 6 4.0248494226775540e+19
76 6 3.7793688741485661e+20
78 6 3.0576618807997518e+21
80 6 2.1935292396663227e+22
82 6 1.4238477023585444e+23
84 6 8.5085647462309404e+23
86 6 4.7262777832185345e+24
88 6 2.4634817314128043e+25
90 6 1.2112313097870936e+26
92 6 5.6596480791095039e+26
94 6 2.5225546969623732e+27
96 6 1.0760951699147802e+28
98 6 4.3971351330648737e+28
100 6 1.7227709299115622e+29
102 6 6.5023640550651860e+29
104 6 2.3653668314211111e+30
106 6 8.2808227020253293e+30
108 6 2.7975980275351079e+31
110 6 9.1103556137234401e+31
112 6 2.8639090386843764e+32
114 6 8.6757124700567320e+32
116 6 2.5333166216954929e+33
118 6 7.1291058707424841e+33
120 6 1.9322011373031849e+34
122 6 5.0401479908125943e+34
124 6 1.2626819155030056e+35
126 6 3.0372868486869973e+35
128 6 7.0018160620124373e+35
130 6 1.5463773501495609e+36
132 6 3.2593610132820127e+36
134 6 6.5571089347985763e+36
136 6 1.2544075965698472e+37
138 6 2.2779066077023056e+37
140 6 3.9113827978698912e+37
142 6 6.3339631334466963e+37
144 6 9.6385399938717227e+37
146 6 1.3737993943855475e+38
148 6 1.8214184401457461e+38
150 6 2.2376879160019923e+38
152 6 2.5266394734656639e+38
154 6 2.6046937717924422e+38
156 6 2.4230909840366601e+38
158 6 2.0090413245610608e+38
160 6 1.4606480943605891e+38
162 6 9.0814867869180995e+37
164 6 4.6722158932396006e+37
166 6 1.8829192520738400e+37
168 6 5.3584080316134669e+36
170 6 8.4214202253811917e+35
64 7 6.5201386003397495e+07
66 7 2.0815576311967627e+11
68 7 3.1407258731801965e+13
70 7 1.6595252765767932e+15
72 7 4.7310871533050208e+16
74 7 8.8264407984895309e+17
76 7 1.2104294818878999e+19
78 7 1.3090153325913866e+20
80 7 1.1845275939618903e+21
82 7 9.2468679949631630e+21
84 7 6.3961417882760875e+22
86 7 4.0050346578730119e+23
88 7 2.3019356508291230e+24
90 7 1.2270184108265596e+25
92 7 6.1206719182312885e+25
94 7 2.8740745086661713e+26
96 7 1.2812463386301904e+27
98 7 5.4284258190784318e+27
100 7 2.1951897884156990e+28
102 7 8.4882526725699476e+28
104 7 3.1413822285115184e+29
106 7 1.1179733108866572e+30
108 7 3.8187326083721282e+30
110 7 1.2547404990616649e+31
112 7 3.9644358819882806e+31
114 7 1.2041531494785893e+32
116 7 3.5187271506247032e+32
118 7 9.8885162341336951e+32
120 7 2.6683457283225852e+33
122 7 6.9196831709361357e+33
124 7 1.7204289046206010e+34
126 7 4.0974936967846516e+34
128 7 9.3467895613370956e+34
130 7 2.0356014434206476e+35
132 7 4.2295556351285974e+35
134 7 8.3602482617401065e+35
136 7 1.5676449181942035e+36
138 7 2.7818549393987804e+36
140 7 4.6630483772360920e+36
142 7 7.3414430795811306e+36
144 7 1.0822214416943712e+37
146 7 1.4858948081369638e+37
148 7 1.8913880310108471e+37
150 7 2.2173217084485319e+37
152 7 2.3672731714888503e+37
154 7 2.2884869701288413e+37
156 7 1.9734788334800279e+37
158 7 1.4913988749473252e+37
160 7 9.6675236793825748e+36
162 7 5.1859202186039066e+36
164 7 2.1906539743053368e+36
166 7 6.5469248722979291e+35
168 7 1.0905161868103551e+35
68 8 6.4005135900611925e+08
70 8 9.5591393561159619e+11
72 8 1.1488746537480762e+14
74 8 5.2740522544119850e+15
76 8 1.3695827229690374e+17
78 8 2.3854745767161713e+18
80 8 3.0873396799490474e+19
82 8 3.1919217190500093e+20
84 8 2.7656560361388654e+21
86 8 2.0750170162044212e+22
88 8 1.3775691765643552e+23
90 8 8.2809718297429535e+23
92 8 4.5552796112775226e+24
94 8 2.3226822271483695e+25
96 8 1.1065621024319706e+26
98 8 4.9577519847146796e+26
100 8 2.0964764430190167e+27
102 8 8.4259912454474085e+27
104 8 3.2160352108812909e+28
106 8 1.1728041070872607e+29
108 8 4.0861975900304244e+29
110 8 1.3613573046509596e+30
112 8 4.3503150513305189e+30
114 8 1.3328525479100693e+31
116 8 3.9125185956742962e+31
118 8 1.1015358353483547e+32
120 8 2.9725000199444001e+32
122 8 7.6778662250452141e+32
124 8 1.9015642116253466e+33
126 8 4.4959123585179839e+33
128 8 1.0142902241423393e+34
130 8 2.1826077818234515e+34
132 8 4.4723330270447968e+34
134 8 8.6804302995820992e+34
136 8 1.5984774116890938e+35
138 8 2.7735036739334852e+35
140 8 4.5236801913555587e+35
142 8 6.9229885796672504e+35
144 8 9.8731022092907583e+35
146 8 1.3058098091708408e+36
148 8 1.5884206667697037e+36
150 8 1.7651421555889452e+36
152 8 1.7761977347982192e+36
154 8 1.5960702188912904e+36
156 8 1.2607535210110543e+36
158 8 8.5419065178606730e+35
160 8 4.8034559389340032e+35
162 8 2.1284782564651578e+35
164 8 6.7069227532519454e+34
166 8 1.1878945202998195e+34
72 9 4.0923709935377259e+09
74 9 3.2522270848573804e+12
76 9 3.2037836556817438e+14
78 9 1.2816391387860568e+16
80 9 3.0232617973292000e+17
82 9 4.8994210735590584e+18
84 9 5.9850668092998992e+19
86 9 5.8941727503212872e+20
88 9 4.8721779782813829e+21
90 9 3.4853429868604877e+22
92 9 2.2126555300200814e+23
94 9 1.2706709374784398e+24
96 9 6.6728400708160504e+24
98 9 3.2432080073025503e+25
100 9 1.4668689322716845e+26
102 9 6.2353105235486564e+26
104 9 2.4953666080057229e+27
106 9 9.4494440060659088e+27
108 9 3.3944617558060828e+28
110 9 1.1585730295531490e+29
112 9 3.7766579573167117e+29
114 9 1.1729068754684880e+30
116 9 3.4856661897016658e+30
118 9 9.8767420761185379e+30
120 9 2.6713678744661139e+31
122 9 6.9068881135584959e+31
124 9 1.7030868965258109e+32
126 9 4.0059632241271252e+32
128 9 8.9765947905730125e+32
130 9 1.9110723696137922e+33
132 9 3.8610810057167755e+33
134 9 7.3876320741231709e+33
136 9 1.3296051534175755e+34
138 9 2.2590097520260232e+34
140 9 3.5945320556681063e+34
142 9 5.3319717055676901e+34
144 9 7.3355700084288987e+34
146 9 9.2997448664863942e+34
148 9 1.0778517703060934e+35
150 9 1.1316477211135475e+35
152 9 1.0627418675364555e+35
154 9 8.7687978535566222e+34
156 9 6.2348093211089919e+34
158 9 3.6860087379945213e+34
160 9 1.7204509330550916e+34
162 9 5.7276193390052583e+33
164 9 1.0848110203512432e+33
76 10 1.7824206085864147e+10
78 10 8.3274326893951934e+12
80 10 6.8322005020716825e+14
82 10 2.4061388418469124e+16
84 10 5.1419872707207002e+17
86 10 7.7458912630746747e+18
88 10 8.9066284014130856e+19
90 10 8.2827838710192826e+20
92 10 6.4990927880472693e+21
94 10 4.4225997675110651e+22
96 10 2.6774110293314130e+23
98 10 1.4592397989947737e+24
100 10 7.2645511939798646e+24
102 10 3.3406422313119455e+25
104 10 1.4315339622142823e+26
106 10 5.7266884089121663e+26
108 10 2.1523152472076863e+27
110 10 7.6378070637147882e+27
112 10 2.5663823830503516e+28
114 10 8.1623441858341542e+28
116 10 2.4676953127275055e+29
118 10 7.0872795263241999e+29
120 10 1.9329929821013396e+30
122 10 5.0244263650175915e+30
124 10 1.2418057121688883e+31
126 10 2.9106741956113824e+31
128 10 6.4801070672847158e+31
130 10 1.3679042542564105e+32
132 10 2.7287716712625741e+32
134 10 5.1337829464474176e+32
136 10 9.0871411924429071e+32
138 10 1.5077076112302219e+33
140 10 2.3294132480918093e+33
142 10 3.3486699672330182e+33
144 10 4.4282932083851455e+33
146 10 5.3627456179484676e+33
148 10 5.8911886288672407e+33
150 10 5.7920191228127057e+33
152 10 5.0217335307138188e+33
154 10 3.7452495660044213e+33
156 10 2.3301803057679057e+33
158 10 1.1492590103514487e+33
160 10 4.0696172435252621e+32
162 10 8.2721309139882432e+31
80 11 5.6153290692919434e+10
82 11 1.6075020042422428e+13
84 11 1.1196613348868812e+15
86 11 3.4800584479572152e+16
88 11 6.7837677570194304e+17
90 11 9.4529058411908997e+18
92 11 1.0151325934937630e+20
94 11 8.8882924469367013e+20
96 11 6.5867891521243683e+21
98 11 4.2443175364116691e+22
100 11 2.4247591192953715e+23
102 11 1.2478620535573644e+24
104 11 5.8789070478528291e+24
106 11 2.5414617282391591e+25
108 11 1.0201347016144188e+26
110 11 3.8230556537533552e+26
112 11 1.3400603149552416e+27
114 11 4.4253238079638391e+27
116 11 1.3779917517528453e+28
118 11 4.0438574896854859e+28
120 11 1.1216254699712321e+29
122 11 2.9461210525100237e+29
124 11 7.3220311893547891e+29
126 11 1.7200590187096313e+30
128 11 3.8235060868503301e+30
130 11 8.0057788236092271e+30
132 11 1.5816275630415391e+31
134 11 2.9311726492534578e+31
136 11 5.0865769344534519e+31
138 11 8.2407033089942768e+31
140 11 1.2372039890149158e+32
142 11 1.7141115974557630e+32
144 11 2.1753423880366308e+32
146 11 2.5042036409172850e+32
148 11 2.5853239415459810e+32
150 11 2.3524684801677517e+32
152 11 1.8481714667652476e+32
154 11 1.2145254378071092e+32
156 11 6.3509898125485544e+31
158 11 2.3876936636706898e+31
160 11 5.2720625377393165e+30
84 12 1.2970644424128702e+11
86 12 2.3854443619976094e+13
88 12 1.3985290536158718e+15
90 12 3.8924067297305952e+16
92 12 6.8894195593791373e+17
94 12 8.8825329279594701e+18
96 12 8.8768912774054789e+19
98 12 7.2621096867154074e+20
100 12 5.0479783193037819e+21
102 12 3.0572104388081466e+22
104 12 1.6426541212259973e+23
106 12 7.9406918233081181e+23
108 12 3.4956051934875232e+24
110 12 1.4129345922185631e+25
112 12 5.2725278044973728e+25
114 12 1.8318180013824232e+26
116 12 5.9510950426175937e+26
118 12 1.8098335666686133e+27
120 12 5.1609374073692539e+27
122 12 1.3787419730612748e+28
124 12 3.4765892811426766e+28
126 12 8.2349408483002538e+28
128 12 1.8304321315782680e+29
130 12 3.8250346071520230e+29
132 12 7.4816748212178872e+29
134 12 1.3701381268526873e+30
136 12 2.3313261007715768e+30
138 12 3.6797374078406379e+30
140 12 5.3554413657180859e+30
142 12 7.1481589875143977e+30
144 12 8.6485148945265067e+30
146 12 9.3939060291600942e+30
148 12 9.0051750310047353e+30
150 12 7.4808939224337564e+30
152 12 5.1963400339102387e+30
154 12 2.8893149542622136e+30
156 12 1.1580313152798495e+30
158 12 2.7830369946941574e+29
88 13 2.2814569499955093e+11
90 13 2.7331700520612309e+13
92 13 1.3471611913857182e+15
94 13 3.3481462991107876e+16
96 13 5.3907572318840896e+17
98 13 6.3592610106011412e+18
100 13 5.9150297919185814e+19
102 13 4.5053539421848909e+20
104 13 2.9187005533414558e+21
106 13 1.6487741823224170e+22
108 13 8.2454547497422867e+22
110 13 3.7110087873457118e+23
112 13 1.5159280860954529e+24
114 13 5.6650496402612922e+24
116 13 1.9506089997142396e+25
118 13 6.2223057151359552e+25
120 13 1.8452644869931839e+26
122 13 5.0918411945405973e+26
124 13 1.3129196646269441e+27
126 13 3.1535857829821798e+27
128 13 7.0830343646495976e+27
130 13 1.4814353436509159e+28
132 13 2.8852192965540488e+28
134 13 5.2285526013051399e+28
136 13 8.7305851482636042e+28
138 13 1.3469072532574948e+29
140 13 1.8964493632576396e+29
142 13 2.4251193387832008e+29
144 13 2.7813487980960646e+29
146 13 2.8210385496434617e+29
148 13 2.4798761791363726e+29
150 13 1.8283222950922394e+29
152 13 1.0830916608033946e+29
154 13 4.6418659033478243e+28
156 13 1.2239453326490903e+28
92 14 2.9482550205602460e+11
94 14 2.4685023842349242e+13
96 14 1.0010476752335230e+15
98 14 2.2031282619756684e+16
100 14 3.2202497677690554e+17
102 14 3.4832099622080876e+18
104 14 2.9737325373938123e+19
106 14 2.0963895325243500e+20
108 14 1.2565981483595693e+21
110 14 6.5659893491046663e+21
112 14 3.0293537897993220e+22
114 14 1.2579345024138641e+23
116 14 4.7188148972935090e+23
118 14 1.6133135233097511e+24
120 14 5.0544989821457162e+24
122 14 1.4599924560516241e+25
124 14 3.8935366476530851e+25
126 14 9.6034006373083958e+25
128 14 2.1875070128345809e+26
130 14 4.6190557324641186e+26
132 14 9.0027904026126004e+26
134 14 1.6160095744036953e+27
136 14 2.6605381571446082e+27
138 14 4.0024686034387137e+27
140 14 5.4387113976218817e+27
142 14 6.6350670381550792e+27
144 14 7.1391449818454646e+27
146 14 6.6872151933704499e+27
148 14 5.2478813541922509e+27
150 14 3.3330340821030389e+27
152 14 1.5325086060607555e+27
154 14 4.4573913861621053e+26
96 15 2.8654178441761713e+11
98 15 1.7401600552390121e+13
100 15 5.7925943471855538e+14
102 15 1.1147115066585520e+16
104 15 1.4611992342903005e+17
106 15 1.4358238118788590e+18
108 15 1.1213204614751683e+19
110 15 7.2320045376121135e+19
112 15 3.9810942170206555e+20
114 15 1.8997648863405505e+21
116 15 8.0390761633125415e+21
118 15 3.0272177890290399e+22
120 15 1.0288130004524841e+23
122 15 3.1661486403220868e+23
124 15 8.8534121783265760e+23
126 15 2.2743507147732320e+24
128 15 5.3329940148656794e+24
130 15 1.1446014901474859e+25
132 15 2.2452261445705732e+25
134 15 4.0186987318628569e+25
136 15 6.5385399708349493e+25
138 15 9.5766031219357001e+25
140 15 1.2553508979296383e+26
142 15 1.4503369039204381e+26
144 15 1.4556892350948430e+26
146 15 1.2225061976013123e+26
148 15 8.3808333665016318e+25
150 15 4.1327387056260463e+25
152 15 1.3415826120579245e+25
98 16 7.4168948690230042e+07
100 16 1.9979901361875186e+11
102 16 9.5469391767320039e+12
104 16 2.5621012558747500e+14
106 16 4.2953558995985355e+15
108 16 4.9854539157498200e+16
110 16 4.4145261372745946e+17
112 16 3.1096048478150395e+18
114 16 1.8216730563830012e+19
116 16 9.0713396639445090e+19
118 16 3.9175644546590848e+20
120 16 1.4813788201224278e+21
122 16 4.9984408340494465e+21
124 16 1.5043682355701413e+22
126 16 4.0835801513842316e+22
128 16 9.9882735157698829e+22
130 16 2.2138054292792713e+23
132 16 4.4156764590858087e+23
134 16 7.9313349487830652e+23
136 16 1.2758506945118215e+24
138 16 1.8305286493616582e+24
140 16 2.2952380727103776e+24
142 16 2.5040790584543489e+24
144 16 2.2747946696348421e+24
146 16 1.6935270626252682e+24
148 16 9.0295099805940298e+23
150 16 3.3022816082087819e+23
102 17 4.9438113474551156e+07
104 17 1.0155542479521608e+11
106 17 3.8876248192549272e+12
108 17 8.6581295084881719e+13
110 17 1.2344317425486265e+15
112 17 1.2715300551245132e+16
114 17 9.9293577984525984e+16
116 17 6.2556485009387955e+17
118 17 3.2499288842995348e+18
120 17 1.4413912952411886e+19
122 17 5.5035733354039345e+19
124 17 1.8362798267749853e+20
126 17 5.3925325780380733e+20
128 17 1.4035091680347533e+21
130 17 3.2381270570788412e+21
132 17 6.6539111770236587e+21
134 17 1.2101087286916085e+22
136 17 1.9501008796016160e+22
138 17 2.7080670767463451e+22
140 17 3.2793691451070354e+22
142 17 3.2632316896553596e+22
144 17 2.6984168323518208e+22
146 17 1.5703097712293391e+22
148 17 6.5779351484017075e+21
106 18 3.4443119486587249e+07
108 18 3.5407941768942902e+10
110 18 1.1776227056084775e+12
112 18 2.1374264893966945e+13
114 18 2.6366837167467988e+14
116 18 2.3220482873338675e+15
118 18 1.5922191693831200e+16
120 18 8.7119119380238160e+16
122 18 3.9835840481923558e+17
124 18 1.5219433310664276e+18
126 18 5.0368954134484695e+18
128 18 1.4233672540426770e+19
130 18 3.5281127711010316e+19
132 18 7.5197570055635796e+19
134 18 1.4109723285164746e+20
136 18 2.2483684957388345e+20
138 18 3.1071505692414194e+20
140 18 3.4715777104213987e+20
142 18 3.2585223258784517e+20
144 18 2.0929597545962947e+20
146 18 1.0362766656866946e+20
110 19 9.1194563285004254e+06
112 19 8.9299463660949593e+09
114 19 2.4583670683299350e+11
116 19 3.8397490769349990e+12
118 19 3.8895259467955648e+13
120 19 2.9689604593014712e+14
122 19 1.7219577512519298e+15
124 19 8.1188117255147110e+15
126 19 3.0973552112007176e+16
128 19 1.0066163364102224e+17
130 19 2.6917317266481517e+17
132 19 6.2595191508626803e+17
134 19 1.1884306804043382e+18
136 19 1.9664924001400161e+18
138 19 2.5351848461696645e+18
140 19 2.8240793260173338e+18
142 19 2.0395823598434161e+18
144 19 1.2274394029096663e+18
114 20 2.1997778373258188e+06
116 20 1.4724777616552825e+09
118 20 3.6216284777980064e+10
120 20 4.5298697658123492e+11
122 20 3.9841473681650933e+12
124 20 2.4473212668740742e+13
126 20 1.2129193694343186e+14
128 20 4.5254789486201775e+14
130 20 1.4321603351825152e+15
132 20 3.4860050259845925e+15
134 20 7.4123687269117680e+15
136 20 1.1600570614490680e+16
138 20 1.6040164307758632e+16
140 20 1.3435440952339656e+16
142 20 1.0314647150955742e+16
118 21 2.6991369212829886e+05
120 21 1.7343022924347261e+08
122 21 3.3693752576566172e+09
124 21 3.7225811715359154e+10
126 21 2.4420836334807828e+11
128 21 1.2796946680745549e+12
130 21 4.5168201947893721e+12
132 21 1.3882788601382865e+13
134 21 2.8189032025156262e+13
136 21 5.2737163190467305e+13
138 21 5.3514111680897211e+13
140 21 5.5471804205416688e+13
122 22 3.6331417892905949e+04
124 22 1.2238819395846492e+07
126 22 2.2274097875398734e+08
128 22 1.5910924890492682e+09
130 22 9.1297436672073650e+09
132 22 2.8321029225307758e+10
134 22 8.2422893446582642e+10
136 22 1.1053342691583073e+11
138 22 1.6864474251624121e+11
126 23 2.0336399610973565e+03
128 23 7.4755634786227555e+05
130 23 6.0548613029582519e+06
132 23 4.0259729400767468e+07
134 23 8.7940786766441613e+07
136 23 2.2755297812312114e+08
130 24 1.8192180986409292e+03
132 24 1.1854829038483351e+04
134 24 8.9781825245031476e+04
132 25 9.1607704953398201e+00
