164 -28 4.8335324358972827e+01
158 -27 2.9944507684618429e+02
160 -27 3.9495267774874064e+03
162 -27 7.5246136313218608e+02
164 -27 3.4867975489035525e+04
152 -26 7.6589039938003282e+02
154 -26 2.4871991382127486e+04
156 -26 1.2311263151671937e+05
158 -26 3.4879743593417510e+05
160 -26 1.2666540171413573e+06
162 -26 4.4905030782829534e+05
164 -26 2.2833601996461386e+06
146 -25 9.6961862665992157e+02
148 -25 6.2644060751301928e+04
150 -25 7.4766126803070062e+05
152 -25 3.4975289660811215e+06
154 -25 1.1918565004627652e+07
156 -25 2.6429387510318805e+07
158 -25 3.8437440625743620e+07
160 -25 6.5311886769081704e+07
162 -25 3.0199687032428168e+07
164 -25 5.6488324299179867e+07
140 -24 6.1819859808673789e+02
142 -24 8.1801375018454753e+04
144 -24 2.0116174583798617e+06
146 -24 1.5717008703953961e+07
148 -24 7.0814437584771186e+07
150 -24 2.1748646881499261e+08
152 -24 5.0079909361193144e+08
154 -24 8.9730148375146329e+08
156 -24 1.3207619724368811e+09
158 -24 1.4637168481530108e+09
160 -24 1.6236725805318909e+09
162 -24 8.0640196636424804e+08
164 -24 8.9225132229725385e+08
134 -23 1.5950077045998123e+02
136 -23 5.8844300487764427e+04
138 -23 2.8713164997030008e+06
140 -23 3.8164949983578555e+07
142 -23 2.4631767112808263e+08
144 -23 1.0179010409582975e+09
146 -23 3.0854781685333624e+09
148 -23 7.3105584198049507e+09
150 -23 1.3891425123754269e+10
152 -23 2.2359391064552402e+10
154 -23 2.9765612531530945e+10
156 -23 3.4359809297980255e+10
158 -23 3.2205003044420834e+10
160 -23 2.8046215701774178e+10
162 -23 1.3898518991127375e+10
164 -23 1.0958859432990593e+10
130 -22 2.1265495416244739e+04
132 -22 2.2454442735299417e+06
134 -22 5.3567569065553315e+07
136 -22 5.1811631196960205e+08
138 -22 2.9199513250068173e+09
140 -22 1.1531849915420650e+10
142 -22 3.4904479998507095e+10
144 -22 8.4588189142863174e+10
146 -22 1.7077518354432465e+11
148 -22 2.9394503622521777e+11
150 -22 4.3659393307782751e+11
152 -22 5.6671865197103516e+11
154 -22 6.3461834641660693e+11
156 -22 6.2574029789386816e+11
158 -22 5.1670304480420319e+11
160 -22 3.8233569738006415e+11
162 -22 1.8232967507633105e+11
164 -22 1.1139794258872112e+11
124 -21 2.9631894918619769e+03
126 -21 8.7207303420915804e+05
128 -21 4.2193923144259214e+07
130 -21 6.7059553634618437e+08
132 -21 5.3960712463273296e+09
134 -21 2.8131476767673573e+10
136 -21 1.0853683846619235e+11
138 -21 3.2930324888734448e+11
140 -21 8.2270254242056201e+11
142 -21 1.7389698261212534e+12
144 -21 3.1920374285070728e+12
146 -21 5.1450313399953672e+12
148 -21 7.3354211482019512e+12
150 -21 9.2421334101555801e+12
152 -21 1.0419351182914271e+13
154 -21 1.0318669803793900e+13
156 -21 9.0250375261653223e+12
158 -21 6.7253735648527480e+12
160 -21 4.3798494966599443e+12
162 -21 1.9775077951335654e+12
164 -21 9.7966537128072180e+11
120 -20 1.4989772465158431e+05
122 -20 1.7533587858741578e+07
124 -20 5.1540510915140122e+08
126 -20 6.3822950521231928e+09
128 -20 4.5846777371607574e+10
130 -20 2.2893685133758716e+11
132 -20 8.7122843814991284e+11
134 -20 2.6696442811569214e+12
136 -20 6.8760087564673193e+12
138 -20 1.5240995522552410e+13
140 -20 2.9595808737313555e+13
142 -20 5.0955166661375969e+13
144 -20 7.8391891752166078e+13
146 -20 1.0870150712838891e+14
148 -20 1.3599332903771736e+14
150 -20 1.5234026077543009e+14
152 -20 1.5375745580811894e+14
154 -20 1.3751146719476242e+14
156 -20 1.0902387034538731e+14
158 -20 7.4405114792429844e+13
160 -20 4.3568499776968695e+13
162 -20 1.8543272326594422e+13
164 -20 7.7166602128316992e+12
114 -19 6.8197099135613971e+03
116 -19 3.3563052569288742e+06
118 -19 2.1926177388377324e+08
120 -19 4.7024037441839046e+09
122 -19 4.9797360350831406e+10
124 -19 3.3313001737644537e+11
126 -19 1.6171030080158750e+12
128 -19 6.1113684556944746e+12
130 -19 1.9014435178333410e+13
132 -19 5.0462168423253195e+13
134 -19 1.1651859169494583e+14
136 -19 2.3848015674639434e+14
138 -19 4.3663421507601344e+14
140 -19 7.1952297071201350e+14
142 -19 1.0771692516621379e+15
144 -19 1.4655831471252300e+15
146 -19 1.8165180723011705e+15
148 -19 2.0487351236232280e+15
150 -19 2.0856899562602582e+15
152 -19 1.9200056290341818e+15
154 -19 1.5801395299758765e+15
156 -19 1.1479239586804770e+15
158 -19 7.2153299032013725e+14
160 -19 3.8722065256611462e+14
162 -19 1.5473958312305819e+14
164 -19 5.4886492116035328e+13
110 -18 2.2256035169386317e+05
112 -18 4.5513210301158085e+07
114 -18 1.9954999722425735e+09
116 -18 3.4762007809543968e+10
118 -18 3.3249356024590979e+11
120 -18 2.1123511696286658e+12
122 -18 1.0053059140073387e+13
124 -18 3.8238253227224297e+13
126 -18 1.2142497442478106e+14
128 -18 3.3240748736758100e+14
130 -18 7.9697813184727525e+14
132 -18 1.7080898794170985e+15
134 -18 3.2957279863377290e+15
136 -18 5.7793057507964080e+15
138 -18 9.2460820766492120e+15
140 -18 1.3570046734815702e+16
142 -18 1.8213475967494916e+16
144 -18 2.2470627009809300e+16
146 -18 2.5401183923067272e+16
148 -18 2.6261822627801940e+16
150 -18 2.4697867103025924e+16
152 -18 2.1006882348730404e+16
154 -18 1.6027917702775672e+16
156 -18 1.0820362481113248e+16
158 -18 6.3163718934131830e+15
160 -18 3.1220455193648190e+15
162 -18 1.1661809595992132e+15
164 -18 3.6008282863732369e+14
104 -17 1.5827215557183317e+03
106 -17 3.6104137492215256e+06
108 -17 4.3757887421151698e+08
110 -17 1.4656573998260704e+10
112 -17 2.1938825060615341e+11
114 -17 1.9359489513776062e+12
116 -17 1.1902522110365303e+13
118 -17 5.6184344016668164e+13
120 -17 2.1544358609346709e+14
122 -17 6.9962463323989162e+14
124 -17 1.9712095712668620e+15
126 -17 4.9148190728696330e+15
128 -17 1.0996145797015690e+16
130 -17 2.2312258645184572e+16
132 -17 4.1139915494351728e+16
134 -17 7.0169219491433672e+16
136 -17 1.0979297572385914e+17
138 -17 1.5844013398189264e+17
140 -17 2.1100251363372518e+17
142 -17 2.6024966968586531e+17
144 -17 2.9581713910381696e+17
146 -17 3.0889465339634470e+17
148 -17 2.9615732072595194e+17
150 -17 2.5967599434137469e+17
152 -17 2.0601660862747366e+17
154 -17 1.4660355239123155e+17
156 -17 9.2379543016924416e+16
158 -17 5.0367842979573800e+16
160 -17 2.3067147728843464e+16
162 -17 8.0481588534239480e+15
164 -17 2.1911082627091920e+15
100 -16 5.0015364662676031e+04
102 -16 3.9464327147469454e+07
104 -16 3.3080939224926643e+09
106 -16 9.0515718024079956e+10
108 -16 1.2093131099301116e+12
110 -16 1.0060687949378070e+13
112 -16 6.0459570122205961e+13
114 -16 2.8376944434514619e+14
116 -16 1.1013619701795629e+15
118 -16 3.6542154739219120e+15
120 -16 1.0602247446907084e+16
122 -16 2.7393772559364560e+16
124 -16 6.3903374019227024e+16
126 -16 1.3590126641846064e+17
128 -16 2.6430234598795824e+17
130 -16 4.7510472592889037e+17
132 -16 7.8910778883760000e+17
134 -16 1.2137295117531064e+18
136 -16 1.7333717343623537e+18
138 -16 2.3025530505147075e+18
140 -16 2.8351979600414858e+18
142 -16 3.2435921766143273e+18
144 -16 3.4342298862997161e+18
146 -16 3.3509410319508147e+18
148 -16 3.0067470645470065e+18
150 -16 2.4696266371950643e+18
152 -16 1.8397255439392599e+18
154 -16 1.2285639700260741e+18
156 -16 7.2586154434028582e+17
158 -16 3.7031898733410771e+17
160 -16 1.5853428845415702e+17
162 -16 5.1639504433193224e+16
164 -16 1.2510416487310380e+16
96 -15 8.4659542945809651e+05
98 -15 3.3153061478549719e+08
100 -15 2.0890970372089325e+10
102 -15 4.8413775367504517e+11
104 -15 5.9010318602831543e+12
106 -15 4.6981717527335453e+13
108 -15 2.7721427529464166e+14
110 -15 1.3044759788189512e+15
112 -15 5.1244356669247590e+15
114 -15 1.7381018876681608e+16
116 -15 5.1914990552470232e+16
118 -15 1.3879795459894102e+17
120 -15 3.3636370381022944e+17
122 -15 7.4694066973359872e+17
124 -15 1.5277039182337590e+18
126 -15 2.8857902276440079e+18
128 -15 5.0643280441436488e+18
130 -15 8.2775214025906708e+18
132 -15 1.2593005634935648e+19
134 -15 1.7861263099645213e+19
136 -15 2.3675877616422195e+19
138 -15 2.9266911277859590e+19
140 -15 3.3682226053309026e+19
142 -15 3.6093483924579590e+19
144 -15 3.5855272751232905e+19
146 -15 3.2963304039774114e+19
148 -15 2.7854814817000423e+19
150 -15 2.1553358312438190e+19
152 -15 1.5136364925240949e+19
154 -15 9.5310711717949112e+18
156 -15 5.2962109738071736e+18
158 -15 2.5409493280029010e+18
160 -15 1.0162845955735218e+18
162 -15 3.0970083632246867e+17
164 -15 6.7103193164043984e+16
90 -14 1.6952980395956328e+02
92 -14 9.3584949754938185e+06
94 -14 2.2645414948326879e+09
96 -14 1.1250776040550111e+11
98 -14 2.2810964904533677e+12
100 -14 2.5704343061683250e+13
102 -14 1.9730969427519750e+14
104 -14 1.1503017176666428e+15
106 -14 5.4240026219870530e+15
108 -14 2.1626863625797260e+16
110 -14 7.5022008584396016e+16
112 -14 2.3047203580448861e+17
114 -14 6.3887549121439962e+17
116 -14 1.6103833732334479e+18
118 -14 3.7242931596352225e+18
120 -14 7.9749566779968522e+18
122 -14 1.5854690704194583e+19
124 -14 2.9264320600532976e+19
126 -14 5.0463763221052850e+19
128 -14 8.1444579959576592e+19
130 -14 1.2321155413039383e+20
132 -14 1.7445381024499545e+20
134 -14 2.3118733475205500e+20
136 -14 2.8692528831217965e+20
138 -14 3.3312884082835843e+20
140 -14 3.6156732703772744e+20
142 -14 3.6509737822219842e+20
144 -14 3.4274285549220495e+20
146 -14 2.9795678189562200e+20
148 -14 2.3832436158908865e+20
150 -14 1.7412480407355693e+20
152 -14 1.1570759247883282e+20
154 -14 6.8825738840440340e+19
156 -14 3.6180171178099823e+19
158 -14 1.6338464037258480e+19
160 -14 6.1123647784126054e+18
162 -14 1.7457635739381637e+18
164 -14 3.4075953145336211e+17
86 -13 1.1348047938896303e+04
88 -13 7.9000507602883428e+07
90 -13 1.3002714389890919e+10
92 -13 5.2831220574690076e+11
94 -13 9.3676017495292168e+12
96 -13 9.9780102965845531e+13
98 -13 7.4446887034555250e+14
100 -13 4.2935226959071215e+15
102 -13 2.0365872701592260e+16
104 -13 8.2429860663005216e+16
106 -13 2.9184112555990323e+17
108 -13 9.2519347324962445e+17
110 -13 2.6522697535198833e+18
112 -13 6.9660660581186355e+18
114 -13 1.6782295044081467e+19
116 -13 3.7581410537272607e+19
118 -13 7.8129382501648679e+19
120 -13 1.5202096234715677e+20
122 -13 2.7646780653186807e+20
124 -13 4.7236214785028044e+20
126 -13 7.5749270269020340e+20
128 -13 1.1398389897915128e+21
130 -13 1.6138780533909178e+21
132 -13 2.1443703506996227e+21
134 -13 2.6780683895201422e+21
136 -13 3.1417499050442710e+21
138 -13 3.4485425580314832e+21
140 -13 3.5422342320813239e+21
142 -13 3.3905571601044482e+21
144 -13 3.0197673540665255e+21
146 -13 2.4920002697974598e+21
148 -13 1.8941470229863082e+21
150 -13 1.3134653686514359e+21
152 -13 8.2784403045673311e+20
154 -13 4.6766993584713531e+20
156 -13 2.3195640550579139e+20
158 -13 9.9003559247182266e+19
160 -13 3.4755776786918535e+19
162 -13 9.2768643438987325e+18
164 -13 1.6432189694892721e+18
82 -12 2.6996079972887592e+05
84 -12 5.4018014386488712e+08
86 -12 6.3139911687938004e+10
88 -12 2.1211309397294980e+12
90 -12 3.4135931563785953e+13
92 -12 3.4126324532919294e+14
94 -12 2.4873617489762160e+15
96 -12 1.4280789161458698e+16
98 -12 6.8211590945005168e+16
100 -12 2.8082421893800576e+17
102 -12 1.0191054559234780e+18
104 -12 3.3305231711350641e+18
106 -12 9.8845939683603681e+18
108 -12 2.6899302080449815e+19
110 -12 6.7686702738645885e+19
112 -12 1.5861661501028729e+20
114 -12 3.4580942080799290e+20
116 -12 7.0755772017499229e+20
118 -12 1.3550090580770585e+21
120 -12 2.4430077305052652e+21
122 -12 4.1449811198218842e+21
124 -12 6.6129449420418449e+21
126 -12 9.9687840265580954e+21
128 -12 1.4134585126256611e+22
130 -12 1.8903370792855532e+22
132 -12 2.3790477744335992e+22
134 -12 2.8168396473874183e+22
136 -12 3.1401741006785997e+22
138 -12 3.2760227753225768e+22
140 -12 3.2003702685868021e+22
142 -12 2.9191378534610210e+22
144 -12 2.4763084329841641e+22
146 -12 1.9441249964457078e+22
148 -12 1.4070350799061861e+22
150 -12 9.3039110354132019e+21
152 -12 5.5753132162700070e+21
154 -12 2.9854289550995211e+21
156 -12 1.4065269560195972e+21
158 -12 5.6714458540506854e+20
160 -12 1.8743940542318792e+20
162 -12 4.6836574655849611e+19
164 -12 7.5463393301822566e+18
78 -11 3.3359015372769777e+06
80 -11 3.0182208387191896e+09
82 -11 2.5809305650344983e+11
84 -11 7.3087997191748438e+12
86 -11 1.0717430124976478e+14
88 -11 1.0216737714115482e+15
90 -11 7.3134194944814480e+15
92 -11 4.1918393846902512e+16
94 -11 2.0216273571278176e+17
96 -11 8.4846289240864922e+17
98 -11 3.1547550910062070e+18
100 -11 1.0626240854836169e+19
102 -11 3.2681045726151602e+19
104 -11 9.2575001877827289e+19
106 -11 2.4305795875358045e+20
108 -11 5.9467083609958475e+20
110 -11 1.3622832697808469e+21
112 -11 2.9251217519954142e+21
114 -11 5.9055622168659991e+21
116 -11 1.1240236162363473e+22
118 -11 2.0165429156364469e+22
120 -11 3.4086488701455640e+22
122 -11 5.4527382537832963e+22
124 -11 8.2282362750578282e+22
126 -11 1.1744489990464561e+23
128 -11 1.5812225661239709e+23
130 -11 2.0116897405847755e+23
132 -11 2.4112402391459233e+23
134 -11 2.7209615764386990e+23
136 -11 2.8932059886832711e+23
138 -11 2.8813492360937563e+23
140 -11 2.6913571733163191e+23
142 -11 2.3448363435433840e+23
144 -11 1.8991407676284270e+23
146 -11 1.4246048281501202e+23
148 -11 9.8349804308037940e+22
150 -11 6.2075174088999440e+22
152 -11 3.5364541591115140e+22
154 -11 1.8035384939578739e+22
156 -11 8.0640472362549175e+21
158 -11 3.0819401594587641e+21
160 -11 9.6177841945142690e+20
162 -11 2.2479699976550787e+20
164 -11 3.3143343421958468e+19
74 -10 2.8129609400374368e+07
76 -10 1.3366308360557468e+10
78 -10 8.7295309246280627e+11
80 -10 2.1337481659426902e+13
82 -10 2.8716264160154906e+14
84 -10 2.6419304013925845e+15
86 -10 1.8577135218452132e+16
88 -10 1.0681304618360112e+17
90 -10 5.2180522555057990e+17
92 -10 2.2407645693795597e+18
94 -10 8.5604139488229130e+18
96 -10 2.9776213218931614e+19
98 -10 9.5109090462618943e+19
100 -10 2.8004634704721363e+20
102 -10 7.6985881476060126e+20
104 -10 1.9708325015908503e+21
106 -10 4.7258518004670398e+21
108 -10 1.0679116898412572e+22
110 -10 2.2694049881148245e+22
112 -10 4.5594463597089471e+22
114 -10 8.6471979957700669e+22
116 -10 1.5490198984881220e+23
118 -10 2.6275220235356120e+23
120 -10 4.2180694563036640e+23
122 -10 6.4064954744966038e+23
124 -10 9.2146259329519156e+23
126 -10 1.2542909262766991e+24
128 -10 1.6138917254616872e+24
130 -10 1.9620827923009705e+24
132 -10 2.2533709283242622e+24
134 -10 2.4361080911582079e+24
136 -10 2.4774072187532186e+24
138 -10 2.3666940623344035e+24
140 -10 2.1160449402098011e+24
142 -10 1.7650275913725500e+24
144 -10 1.3697948280649141e+24
146 -10 9.8257151796018915e+23
148 -10 6.4861934279152132e+23
150 -10 3.9069867045967784e+23
152 -10 2.1273503295483660e+23
154 -10 1.0338172611871227e+23
156 -10 4.3929317609871858e+22
158 -10 1.5912775539987789e+22
160 -10 4.6855537158691865e+21
162 -10 1.0289727017533209e+21
164 -10 1.3942856528288837e+20
70 -9 1.6808957558596003e+08
72 -9 4.6698362490898453e+10
74 -9 2.4014732725100254e+12
76 -9 5.1387863917498102e+13
78 -9 6.4934934558453725e+14
80 -9 5.7995213867563960e+15
82 -9 4.0375803495663816e+16
84 -9 2.3320921559880733e+17
86 -9 1.1547300639223898e+18
88 -9 5.0569291443331512e+18
90 -9 1.9988759971150660e+19
92 -9 7.1956795713642701e+19
94 -9 2.3869816934569175e+20
96 -9 7.3350389396328756e+20
98 -9 2.1048386581717663e+21
100 -9 5.6607436003903474e+21
102 -9 1.4297207483828265e+22
104 -9 3.3987589134895169e+22
106 -9 7.6148653255814231e+22
108 -9 1.6163647243506883e+23
110 -9 3.2405551847208927e+23
112 -9 6.1591266630519147e+23
114 -9 1.1087018367809300e+24
116 -9 1.8937972534166094e+24
118 -9 3.0618941967257302e+24
120 -9 4.6984073181515143e+24
122 -9 6.8362460767829111e+24
124 -9 9.4143724283526773e+24
126 -9 1.2299348683902533e+25
128 -9 1.5182835595983268e+25
130 -9 1.7731441815769244e+25
132 -9 1.9522867110483022e+25
134 -9 2.0266731367815489e+25
136 -9 1.9832692795654834e+25
138 -9 1.8182857363087348e+25
140 -9 1.5607779611123154e+25
142 -9 1.2495021214749751e+25
144 -9 9.3037294674552336e+24
146 -9 6.3995771377015079e+24
148 -9 4.0479355451600834e+24
150 -9 2.3360598908609044e+24
152 -9 1.2160363347706501e+24
154 -9 5.6336792647750641e+23
156 -9 2.2816029878669507e+23
158 -9 7.8353497895985090e+22
160 -9 2.1805802573724278e+22
162 -9 4.4988865279993651e+21
164 -9 5.6061259950981421e+20
66 -8 7.1560290084627020e+08
68 -8 1.2739400481952841e+11
70 -8 5.3349301403008506e+12
72 -8 1.0187731324636438e+14
74 -8 1.2168768116424742e+15
76 -8 1.0587523518683870e+16
78 -8 7.3344948984018288e+16
80 -8 4.2602069028825427e+17
82 -8 2.1523546018638321e+18
84 -8 9.6839582333943296e+18
86 -8 3.9486005374804574e+19
88 -8 1.4766841458603432e+20
90 -8 5.0998519424724946e+20
92 -8 1.6400105623526438e+21
94 -8 4.9354400511733604e+21
96 -8 1.3920396397489506e+22
98 -8 3.7089022776787719e+22
100 -8 9.2911730499014846e+22
102 -8 2.2016589300746825e+23
104 -8 4.9383176931138902e+23
106 -8 1.0504047047604760e+24
108 -8 2.1179767910425094e+24
110 -8 4.0500010033730637e+24
112 -8 7.3550552839647174e+24
114 -8 1.2679340120639553e+25
116 -8 2.0778178300738319e+25
118 -8 3.2244711422182983e+25
120 -8 4.7616830793237532e+25
122 -8 6.6565279302244016e+25
124 -8 8.8293199077171258e+25
126 -8 1.1094669054226025e+26
128 -8 1.3196153147794673e+26
130 -8 1.4853198001023957e+26
132 -8 1.5758089968160638e+26
134 -8 1.5776960044416000e+26
136 -8 1.4854725093106180e+26
138 -8 1.3119656916659229e+26
140 -8 1.0830683486969259e+26
142 -8 8.3415991046294061e+25
144 -8 5.9728505520285559e+25
146 -8 3.9399089996359842e+25
148 -8 2.3941225285117479e+25
150 -8 1.3231442008932533e+25
152 -8 6.5908372575888634e+24
154 -8 2.9169336425995200e+24
156 -8 1.1253282745414394e+24
158 -8 3.6731356579977118e+23
160 -8 9.6684206646339077e+22
162 -8 1.8782622229343119e+22
164 -8 2.1623531377437259e+21
60 -7 3.5090014184725715e+05
62 -7 2.1832349600209274e+09
64 -7 2.6708559414824838e+11
66 -7 9.3218210958542285e+12
68 -7 1.6294354800353191e+14
70 -7 1.8551177247808290e+15
72 -7 1.5820173693913050e+16
74 -7 1.0932028745527894e+17
76 -7 6.4286448223660480e+17
78 -7 3.3167913646401976e+18
80 -7 1.5360715530958457e+19
82 -7 6.4855928938456924e+19
84 -7 2.5232145895407518e+20
86 -7 9.1054379997987498e+20
88 -7 3.0705806140444644e+21
90 -7 9.7032810602373002e+21
92 -7 2.8881011212137269e+22
94 -7 8.0895320818440752e+22
96 -7 2.1487222467342228e+23
98 -7 5.4040725509792688e+23
100 -7 1.2840502132889683e+24
102 -7 2.8993879439594847e+24
104 -7 6.2188970310103323e+24
106 -7 1.2668169157428137e+25
108 -7 2.4478025475589038e+25
110 -7 4.5086538287403973e+25
112 -7 7.8789134591412995e+25
114 -7 1.3096820475975311e+26
116 -7 2.0690414845427822e+26
118 -7 3.1051112375525415e+26
120 -7 4.4182977956513587e+26
122 -7 5.9750400185568237e+26
124 -7 7.6600554979540659e+26
126 -7 9.3028561804066187e+26
128 -7 1.0690983780545016e+27
130 -7 1.1599617386257176e+27
132 -7 1.1908043982735217e+27
134 -7 1.1505764678911499e+27
136 -7 1.0457274297326805e+27
138 -7 8.9034700011586740e+26
140 -7 7.0893130040827044e+26
142 -7 5.2648870322563974e+26
144 -7 3.6250487853579987e+26
146 -7 2.3041762238373351e+26
148 -7 1.3420782386721402e+26
150 -7 7.1149363688621046e+25
152 -7 3.3945238478330928e+25
154 -7 1.4378593601892472e+25
156 -7 5.2962696666143570e+24
158 -7 1.6448117965911526e+24
160 -7 4.0987559072636115e+23
162 -7 7.4877352030660433e+22
164 -7 7.9848884260041864e+21
56 -6 3.2964726777743013e+06
58 -6 4.8288354821952381e+09
60 -6 4.2970493524699860e+11
62 -6 1.2786272898628133e+13
64 -6 2.0591285041559962e+14
66 -6 2.2522666944260000e+15
68 -6 1.8919210171827572e+16
70 -6 1.3084695147845709e+17
72 -6 7.8154638789003891e+17
74 -6 4.1284740997905930e+18
76 -6 1.9735354343041143e+19
78 -6 8.6622776188246327e+19
80 -6 3.5123017351279274e+20
82 -6 1.3300020768027784e+21
84 -6 4.7077068075404713e+21
86 -6 1.5696845811559449e+22
88 -6 4.9332500443081476e+22
90 -6 1.4650535991997364e+23
92 -6 4.1193619485532732e+23
94 -6 1.0997953502689543e+24
96 -6 2.7837009213406212e+24
98 -6 6.6986132618187761e+24
100 -6 1.5317220245207208e+25
102 -6 3.3298249844808386e+25
104 -6 6.8851631318064974e+25
106 -6 1.3538841439372619e+26
108 -6 2.5335443347705028e+26
110 -6 4.5083516057881926e+26
112 -6 7.6352689310344935e+26
114 -6 1.2296293904745353e+27
116 -6 1.8822419629686062e+27
118 -6 2.7381294368384247e+27
120 -6 3.7786715672920996e+27
122 -6 4.9523225214831725e+27
124 -6 6.1532275359830763e+27
126 -6 7.2421382685971128e+27
128 -6 8.0648170868909132e+27
130 -6 8.4811044431971263e+27
132 -6 8.4244734764958785e+27
134 -6 7.8730176463933420e+27
136 -6 6.9200883967785638e+27
138 -6 5.6939509778492030e+27
140 -6 4.3806565103439145e+27
142 -6 3.1391915772733427e+27
144 -6 2.0836125690182281e+27
146 -6 1.2749465776644545e+27
148 -6 7.1465665452788047e+26
150 -6 3.6397200235763621e+26
152 -6 1.6637403457980757e+26
154 -6 6.7429580218904027e+25
156 -6 2.3717758639039922e+25
158 -6 7.0131579531241191e+24
160 -6 1.6576852176974048e+24
162 -6 2.8492507951544209e+23
164 -6 2.8271118709226996e+22
52 -5 1.2210432559423335e+07
54 -5 7.5610786760784883e+09
56 -5 5.1451548789184839e+11
58 -5 1.3365278148537684e+13
60 -5 2.0078097044273275e+14
62 -5 2.1249074043091995e+15
64 -5 1.7691244803394936e+16
66 -5 1.2308147418992802e+17
68 -5 7.4628734080805555e+17
70 -5 4.0525772373626598e+18
72 -5 2.0069442697712660e+19
74 -5 9.1728826135428432e+19
76 -5 3.8959734662554216e+20
78 -5 1.5482850463590703e+21
80 -5 5.7860555735447812e+21
82 -5 2.0406111527771732e+22
84 -5 6.7981418093777177e+22
86 -5 2.1465590454682189e+23
88 -5 6.4227738146228062e+23
90 -5 1.8282543385059780e+24
92 -5 4.9368529345539090e+24
94 -5 1.2684568333776832e+25
96 -5 3.0997512150450524e+25
98 -5 7.2234060573335442e+25
100 -5 1.6003951416842591e+26
102 -5 3.3785768057583096e+26
104 -5 6.7890604707780614e+26
106 -5 1.2964361773605065e+27
108 -5 2.3614595418426764e+27
110 -5 4.0909040704866055e+27
112 -5 6.7419136885316086e+27
114 -5 1.0560713047263712e+28
116 -5 1.5705808031696474e+28
118 -5 2.2228909273769286e+28
120 -5 2.9858637361548172e+28
122 -5 3.8044691852026713e+28
124 -5 4.5982947538067788e+28
126 -5 5.2583944620608274e+28
128 -5 5.6824576583884295e+28
130 -5 5.8061637496438296e+28
132 -5 5.5909220221039842e+28
134 -5 5.0669288395852013e+28
136 -5 4.3126555370136539e+28
138 -5 3.4331466798269524e+28
140 -5 2.5542982537404628e+28
142 -5 1.7671655518259650e+28
144 -5 1.1324177697220247e+28
146 -5 6.6776881146474182e+27
148 -5 3.6063830762016888e+27
150 -5 1.7654791424584873e+27
152 -5 7.7519085261202456e+26
154 -5 3.0095812933686467e+26
156 -5 1.0105646897923641e+26
158 -5 2.8475898720385262e+25
160 -5 6.3911406336594019e+24
162 -5 1.0375477687192162e+24
164 -5 9.5899196035299690e+22
48 -4 2.4838243503504641e+07
50 -4 8.3399971194419565e+09
52 -4 4.5104942051412115e+11
54 -4 1.0440456311104998e+13
56 -4 1.4798535479151900e+14
58 -4 1.5192722791318720e+15
60 -4 1.2525431144729312e+16
62 -4 8.7740850721869088e+16
64 -4 5.4455042034868704e+17
66 -4 3.0494646187356846e+18
68 -4 1.5680221842893777e+19
70 -4 7.4826398167561011e+19
72 -4 3.3410854095752108e+20
74 -4 1.4000655261415731e+21
76 -4 5.5505811681573129e+21
78 -4 2.0733401514006670e+22
80 -4 7.3475736812060055e+22
82 -4 2.4771506441725473e+23
84 -4 7.9187801258621481e+23
86 -4 2.4078910476900454e+24
88 -4 6.9677732464711623e+24
90 -4 1.9233857411101080e+25
92 -4 5.0498851903562352e+25
94 -4 1.2638753547381762e+26
96 -4 3.0133153016331614e+26
98 -4 6.8470008274993193e+26
100 -4 1.4811437898215670e+27
102 -4 3.0530579432023984e+27
104 -4 5.9913606025175678e+27
106 -4 1.1197870854605229e+28
108 -4 1.9922967613761118e+28
110 -4 3.3703433868896861e+28
112 -4 5.4300501608778804e+28
114 -4 8.3080246582453326e+28
116 -4 1.2078587325430311e+29
118 -4 1.6683708312085138e+29
120 -4 2.1847653779243650e+29
122 -4 2.7159981605488406e+29
124 -4 3.1947891405995189e+29
126 -4 3.5584431544135810e+29
128 -4 3.7422803299237414e+29
130 -4 3.7162837587684075e+29
132 -4 3.4774791882663446e+29
134 -4 3.0607221341966564e+29
136 -4 2.5261902546546353e+29
138 -4 1.9497961764750410e+29
140 -4 1.4053255301389871e+29
142 -4 9.4022491641700744e+28
144 -4 5.8235126273620467e+28
146 -4 3.3158096232257757e+28
148 -4 1.7244521152188774e+28
150 -4 8.1270635066852271e+27
152 -4 3.4271258469586885e+27
154 -4 1.2753096649165721e+27
156 -4 4.0976107817014837e+26
158 -4 1.1022726927259821e+26
160 -4 2.3502729602142755e+25
162 -4 3.6111413320474771e+24
164 -4 3.1137269305754654e+23
44 -3 3.0481708713033795e+07
46 -3 6.3813582863702393e+09
48 -3 2.8331897234509344e+11
50 -3 5.9207005586502695e+12
52 -3 7.9255009471883594e+13
54 -3 7.9427418529941088e+14
56 -3 6.5087290192543160e+15
58 -3 4.6137686922002112e+16
60 -3 2.9263875905962195e+17
62 -3 1.6956320992253299e+18
64 -3 9.0819798263673569e+18
66 -3 4.5598565837372064e+19
68 -3 2.1484900571612470e+20
70 -3 9.5247497448707693e+20
72 -3 4.0037170483365900e+21
74 -3 1.5975267068741750e+22
76 -3 6.0504822270005095e+22
78 -3 2.1842957750344975e+23
80 -3 7.4783863989541006e+23
82 -3 2.4489936583379949e+24
84 -3 7.6263944175343742e+24
86 -3 2.2673371770695968e+25
88 -3 6.4188340059293355e+25
90 -3 1.7363714338444175e+26
92 -3 4.4733976637152965e+26
94 -3 1.0995932319688344e+27
96 -3 2.5729954125780285e+27
98 -3 5.7386539844561890e+27
100 -3 1.2202783531322026e+28
102 -3 2.4699793799188818e+28
104 -3 4.7591486773473602e+28
106 -3 8.7392322199103362e+28
108 -3 1.5257546512932806e+29
110 -3 2.5331815311851007e+29
112 -3 4.0002302103175206e+29
114 -3 5.9995628573412620e+29
116 -3 8.5461591671917662e+29
118 -3 1.1555495691393745e+30
120 -3 1.4804828037240816e+30
122 -3 1.7967858660127570e+30
124 -3 2.0657355104509851e+30
126 -3 2.2446918762779571e+30
128 -3 2.3023804023117746e+30
130 -3 2.2269058001279173e+30
132 -3 2.0277991462163157e+30
134 -3 1.7349631668361827e+30
136 -3 1.3917930116930381e+30
138 -3 1.0426039398412455e+30
140 -3 7.2768226025914863e+29
142 -3 4.7217272333735088e+29
144 -3 2.8284790389101091e+29
146 -3 1.5572352487580606e+29
148 -3 7.8016586058001208e+28
150 -3 3.5420266991702532e+28
152 -3 1.4378432329356694e+28
154 -3 5.1390851332478681e+27
156 -3 1.5800740953620087e+27
158 -3 4.0625369170229770e+26
160 -3 8.2413087442987138e+25
162 -3 1.1969383347075727e+25
164 -3 9.6752654722426477e+23
40 -2 2.2808618317720719e+07
42 -2 3.2534879543642011e+09
44 -2 1.2177383834338649e+11
46 -2 2.3235202873114219e+12
48 -2 2.9560895375803660e+13
50 -2 2.8881084576764056e+14
52 -2 2.3610441372756660e+15
54 -2 1.6987165245479720e+16
56 -2 1.1084484190185946e+17
58 -2 6.6828607802856640e+17
60 -2 3.7507641713058755e+18
62 -2 1.9831070050678587e+19
64 -2 9.8984822295532110e+19
66 -2 4.6794938984759604e+20
68 -2 2.0992665422309976e+21
70 -2 8.9688122271783841e+21
72 -2 3.6501029084390035e+22
74 -2 1.4151162952292307e+23
76 -2 5.2377401150153948e+23
78 -2 1.8519950405776910e+24
80 -2 6.2421082362906007e+24
82 -2 2.0067867336717513e+25
84 -2 6.1698418745615309e+25
86 -2 1.8106973112158551e+26
88 -2 5.0706920570541388e+26
90 -2 1.3526717704431038e+27
92 -2 3.4468677956775094e+27
94 -2 8.3666536422522083e+27
96 -2 1.9365892968311672e+28
98 -2 4.2667884017474608e+28
100 -2 8.9643914489915313e+28
102 -2 1.7919103523560017e+29
104 -2 3.4091257599723476e+29
106 -2 6.1732090222298363e+29
108 -2 1.0620778368219194e+30
110 -2 1.7358508916121294e+30
112 -2 2.6946482195875312e+30
114 -2 3.9755849405687639e+30
116 -2 5.5625486496859054e+30
118 -2 7.3769863630028886e+30
120 -2 9.2728627152814921e+30
122 -2 1.1031666011576429e+31
124 -2 1.2405383907475606e+31
126 -2 1.3174832865759974e+31
128 -2 1.3195799467802050e+31
130 -2 1.2466911842894355e+31
132 -2 1.1070184834571125e+31
134 -2 9.2121706355960355e+30
136 -2 7.1835504077689914e+30
138 -2 5.2314173830230598e+30
140 -2 3.5485935059512605e+30
142 -2 2.2292312203089979e+30
144 -2 1.2945341595116543e+30
146 -2 6.8878447444670783e+29
148 -2 3.3401451834480174e+29
150 -2 1.4614552039330833e+29
152 -2 5.7172259419692793e+28
154 -2 1.9605947168031273e+28
156 -2 5.7847676729361150e+27
158 -2 1.4207204691790459e+27
160 -2 2.7493355437437339e+26
162 -2 3.7840801646036308e+25
164 -2 2.8699952966712993e+24
36 -1 1.0268518155296560e+07
38 -1 1.0464187677538145e+09
40 -1 3.3744338975434311e+10
42 -1 5.8782437514483472e+11
44 -1 7.1338783470642383e+12
46 -1 6.8244754258466289e+13
48 -1 5.5800583163228600e+14
50 -1 4.1058130548834845e+15
52 -1 2.7816738209195076e+16
54 -1 1.7586394041822784e+17
56 -1 1.0441884823887406e+18
58 -1 5.8676104583358679e+18
60 -1 3.1228661916619538e+19
62 -1 1.5789918288790651e+20
64 -1 7.6146610477137579e+20
66 -1 3.4984937953563100e+21
68 -1 1.5360052083911851e+22
70 -1 6.4565176752620588e+22
72 -1 2.5916942298207467e+23
74 -1 9.9514555346181622e+23
76 -1 3.6517875799791166e+24
78 -1 1.2818883867124660e+25
80 -1 4.2953585882761432e+25
82 -1 1.3762936241029145e+26
84 -1 4.2091458881679782e+26
86 -1 1.2311019656274180e+27
88 -1 3.4317160206169857e+27
90 -1 9.1373815441647579e+27
92 -1 2.3148480320723529e+28
94 -1 5.5933268254881926e+28
96 -1 1.2877255315805480e+29
98 -1 2.8220887784780528e+29
100 -1 5.8808204882605995e+29
102 -1 1.1665956398163452e+30
104 -1 2.1983072761427798e+30
106 -1 3.9419299206540239e+30
108 -1 6.7087104788076297e+30
110 -1 1.0842797122318873e+31
112 -1 1.6612706624620685e+31
114 -1 2.4154401181361195e+31
116 -1 3.3286721956423134e+31
118 -1 4.3432969764936711e+31
120 -1 5.3670335203161450e+31
122 -1 6.2637900915564310e+31
124 -1 6.9079350359011878e+31
126 -1 7.1909926249076437e+31
128 -1 7.0439350475995334e+31
130 -1 6.5007128571417573e+31
132 -1 5.6299869552567727e+31
134 -1 4.5729139461442847e+31
136 -1 3.4755076949511917e+31
138 -1 2.4634354352383884e+31
140 -1 1.6221477148329971e+31
142 -1 9.9038678932373003e+30
144 -1 5.5697029997730280e+30
146 -1 2.8710948891421106e+30
148 -1 1.3473078926044250e+30
150 -1 5.6990080876523548e+29
152 -1 2.1460947104498806e+29
154 -1 7.0901287418821569e+28
156 -1 2.0078567482171897e+28
158 -1 4.7192091937226608e+27
160 -1 8.7124055446692077e+26
162 -1 1.1390163368999434e+26
164 -1 8.1213793962930393e+24
30 0 2.2161568963829927e+03
32 0 2.4406395097049712e+06
34 0 1.9174327441840771e+08
36 0 5.3299745883771591e+09
38 0 8.5914670355631210e+10
40 0 9.9178182466282251e+11
42 0 9.3019647805465078e+12
44 0 7.7187225868912125e+13
46 0 5.8873082761822525e+14
48 0 4.2153012731206520e+15
50 0 2.8452382668105304e+16
52 0 1.8113321321086534e+17
54 0 1.0931943838598701e+18
56 0 6.2775940268624466e+18
58 0 3.4339042999816614e+19
60 0 1.7955568954569969e+20
62 0 8.9589062369420457e+20
64 0 4.2873567027579218e+21
66 0 1.9646174476431983e+22
68 0 8.6093459977276607e+22
70 0 3.6180304875848110e+23
72 0 1.4530605765455954e+24
74 0 5.5986427247891703e+24
76 0 2.0652638928064283e+25
78 0 7.2747572821418955e+25
80 0 2.4506021588357666e+26
82 0 7.8978391748597083e+26
84 0 2.4274473963468968e+27
86 0 7.1234702308753866e+27
88 0 1.9948352224057722e+28
90 0 5.3173550185638007e+28
92 0 1.3528628516938173e+29
94 0 3.2744644106350676e+29
96 0 7.5302524404114606e+29
98 0 1.6478577640503205e+30
100 0 3.4297181751366802e+30
102 0 6.7782225196966820e+30
104 0 1.2723084865199796e+31
106 0 2.2685311912948239e+31
108 0 3.8325958129662439e+31
110 0 6.1409893902165610e+31
112 0 9.3255806952569237e+31
114 0 1.3409536627166599e+32
116 0 1.8231812540057807e+32
118 0 2.3473453743850977e+32
120 0 2.8544691240311842e+32
122 0 3.2790216912333792e+32
124 0 3.5533586556659796e+32
126 0 3.6263405594827814e+32
128 0 3.4863707233181355e+32
130 0 3.1483946729002090e+32
132 0 2.6699313247013794e+32
134 0 2.1188794320189662e+32
136 0 1.5706721438985510e+32
138 0 1.0847060679858029e+32
140 0 6.9589175291615247e+31
142 0 4.1293355431225257e+31
144 0 2.2554669382099363e+31
146 0 1.1270853443127351e+31
148 0 5.1183457938596884e+30
150 0 2.0917662294878282e+30
152 0 7.6098982603137346e+29
154 0 2.4214131463625368e+29
156 0 6.5954904600433062e+28
158 0 1.4863038136245515e+28
160 0 2.6215803615171448e+27
162 0 3.2594118493377399e+26
164 0 2.1924843587036074e+25
26 1 4.3713665481958139e+02
28 1 2.4209280802530691e+05
30 1 1.4826911410833092e+07
32 1 3.6192569148898423e+08
34 1 5.3615393136577082e+09
36 1 5.9100953300137314e+10
38 1 5.5775304867747668e+11
40 1 4.8939609045033379e+12
42 1 4.1064828034551484e+13
44 1 3.2707834685836169e+14
46 1 2.4447070888371400e+15
48 1 1.7224816266580286e+16
50 1 1.1446423583471341e+17
52 1 7.2427855185680154e+17
54 1 4.3683267861378555e+18
56 1 2.5159171520672600e+19
58 1 1.3856692276899506e+20
60 1 7.3027043987457992e+20
62 1 3.6853081535658013e+21
64 1 1.7865699704256365e+22
66 1 8.2909646972755529e+22
68 1 3.6913718550363403e+23
70 1 1.5712424437706846e+24
72 1 6.4179083545454201e+24
74 1 2.5124667875812776e+25
76 1 9.3941616315092160e+25
78 1 3.3635665526204761e+26
80 1 1.1504765943451788e+27
82 1 3.7617802221468697e+27
84 1 1.1723925185333447e+28
86 1 3.4857263907742931e+28
88 1 9.8609899613810047e+28
90 1 2.6600557319564750e+29
92 1 6.8234096126395566e+29
94 1 1.6642745767008325e+30
96 1 3.8525553555929772e+30
98 1 8.4836865981762725e+30
100 1 1.7692810469297830e+31
102 1 3.5027791572871936e+31
104 1 6.5759530256438457e+31
106 1 1.1696953881717604e+32
108 1 1.9707420929351803e+32
110 1 3.1414336609974417e+32
112 1 4.7366657644561571e+32
114 1 6.7550137125214234e+32
116 1 9.1082116621873995e+32
118 1 1.1595815869439293e+33
120 1 1.3929234911243027e+33
122 1 1.5777487592237592e+33
124 1 1.6840144507847034e+33
126 1 1.6911656958166052e+33
128 1 1.5974670033624096e+33
130 1 1.4145159225624997e+33
132 1 1.1747619464019199e+33
134 1 9.1258067549895825e+32
136 1 6.6144699049129683e+32
138 1 4.4549764663870786e+32
140 1 2.7880291308950042e+32
142 1 1.6110103838484316e+32
144 1 8.5539408104534175e+31
146 1 4.1524294164391799e+31
148 1 1.8277317411189498e+31
150 1 7.2357930433500881e+30
152 1 2.5435185990267249e+30
154 1 7.8116205647701355e+29
156 1 2.0482623076511653e+29
158 1 4.4279739391701216e+28
160 1 7.4718197307311794e+27
162 1 8.8489231729650436e+26
164 1 5.6289403012973266e+25
30 2 1.7223827254418083e+05
32 2 4.9115703818553656e+07
34 2 2.4653729348500299e+09
36 2 5.5762628157376808e+10
38 2 8.0280560648500867e+11
40 2 8.8116991073915859e+12
42 2 8.2043450019734016e+13
44 2 6.9011851210863988e+14
46 2 5.3869861534955400e+15
48 2 3.9641367026280200e+16
50 2 2.7508417255001075e+17
52 2 1.8065275432814925e+18
54 2 1.1289192639871891e+19
56 2 6.7361689278033904e+19
58 2 3.8355038089867107e+20
60 2 2.0903158971275267e+21
62 2 1.0898547508002857e+22
64 2 5.4391898721644267e+22
66 2 2.6053591649871911e+23
68 2 1.1946550996441789e+24
70 2 5.2437222217160052e+24
72 2 2.2029141273703108e+25
74 2 8.8710647879665296e+25
76 2 3.4131092717201640e+26
78 2 1.2547475654867913e+27
80 2 4.3975708287613347e+27
82 2 1.4722352227641049e+28
84 2 4.6971073681587590e+28
86 2 1.4253865960848731e+29
88 2 4.1172482149808517e+29
90 2 1.1286071528714911e+30
92 2 2.9433951657986449e+30
94 2 7.2901892000919104e+30
96 2 1.7084529362085158e+31
98 2 3.8011511780687350e+31
100 2 8.0084188111336958e+31
102 2 1.5963683130427321e+32
104 2 3.0121027566843574e+32
106 2 5.3734476304467875e+32
108 2 9.0588421078580687e+32
110 2 1.4418799636538022e+33
112 2 2.1698991703359180e+33
114 2 3.0796686996199707e+33
116 2 4.1248048177827480e+33
118 2 5.2088144344610135e+33
120 2 6.2016757285387696e+33
122 2 6.9469580200665228e+33
124 2 7.3190726904856106e+33
126 2 7.2521856858544694e+33
128 2 6.7370235397136340e+33
130 2 5.8735003003847960e+33
132 2 4.7857388211386990e+33
134 2 3.6448470620525496e+33
136 2 2.5851369274221596e+33
138 2 1.7048769578651143e+33
140 2 1.0399412763936246e+33
142 2 5.8612399843408979e+32
144 2 3.0304526447910292e+32
146 2 1.4310345188465757e+32
148 2 6.1201458980421836e+31
150 2 2.3482576709560766e+31
152 2 7.9867230588967662e+30
154 2 2.3702944612508805e+30
156 2 5.9880302622162347e+29
158 2 1.2447677097411498e+29
160 2 2.0126333588462260e+28
162 2 2.2763882306582757e+27
164 2 1.3740713314984497e+26
34 3 2.4693027430108853e+07
36 3 4.5742245281783085e+09
38 3 1.9480286448740060e+11
40 3 4.1105579714924497e+12
42 3 5.7901116011783250e+13
44 3 6.3656651731966138e+14
46 3 5.9123334529029190e+15
48 3 4.9220038547767024e+16
50 3 3.7845477525146355e+17
52 3 2.7085256511186504e+18
54 3 1.8292110193008878e+19
56 3 1.1681535219770792e+20
58 3 7.0762624526352803e+20
60 3 4.0890166078821777e+21
62 3 2.2502893022303362e+22
64 3 1.1831772622483913e+23
66 3 5.9480158646196129e+23
68 3 2.8652271145233727e+24
70 3 1.3145214411461616e+25
72 3 5.7678169294430196e+25
74 3 2.4203182165150830e+26
76 3 9.6881105935241928e+26
78 3 3.6951343768403015e+27
80 3 1.3433583566086160e+28
82 3 4.6572948898909981e+28
84 3 1.5347842153302383e+29
86 3 4.8010789675375767e+29
88 3 1.4251331891454180e+30
90 3 4.0197620120381468e+30
92 3 1.0738511838301915e+31
94 3 2.7165962026789701e+31
96 3 6.5013085804451047e+31
98 3 1.4717096566802824e+32
100 3 3.1441592098660947e+32
102 3 6.3481048804197639e+32
104 3 1.2102799962411960e+33
106 3 2.1755582421808428e+33
108 3 3.6881136209844854e+33
110 3 5.8948905264902149e+33
112 3 8.8840695411480460e+33
114 3 1.2617739726131916e+34
116 3 1.6845053659679840e+34
118 3 2.1193881114458007e+34
120 3 2.5047197839745634e+34
122 3 2.7841289007533505e+34
124 3 2.9047925855361165e+34
126 3 2.8451545153925073e+34
128 3 2.6107328545016516e+34
130 3 2.2419550088067578e+34
132 3 1.7971234327015579e+34
134 3 1.3447380748429191e+34
136 3 9.3605495831264097e+33
138 3 6.0445605326132088e+33
140 3 3.6097343333945670e+33
142 3 1.9865460032244028e+33
144 3 1.0020207966532458e+33
146 3 4.6023011517752625e+32
148 3 1.9155870534001228e+32
150 3 7.1370321647658963e+31
152 3 2.3551011777834722e+31
154 3 6.7544958758869393e+30
156 3 1.6480862128529330e+30
158 3 3.2986050413443488e+29
160 3 5.1193551225283344e+28
162 3 5.5424627309758081e+27
164 3 3.1816195555237354e+26
38 4 2.0721136243530562e+09
40 4 2.6363680961673984e+11
42 4 9.7048031275559238e+12
44 4 1.9331041307275850e+14
46 4 2.6769425371636690e+15
48 4 2.9250936302365336e+16
50 4 2.7268681148515744e+17
52 4 2.2767324151498337e+18
54 4 1.7419404083964625e+19
56 4 1.2408490991557729e+20
58 4 8.2728216504549822e+20
60 4 5.2233037904379139e+21
62 4 3.1188096420851753e+22
64 4 1.7688365794494627e+23
66 4 9.5297627491866980e+23
68 4 4.9010798875312869e+24
70 4 2.3988710215631913e+25
72 4 1.1166148688180082e+26
74 4 4.9527989971151608e+26
76 4 2.0923402441242548e+27
78 4 8.3987889972004915e+27
80 4 3.2070788204153649e+28
82 4 1.1629046024111414e+29
84 4 4.0027597905675484e+29
86 4 1.3059451476261588e+30
88 4 4.0290739330052914e+30
90 4 1.1768294409512355e+31
92 4 3.2491894157692482e+31
94 4 8.4815820911328961e+31
96 4 2.0872352653992198e+32
98 4 4.8395401109937351e+32
100 4 1.0588659316123064e+33
102 4 2.1781157207672252e+33
104 4 4.2224819936973019e+33
106 4 7.7023219113948610e+33
108 4 1.3217781352806284e+34
110 4 2.1316732705629432e+34
112 4 3.2323955835849567e+34
114 4 4.6041446444389860e+34
116 4 6.1659961631093896e+34
118 4 7.7472940499280557e+34
120 4 9.1344838252160425e+34
122 4 1.0107694122162282e+35
124 4 1.0473870579392773e+35
126 4 1.0168689936232406e+35
128 4 9.2323688746670635e+34
130 4 7.8345357810402718e+34
132 4 6.1972900955626920e+34
134 4 4.5673093264002445e+34
136 4 3.1259622319590617e+34
138 4 1.9820049754431767e+34
140 4 1.1604600117317958e+34
142 4 6.2464137504834105e+33
144 4 3.0775068530620164e+33
146 4 1.3805619746546358e+33
148 4 5.5971721067491110e+32
150 4 2.0289365993338122e+32
152 4 6.4914311071606072e+31
154 4 1.8058014620655988e+31
156 4 4.2586483564769770e+30
158 4 8.2252315245263467e+29
160 4 1.2286429110697611e+29
162 4 1.2728260398238721e+28
164 4 6.9665312759329521e+26
42 5 1.1243189261172472e+11
44 5 1.0567696137218666e+13
46 5 3.4574026884612494e+14
48 5 6.5550114531055870e+15
50 5 8.8706389965069376e+16
52 5 9.6714769088380237e+17
54 5 9.0673303256229663e+18
56 5 7.5970475508480623e+19
58 5 5.8073180211341532e+20
60 5 4.1337738163996779e+21
62 5 2.7559911043572865e+22
64 5 1.7266916021973442e+23
66 5 1.0241221849325843e+24
68 5 5.7476793128880444e+24
70 5 3.0566904455605367e+25
72 5 1.5381204882891416e+26
74 5 7.3453239590137512e+26
76 5 3.3262369465887004e+27
78 5 1.4284780303479241e+28
80 5 5.8079838337518649e+28
82 5 2.2352662902935207e+29
84 5 8.1330482030644343e+29
86 5 2.7974884346871006e+30
88 5 9.0736214066695587e+30
90 5 2.7818728962978383e+31
92 5 8.0192028893918983e+31
94 5 2.1767825332970592e+32
96 5 5.5626426740469839e+32
98 5 1.3353818771424982e+33
100 5 3.0109020458822156e+33
102 5 6.3732321593542035e+33
104 5 1.2665307592133997e+34
106 5 2.3578833770064239e+34
108 5 4.1191082619576805e+34
110 5 6.7453180129654999e+34
112 5 1.0349035541921266e+35
114 5 1.4885673065568003e+35
116 5 2.0054925280694321e+35
118 5 2.5302507918908235e+35
120 5 2.9891859670702639e+35
122 5 3.3027796165139719e+35
124 5 3.4134686090523304e+35
126 5 3.2964256518265288e+35
128 5 2.9705548220087138e+35
130 5 2.4985282039134353e+35
132 5 1.9549198285172420e+35
134 5 1.4218211162705881e+35
136 5 9.5925533452091137e+34
138 5 5.9877690217265499e+34
140 5 3.4417475944585958e+34
142 5 1.8176829940325298e+34
144 5 8.7709885303417412e+33
146 5 3.8459679578179624e+33
148 5 1.5209302507436954e+33
150 5 5.3689621773149195e+32
152 5 1.6724986979389122e+32
154 5 4.5162823616944604e+31
156 5 1.0309016203842340e+31
158 5 1.9256954578086675e+30
160 5 2.7710682987818533e+29
162 5 2.7529758548695549e+28
164 5 1.4409670114478937e+27
44 6 4.0551682184377332e+09
46 6 4.3544028266267061e+12
48 6 3.1675106764793225e+14
50 6 9.3619686718288380e+15
52 6 1.6917226369134147e+17
54 6 2.2550878853101115e+18
56 6 2.4528668194370757e+19
58 6 2.2993254142113212e+20
60 6 1.9304168458614793e+21
62 6 1.4855958985874854e+22
64 6 1.0597646424347326e+23
66 6 7.0611317708672724e+23
68 6 4.4283161232131850e+24
70 6 2.6101288496341756e+25
72 6 1.4505457817701173e+26
74 6 7.5969723323906926e+26
76 6 3.7582183600649696e+27
78 6 1.7548031355777523e+28
80 6 7.7246436635968499e+28
82 6 3.2055779655677868e+29
84 6 1.2521407278426927e+30
86 6 4.6070344939202575e+30
88 6 1.5917750166057851e+31
90 6 5.1751830192269157e+31
92 6 1.5773055141934419e+32
94 6 4.5152811475514960e+32
96 6 1.2101844267540697e+33
98 6 3.0367710051266866e+33
100 6 7.1253013396644506e+33
102 6 1.5661233532637693e+34
104 6 3.2133501836763912e+34
106 6 6.1619891582420063e+34
108 6 1.1048687115078640e+35
110 6 1.8487396298400944e+35
112 6 2.8909677324286946e+35
114 6 4.2209861953900152e+35
116 6 5.7534854451931289e+35
118 6 7.3302878402223507e+35
120 6 8.7074874267623417e+35
122 6 9.6597005654493034e+35
124 6 9.9953348878322371e+35
126 6 9.6355398080398152e+35
128 6 8.6563070183375148e+35
130 6 7.2331245919024906e+35
132 6 5.6197841590360521e+35
134 6 4.0456458168456245e+35
136 6 2.6968729279039565e+35
138 6 1.6596784575015381e+35
140 6 9.3980920713614625e+34
142 6 4.8764196139405342e+34
144 6 2.3102409941123105e+34
146 6 9.9232128222179649e+33
148 6 3.8363024325478524e+33
150 6 1.3220360534602103e+33
152 6 4.0099470570579702e+32
154 6 1.0537711166647768e+32
156 6 2.3340635568510192e+31
158 6 4.2184050002850387e+30
160 6 5.8671076990462014e+29
162 6 5.6120137904927181e+28
164 6 2.8101693370153223e+27
48 7 3.2670797532644568e+11
50 7 1.2550154913584264e+14
52 7 7.4386077659201200e+15
54 7 2.0055123653445501e+17
56 7 3.4903122805577170e+18
58 7 4.5690161181016646e+19
60 7 4.9354090163188983e+20
62 7 4.6378070513516575e+21
64 7 3.9114001855106100e+22
66 7 3.0176668369047644e+23
68 7 2.1615737308161762e+24
70 7 1.4445519851419687e+25
72 7 9.0379614974440571e+25
74 7 5.2976652095039158e+26
76 7 2.9158075773117050e+27
78 7 1.5058885083347660e+28
80 7 7.3109309724751056e+28
82 7 3.3246192178709945e+29
84 7 1.4182099211259984e+30
86 7 5.6644266252778430e+30
88 7 2.1165161206506911e+31
90 7 7.4033828878238016e+31
92 7 2.4207834746555468e+32
94 7 7.3829725963310204e+32
96 7 2.1054688518653197e+33
98 7 5.5863156060919630e+33
100 7 1.3810725208268469e+34
102 7 3.1788889795615608e+34
104 7 6.8117573270360305e+34
106 7 1.3574599946847138e+35
108 7 2.5156845134372253e+35
110 7 4.3406658444887789e+35
112 7 6.9678540227420249e+35
114 7 1.0400255356834100e+36
116 7 1.4436112552768076e+36
118 7 1.8664123304664750e+36
120 7 2.2449500110607279e+36
122 7 2.5103117728331621e+36
124 7 2.6113608763274754e+36
126 7 2.5243534574015933e+36
128 7 2.2682032322370430e+36
130 7 1.8913298737256453e+36
132 7 1.4621117635336137e+36
134 7 1.0457569705383184e+36
136 7 6.9110501724796767e+35
138 7 4.2088110194933817e+35
140 7 2.3508234703477757e+35
142 7 1.2031972109092049e+35
144 7 5.6037785937975032e+34
146 7 2.3638743169072549e+34
148 7 8.9541989446315396e+33
150 7 3.0192885448105391e+33
152 7 8.9404918023620244e+32
154 7 2.2870591882629716e+32
156 7 4.9322425835060535e+31
158 7 8.6494465312798917e+30
160 7 1.1622900954999179e+30
162 7 1.0725780379747396e+29
164 7 5.1514198024415759e+27
52 8 1.2813012363598150e+13
54 8 2.8387081101369675e+15
56 8 1.4073503026167165e+17
58 8 3.5152526014411658e+18
60 8 5.8762595461495112e+19
62 8 7.5704999115051604e+20
64 8 8.1358928459539300e+21
66 8 7.6415714925788501e+22
68 8 6.4732080433710361e+23
70 8 5.0190824014258604e+24
72 8 3.6017684566807192e+25
74 8 2.4100531861440499e+26
76 8 1.5016556982149978e+27
78 8 8.7443948236947060e+27
80 8 4.7557699549438724e+28
82 8 2.4151185957716391e+29
84 8 1.1438420728028108e+30
86 8 5.0504345561762190e+30
88 8 2.0754365650316181e+31
90 8 7.9370502880744050e+31
92 8 2.8238118917652015e+32
94 8 9.3333478168442377e+32
96 8 2.8632615737720341e+33
98 8 8.1465587158850927e+33
100 8 2.1484672877377805e+34
102 8 5.2475434633009114e+34
104 8 1.1859839547797583e+35
106 8 2.4835920884739303e+35
108 8 4.8138149822767308e+35
110 8 8.6314842174861359e+35
112 8 1.4330183975428629e+36
114 8 2.2050368523895200e+36
116 8 3.1427047745127771e+36
118 8 4.1489038758629732e+36
120 8 5.0793710357912172e+36
122 8 5.7608314432376544e+36
124 8 6.0570666557763743e+36
126 8 5.9017035068956117e+36
128 8 5.3264313264559386e+36
130 8 4.4469718006270334e+36
132 8 3.4372911915112508e+36
134 8 2.4488358317165527e+36
136 8 1.6088528491890784e+36
138 8 9.7150843666820784e+35
140 8 5.3784177235860339e+35
142 8 2.7174038344782393e+35
144 8 1.2483145958349489e+35
146 8 5.1803549990243588e+34
148 8 1.9292314765908600e+34
150 8 6.3738243707071383e+33
152 8 1.8472391638431870e+33
154 8 4.6125238556048235e+32
156 8 9.6917904102527708e+31
158 8 1.6509612712302256e+31
160 8 2.1517862587284860e+30
162 8 1.9209124067118977e+29
164 8 8.8718423822505443e+27
56 9 3.4974146802759388e+14
58 9 5.1639651591126832e+16
60 9 2.2041858130801331e+18
62 9 5.1117096370839175e+19
64 9 8.2647255787843158e+20
66 9 1.0464341472083330e+22
68 9 1.1182531020418979e+23
70 9 1.0519916403014393e+24
72 9 8.9462927634878042e+24
74 9 6.9514724589105365e+25
76 9 4.9970857678509663e+26
78 9 3.3342634153773834e+27
80 9 2.0668210157056197e+28
82 9 1.1925392492783723e+29
84 9 6.3803804190607939e+29
86 9 3.1687602433493934e+30
88 9 1.4574302558208676e+31
90 9 6.2009976033008047e+31
92 9 2.4416363396303029e+32
94 9 8.8826717188841356e+32
96 9 2.9819750616488006e+33
98 9 9.2255953839689401e+33
100 9 2.6322753380338438e+34
102 9 6.9111616468396305e+34
104 9 1.6713771533681382e+35
106 9 3.7174866565277626e+35
108 9 7.6108112835245895e+35
110 9 1.4348407153115155e+36
112 9 2.4900903555271454e+36
114 9 3.9823039908786969e+36
116 9 5.8686292241611785e+36
118 9 7.9794549872638483e+36
120 9 1.0010527981039991e+37
122 9 1.1586943486276293e+37
124 9 1.2387913143783532e+37
126 9 1.2222777866219517e+37
128 9 1.1130332737584063e+37
130 9 9.3534140585548517e+36
132 9 7.2479519632698235e+36
134 9 5.1702527894505660e+36
136 9 3.3881776068983599e+36
138 9 2.0369146351573364e+36
140 9 1.1190659197221851e+36
142 9 5.6022054887630980e+35
144 9 2.5439724752695169e+35
146 9 1.0420131457239872e+35
148 9 3.8196403524370883e+34
150 9 1.2405315643596888e+34
152 9 3.5256064447813094e+33
154 9 8.6109397757622842e+32
156 9 1.7654299155542243e+32
158 9 2.9311392873952870e+31
160 9 3.7138350358405639e+30
162 9 3.2090479370021763e+29
164 9 1.4326045019931879e+28
60 10 7.1222161978445860e+15
62 10 7.7816329624534426e+17
64 10 2.8773883206670008e+19
66 10 6.2907325999687926e+20
68 10 9.8182958939196883e+21
70 10 1.2277631384647655e+23
72 10 1.3045087924228097e+24
74 10 1.2270992243623535e+25
76 10 1.0438644282554607e+26
78 10 8.1276687458307622e+26
80 10 5.8450277257103019e+27
82 10 3.8848828539332729e+28
84 10 2.3873040348052443e+29
86 10 1.3558825179598725e+30
88 10 7.1023174293944395e+30
90 10 3.4257710634834752e+31
92 10 1.5203063696281766e+32
94 10 6.1923874508592137e+32
96 10 2.3148148627514713e+33
98 10 7.9218179108974818e+33
100 10 2.4820566399487046e+34
102 10 7.1194157628432929e+34
104 10 1.8665472599068575e+35
106 10 4.4762092368718418e+35
108 10 9.8110950059840665e+35
110 10 1.9662882669610805e+36
112 10 3.6054453859005829e+36
114 10 6.0536805439308313e+36
116 10 9.3175637399952170e+36
118 10 1.3146783285283117e+37
120 10 1.7028792368909601e+37
122 10 2.0271032913692340e+37
124 10 2.2155552985571872e+37
126 10 2.2278496752103650e+37
128 10 2.0592296721565878e+37
130 10 1.7501184367635061e+37
132 10 1.3662100098130949e+37
134 10 9.7876212940940131e+36
136 10 6.4239054058504145e+36
138 10 3.8566350106168047e+36
140 10 2.1125135295687443e+36
142 10 1.0510468454502937e+36
144 10 4.7317328673041636e+35
146 10 1.9167601202811002e+35
148 10 6.9358185112476065e+34
150 10 2.2195839663567310e+34
152 10 6.1976002833678158e+33
154 10 1.4861143518151825e+33
156 10 2.9811964958632444e+32
158 10 4.8357529462457990e+31
160 10 5.9592365931931612e+30
162 10 4.9948068253090532e+29
164 10 2.1572918431779088e+28
64 11 1.2256774170893379e+17
66 11 9.6226819452771185e+18
68 11 3.2171674936690999e+20
70 11 6.5865874433906322e+21
72 11 1.0024035978683921e+23
74 11 1.2348585504098616e+24
76 11 1.3072509920646948e+25
78 11 1.2292896048568617e+26
80 11 1.0462433776835927e+27
82 11 8.1410499309973557e+27
84 11 5.8379899858077259e+28
86 11 3.8447939119374761e+29
88 11 2.3330680102325620e+30
90 11 1.2952746268662767e+31
92 11 6.5977206437348698e+31
94 11 3.0684919140194572e+32
96 11 1.3007706275336791e+33
98 11 5.0201322762102710e+33
100 11 1.7591930374346776e+34
102 11 5.6028407080416133e+34
104 11 1.6206988037044183e+35
106 11 4.2526376306235468e+35
108 11 1.0119581797650549e+36
110 11 2.1857480524771462e+36
112 11 4.2910225193433090e+36
114 11 7.6581943643924863e+36
116 11 1.2426178616279436e+37
118 11 1.8392500028417422e+37
120 11 2.4812258184833392e+37
122 11 3.0588403526301933e+37
124 11 3.4452163702358306e+37
126 11 3.5514893418428318e+37
128 11 3.3531552980613424e+37
130 11 2.8961224925026156e+37
132 11 2.2898239526544870e+37
134 11 1.6549916491875238e+37
136 11 1.0928031858593333e+37
138 11 6.5798335548334616e+36
140 11 3.6001608078192889e+36
142 11 1.7876095977176479e+36
144 11 8.0068076257774730e+35
146 11 3.2176163012550986e+35
148 11 1.1518512667519099e+35
150 11 3.6383753401821908e+34
152 11 1.0015013339996445e+34
154 11 2.3598149056542145e+33
156 11 4.6447707951856988e+32
158 11 7.3656584861787152e+31
160 11 8.8634554407750828e+30
162 11 7.2368140737472691e+29
164 11 3.0287719608290026e+28
66 12 3.9719011042794940e+15
68 12 1.5734800978052106e+18
70 12 1.0235233869316139e+20
72 12 3.0507531994051736e+21
74 12 5.9886667578426203e+22
76 12 8.8360679424591560e+23
78 12 1.0780016581678865e+25
80 12 1.1356391880909656e+26
82 12 1.0658497977000014e+27
84 12 9.0644788141327086e+27
86 12 7.0441826646481595e+28
88 12 5.0089002360018430e+29
90 12 3.2628619662162344e+30
92 12 1.9360968605301944e+31
94 12 1.0465624072873984e+32
96 12 5.1273656469157486e+32
98 12 2.2740621798955251e+33
100 12 9.1085838283373012e+33
102 12 3.2819872157513822e+34
104 12 1.0662581660897174e+35
106 12 3.1180774318717011e+35
108 12 8.2035771962654202e+35
110 12 1.9406869685924049e+36
112 12 4.1334947910275477e+36
114 12 7.9412618233370696e+36
116 12 1.3775279598259251e+37
118 12 2.1600881403424314e+37
120 12 3.0675174544074462e+37
122 12 3.9524017512656656e+37
124 12 4.6235015194736027e+37
126 12 4.9244253015737573e+37
128 12 4.7743507972137865e+37
130 12 4.2161832239942081e+37
132 12 3.3940056203378861e+37
134 12 2.4874356072673167e+37
136 12 1.6601306696884840e+37
138 12 1.0061038074555160e+37
140 12 5.5268419736304239e+36
142 12 2.7438307335041761e+36
144 12 1.2259038750067198e+36
146 12 4.9041399218522952e+35
148 12 1.7424977024650410e+35
150 12 5.4516394101475927e+34
152 12 1.4815214989150391e+34
154 12 3.4437536176594676e+33
156 12 6.6635817692659351e+32
158 12 1.0362506798374184e+32
160 12 1.2204438234047050e+31
162 12 9.7116720932429015e+29
164 12 3.9520318901685165e+28
70 13 7.2741070655590624e+16
72 13 1.7438347111741815e+19
74 13 9.1477923619107950e+20
76 13 2.5384790143684110e+22
78 13 4.7231113141418633e+23
80 13 6.8354863206119688e+24
82 13 8.2247191029788393e+25
84 13 8.6293626726872191e+26
86 13 8.0703910509342075e+27
88 13 6.8562248549468329e+28
90 13 5.2939699207851150e+29
92 13 3.7182352358796467e+30
94 13 2.3737066832682374e+31
96 13 1.3722609178751050e+32
98 13 7.1332915969126348e+32
100 13 3.3267655805952599e+33
102 13 1.3882346441118649e+34
104 13 5.1749481380592952e+34
106 13 1.7197688510595736e+35
108 13 5.0960508185612511e+35
110 13 1.3443582758255034e+36
112 13 3.1637194870445400e+36
114 13 6.6493088560232634e+36
116 13 1.2490793424379218e+37
118 13 2.1042330349394620e+37
120 13 3.1810927018120279e+37
122 13 4.3272079767544739e+37
124 13 5.3100807000328905e+37
126 13 5.8867532732496421e+37
128 13 5.9077757962516018e+37
130 13 5.3713973170383662e+37
132 13 4.4274744210169475e+37
134 13 3.3091718388267965e+37
136 13 2.2394143038210472e+37
138 13 1.3734571013903793e+37
140 13 7.6047255347699158e+36
142 13 3.7914164345244879e+36
144 13 1.6963701040849749e+36
146 13 6.7722278334692897e+35
148 13 2.3955437578250287e+35
150 13 7.4453695447999389e+34
152 13 2.0045319017699765e+34
154 13 4.6024674663637645e+33
156 13 8.7799424447656650e+32
158 13 1.3422526799894454e+32
160 13 1.5488224387157042e+31
162 13 1.2055785699091069e+30
164 13 4.7804990635342581e+28
74 14 1.0895970731177083e+18
76 14 1.5638356732905115e+20
78 14 7.2295176363339971e+21
80 14 1.8261693066367792e+23
82 14 3.2795558082351501e+24
84 14 4.6413514176332325e+25
86 14 5.5339756241698875e+26
88 14 5.7697402223513558e+27
90 14 5.3831760766159160e+28
92 14 4.5477755909486534e+29
94 14 3.4753008015458060e+30
96 14 2.3995025745028602e+31
98 14 1.4907855787087450e+32
100 14 8.2779702429396996e+32
102 14 4.0846270933213827e+33
104 14 1.7861210507730022e+34
106 14 6.9113250550973043e+34
108 14 2.3575478471551758e+35
110 14 7.0960984678552235e+35
112 14 1.8829434806047103e+36
114 14 4.4082673174049157e+36
116 14 9.1283610397519457e+36
118 14 1.6755054720518370e+37
120 14 2.7343800685290933e+37
122 14 3.9771472439900264e+37
124 14 5.1678816290466250e+37
126 14 6.0257795488616579e+37
128 14 6.3121641685092111e+37
130 14 5.9509150902373778e+37
132 14 5.0566912645346535e+37
134 14 3.8744401442110990e+37
136 14 2.6781692360858250e+37
138 14 1.6674228979852490e+37
140 14 9.3474562471768205e+36
142 14 4.7001514334090984e+36
144 14 2.1121275923800825e+36
146 14 8.4471446501314320e+35
148 14 2.9864168401307779e+35
150 14 9.2371786510493569e+34
152 14 2.4709630195978859e+34
154 14 5.6189352633878758e+33
156 14 1.0596750805927186e+33
158 14 1.5954849961628406e+32
160 14 1.8090416617472982e+31
162 14 1.3817961884052005e+30
164 14 5.3522110114447950e+28
78 15 1.1075652460129368e+19
80 15 1.2470125415434302e+21
82 15 4.9027651292283447e+22
84 15 1.1623772253079329e+24
86 15 2.0053845745131234e+25
88 15 2.7901639918753819e+26
90 15 3.2917730745542157e+27
92 15 3.4176648301467471e+28
94 15 3.1786630163481661e+29
96 15 2.6580382155000136e+30
98 15 2.0003824368743683e+31
100 15 1.3451780865981905e+32
102 15 8.0269753810556657e+32
104 15 4.2210830263676216e+33
106 15 1.9472608086874539e+34
108 15 7.8513634922475217e+34
110 15 2.7586767693493012e+35
112 15 8.4567878003018559e+35
114 15 2.2577210711197466e+36
116 15 5.2628453634377786e+36
118 15 1.0732120016820482e+37
120 15 1.9209003185951124e+37
122 15 3.0280184136154608e+37
124 15 4.2247220165821906e+37
126 15 5.2344319752078902e+37
128 15 5.7775716339371153e+37
130 15 5.6964197809600860e+37
132 15 5.0253847515086383e+37
134 15 3.9751370817966259e+37
136 15 2.8211241224648774e+37
138 15 1.7946829227780063e+37
140 15 1.0219485665990348e+37
142 15 5.2023943475658248e+36
144 15 2.3610601224620028e+36
146 15 9.4878107536969651e+35
148 15 3.3594570282196003e+35
150 15 1.0385581178931800e+35
152 15 2.7662875729024191e+34
154 15 6.2500254446721549e+33
156 15 1.1677962203304746e+33
158 15 1.7382308179535585e+32
160 15 1.9424472477265385e+31
162 15 1.4571286196669072e+30
164 15 5.5255018659714860e+28
82 16 1.0375549269327366e+20
84 16 8.3873153702257943e+21
86 16 2.9222362458879431e+23
88 16 6.5194586357367595e+24
90 16 1.0958273030919565e+26
92 16 1.4905097319089253e+27
94 16 1.7461443965201148e+28
96 16 1.8049680822233527e+29
98 16 1.6644485808464696e+30
100 16 1.3738031800735331e+31
102 16 1.0085731056207711e+32
104 16 6.5170378294846063e+32
106 16 3.6808384038063778e+33
108 16 1.8029520058742398e+34
110 16 7.6133768876260486e+34
112 16 2.7677784315102517e+35
114 16 8.6540937882332100e+35
116 16 2.3273747859972259e+36
118 16 5.3950373678974806e+36
120 16 1.0811642902560199e+37
122 16 1.8823202444895406e+37
124 16 2.8624796359478098e+37
126 16 3.8191007899673246e+37
128 16 4.4920060397927918e+37
130 16 4.6776502813830234e+37
132 16 4.3211935793318139e+37
134 16 3.5539076804293801e+37
136 16 2.6054732665757957e+37
138 16 1.7027200925486934e+37
140 16 9.9155995428121613e+36
142 16 5.1350816127297844e+36
144 16 2.3585695083413408e+36
146 16 9.5746287613108129e+35
148 16 3.4062008694562239e+35
150 16 1.0559282044213767e+35
152 16 2.8115649936738397e+34
154 16 6.3190754482424481e+33
156 16 1.1731805263112142e+33
158 16 1.7306457655022192e+32
160 16 1.9100899286338736e+31
162 16 1.4106676859203677e+30
164 16 5.2594444151567116e+28
84 17 1.8445329919781742e+18
86 17 7.7781276657388919e+20
88 17 4.8712774518416834e+22
90 17 1.5385411270363782e+24
92 17 3.2906920579390978e+25
94 17 5.3004377695200600e+26
96 17 7.1483539691680330e+27
98 17 8.3078667497449118e+28
100 17 8.5379742546938055e+29
102 17 7.7763952324848387e+30
104 17 6.2845331457958424e+31
106 17 4.4335667573011164e+32
108 17 2.7105908829974170e+33
110 17 1.4179494679519416e+34
112 17 6.3090367296542906e+34
114 17 2.3840351715610711e+35
116 17 7.6294648879282962e+35
118 17 2.0659843352600091e+36
120 17 4.7577307505559544e+36
122 17 9.3583519631679403e+36
124 17 1.5807022081764181e+37
126 17 2.3086767229924717e+37
128 17 2.9352108905718035e+37
130 17 3.2640742840929525e+37
132 17 3.1923102792371707e+37
134 17 2.7524288755241102e+37
136 17 2.1000320598791352e+37
138 17 1.4190304019249779e+37
140 17 8.4919746199972207e+36
142 17 4.4970128517690046e+36
144 17 2.1028501910017988e+36
146 17 8.6456784558912852e+35
148 17 3.1056223008048202e+35
150 17 9.6779539789714297e+34
152 17 2.5814981249324182e+34
154 17 5.8011901986229236e+33
156 17 1.0717323710147080e+33
158 17 1.5712837987723431e+32
160 17 1.7158215426123839e+31
162 17 1.2509575908507174e+30
164 17 4.5912830575003265e+28
88 18 2.5734200916799078e+19
90 18 4.7018523409039271e+21
92 18 2.4679023587536415e+23
94 18 7.3266118812224783e+24
96 18 1.4579890773611136e+26
98 18 2.3244426793376418e+27
100 18 3.0857590613449431e+28
102 18 3.5684419889168596e+29
104 18 3.6230379792199040e+30
106 18 3.2444321479957243e+31
108 18 2.5236483710076284e+32
110 18 1.6852937544911892e+33
112 18 9.4954218438514857e+33
114 18 4.4873642332419564e+34
116 18 1.7682203930164589e+35
118 18 5.8077277925047750e+35
120 18 1.5860401564360468e+36
122 18 3.6230357895518836e+36
124 18 6.9649434684958099e+36
126 18 1.1382053127170365e+37
128 18 1.5900306298261683e+37
130 18 1.9160186304686108e+37
132 18 2.0053283221041083e+37
134 18 1.8333520513509708e+37
136 18 1.4688204768603728e+37
138 18 1.0337673861564766e+37
140 18 6.3991600874315925e+36
142 18 3.4852848290213242e+36
144 18 1.6653730476434184e+36
146 18 6.9694350013577250e+35
148 18 2.5355634466545366e+35
150 18 7.9734410487886424e+34
152 18 2.1387295886700482e+34
154 18 4.8172695813440467e+33
156 18 8.8903495907135940e+32
158 18 1.2958479261286847e+32
160 18 1.4065129868250572e+31
162 18 1.0143382587228364e+30
164 18 3.6723177867660917e+28
92 19 1.9016673191166224e+20
94 19 2.3910898684135691e+22
96 19 1.1561191907484286e+24
98 19 3.0109692356633137e+25
100 19 5.9077062576257325e+26
102 19 9.1667466268890803e+27
104 19 1.2091656217506784e+29
106 19 1.3825350146810172e+30
108 19 1.3872055692186975e+31
110 19 1.1988502747072395e+32
112 19 8.8375973813801157e+32
114 19 5.4155908921476136e+33
116 19 2.7382850448889213e+34
118 19 1.1322298187490198e+35
120 19 3.8222929937739359e+35
122 19 1.0538419772974237e+36
124 19 2.3831121749980161e+36
126 19 4.4658369285584651e+36
128 19 7.0193682467817787e+36
130 19 9.3403049961311213e+36
132 19 1.0626456199645340e+37
134 19 1.0416304748179846e+37
136 19 8.8464632347032262e+36
138 19 6.5474649011027519e+36
140 19 4.2233555046955337e+36
142 19 2.3793520424786392e+36
144 19 1.1691301490953856e+36
146 19 5.0003319471642024e+35
148 19 1.8531194787655016e+35
150 19 5.8977260668399536e+34
152 19 1.5949477072233940e+34
154 19 3.6122688215402361e+33
156 19 6.6758248339211654e+32
158 19 9.7210372969897190e+31
160 19 1.0495949974596594e+31
162 19 7.5063482736924913e+29
164 19 2.6865258158896580e+28
96 20 1.0419222979271842e+21
98 20 1.1944762557298114e+23
100 20 4.4937667040009181e+24
102 20 1.1478263940382335e+26
104 20 2.1519698851714203e+27
106 20 3.3014590690401820e+28
108 20 4.3066552119626163e+29
110 20 4.8862201834361402e+30
112 20 4.7398691059208153e+31
114 20 3.8971551137217770e+32
116 20 2.6262238436607661e+33
118 20 1.4341005695868815e+34
120 20 6.2601283043511501e+34
122 20 2.1816274184313892e+35
124 20 6.0632069424265825e+35
126 20 1.3546271240724522e+36
128 20 2.4644526174943038e+36
130 20 3.7110861460079321e+36
132 20 4.6769084713054469e+36
134 20 4.9971185251533457e+36
136 20 4.5581545177805879e+36
138 20 3.5783363741844547e+36
140 20 2.4259142805296423e+36
142 20 1.4243238051572355e+36
144 20 7.2452805143428812e+35
146 20 3.1849952089029096e+35
148 20 1.2066146209145178e+35
150 20 3.9030123896046859e+34
152 20 1.0693413349185287e+34
154 20 2.4414366713953366e+33
156 20 4.5298046345055937e+32
158 20 6.6048060903238188e+31
160 20 7.1129445738328585e+30
162 20 5.0606197105425299e+29
164 20 1.7950848805056367e+28
100 21 6.8728710178106025e+21
102 21 4.5280248459333737e+23
104 21 1.6421721264674709e+25
106 21 3.9165646778036193e+26
108 21 7.1893352742660782e+27
110 21 1.0835280558466042e+29
112 21 1.4099960272921166e+30
114 21 1.5536707759275183e+31
116 21 1.4425090111818696e+32
118 21 1.0808959943721584e+33
120 21 6.4420168014975322e+33
122 21 2.9899567954875101e+34
124 21 1.0810442197994208e+35
126 21 3.0285378701255605e+35
128 21 6.6591041446254998e+35
130 21 1.1720239637097384e+36
132 21 1.6796212641836360e+36
134 21 1.9933566886385170e+36
136 21 1.9852527225997961e+36
138 21 1.6738194231552187e+36
140 21 1.2057544376004060e+36
142 21 7.4453661195956476e+35
144 21 3.9430342000268166e+35
146 21 1.7942587884647859e+35
148 21 6.9828205555576508e+34
150 21 2.3079337116985613e+34
152 21 6.4257868128256245e+33
154 21 1.4842250599730357e+33
156 21 2.7758409470774856e+32
158 21 4.0628980823134530e+31
160 21 4.3771983132724147e+30
162 21 3.1042271102065446e+29
164 21 1.0924444101696140e+28
102 22 1.4760150754387578e+20
104 22 2.6769108001901171e+22
106 22 1.6276068611190176e+24
108 22 5.3551703974702914e+25
110 22 1.2266872176685496e+27
112 22 2.1844285757565251e+28
114 22 3.3183817130650994e+29
116 22 4.1865014200633046e+30
118 22 4.4512589231873157e+31
120 22 3.7652836920801955e+32
122 22 2.4789715037260530e+33
124 22 1.2369229504748070e+34
126 22 4.6562003814704054e+34
128 22 1.3139989091736775e+35
130 22 2.8322091584338260e+35
132 22 4.7836689670382393e+35
134 22 6.4901752078142282e+35
136 22 7.2027740460148752e+35
138 22 6.6420340403981642e+35
140 22 5.1396722090201435e+35
142 22 3.3692919019046985e+35
144 22 1.8765887469170883e+35
146 22 8.8939900726134557e+34
148 22 3.5770488611360003e+34
150 22 1.2142624467148503e+34
152 22 3.4525601206590565e+33
154 22 8.0980559381754988e+32
156 22 1.5314091031451999e+32
158 22 2.2551403232027755e+31
160 22 2.4375075746550733e+30
162 22 1.7274866224619630e+29
164 22 6.0508463705741316e+27
106 23 6.8063038494765731e+20
108 23 9.8894688937775290e+22
110 23 5.2696981564110042e+24
112 23 1.5984671223878194e+26
114 23 3.4699795102894836e+27
116 23 6.3084295944686321e+28
118 23 9.2173823488592519e+29
120 23 1.1399700369133243e+31
122 23 1.1050609801734997e+32
124 23 8.1502950008343486e+32
126 23 4.4193514636301530e+33
128 23 1.7432891946383410e+34
130 23 4.9513312960470980e+34
132 23 1.0409958493331957e+35
134 23 1.6775702733232006e+35
136 23 2.1364084959488705e+35
138 23 2.1987583376692220e+35
140 23 1.8619132107055064e+35
142 23 1.3131304199456671e+35
144 23 7.7648270476035202e+34
146 23 3.8657671276151833e+34
148 23 1.6176742687311539e+34
150 23 5.6749160296047021e+33
152 23 1.6550180243199474e+33
154 23 3.9542690360511850e+32
156 23 7.5972124216612193e+31
158 23 1.1303834198476115e+31
160 23 1.2287283954535792e+30
162 23 8.7216392072224645e+28
164 23 3.0479459414596540e+27
110 24 2.7643027649150782e+21
112 24 3.4426566689360482e+23
114 24 1.5332242232838574e+25
116 24 4.2457591373929082e+26
118 24 9.5717050735563569e+27
120 24 1.6399684252109776e+29
122 24 2.4093016605998863e+30
124 24 2.7131533290645398e+31
126 24 2.2846708422955306e+32
128 24 1.3605199112259512e+33
130 24 5.6688010744987819e+33
132 24 1.6186251551103472e+34
134 24 3.2962502241572524e+34
136 24 5.0276388993250606e+34
138 24 5.9573132084907629e+34
140 24 5.6431208103664275e+34
142 24 4.3552363527015102e+34
144 24 2.7703994414225277e+34
146 24 1.4618386322005930e+34
148 24 6.4239103412963745e+33
150 24 2.3433705210562171e+33
152 24 7.0536047794410223e+32
154 24 1.7282339712752241e+32
156 24 3.3814895653848512e+31
158 24 5.0989939398001177e+30
160 24 5.5888138416914136e+29
162 24 3.9855261986747534e+28
164 24 1.3947545860884816e+27
114 25 1.2765813662188661e+22
116 25 1.0169174536219796e+24
118 25 3.8515496868236293e+25
120 25 1.1373222743252470e+27
122 25 2.3249600308726108e+28
124 25 4.1446513046633849e+29
126 25 5.5245448595853169e+30
128 25 5.4262457966449369e+31
130 25 3.6110855907952532e+32
132 25 1.6071192869243777e+33
134 25 4.5834712215209048e+33
136 25 8.9670416673097342e+33
138 25 1.2817645488366450e+34
140 25 1.4028778137910457e+34
142 25 1.2122682872744511e+34
144 25 8.4335422995272535e+33
146 25 4.7858259674183214e+33
148 25 2.2286547988510916e+33
150 25 8.5246480332963058e+32
152 25 2.6637053993433438e+32
154 25 6.7286555026950864e+31
156 25 1.3467554595732569e+31
158 25 2.0675706284048162e+30
160 25 2.2918279277807899e+29
162 25 1.6455621808103495e+28
164 25 5.7792145386260468e+26
116 26 1.8056946768058604e+20
118 26 4.1747420680246566e+22
120 26 2.4400172217874156e+24
122 26 1.0427566792159759e+26
124 26 2.5827838587390576e+27
126 26 5.7343749752170992e+28
128 26 9.2630569980263448e+29
130 26 1.0870084941195514e+31
132 26 8.2160510389535805e+31
134 26 3.9583089086010074e+32
136 26 1.1231719764673807e+33
138 26 2.0892891000891168e+33
140 26 2.7704620428831650e+33
142 26 2.7702867857013200e+33
144 26 2.1587182365270760e+33
146 26 1.3394008366582021e+33
148 26 6.7011333214455191e+32
150 26 2.7158199991258929e+32
152 26 8.8877560311236539e+31
154 26 2.3273613886693560e+31
156 26 4.7990783043542816e+30
158 26 7.5172048842596894e+29
160 26 8.4608321056822236e+28
162 26 6.1410477755507987e+27
164 26 2.1663446450322816e+26
120 27 7.8813206538023482e+20
122 27 9.6323528620076717e+22
124 27 7.0764420395022358e+24
126 27 2.1929564112432029e+26
128 27 6.3009821966572996e+27
130 27 1.2589452613435763e+29
132 27 1.8162272305077188e+30
134 27 1.5979718095259905e+31
136 27 8.4699672405654817e+31
138 27 2.3665550671736480e+32
140 27 4.1367951602248482e+32
142 27 5.0392052098527626e+32
144 27 4.5538126799404403e+32
146 27 3.1630507782875965e+32
148 27 1.7291895095723685e+32
150 27 7.5170993777402487e+31
152 27 2.5998305588758736e+31
154 27 7.1231242038214633e+30
156 27 1.5195282157211987e+30
158 27 2.4476098873613827e+29
160 27 2.8093944375312543e+28
162 27 2.0710317964169398e+27
164 27 7.3713181904050719e+25
124 28 1.7766018641009257e+21
126 28 3.3677762328833452e+23
128 28 1.3759698356636335e+25
130 28 5.4005458847960504e+26
132 28 1.3630291349511712e+28
134 28 2.5084668084302015e+29
136 28 2.6360156945974308e+30
138 28 1.5715984563341570e+31
140 28 4.2803645509994099e+31
142 28 6.9424060259244304e+31
144 28 7.6634414016748607e+31
146 28 6.1694351807921777e+31
148 28 3.7758331804785740e+31
150 28 1.7894772860601003e+31
152 28 6.6372599851268429e+30
154 28 1.9199086339077563e+30
156 28 4.2694677495093441e+29
158 28 7.1122883787451215e+28
160 28 8.3907491533318830e+27
162 28 6.2870988707351070e+26
164 28 2.2644155355657303e+25
128 29 9.9772249011193486e+21
130 29 6.0178072478199631e+23
132 29 3.5247369705149002e+25
134 29 1.1539807541163928e+27
136 29 2.8234056401742317e+28
138 29 3.6538122066350867e+29
140 29 2.5223466967620387e+30
142 29 6.5908818055930667e+30
144 29 9.7781649038943064e+30
146 29 9.6454013411535032e+30
148 29 6.8346743686806423e+30
150 29 3.6170441883101588e+30
152 29 1.4612591816380750e+30
154 29 4.5192918323821057e+29
156 29 1.0592203266863716e+29
158 29 1.8389343318965351e+28
160 29 2.2317897848858128e+27
162 29 1.7141587142364882e+26
164 29 6.2704666188724494e+24
130 30 1.3827603599913935e+20
132 30 1.6401202010361958e+22
134 30 1.6868169271820278e+24
136 30 7.3954433157285393e+25
138 30 2.5518955633783416e+27
140 30 4.2249675513119121e+28
142 30 3.4888017284949183e+29
144 30 8.5906930620005996e+29
146 30 1.1448505078568699e+30
148 30 9.9284461053608722e+29
150 30 6.0841738997412292e+29
152 30 2.7405741795656050e+29
154 30 9.2165452237127842e+28
156 30 2.3059835191767045e+28
158 30 4.1993648315338858e+27
160 30 5.3078953700066888e+26
162 30 4.1899932486610513e+25
164 30 1.5656773844548398e+24
134 31 2.1154846459147597e+20
136 31 5.6867257463941169e+22
138 31 3.4529491545210006e+24
140 31 1.8097225355935052e+26
142 31 3.9945039599514787e+27
144 31 4.1198124198830188e+28
146 31 9.3615858104826825e+28
148 31 1.1013944559824987e+29
150 31 8.2532568766527961e+28
152 31 4.2936532999555028e+28
154 31 1.6061076430274397e+28
156 31 4.3526833177704717e+27
158 31 8.4553272213749985e+26
160 31 1.1208319971547877e+26
162 31 9.1732819939969607e+24
164 31 3.5132496768706220e+23
138 32 1.2211653466011636e+21
140 32 1.1023741159255587e+23
142 32 9.7276182123510001e+24
144 32 3.0420154944820196e+26
146 32 4.1396074419283329e+27
148 32 8.4399236955423423e+27
150 32 8.5873606551678298e+27
152 32 5.4474197219144496e+27
154 32 2.3452284553194370e+27
156 32 7.0655387260398281e+26
158 32 1.4826091980371568e+26
160 32 2.0872797867979506e+25
162 32 1.7890508980808094e+24
164 32 7.0728980004069641e+22
140 33 1.2779347816317323e+19
142 33 2.1500461115864134e+21
144 33 3.8344600931389586e+23
146 33 1.8270950044189345e+25
148 33 3.4871376940342356e+26
150 33 6.2194306723187153e+26
152 33 5.3415560964904186e+26
154 33 2.8017961058261987e+26
156 33 9.6753509969822255e+25
158 33 2.2459482235858652e+25
160 33 3.4085405505122649e+24
162 33 3.0873599267412784e+23
164 33 1.2778040776501645e+22
144 34 1.9327078378704536e+19
146 34 1.0416787884845937e+22
148 34 8.3870571834044181e+23
150 34 2.4313527411691260e+25
152 34 3.6768258242511333e+25
154 34 2.6000380404935672e+25
156 34 1.0885811588689406e+25
158 34 2.8849734250785001e+24
160 34 4.8307659329869348e+23
162 34 4.6975612503917655e+22
164 34 2.0523189833155194e+21
148 35 1.7390787156361708e+20
150 35 2.8321678521802080e+22
152 35 1.3873600775752668e+24
154 35 1.7149668072489535e+24
156 35 9.6398590393284992e+23
158 35 3.0757816960844170e+23
160 35 5.8586661807592537e+22
162 35 6.2501924687467218e+21
164 35 2.9183577261270008e+20
150 36 1.3361227073961403e+18
152 36 6.5633039661737207e+20
154 36 6.3032278605478628e+22
156 36 6.1356115095268920e+22
158 36 2.6142316119556669e+22
160 36 5.9589929872350668e+21
162 36 7.2050077265058975e+20
164 36 3.6818107444043297e+19
154 37 9.3743748189041541e+18
156 37 2.2435795439548076e+21
158 37 1.6195134429554721e+21
160 37 4.8832283992240213e+20
162 37 7.0202081209720529e+19
164 37 4.0451531358214861e+18
156 38 6.1691718837490992e+16
158 38 5.9808905249050132e+19
160 38 3.0031827670015730e+19
162 38 5.6238342368606136e+18
164 38 3.8176710866236224e+17
160 39 1.1302713118581033e+18
162 39 3.4494088227090995e+17
164 39 3.0108342657072508e+16
162 40 1.3527491681450200e+16
164 40 1.8520308987179255e+15
164 41 7.7477630188269500e+13
