104 -17 3.6034208812759573e+01
106 -17 1.9949370368622971e+02
108 -17 4.4374941815130194e+02
110 -17 4.3967385585522749e+02
100 -16 1.0074159539289825e+03
102 -16 7.8434319797335693e+03
104 -16 2.3087271444380374e+04
106 -16 3.6204110646091212e+04
108 -16 2.5318272001469410e+04
96 -15 1.3990727895299460e+04
98 -15 1.3116073195274960e+05
100 -15 5.1715280812719883e+05
102 -15 1.0588691714141639e+06
104 -15 1.2529221903122724e+06
106 -15 6.5126609212451638e+05
92 -14 1.4294352491613699e+05
94 -14 1.5067338583158855e+06
96 -14 7.1182057537211748e+06
98 -14 1.8758549821584694e+07
100 -14 2.9374209031648755e+07
102 -14 2.7271200384440854e+07
104 -14 1.1226109509446148e+07
88 -13 1.1673688485982211e+06
90 -13 1.3325760249134097e+07
92 -13 7.0362280861017719e+07
94 -13 2.1987287043653843e+08
96 -13 4.3588926817453891e+08
98 -13 5.4667228482431972e+08
100 -13 4.1845715415494484e+08
102 -13 1.4228550000591895e+08
82 -12 1.3337732809863414e+03
84 -12 7.7334398984368956e+06
86 -12 9.3202654108352378e+07
88 -12 5.3184840829487073e+08
90 -12 1.8603324428321259e+09
92 -12 4.3405762512882042e+09
94 -12 6.8636065110865841e+09
96 -12 7.2142076279905586e+09
98 -12 4.6729352467704859e+09
100 -12 1.3853058511531961e+09
78 -11 3.4239805597989325e+04
80 -11 4.0602557659138843e+07
82 -11 5.1085770015363812e+08
84 -11 3.1188500481015792e+09
86 -11 1.1897440768689583e+10
88 -11 3.1297428209405060e+10
90 -11 5.8435439783331833e+10
92 -11 7.7597516031170258e+10
94 -11 7.0532450498227814e+10
96 -11 4.0037447792441444e+10
98 -11 1.0686467745348053e+10
74 -10 3.8879869794027164e+05
76 -10 1.6970932655393043e+08
78 -10 2.1969764666793003e+09
80 -10 1.4067998733309765e+10
82 -10 5.7523010835005325e+10
84 -10 1.6652466196282507e+11
86 -10 3.5358137368121094e+11
88 -10 5.5705659787358264e+11
90 -10 6.4619919320023718e+11
92 -10 5.2357609786900397e+11
94 -10 2.7045096438906927e+11
96 -10 6.6544344310309769e+10
70 -9 2.6641364180523218e+06
72 -9 5.6229921146761954e+08
74 -9 7.3549201612405968e+09
76 -9 4.8914176011298096e+10
78 -9 2.1213680083980591e+11
80 -9 6.6211671005986621e+11
82 -9 1.5584997631525271e+12
84 -9 2.8197415408349214e+12
86 -9 3.9135618991177109e+12
88 -9 4.0785139343784199e+12
90 -9 3.0268655136073105e+12
92 -9 1.4513784005117864e+12
94 -9 3.3924080868223511e+11
66 -8 1.2098235645673439e+07
68 -8 1.4570068478460903e+09
70 -8 1.9093393010113605e+10
72 -8 1.3015827850764932e+11
74 -8 5.9122128993055505e+11
76 -8 1.9724351672972485e+12
78 -8 5.0786606638402354e+12
80 -8 1.0294209643732590e+13
82 -8 1.6464712266651525e+13
84 -8 2.0691863176837863e+13
86 -8 1.9894750891684699e+13
88 -8 1.3872612545539430e+13
90 -8 6.3046003621233467e+12
92 -8 1.4200916206641965e+12
62 -7 3.7474454895979397e+07
64 -7 2.9305592617198710e+09
66 -7 3.7818333235285141e+10
68 -7 2.6391465123274405e+11
70 -7 1.2451485030008977e+12
72 -7 4.3965471865567568e+12
74 -7 1.2174942440515422e+13
76 -7 2.7125546225602332e+13
78 -7 4.9093779903811164e+13
80 -7 7.1800949953629031e+13
82 -7 8.3950758727465078e+13
84 -7 7.6140456360065906e+13
86 -7 5.0648778430465812e+13
88 -7 2.2190939162057910e+13
90 -7 4.8877422912958877e+12
58 -6 8.1533870598197490e+07
60 -6 4.5289075069388933e+09
62 -6 5.7138224994529579e+10
64 -6 4.0350097363389038e+11
66 -6 1.9601784017942871e+12
68 -6 7.2641101505385498e+12
70 -6 2.1445780008347676e+13
72 -6 5.1947167249750508e+13
74 -6 1.0413351618515758e+14
76 -6 1.7310344032310466e+14
78 -6 2.3721150188186509e+14
80 -6 2.6322389817841009e+14
82 -6 2.2896023153151006e+14
84 -6 1.4717344911422875e+14
86 -6 6.2966288660813469e+13
88 -6 1.3736696027411803e+13
52 -5 5.8725487117137505e+04
54 -5 1.2405256952192327e+08
56 -5 5.2889369305831156e+09
58 -5 6.4437337686685951e+10
60 -5 4.5617096194754712e+11
62 -5 2.2747430760738301e+12
64 -5 8.7763025795174736e+12
66 -5 2.7397616729673105e+13
68 -5 7.1244335425854016e+13
70 -5 1.5633923917044116e+14
72 -5 2.9024478952941675e+14
74 -5 4.5444063192030831e+14
76 -5 5.9487028351986538e+14
78 -5 6.3585525529327438e+14
80 -5 5.3715923681201556e+14
82 -5 3.3875446885968450e+14
84 -5 1.4320221628768119e+14
86 -5 3.1242054790853988e+13
48 -4 2.1981743892124551e+05
50 -4 1.3276710526280254e+08
52 -4 4.5666271054053135e+09
54 -4 5.3311433082748360e+10
56 -4 3.7651139244671527e+11
58 -4 1.9091814225649395e+12
60 -4 7.6087238350110459e+12
62 -4 2.4960208488445043e+13
64 -4 6.9132763168957562e+13
66 -4 1.6420234694455528e+14
68 -4 3.3602727559745462e+14
70 -4 5.9082910672595525e+14
72 -4 8.8713379969515700e+14
74 -4 1.1236715740524772e+15
76 -4 1.1738226610861425e+15
78 -4 9.7659357999828150e+14
80 -4 6.0936429674835225e+14
82 -4 2.5690491065346109e+14
84 -4 5.6804263735317305e+13
44 -3 3.4610193154907390e+05
46 -3 9.8498125453325868e+07
48 -3 2.8202447971903181e+09
50 -3 3.1519683575351307e+10
52 -3 2.2007194413563998e+11
54 -3 1.1259387627108489e+12
56 -3 4.6057294286334121e+12
58 -3 1.5735239426403076e+13
60 -3 4.6150945339581516e+13
62 -3 1.1777138439974633e+14
64 -3 2.6237066037896294e+14
66 -3 5.1143331249629144e+14
68 -3 8.6807736356956650e+14
70 -3 1.2699986582023920e+15
72 -3 1.5802783426563702e+15
74 -3 1.6302443561882655e+15
76 -3 1.3486862599662808e+15
78 -3 8.4314411560812925e+14
80 -3 3.5853819374124569e+14
82 -3 8.1326750346408344e+13
40 -2 3.0006144703380123e+05
42 -2 4.9066401337090291e+07
44 -2 1.2033872780288420e+09
46 -2 1.2771309815786886e+10
48 -2 8.7516193819807281e+10
50 -2 4.4845873716094824e+11
52 -2 1.8688934970269121e+12
54 -2 6.6083548269325977e+12
56 -2 2.0355819756806402e+13
58 -2 5.5307534042578875e+13
60 -2 1.3351278899799164e+14
62 -2 2.8631467061163906e+14
64 -2 5.4203244601375931e+14
66 -2 9.0204207031402462e+14
68 -2 1.3054791042353940e+15
70 -2 1.6140872714662530e+15
72 -2 1.6645792054893332e+15
74 -2 1.3845646583143948e+15
76 -2 8.7699362683123112e+14
78 -2 3.8087395221713850e+14
80 -2 8.9621027375840578e+13
36 -1 1.4507745123363452e+05
38 -1 1.5552940094481930e+07
40 -1 3.3103075262564230e+08
42 -1 3.3190463683250785e+09
44 -1 2.2134074378728142e+10
46 -1 1.1283900948803212e+11
48 -1 4.7580386171450641e+11
50 -1 1.7333292070611279e+12
52 -1 5.5810483357479561e+12
54 -1 1.6093622581539189e+13
56 -1 4.1903261737455508e+13
58 -1 9.8058662746634578e+13
60 -1 2.0612561901820144e+14
62 -1 3.8646009735505169e+14
64 -1 6.4215142977174912e+14
66 -1 9.3152623071163262e+14
68 -1 1.1612219002838510e+15
70 -1 1.2144671450179612e+15
72 -1 1.0286910407498250e+15
74 -1 6.6787589480854438e+14
76 -1 2.9995041529405931e+14
78 -1 7.4318218935608203e+13
32 0 3.6952757958097463e+04
34 0 2.7784397276943410e+06
36 0 5.1886643328617178e+07
38 0 4.8944647048508751e+08
40 0 3.1384391222123823e+09
42 0 1.5829795506339273e+10
44 0 6.7222929836780663e+10
46 0 2.5214688087763800e+11
48 0 8.5265642239740784e+11
50 0 2.6300501867082881e+12
52 0 7.4031279471963057e+12
54 0 1.8964021784667020e+13
56 0 4.4264764002293492e+13
58 0 9.3554880259032000e+13
60 0 1.7734948004026106e+14
62 0 2.9932120996600438e+14
64 0 4.4315263699070581e+14
66 0 5.6639825894808712e+14
68 0 6.0983784367853775e+14
70 0 5.3333049303314531e+14
72 0 3.6060450879490588e+14
74 0 1.6989074016538616e+14
76 0 4.5096683653107070e+13
28 1 3.7928852147507419e+03
30 1 2.1206879345270645e+05
32 1 3.5067864667810616e+06
34 1 3.0555856489738829e+07
36 1 1.8755107055237570e+08
38 1 9.2414873978281045e+08
40 1 4.0054890281567602e+09
42 1 1.5957676566886353e+10
44 1 5.8810491072335342e+10
46 1 2.0029640530615472e+11
48 1 6.2790629712592236e+11
50 1 1.8056644206079849e+12
52 1 4.7569410200040840e+12
54 1 1.1434622001035182e+13
56 1 2.4979869847414008e+13
58 1 4.9141406687710672e+13
60 1 8.6231254107859172e+13
62 1 1.3308102917579528e+14
64 1 1.7769927608878912e+14
66 1 2.0094148728048628e+14
68 1 1.8532914349668966e+14
70 1 1.3304123637937355e+14
72 1 6.6648207441071156e+13
74 1 1.9379023264277102e+13
30 2 6.4092238539307985e+01
32 2 3.6920007291300368e+04
34 2 1.5030817613218843e+06
36 2 2.2299540943274785e+07
38 2 1.8387804612911180e+08
40 2 1.0666747179760145e+09
42 2 4.9108602168387632e+09
44 2 1.9171155297015995e+10
46 2 6.6520832771265701e+10
48 2 2.0851753457340732e+11
50 2 5.9172905519487793e+11
52 2 1.5276680876335120e+12
54 2 3.5805539040494756e+12
56 2 7.5451877442291543e+12
58 2 1.4218557729642262e+13
60 2 2.3584407910456289e+13
62 2 3.3810174077790297e+13
64 2 4.1123582973244859e+13
66 2 4.0915781763330711e+13
68 2 3.1855788394995000e+13
70 2 1.7359945081440248e+13
72 2 5.6720056656332451e+12
34 3 7.0124567553667578e+02
36 3 1.8088825594259793e+05
38 3 4.4642805676844670e+06
40 3 5.4348479278166838e+07
42 3 3.9729704333415246e+08
44 3 2.1008844764388309e+09
46 3 8.7858286848498173e+09
48 3 3.0758111033774811e+10
50 3 9.3375256804905716e+10
52 3 2.4981707071207211e+11
54 3 5.9255198906198108e+11
56 3 1.2419347905438320e+12
58 3 2.2874889144943076e+12
60 3 3.6394729158659556e+12
62 3 4.9110356869105078e+12
64 3 5.4088536733885996e+12
66 3 4.7018272194609160e+12
68 3 2.8617558072696484e+12
70 3 1.0772013260180887e+12
38 4 3.7631485594376140e+03
40 4 4.5475862247727672e+05
42 4 7.5654016832509777e+06
44 4 6.9835729492066279e+07
46 4 4.2848769725306916e+08
48 4 1.9403068674181099e+09
50 4 6.9315698009642210e+09
52 4 2.0603139372054874e+10
54 4 5.1903728445266083e+10
56 4 1.1185515609775267e+11
58 4 2.0538538252878754e+11
60 4 3.1846813783871118e+11
62 4 4.0120260169084985e+11
64 4 4.0205812827644604e+11
66 4 2.7983407435649054e+11
68 4 1.2691788822414497e+11
42 5 5.8400779916147139e+03
44 5 5.0434881354422809e+05
46 5 6.3600013526874548e+06
48 5 4.5530613221412897e+07
50 5 2.2216517390870443e+08
52 5 8.0665326309506845e+08
54 5 2.3337701462679815e+09
56 5 5.3924362824382925e+09
58 5 1.0277389062682512e+10
60 5 1.5456711510436571e+10
62 5 1.8692215010516575e+10
64 5 1.5411018521416174e+10
66 5 8.7715947727587872e+09
46 6 3.5142343729027316e+03
48 6 2.3750773983640978e+05
50 6 2.3474005189774279e+06
52 6 1.3131577309326978e+07
54 6 4.8509138787681200e+07
56 6 1.3392739718797523e+08
58 6 2.6680422306183720e+08
60 6 4.2356259894783479e+08
62 6 4.2576751963064587e+08
64 6 3.2912369868243277e+08
50 7 2.4886414597187108e+03
52 7 4.2073238456325322e+04
54 7 3.3973470210277184e+05
56 7 1.2408719679770903e+06
58 7 3.4151872541729501e+06
60 7 4.7371393778944295e+06
62 7 5.7720518792536957e+06
52 8 9.3708306028493197e+01
54 8 6.1190058651264053e+02
56 8 4.8492769413591159e+03
58 8 1.0159141542478461e+04
60 8 3.0021158091839265e+04
